100
14 13
6 18
25 6
27 13
18 12
5 0
2 14
8 13
16 14
4 21
5 29
7 2
16 6
1 19
2 29
2 21
12 4
11 2
0 29
26 27
28 17
12 26
3 24
0 9
5 20
22 23
8 24
1 14
9 6
24 5
2 16
4 7
0 18
26 10
19 23
21 9
12 19
18 14
26 6
17 11
11 9
1 11
12 22
27 24
22 27
27 10
8 26
23 1
2 17
11 10
0 19
12 1
6 23
21 25
27 25
6 8
19 26
11 22
20 24
27 7
28 19
26 7
14 17
13 18
0 16
23 14
8 15
22 21
7 10
15 14
17 13
14 27
24 9
25 8
10 5
3 15
10 18
17 1
11 20
25 11
28 3
0 21
25 14
19 27
13 3
7 20
14 14
20 28
5 8
24 20
21 13
14 2
19 29
29 27
6 27
8 8
18 11
5 9
2 7
21 15
