5000
120 111
94 196
53 88
195 47
36 190
17 200
36 206
190 23
164 66
122 7
201 59
27 36
112 196
11 77
122 9
94 203
30 10
49 28
18 89
96 133
6 11
144 12
191 8
190 191
81 130
126 19
190 102
157 174
129 204
16 9
180 138
150 79
146 52
158 204
161 187
99 95
10 189
182 144
72 70
171 127
69 91
145 115
136 126
69 12
32 91
91 10
40 202
133 71
61 95
194 45
35 168
128 109
204 211
198 141
35 129
103 175
146 120
113 104
85 70
84 58
73 111
8 55
66 71
138 71
9 174
188 206
55 186
24 87
172 189
153 50
25 60
121 59
190 77
100 141
41 166
20 25
129 107
128 136
35 25
9 144
189 89
160 191
14 181
129 82
7 123
77 111
161 92
162 120
16 10
161 2
10 106
51 187
106 32
161 21
98 18
143 5
166 113
74 204
54 7
109 69
92 126
148 129
119 63
184 53
197 52
29 28
54 187
148 38
66 120
101 66
151 180
18 78
137 200
134 78
89 54
152 72
27 108
93 74
71 147
61 198
55 130
123 142
60 12
56 34
197 25
88 192
167 46
64 51
159 196
5 171
170 145
104 35
76 211
116 116
2 155
48 128
84 164
86 172
96 81
17 189
1 99
80 142
105 168
125 105
123 88
130 194
153 188
7 191
80 43
10 102
147 7
150 61
27 82
125 14
78 98
53 45
192 56
127 21
81 170
83 138
205 209
174 52
147 160
156 151
61 134
34 17
122 100
13 119
129 45
9 64
35 44
76 101
117 6
192 183
179 29
200 64
146 58
119 179
163 143
140 123
197 10
196 44
71 201
123 190
140 104
0 103
134 106
104 25
88 180
139 122
95 96
183 167
61 119
67 61
65 120
197 107
112 50
152 14
95 126
99 48
210 27
49 162
39 148
111 38
73 22
204 133
24 1
142 12
85 9
193 172
153 100
168 10
119 174
189 191
62 19
182 74
208 113
34 78
48 146
137 4
8 164
75 22
92 4
209 9
153 80
27 160
159 73
107 39
1 61
118 58
209 134
61 109
0 157
15 24
59 207
34 88
126 26
73 91
206 99
64 20
20 165
71 142
112 104
59 137
127 143
145 177
37 46
181 168
156 56
180 93
59 98
170 32
188 50
69 63
134 125
132 179
167 22
34 8
108 69
52 137
156 161
154 12
60 154
147 176
114 91
60 130
102 37
81 24
59 34
132 110
64 75
63 4
173 79
123 85
93 6
20 209
19 127
26 84
2 202
75 153
187 143
38 40
130 36
173 64
201 35
176 62
176 190
105 88
144 17
178 19
205 80
186 89
28 162
199 84
13 79
69 41
129 18
206 110
81 28
172 1
210 23
191 134
23 116
184 148
62 99
123 73
47 205
14 210
31 96
99 84
51 111
86 162
134 202
160 156
170 24
90 201
48 24
156 46
208 103
146 53
62 37
11 100
3 3
188 67
185 47
5 141
122 1
77 159
25 10
173 11
122 52
45 206
137 190
63 159
171 71
66 30
0 123
36 2
162 150
49 56
181 183
198 109
33 198
158 168
203 147
208 98
60 92
171 116
136 27
65 128
84 78
72 108
53 125
192 53
83 52
36 101
31 74
80 170
209 159
153 110
154 79
49 125
160 77
39 133
189 57
128 77
203 174
57 141
72 156
155 192
190 171
129 175
119 6
109 120
8 93
87 27
72 116
173 184
190 206
117 83
84 179
138 146
193 82
20 135
169 15
43 148
167 70
44 49
158 38
52 133
32 63
211 141
196 209
62 107
106 103
101 205
142 125
147 184
125 154
129 185
76 94
18 31
75 113
146 27
166 91
154 131
188 6
33 44
59 59
74 163
73 117
32 19
182 95
69 118
56 83
52 48
149 182
167 151
17 173
125 62
190 43
37 141
109 44
77 14
172 44
181 67
174 182
61 66
160 158
106 104
56 3
109 70
1 158
14 171
117 157
15 188
155 28
119 199
61 83
96 193
182 50
21 36
104 169
81 185
25 66
63 100
61 185
135 150
192 152
147 117
196 115
19 101
115 177
43 6
97 8
0 148
64 0
30 162
42 172
52 84
122 189
28 205
191 44
40 58
44 88
168 145
14 90
12 66
54 92
139 174
40 175
211 7
133 129
150 53
161 0
126 128
187 15
20 68
142 133
74 201
119 66
84 72
10 147
17 69
62 63
93 193
64 190
68 11
120 75
128 211
91 67
101 121
198 55
151 19
162 74
15 14
34 102
83 70
13 18
150 209
117 54
17 68
57 59
68 10
204 158
105 135
59 202
184 35
211 91
18 12
41 60
99 119
112 93
103 152
198 66
185 17
39 186
71 71
209 85
47 113
54 175
105 11
198 210
182 109
199 173
182 85
144 5
111 194
202 82
110 117
130 98
183 50
59 27
199 142
167 57
191 67
139 20
62 41
151 159
159 140
15 147
121 7
44 142
29 54
27 17
127 137
209 150
42 139
42 130
155 96
118 48
158 15
155 161
5 121
65 138
203 188
77 169
150 114
10 112
13 159
115 143
7 14
135 139
62 136
123 50
153 67
120 68
31 148
130 153
34 170
170 17
204 185
13 67
105 176
119 202
0 12
172 163
1 74
95 160
133 105
174 106
138 125
39 53
79 1
195 35
201 186
201 52
157 82
71 77
63 59
129 180
140 97
76 54
146 211
45 117
190 162
31 27
189 152
45 41
149 156
91 7
126 0
55 116
211 87
107 193
54 119
123 62
14 57
148 20
53 167
178 31
179 163
34 159
57 122
92 12
95 38
46 27
7 177
106 30
66 149
165 206
44 68
195 65
101 61
168 153
27 41
81 152
174 86
119 123
70 18
94 188
164 210
171 195
166 111
83 101
58 200
118 189
15 30
173 45
136 146
25 167
55 191
9 133
191 94
15 132
119 112
16 154
13 155
207 96
67 145
83 136
1 192
2 8
133 104
154 102
14 100
132 25
97 113
40 75
43 158
170 69
10 210
72 140
127 65
154 208
98 92
8 28
42 96
192 15
141 6
145 202
49 166
161 156
138 200
16 208
65 166
7 203
103 5
190 31
100 67
78 69
96 174
164 68
101 24
0 3
135 5
87 83
151 16
157 39
137 79
139 78
122 178
106 57
142 168
191 206
151 113
193 6
188 25
58 60
51 168
190 51
47 56
134 80
59 11
159 162
133 86
4 96
9 58
124 23
179 87
29 133
124 148
146 183
82 172
122 24
87 185
11 159
30 103
72 173
202 97
31 97
1 125
56 23
42 75
103 145
19 74
158 129
172 67
173 33
142 40
69 180
113 170
78 16
111 35
0 27
194 0
109 29
18 72
49 53
105 32
65 172
109 30
178 140
17 146
43 110
117 27
62 9
45 203
3 201
14 38
35 113
129 64
82 197
2 72
85 100
126 109
166 87
41 25
115 156
209 161
119 20
185 107
209 126
156 144
70 186
123 158
183 179
110 95
105 209
104 68
104 91
138 47
100 66
144 201
203 64
48 141
109 142
88 75
154 103
149 194
40 3
147 122
170 149
138 83
134 61
24 168
96 177
145 121
156 206
77 93
80 169
97 201
166 204
41 65
140 56
103 9
97 7
155 208
103 135
145 2
6 169
155 158
64 183
20 5
171 90
57 190
87 181
35 128
189 80
51 71
205 82
117 170
105 84
70 211
39 175
187 175
199 146
108 14
126 121
129 33
13 47
27 99
76 141
12 187
99 153
211 37
64 100
182 84
99 189
144 38
77 15
203 192
2 199
127 210
68 17
196 156
0 104
67 106
11 30
31 194
102 199
122 103
208 59
144 50
60 65
98 180
89 105
171 8
12 143
118 50
118 182
158 65
103 129
37 159
112 25
169 139
134 173
10 122
121 141
198 195
10 168
24 89
93 47
70 157
36 135
11 201
90 130
50 191
16 183
68 116
32 153
46 29
137 196
41 89
104 32
56 21
206 176
37 54
80 128
96 211
90 184
63 133
24 51
120 145
200 101
18 209
94 21
177 15
66 63
209 12
138 171
131 59
77 0
208 12
121 143
160 25
110 185
132 0
121 156
188 167
182 15
151 139
38 97
182 45
141 42
164 124
120 97
134 73
210 29
136 205
78 7
204 55
48 116
27 122
27 201
150 121
45 72
104 18
185 179
143 22
205 160
107 118
172 179
25 121
141 107
105 140
66 166
121 44
62 92
128 95
204 184
60 4
90 42
0 194
114 2
75 26
96 16
211 34
78 158
162 70
127 190
193 122
125 32
184 38
67 48
131 177
127 206
180 15
17 97
207 15
118 149
201 30
110 124
1 94
35 77
138 95
175 0
195 37
194 7
145 176
190 5
173 183
129 209
175 162
122 91
100 133
92 116
193 182
162 85
150 146
113 56
96 148
142 123
163 209
204 91
170 105
57 34
188 137
68 130
18 66
11 6
160 175
132 130
68 174
1 155
178 148
168 110
154 194
33 40
30 166
18 133
18 187
107 24
62 100
63 77
59 57
69 68
155 63
176 47
48 79
14 179
113 71
162 140
189 157
42 40
102 158
154 156
111 152
207 51
187 172
161 145
11 85
29 110
80 139
167 60
103 109
49 120
3 31
91 178
10 100
161 180
40 62
120 87
59 201
197 195
137 104
196 98
106 56
55 52
191 143
13 78
115 106
75 98
58 55
194 176
198 68
46 1
112 114
205 43
121 27
102 172
138 42
202 112
111 18
36 163
164 107
23 76
203 163
4 160
143 99
191 48
126 177
83 131
39 46
121 189
181 18
145 101
39 47
197 136
150 177
24 152
202 49
172 66
125 201
140 192
86 58
47 24
55 94
155 195
32 62
135 19
198 158
186 106
141 44
190 48
106 188
93 197
206 191
99 89
133 15
66 49
184 161
141 113
111 31
162 188
3 18
136 142
49 98
97 63
158 185
109 129
53 159
25 186
32 65
181 71
40 181
179 187
128 64
146 49
129 101
31 166
25 103
207 93
103 182
47 72
61 130
147 34
75 95
88 27
65 80
109 202
140 0
198 164
46 8
192 102
114 190
199 155
0 23
192 44
111 103
211 62
18 188
198 3
34 67
24 185
4 134
155 163
127 42
210 123
129 160
24 20
140 89
6 116
52 203
49 172
153 164
126 14
140 163
47 23
25 89
164 9
165 54
46 168
81 15
77 170
168 31
195 97
125 98
62 145
14 158
183 188
161 14
100 99
84 5
164 149
179 16
168 45
52 62
110 184
46 43
168 56
2 121
61 55
33 66
128 94
205 172
47 7
127 16
58 175
167 159
74 168
20 44
90 57
12 68
153 16
101 53
150 175
19 32
150 40
23 146
145 136
146 82
186 17
16 2
155 12
97 46
69 208
31 84
138 36
22 131
174 17
15 79
105 2
205 206
49 142
20 187
125 6
93 77
178 92
167 112
13 97
1 169
15 152
121 53
1 152
42 174
2 114
99 145
95 53
182 13
122 140
211 143
150 96
194 144
69 203
148 167
106 50
131 64
44 56
145 33
69 137
73 197
115 176
113 168
47 176
182 137
137 31
187 132
14 146
6 56
166 99
208 2
38 84
99 115
82 141
99 150
84 37
22 32
164 133
74 119
122 104
91 68
127 73
75 197
196 25
164 75
1 178
97 133
83 25
101 35
11 189
203 151
17 130
189 108
46 187
161 182
182 72
87 68
191 88
164 70
36 56
12 211
150 10
185 188
35 211
170 35
158 54
126 137
96 71
170 136
195 1
22 174
56 20
121 31
184 120
3 211
26 111
192 196
141 54
77 119
107 40
22 126
38 52
153 7
81 165
138 100
25 124
77 179
94 141
39 95
59 87
204 79
32 55
159 15
115 209
193 188
70 6
47 29
51 150
55 117
90 133
151 204
120 30
138 143
114 114
146 196
132 68
211 191
132 131
158 72
73 107
47 191
68 144
116 33
6 133
59 18
11 22
152 189
17 42
119 142
155 209
15 13
132 16
53 142
16 101
89 41
210 169
92 174
110 174
143 136
105 94
183 43
103 22
76 110
169 100
171 114
23 210
60 34
87 44
204 77
140 174
167 67
148 60
79 68
158 87
159 55
197 183
105 12
24 55
154 23
120 39
120 71
157 211
111 39
204 57
133 88
138 79
152 46
72 74
16 210
5 149
185 35
196 180
178 174
43 25
69 39
185 166
88 131
69 113
160 145
24 206
120 36
211 129
166 28
143 113
82 94
90 150
13 193
116 100
189 123
195 192
49 25
47 152
11 42
143 195
66 84
102 136
85 47
203 23
195 189
14 112
36 71
200 62
197 158
165 181
171 197
50 53
171 129
103 204
205 105
78 177
30 68
138 57
55 27
70 197
168 128
15 211
141 71
97 104
196 128
207 63
130 143
146 133
106 199
150 35
69 104
161 107
172 133
102 67
164 106
123 113
141 43
139 161
20 131
49 34
90 51
19 193
130 76
96 181
87 108
23 41
179 18
150 185
205 106
51 206
88 166
93 163
57 20
90 192
27 80
197 126
174 176
65 122
73 109
62 178
66 200
176 105
25 123
128 107
167 205
54 66
208 165
192 79
94 19
181 137
71 55
67 153
103 159
18 172
75 169
203 5
100 139
170 134
165 28
38 158
128 58
164 131
68 70
195 99
121 145
190 78
70 83
120 90
123 55
195 110
83 36
137 25
156 173
113 191
157 155
54 67
55 60
153 181
199 132
134 200
162 128
175 114
128 110
184 7
89 114
45 18
15 144
131 40
177 163
168 131
78 135
178 120
76 205
14 106
77 136
134 15
171 198
199 40
13 100
77 189
178 138
80 84
99 107
13 57
1 3
97 172
45 13
92 102
25 105
186 72
202 39
69 4
97 210
166 16
29 114
84 192
108 106
116 48
61 15
127 23
176 63
190 138
173 163
73 203
137 113
137 162
121 191
15 84
5 22
130 155
135 100
172 7
145 46
34 172
206 115
123 210
177 127
102 71
16 121
5 16
79 5
62 141
119 135
62 48
55 30
1 175
179 198
35 179
140 167
210 133
41 79
134 56
141 116
175 57
74 87
35 122
3 30
10 76
103 151
56 73
0 11
94 46
177 104
40 47
105 47
26 39
187 79
38 144
7 195
93 101
91 80
53 43
175 55
117 51
83 18
31 184
193 179
14 71
92 187
41 51
121 96
166 175
70 166
54 145
55 32
82 47
138 140
7 34
170 20
200 169
102 151
73 161
110 123
34 210
196 184
34 173
47 154
53 179
34 164
107 67
83 73
61 190
8 53
162 149
32 187
182 128
50 176
202 4
38 35
18 114
210 90
14 130
125 41
109 178
21 106
126 211
85 170
141 158
185 44
52 144
113 84
104 113
32 201
197 72
16 47
100 34
104 206
174 169
182 69
159 83
85 109
4 66
28 188
117 197
72 154
91 111
176 170
41 67
31 122
112 109
40 66
69 109
209 101
25 181
191 90
103 31
93 125
193 24
203 69
198 191
207 163
87 99
15 182
3 165
171 18
107 46
20 47
111 12
182 61
201 170
135 118
20 95
109 83
70 190
44 135
187 89
73 103
16 77
196 116
41 207
160 48
67 167
62 158
95 80
177 121
73 81
69 124
185 55
15 134
42 197
178 30
198 122
10 83
211 147
144 59
205 210
167 163
6 128
50 192
157 160
71 189
211 54
165 63
97 72
31 28
144 0
103 29
203 37
112 52
56 149
185 38
92 202
36 25
211 125
24 164
117 184
51 10
104 186
4 63
55 42
120 192
22 208
3 191
121 164
20 124
33 85
1 181
79 108
102 155
200 71
180 197
154 130
153 198
7 47
122 46
2 83
188 92
140 94
197 129
210 134
195 197
76 209
193 203
52 57
50 74
168 129
121 136
99 39
40 102
189 41
117 201
207 59
47 59
24 136
142 67
62 125
23 169
14 65
85 207
119 127
119 18
11 46
128 137
99 176
137 94
66 115
70 60
162 131
93 211
134 128
50 112
205 25
14 117
139 150
105 201
210 38
53 192
112 127
64 153
181 210
209 189
73 56
159 163
202 200
183 127
124 82
153 20
182 169
104 81
180 54
2 7
115 163
36 205
127 25
68 167
66 34
143 64
142 108
136 120
169 27
180 200
152 115
161 42
36 210
79 130
64 162
211 63
150 83
101 123
206 161
102 179
101 11
183 92
68 13
198 14
210 14
146 203
94 142
18 35
24 2
169 185
77 20
142 169
112 66
159 155
161 144
95 102
149 45
152 134
43 122
22 195
63 141
125 11
70 127
191 16
3 7
208 120
89 65
20 91
206 52
77 29
61 77
123 121
69 173
21 107
19 179
94 128
67 184
72 189
134 145
28 192
131 79
77 42
102 63
34 44
64 210
189 105
112 202
162 145
127 192
119 167
95 106
43 63
56 197
141 159
128 196
76 73
56 26
37 206
25 0
109 25
125 204
201 95
94 126
149 116
126 78
193 81
122 164
103 65
38 10
130 187
78 166
157 16
153 162
62 109
209 154
132 37
148 45
174 77
42 152
49 30
92 145
165 175
150 14
208 211
174 84
42 4
27 188
144 43
68 1
26 149
130 128
165 61
93 15
37 107
56 175
115 111
184 5
40 44
161 64
92 42
137 138
109 184
71 75
2 134
13 41
120 160
206 3
152 6
5 197
66 78
56 41
42 157
53 42
94 95
43 168
106 16
129 197
164 77
185 130
52 121
44 0
48 169
153 182
127 175
98 5
99 196
31 115
47 22
88 156
17 54
119 155
192 42
152 196
98 2
26 108
161 68
145 47
140 204
96 191
8 85
21 66
22 106
23 53
130 39
202 109
5 191
210 19
188 78
186 162
63 184
63 183
123 157
181 8
208 119
103 14
119 51
162 171
9 84
90 160
15 82
33 8
112 32
150 87
118 119
72 27
174 5
16 79
95 146
130 199
66 31
132 1
109 210
141 80
15 151
128 132
6 14
71 107
6 70
53 166
159 16
36 200
179 211
117 88
101 74
127 19
204 145
39 117
168 70
208 151
72 102
23 122
170 180
98 170
58 165
166 170
22 151
56 194
18 102
18 178
178 187
206 25
179 68
155 31
154 81
87 124
139 46
33 178
192 106
59 78
171 79
196 76
12 35
33 21
61 1
31 39
74 173
207 119
29 208
199 164
44 148
89 202
106 109
156 61
38 179
159 127
102 113
51 62
194 143
82 51
155 181
50 156
82 67
85 30
198 76
55 96
30 27
145 13
198 56
101 15
177 97
37 203
178 0
129 86
207 54
196 80
21 39
59 35
191 193
131 128
92 157
144 208
62 54
11 182
159 0
13 203
206 157
164 173
151 61
17 74
200 58
136 204
78 39
196 191
22 12
11 50
29 177
1 206
58 186
171 205
71 141
145 153
4 196
105 50
174 112
133 35
142 23
89 141
28 19
183 178
180 44
181 0
12 107
62 31
95 89
96 132
81 211
149 66
104 163
25 52
24 88
142 9
8 66
179 204
180 17
204 157
145 145
57 148
22 76
103 125
6 80
30 47
92 197
137 33
37 144
21 209
73 102
102 152
1 113
55 124
134 182
163 103
72 206
12 182
201 201
93 54
52 42
168 194
186 184
164 63
136 90
118 36
134 98
101 94
209 100
111 55
196 81
42 164
20 103
125 121
106 28
11 89
125 179
162 109
152 128
209 199
156 44
64 27
49 24
145 117
46 203
34 99
23 193
23 154
17 147
112 132
132 206
107 79
83 69
133 194
70 45
153 119
40 49
3 36
194 62
43 42
0 174
48 59
27 134
111 57
148 44
171 78
99 195
4 98
117 145
31 88
122 180
83 186
163 135
92 196
149 176
83 149
155 113
182 124
81 90
29 179
176 121
20 83
11 55
60 3
168 41
165 205
74 60
63 210
96 156
156 8
32 176
183 12
180 23
186 44
141 147
170 31
155 156
34 200
201 197
24 143
99 160
20 55
59 205
183 177
160 159
125 7
147 175
94 14
53 115
125 137
75 40
81 172
203 132
134 189
6 84
114 26
157 115
94 210
138 158
201 11
54 30
136 195
125 114
192 144
83 50
82 10
71 129
94 48
111 47
41 95
121 0
195 166
152 87
186 101
152 71
42 22
9 135
33 125
184 2
169 43
101 22
73 173
20 159
133 5
46 59
86 142
186 131
208 136
160 109
3 33
172 6
193 19
43 97
26 12
95 78
210 44
170 44
23 3
211 167
113 3
143 71
38 63
48 135
101 19
75 43
72 45
166 38
4 154
74 53
135 96
125 24
1 118
155 151
145 124
191 179
14 21
135 185
64 55
71 36
175 61
141 9
108 115
163 95
35 64
77 158
9 69
181 149
143 67
172 124
101 125
132 79
28 183
116 92
73 152
94 45
52 105
97 12
102 208
104 57
18 26
169 144
68 37
154 24
209 47
20 65
160 5
207 71
207 69
37 1
94 138
200 187
126 105
82 59
24 85
48 30
120 175
109 68
78 78
42 155
124 155
68 12
81 125
86 62
197 0
168 79
174 199
88 50
150 130
16 120
152 45
131 196
208 39
196 189
135 108
121 56
4 76
53 207
5 166
130 208
119 33
16 0
149 122
128 80
69 33
6 35
55 100
100 162
49 159
41 54
93 118
66 13
52 107
15 19
121 26
134 43
26 201
91 170
3 46
169 155
200 56
147 83
112 204
18 140
63 96
46 198
14 122
104 108
81 20
76 185
74 75
47 207
92 16
82 31
158 26
8 90
133 182
16 7
165 110
205 14
101 115
42 158
60 170
68 32
13 64
65 139
96 110
47 162
115 130
134 137
69 72
175 108
129 47
31 37
117 129
109 57
80 138
111 79
141 13
6 159
198 54
42 132
209 129
18 138
150 181
47 211
137 69
211 174
142 92
76 3
176 175
25 2
96 135
47 194
181 117
101 68
48 26
197 85
115 70
92 66
31 76
204 7
53 190
149 153
211 31
28 159
133 162
141 201
10 43
169 42
123 179
89 58
123 27
149 6
66 193
34 51
133 75
40 38
41 171
84 111
208 157
25 194
174 204
33 70
25 40
151 70
200 211
30 56
148 202
11 144
62 117
82 66
115 166
173 161
30 130
159 36
10 140
7 197
101 176
147 101
34 185
114 82
106 165
157 195
194 72
24 30
53 157
107 18
169 153
70 117
125 50
170 111
95 177
167 168
115 37
134 59
159 94
44 41
80 178
196 64
95 176
137 184
62 36
6 122
67 201
8 92
69 75
140 162
102 125
83 184
173 92
32 97
190 114
169 114
17 28
174 49
107 60
64 199
169 140
191 170
195 141
69 207
46 81
197 1
75 81
129 124
22 128
56 180
107 142
28 39
68 50
166 59
197 49
57 97
147 128
119 139
45 130
192 175
115 23
152 197
157 130
21 152
71 51
114 187
34 28
140 177
149 77
16 172
23 192
56 84
186 94
176 87
205 197
165 189
103 150
114 120
188 190
120 96
82 155
85 27
52 211
167 162
46 115
177 117
184 65
145 195
80 175
46 16
45 121
178 156
88 139
17 65
91 37
145 170
115 125
115 81
80 183
110 86
29 121
70 202
154 113
129 11
49 171
74 34
4 197
203 165
46 62
136 140
118 26
115 180
40 39
23 125
96 210
24 174
171 80
101 38
53 12
10 74
2 18
200 119
140 78
94 207
183 88
160 95
193 95
131 66
32 203
148 194
5 100
173 110
43 48
103 25
209 205
77 171
150 21
168 208
24 156
81 124
78 54
165 162
158 175
99 5
159 6
168 109
110 176
15 146
35 98
115 32
113 8
27 139
6 191
156 150
197 80
167 188
52 141
205 78
36 4
17 139
56 174
209 23
121 2
41 112
105 75
195 44
177 209
14 145
43 116
51 105
6 2
174 165
174 114
197 124
104 197
187 31
205 181
183 81
106 71
102 105
25 36
137 119
142 163
92 156
71 30
44 97
92 17
18 104
77 6
13 140
159 88
32 132
38 99
132 161
37 59
54 164
156 5
181 162
180 191
34 56
143 82
35 148
64 92
3 147
8 132
75 191
172 21
39 73
208 63
197 116
90 77
40 197
193 71
107 13
23 42
76 139
56 136
121 155
104 181
18 15
184 132
101 54
118 166
133 184
196 86
48 47
29 71
57 130
77 58
83 185
16 65
203 54
111 201
170 70
66 105
92 192
131 101
46 173
122 48
26 55
35 57
210 199
11 58
52 195
135 169
165 120
175 197
13 105
140 75
48 86
51 198
173 5
64 9
0 165
49 154
140 57
189 139
134 144
7 207
161 12
113 165
117 36
200 33
149 46
46 39
135 187
56 182
3 209
181 3
66 82
118 121
119 143
65 88
181 22
82 135
59 0
207 128
58 183
156 58
92 200
48 180
169 72
38 141
56 118
45 209
84 186
143 107
210 59
95 131
62 86
120 156
30 206
44 119
166 126
9 54
143 54
151 206
113 5
192 62
29 24
95 49
187 102
58 159
116 87
28 1
185 206
187 173
3 62
106 135
173 60
57 47
117 139
153 132
15 103
76 62
120 123
59 66
209 139
158 76
5 27
150 176
62 82
120 54
95 196
14 199
91 124
16 55
3 145
10 86
13 162
0 208
29 13
208 11
187 2
142 166
192 159
38 4
155 88
93 98
3 85
51 208
146 2
206 103
39 12
146 134
197 47
183 122
178 202
134 103
162 173
160 166
141 40
102 6
129 110
8 134
59 206
206 106
24 113
84 136
39 191
74 132
177 172
16 139
85 114
58 80
80 66
86 54
153 208
31 25
48 52
50 125
151 3
184 69
98 105
128 66
75 93
102 143
82 0
36 115
118 129
62 80
131 62
104 198
52 100
99 28
18 153
179 117
92 78
95 203
47 128
159 34
120 43
46 85
144 193
135 60
22 25
127 134
121 88
135 23
128 59
207 135
144 160
63 181
165 148
106 22
194 186
50 31
172 43
73 158
119 48
175 190
25 15
134 26
204 86
152 167
97 135
1 67
64 126
151 170
57 194
15 176
82 32
171 97
86 7
108 6
197 45
33 201
158 59
6 89
196 158
44 103
141 10
146 89
12 183
163 192
23 203
17 83
169 115
62 139
189 178
63 169
14 36
84 175
137 172
134 28
50 38
122 27
131 134
110 28
20 100
35 139
133 78
182 66
195 41
161 127
43 72
72 196
105 171
46 2
110 105
60 159
19 135
65 52
180 171
201 67
165 101
33 129
93 153
142 115
98 116
194 90
148 63
194 194
81 65
173 195
84 174
185 123
111 93
154 199
194 10
14 15
50 168
211 89
86 49
68 22
57 29
36 13
138 39
117 82
27 120
55 84
15 58
42 148
148 198
23 40
37 162
184 172
81 140
200 133
98 69
76 161
91 142
142 187
182 190
11 67
210 174
183 138
181 161
86 43
15 137
22 50
24 163
30 99
95 113
104 105
166 180
74 188
191 103
9 111
25 179
44 205
154 94
94 2
199 197
122 134
135 121
201 87
160 201
202 83
124 114
204 119
113 183
161 83
108 194
142 72
6 27
208 182
40 135
63 67
87 58
30 89
85 163
25 172
82 26
88 28
8 107
188 11
23 190
31 147
200 125
211 9
122 126
8 186
99 19
117 111
11 154
166 51
11 178
52 198
79 204
181 27
45 195
144 171
203 179
207 188
58 196
49 151
9 100
206 63
49 39
200 208
135 26
173 126
132 181
201 36
115 68
165 137
158 50
85 166
17 66
187 181
29 109
65 140
143 169
91 208
202 191
11 139
167 135
166 117
164 127
187 54
114 44
61 189
178 85
41 43
207 144
12 161
126 190
134 36
112 166
137 43
175 164
84 181
2 58
40 199
176 120
137 59
175 24
201 123
59 204
32 112
37 14
142 109
100 123
108 153
123 138
87 172
85 102
204 31
129 163
115 141
98 70
28 11
14 142
74 50
146 20
4 24
211 39
104 41
88 134
205 33
27 125
77 120
193 209
96 5
132 76
30 133
162 114
124 120
95 28
86 17
134 148
27 39
189 193
210 151
12 199
101 83
79 62
19 98
139 77
96 155
84 25
11 167
94 9
201 183
71 20
142 50
11 69
19 137
203 153
97 177
199 66
23 172
16 205
68 193
35 196
43 3
52 65
200 106
23 66
187 131
177 73
58 75
107 169
74 58
136 68
36 61
206 111
64 47
133 136
197 59
50 93
14 92
203 176
13 58
190 160
75 193
186 66
120 5
34 191
174 36
44 185
128 75
206 42
137 165
20 164
19 1
88 176
61 116
201 39
113 149
173 207
103 59
147 2
39 131
14 74
131 107
63 196
115 200
131 206
114 173
158 194
113 167
65 46
62 170
187 205
75 131
200 150
178 55
105 158
163 162
111 191
37 119
201 94
21 146
155 42
159 43
36 167
25 149
136 32
130 130
200 157
116 41
202 157
76 14
164 183
37 155
165 208
202 1
108 131
81 175
86 183
92 114
14 184
143 37
195 132
51 122
104 64
16 119
83 210
203 14
149 37
33 28
78 109
16 185
117 159
151 52
57 76
136 85
88 59
131 15
189 131
179 98
58 172
120 34
39 177
158 14
25 90
149 123
159 46
55 111
4 131
79 28
151 34
207 11
70 3
45 202
148 55
138 62
186 104
174 142
137 167
62 126
154 127
58 145
45 32
91 128
43 209
83 144
113 86
115 39
120 24
133 23
207 183
129 57
7 98
42 106
43 67
78 57
74 32
206 6
93 136
165 25
209 163
42 201
118 107
25 3
144 155
175 28
209 99
31 55
153 6
56 92
137 28
24 166
64 185
210 50
149 168
209 165
127 101
187 66
207 87
200 10
62 159
172 182
92 64
76 64
22 169
197 78
176 133
185 163
99 23
200 162
203 178
111 116
19 180
169 181
2 92
48 183
69 174
12 185
166 133
50 123
144 169
30 12
168 66
122 133
87 147
105 152
2 56
49 205
92 53
174 9
173 84
54 162
192 69
197 13
209 132
91 84
94 33
149 55
158 199
148 157
208 99
194 123
117 10
95 15
59 130
106 180
20 205
82 187
128 79
190 35
81 36
195 89
91 103
89 159
154 49
22 54
151 39
62 59
139 95
34 29
147 64
173 78
70 33
33 154
42 111
51 147
147 156
198 8
33 149
171 159
191 152
48 81
96 3
4 29
115 196
129 68
170 138
131 200
110 39
194 11
107 92
73 190
171 45
7 111
47 158
70 43
159 151
100 43
171 39
38 67
89 18
36 198
137 187
99 111
136 147
75 64
9 72
81 209
143 126
179 189
117 177
34 34
148 21
203 196
89 25
79 154
38 45
74 104
81 138
188 63
187 112
34 16
100 12
193 139
181 120
97 205
78 209
91 91
52 157
69 0
99 157
165 173
177 203
186 70
19 99
41 13
109 24
205 72
5 21
154 175
55 24
79 90
11 54
125 165
148 100
135 99
31 132
184 33
143 160
70 54
138 17
192 203
147 91
5 86
160 0
111 108
81 117
149 87
131 193
169 180
122 172
135 86
31 106
48 29
70 41
180 188
169 98
169 211
108 161
143 132
105 128
51 92
65 20
136 112
162 152
137 133
169 64
83 9
140 134
201 69
83 64
113 68
191 91
37 25
144 88
209 16
28 180
82 154
210 188
160 85
31 121
26 109
73 154
67 108
156 191
43 109
15 56
207 209
44 93
159 197
6 31
26 148
169 47
27 93
80 145
120 205
184 138
73 54
149 25
113 211
27 185
103 160
99 202
77 162
12 210
127 107
209 107
66 191
113 82
2 62
85 138
60 96
114 171
145 128
21 188
93 145
149 31
149 86
93 159
111 115
22 77
78 187
144 19
3 0
189 210
95 35
34 52
199 114
48 3
58 39
21 31
177 211
51 128
52 148
88 188
32 24
179 20
6 28
90 39
125 139
96 146
44 172
67 81
168 18
31 182
196 140
200 54
55 5
156 32
34 115
123 165
6 78
11 211
138 172
40 2
101 63
37 109
159 192
93 70
19 142
117 9
102 104
89 107
173 133
129 138
161 65
32 16
39 145
188 18
110 198
208 201
56 74
170 96
29 124
57 200
210 142
8 174
91 18
125 29
78 50
175 102
10 103
16 146
204 159
10 195
29 207
67 129
116 124
204 111
86 182
143 171
25 164
162 56
159 91
32 36
95 14
41 140
39 204
136 101
39 121
16 179
120 134
73 205
202 199
94 150
78 120
42 159
33 90
72 107
111 30
13 30
33 50
92 147
101 8
157 88
172 141
133 128
66 58
100 47
171 96
147 56
203 70
154 137
108 127
133 122
29 180
11 78
175 35
150 37
147 17
177 67
82 5
90 40
129 98
173 10
111 87
173 169
147 52
177 161
0 2
138 38
93 109
66 138
60 40
128 10
11 202
111 185
82 77
165 122
143 69
81 58
105 129
141 24
50 95
168 144
25 63
158 92
76 160
151 179
20 43
175 158
65 57
196 6
96 147
68 149
17 0
146 124
208 44
115 182
82 122
32 104
140 127
202 99
54 141
169 2
5 77
82 185
46 158
17 55
43 156
43 2
17 196
152 156
95 30
114 189
70 65
64 58
31 179
19 129
149 107
95 105
193 75
115 20
32 197
117 80
44 180
155 188
209 98
45 143
134 97
101 91
143 197
187 161
155 145
46 165
150 132
112 138
174 34
84 160
14 94
176 100
29 130
136 124
135 181
83 40
2 204
69 6
64 29
171 76
27 157
58 38
27 200
58 68
18 53
203 3
44 75
19 103
123 195
86 128
185 148
49 107
58 151
151 146
72 208
148 74
84 121
54 90
7 99
151 7
37 154
44 83
2 93
119 36
122 145
23 113
27 102
36 78
44 164
172 59
176 42
124 175
33 123
49 143
171 172
51 51
43 39
59 156
197 154
209 61
43 14
178 121
72 40
162 4
118 187
23 98
57 68
160 126
149 64
3 196
40 54
29 196
117 94
123 187
196 94
111 120
103 73
111 26
154 150
72 132
172 145
60 93
88 130
204 131
36 72
75 209
144 53
111 85
185 16
80 172
82 112
44 133
79 111
101 39
95 153
40 6
74 95
105 125
114 201
114 145
19 86
17 159
28 26
120 8
14 193
90 136
124 202
104 93
1 209
100 168
127 158
121 159
78 114
180 32
39 159
174 65
142 68
26 26
112 184
7 43
26 47
131 48
48 101
10 35
194 134
29 189
194 192
119 45
157 144
196 172
186 133
113 55
98 166
189 104
146 157
190 189
203 27
4 72
205 133
46 5
137 74
145 127
196 74
20 116
73 157
166 188
51 126
97 66
188 53
29 198
175 89
156 128
107 167
72 80
165 1
188 32
103 139
110 22
59 109
150 150
176 95
142 136
53 40
113 20
4 149
70 14
28 131
125 15
89 140
136 53
184 43
186 108
123 172
57 116
183 89
37 97
125 1
203 18
158 63
191 71
78 47
34 86
205 83
189 181
44 141
39 38
204 177
153 163
30 64
26 141
125 8
38 205
35 197
150 23
88 47
197 90
10 33
120 47
95 182
3 74
44 209
132 75
94 170
108 152
107 122
161 6
152 2
160 42
183 111
12 97
93 144
116 191
72 2
51 17
27 25
184 173
53 15
180 84
114 105
119 100
112 130
101 110
3 129
119 181
181 41
52 169
158 8
116 11
144 145
19 143
91 203
157 184
53 184
30 165
96 13
27 158
177 102
53 112
37 103
128 169
143 10
13 101
144 137
106 21
133 76
190 164
1 4
12 111
196 205
3 2
199 39
81 100
185 29
90 21
205 148
66 88
141 106
133 190
79 112
187 12
204 60
72 33
168 27
120 9
107 49
66 171
191 140
84 188
172 156
205 66
154 166
15 184
206 182
119 211
174 104
86 121
69 21
144 132
15 36
2 181
33 56
181 59
142 88
111 205
135 110
16 131
204 202
85 17
77 150
160 134
192 83
147 102
56 177
35 169
130 106
12 73
8 118
199 0
177 182
180 68
176 61
104 144
97 208
185 132
58 97
90 105
129 151
62 166
165 146
93 141
93 0
165 10
75 207
107 158
74 1
4 110
76 17
8 125
173 180
108 192
210 30
209 92
103 105
198 95
209 194
202 67
144 23
51 141
118 154
16 100
171 64
148 148
139 35
10 211
23 173
15 175
152 147
103 157
206 143
8 180
78 106
140 17
133 110
104 9
135 85
60 13
18 73
57 90
56 56
207 160
0 209
56 210
114 110
101 31
68 69
210 80
7 152
117 164
206 117
65 23
195 119
24 155
9 184
93 174
207 105
14 42
36 19
46 84
133 58
61 141
34 65
33 58
185 117
1 17
152 126
44 69
11 82
80 199
95 192
155 102
85 139
30 48
94 57
71 16
173 127
159 53
90 46
166 7
152 125
95 16
153 91
159 22
47 41
14 163
86 181
50 108
148 116
134 207
176 117
44 29
59 175
118 151
35 141
78 0
156 123
6 101
210 7
128 14
29 108
93 89
144 26
48 117
116 121
132 132
26 159
80 76
145 92
70 167
71 70
174 200
119 160
8 97
147 170
190 72
195 61
124 187
184 17
183 130
158 118
102 168
63 110
154 191
160 151
28 114
115 98
130 101
210 168
5 173
133 19
45 93
46 24
119 129
39 82
182 75
123 197
150 98
98 8
204 22
37 3
144 82
83 13
83 158
54 29
7 151
61 26
72 117
66 51
33 117
151 54
35 50
138 186
100 63
154 46
99 168
45 198
12 69
163 52
127 135
155 29
55 21
116 89
114 174
152 15
147 118
37 209
29 79
82 22
82 208
169 93
98 201
77 53
121 132
84 87
104 145
207 78
89 40
204 41
21 131
55 155
71 117
196 32
148 166
81 103
148 57
32 98
77 5
118 67
2 38
112 14
118 74
154 39
85 3
198 70
42 185
188 46
142 29
105 151
63 54
207 28
35 1
49 19
165 38
74 125
51 181
147 24
52 49
157 34
26 210
112 208
17 31
64 144
76 84
192 135
10 88
38 200
21 80
91 72
92 35
124 161
96 44
133 107
168 11
189 189
34 124
35 187
123 146
82 181
67 52
140 77
131 187
124 101
84 7
192 22
178 205
183 159
98 176
180 196
140 169
169 175
114 208
45 66
111 150
90 183
8 26
72 182
143 211
128 99
27 169
30 50
120 16
118 179
140 37
70 93
144 49
76 169
172 48
206 92
160 35
95 69
0 144
167 149
98 135
37 207
8 138
172 177
86 99
156 202
106 5
149 164
141 66
89 26
82 13
45 127
16 111
75 108
165 13
22 115
169 116
126 152
137 120
103 147
120 93
190 100
58 108
20 90
75 97
33 109
188 91
155 0
127 41
25 71
142 96
28 62
189 163
121 100
181 6
0 170
57 199
7 117
148 197
129 115
120 131
24 115
65 141
167 189
177 148
72 115
194 65
112 134
11 194
74 5
198 44
0 56
163 106
130 107
32 145
136 118
152 130
101 211
83 99
15 101
114 14
115 73
182 106
27 55
110 56
176 177
107 205
198 23
1 201
39 185
41 10
59 23
195 62
95 199
211 6
78 44
12 116
173 73
14 7
119 12
130 172
116 142
101 130
29 84
148 1
21 181
34 144
211 1
9 0
209 207
118 11
162 119
180 149
202 96
80 11
16 54
3 143
211 133
187 188
3 157
7 96
197 9
70 132
9 36
199 151
42 123
14 39
108 72
113 118
88 88
148 180
172 107
155 184
189 68
99 71
40 132
186 176
117 117
76 45
162 177
7 35
39 85
125 147
206 192
192 26
102 47
81 156
140 133
137 203
174 166
165 209
130 135
117 171
72 146
63 39
186 151
65 31
85 19
195 160
66 164
154 192
3 206
190 176
166 97
153 23
74 9
194 41
186 100
188 145
183 203
80 123
163 18
122 47
48 207
129 140
177 55
186 118
54 2
145 81
195 94
148 51
184 11
74 114
52 38
25 143
197 137
120 44
58 69
26 179
178 196
86 105
94 83
153 196
79 54
18 125
84 178
200 204
113 137
34 119
55 29
188 87
142 141
112 2
33 107
153 42
174 58
30 112
4 112
120 133
150 162
60 61
99 18
11 107
117 144
144 67
106 207
95 76
124 198
136 160
189 161
170 196
133 149
170 77
79 197
175 7
45 132
62 116
46 111
191 73
96 160
45 33
158 32
185 36
116 55
87 61
174 79
97 17
143 163
82 207
97 2
191 145
76 6
139 114
112 37
205 68
174 180
66 103
141 97
176 183
159 101
37 44
207 90
5 109
130 114
51 179
101 107
35 28
32 52
207 148
200 18
211 51
139 85
194 153
75 7
136 192
55 53
138 130
152 169
29 173
8 9
121 117
191 59
189 67
71 188
183 99
137 206
89 75
190 34
29 49
146 113
23 197
173 65
71 101
96 179
72 53
61 201
176 169
189 79
134 116
18 130
73 88
3 132
57 202
167 3
13 157
75 144
146 16
174 194
180 116
88 112
65 199
165 34
149 21
38 135
140 55
175 46
149 201
122 113
25 200
183 41
137 9
6 156
154 163
132 46
28 80
163 80
203 112
9 2
79 209
73 76
89 5
150 138
134 185
129 53
31 207
198 186
56 202
175 48
61 176
195 50
106 11
134 110
163 148
9 114
157 209
24 202
53 173
126 148
203 56
209 158
101 134
85 14
53 19
200 13
13 65
60 47
165 186
89 111
74 151
29 162
48 192
205 56
46 150
168 173
157 133
173 173
129 15
116 75
98 42
105 55
86 157
105 188
1 15
54 96
193 204
0 114
123 81
33 108
55 91
134 134
203 194
180 152
60 28
197 197
120 95
167 8
42 88
21 46
81 146
131 94
111 52
207 134
60 127
40 7
156 154
27 58
104 6
113 73
53 122
31 9
83 142
124 132
162 133
42 12
37 11
65 106
126 188
71 80
67 30
99 183
174 138
96 153
19 76
116 139
201 88
156 177
6 208
34 4
190 152
166 115
71 119
38 66
196 90
128 172
203 4
151 76
194 174
108 182
209 166
38 22
139 63
208 25
58 1
105 0
6 136
146 73
176 122
207 29
35 193
206 59
10 155
146 55
81 144
126 40
160 164
199 27
195 162
133 109
24 126
58 21
35 144
137 164
37 19
173 155
194 178
60 132
140 67
200 129
21 143
110 143
196 107
82 64
11 138
65 35
109 15
201 56
180 176
204 93
191 34
97 10
188 113
196 182
103 201
207 158
90 162
48 28
21 49
70 114
67 152
123 14
23 114
186 210
9 90
52 156
149 4
40 162
49 52
56 14
143 13
15 190
64 165
28 116
17 152
186 204
201 58
79 161
120 112
156 90
193 98
49 43
63 130
113 80
40 120
131 113
75 151
101 159
119 55
180 137
210 55
186 63
4 33
84 55
144 149
26 11
56 142
70 61
155 81
31 29
19 197
149 136
92 8
66 35
164 145
2 35
54 127
62 43
84 180
48 182
46 97
87 46
47 60
20 136
50 17
169 198
192 35
157 163
22 86
161 96
66 141
30 79
9 113
172 14
1 26
80 101
156 171
54 108
21 177
79 158
75 157
136 135
137 66
109 31
125 33
167 102
117 128
46 130
8 188
134 175
200 135
8 102
13 83
88 133
75 196
203 87
176 172
109 165
113 195
165 6
134 39
133 203
57 164
106 174
142 54
135 111
88 181
134 12
104 89
207 64
21 41
100 208
73 133
172 50
173 123
109 181
150 57
18 109
26 9
12 43
151 6
16 199
155 4
26 150
88 202
90 28
6 167
37 146
76 158
35 195
51 53
202 47
200 88
112 17
88 211
25 45
54 13
134 92
136 95
31 35
194 23
201 109
157 53
103 63
96 84
176 40
117 183
141 30
118 175
61 121
198 108
139 61
75 116
70 177
50 9
63 41
74 13
97 79
26 188
151 56
40 174
92 115
112 6
150 4
16 117
129 10
207 9
157 6
27 119
69 35
74 203
190 9
167 147
83 205
45 47
29 139
4 49
133 54
22 29
161 108
55 106
88 168
19 166
4 58
46 125
209 110
115 48
131 55
89 35
181 106
192 110
133 25
145 43
32 206
128 36
195 211
118 132
39 113
185 191
84 194
79 207
64 208
138 114
134 91
2 125
172 40
114 35
122 116
151 73
92 29
33 11
84 157
57 89
91 180
73 207
14 60
200 37
19 157
90 152
186 135
141 41
66 192
65 200
139 124
115 47
115 104
162 115
177 61
84 129
187 125
108 206
63 0
37 181
110 160
160 163
211 154
156 7
172 13
59 94
0 199
207 40
182 67
33 80
165 154
189 11
131 97
20 167
139 108
107 134
127 138
6 18
176 50
59 111
129 41
133 112
203 146
194 102
192 72
152 183
192 75
200 61
203 116
170 129
157 73
15 117
41 153
99 133
37 166
91 41
84 82
48 62
41 188
102 209
105 210
189 101
129 20
49 194
19 91
142 173
148 203
49 141
135 62
13 142
65 100
61 182
106 40
77 52
148 208
155 20
164 159
48 139
1 45
174 161
121 174
148 34
27 109
48 54
148 146
33 183
197 3
114 75
130 78
158 83
45 114
210 160
137 85
165 74
28 69
203 68
106 179
118 101
