1000
76 29
22 88
81 18
61 7
14 52
77 84
4 60
16 41
68 22
26 69
49 59
35 76
6 20
63 85
74 93
70 63
18 40
81 74
84 33
70 33
10 3
38 50
65 48
38 7
59 54
78 45
92 20
25 18
61 52
64 17
46 42
34 21
44 10
78 12
71 79
81 53
46 55
12 76
20 68
31 5
17 45
13 17
62 74
59 24
64 61
39 8
54 92
29 9
57 1
62 57
47 4
86 49
88 89
12 91
81 69
39 67
44 28
21 42
31 32
56 44
65 41
80 69
50 59
48 17
79 2
88 82
91 36
6 51
72 45
65 54
27 42
41 83
36 1
74 55
15 22
64 45
59 89
54 6
57 65
63 76
83 37
50 67
38 75
11 72
39 55
87 93
59 58
22 16
18 60
11 86
80 42
85 67
14 74
39 27
26 78
37 83
2 13
38 24
48 41
57 67
92 60
20 81
13 11
88 49
85 60
53 54
60 21
62 62
34 4
1 82
3 46
46 48
89 10
54 76
13 34
70 30
55 34
87 14
25 31
17 20
45 8
27 62
60 52
20 78
23 63
90 86
61 40
48 39
19 22
65 73
24 43
46 17
70 31
58 36
72 27
32 50
74 40
90 92
22 47
69 85
1 27
86 92
15 6
15 41
5 0
58 44
61 68
59 15
74 21
22 80
27 85
84 75
67 8
65 10
70 28
5 11
22 34
41 91
65 46
65 58
59 19
0 8
65 56
22 23
1 90
34 87
90 88
5 31
71 35
85 84
11 82
72 59
49 24
88 31
91 57
30 40
32 10
63 55
73 65
84 17
41 0
2 86
3 71
65 50
90 36
8 39
10 54
62 7
50 80
75 8
19 84
63 45
17 35
51 87
93 84
59 57
46 70
8 28
73 14
17 16
32 65
37 60
73 76
77 32
57 28
86 53
22 81
84 79
70 50
33 69
23 76
75 58
66 30
47 52
61 17
16 87
34 92
4 3
38 60
38 76
37 64
70 66
27 48
38 64
43 55
69 70
7 34
11 61
35 43
6 27
54 28
87 17
46 27
23 66
31 15
18 80
92 40
87 81
84 65
22 58
78 43
19 4
30 26
17 9
9 39
11 35
53 76
39 30
38 66
56 21
63 18
8 0
40 2
79 51
20 71
76 55
41 84
58 12
60 73
4 87
6 43
84 30
0 52
29 62
56 45
24 22
2 21
19 10
89 16
40 74
70 87
65 0
77 57
13 83
93 70
66 41
66 44
28 26
19 47
84 46
6 92
79 38
19 75
20 90
34 88
53 2
30 75
86 25
45 80
68 91
8 58
67 34
49 47
29 33
1 72
78 14
21 16
24 13
66 65
27 22
87 46
82 42
8 15
81 37
29 85
50 50
39 80
75 20
55 79
18 88
54 22
82 60
62 48
90 45
2 80
38 58
28 47
0 7
62 77
13 12
55 93
68 57
47 69
9 11
80 27
17 19
93 58
39 81
74 18
91 80
23 14
67 63
85 45
18 0
78 63
10 12
62 58
5 16
37 51
60 49
67 12
4 24
5 65
82 36
34 62
7 38
52 75
51 16
74 70
50 68
87 21
44 17
69 78
16 11
3 10
34 82
73 5
49 30
16 3
39 39
60 59
91 67
75 29
24 85
71 56
13 59
92 30
11 92
78 7
85 73
81 22
89 48
60 11
61 69
84 58
75 56
2 66
9 37
56 91
76 42
59 32
30 11
9 69
45 4
24 47
48 92
52 71
23 37
46 15
80 15
56 9
79 37
74 69
77 36
37 0
69 73
36 56
56 57
87 89
90 81
18 25
48 61
16 2
87 44
37 77
70 37
55 21
22 85
24 83
45 58
88 59
10 92
53 74
91 77
83 3
83 28
46 71
25 69
11 68
93 26
0 36
51 1
78 48
87 20
90 6
20 82
84 13
59 6
77 72
58 15
39 87
17 92
5 51
13 53
0 33
22 78
33 54
73 46
56 85
57 35
41 30
53 22
73 37
61 16
30 38
69 81
4 7
23 41
69 1
73 90
79 88
76 44
82 58
42 12
2 38
4 51
32 9
35 18
34 58
0 61
34 10
16 64
33 16
30 71
3 17
41 69
24 75
4 77
13 38
34 30
77 19
66 2
12 62
36 93
8 73
69 16
68 78
78 31
77 67
40 25
65 61
28 88
90 71
8 67
14 93
69 53
33 39
50 83
77 73
26 64
77 50
66 84
55 38
13 42
46 45
19 54
3 58
85 55
42 74
50 20
19 1
39 54
54 5
75 63
24 52
33 74
71 87
26 29
23 70
56 16
27 49
23 72
43 1
1 31
3 41
18 83
61 61
18 66
62 13
46 83
3 53
22 35
16 5
41 14
30 76
6 36
47 0
81 31
61 66
53 83
77 51
33 48
76 27
45 37
93 50
61 93
31 37
84 4
47 46
33 85
59 30
12 27
44 84
47 84
10 34
86 3
9 55
21 11
49 90
73 34
45 93
48 8
88 6
9 61
83 9
77 2
57 75
12 50
45 24
39 69
86 0
81 34
70 9
4 18
22 15
56 39
47 83
79 12
87 42
38 88
82 85
1 28
41 22
45 61
20 8
58 27
7 87
79 17
83 73
83 56
25 50
47 54
21 79
11 73
63 22
12 61
6 26
64 55
63 57
20 36
65 52
53 65
12 67
35 38
67 81
46 64
53 91
39 45
56 65
9 76
34 33
16 56
47 45
32 21
85 75
72 13
41 92
68 38
85 28
48 28
42 43
35 51
78 36
48 57
79 10
60 28
23 81
59 9
75 87
66 14
56 26
58 20
24 84
25 83
70 43
83 63
78 60
42 91
85 16
33 43
70 84
81 55
89 91
53 0
67 44
61 88
78 28
39 75
33 28
19 41
39 42
13 14
40 52
23 52
40 20
68 18
68 77
1 57
16 21
91 14
70 29
80 4
46 86
1 1
80 56
4 84
88 86
6 22
79 40
29 72
5 90
49 8
32 60
92 62
47 50
45 25
73 21
34 85
30 5
0 71
32 78
73 78
2 3
3 33
9 23
69 80
45 65
73 75
9 78
58 79
33 56
89 27
78 27
6 40
35 20
26 47
85 46
70 24
69 3
23 74
75 44
58 76
89 26
26 71
23 71
37 61
56 10
8 53
14 32
34 72
21 67
31 83
18 91
38 79
50 65
29 71
87 37
18 51
30 41
67 1
30 19
57 17
14 10
65 42
28 52
43 63
6 0
53 33
14 56
89 33
51 2
87 16
41 4
68 88
3 68
13 78
66 7
21 49
55 83
45 60
82 21
56 2
65 6
2 31
58 9
69 41
5 78
5 21
65 24
45 15
3 44
68 56
92 6
1 47
26 61
37 55
48 30
36 59
0 67
72 89
69 30
40 79
56 79
33 90
38 81
15 58
28 43
80 3
64 77
46 6
32 53
88 41
63 83
24 46
15 55
93 65
48 4
11 71
10 82
57 21
77 48
65 77
49 84
18 13
63 40
8 47
62 43
67 76
47 28
9 19
81 12
21 72
73 12
87 24
41 44
16 33
45 11
83 91
63 78
40 28
72 31
33 87
61 23
29 55
78 53
16 43
73 73
86 44
8 26
35 59
4 30
85 37
25 32
3 66
1 80
36 69
22 66
56 78
77 0
55 46
51 84
54 87
78 85
72 47
86 58
72 38
9 41
93 38
90 37
4 86
14 58
74 13
70 35
61 19
28 91
38 0
7 37
62 69
64 44
78 21
89 5
6 17
40 73
29 29
34 38
90 15
44 55
16 60
90 41
72 87
63 4
83 59
46 68
22 9
62 40
21 24
30 6
58 39
60 56
63 21
52 77
2 33
74 1
12 45
16 79
63 24
46 33
15 69
79 8
48 0
13 49
66 9
70 90
9 80
66 63
52 53
35 27
0 65
14 85
43 76
78 8
84 77
8 65
54 85
88 35
40 43
82 73
4 32
73 52
31 29
26 73
27 20
54 40
37 69
5 38
49 42
11 36
58 17
75 3
77 65
23 56
56 4
24 40
74 65
4 78
24 78
22 28
62 44
76 62
49 74
90 80
24 20
26 12
31 14
83 58
13 20
38 4
9 4
27 80
14 81
57 37
43 77
16 29
79 68
44 72
87 50
19 69
52 51
11 70
21 83
28 23
59 60
54 93
69 61
43 3
73 36
90 51
16 77
0 90
61 6
74 45
52 42
63 48
82 44
20 35
61 27
82 67
80 17
23 92
40 53
80 26
42 42
19 44
28 67
44 6
90 78
13 75
44 20
72 24
82 80
47 80
64 36
68 81
36 91
59 50
68 58
65 53
69 21
27 90
67 5
12 65
44 39
36 9
87 65
76 0
69 29
60 60
90 42
46 12
37 68
43 51
81 16
87 39
49 19
92 37
91 22
17 3
47 68
50 72
71 36
40 48
58 11
61 47
25 58
84 6
14 6
89 76
69 27
69 66
83 20
85 64
52 93
86 60
58 56
8 19
36 86
45 77
72 60
10 70
28 34
