10000
224 43
66 108
25 96
87 43
108 162
125 180
272 194
218 43
196 194
154 111
125 119
187 92
136 276
91 289
122 269
182 111
282 274
161 152
270 269
296 117
178 167
252 56
123 24
270 159
185 230
262 203
278 174
1 14
249 36
204 245
32 286
154 247
150 168
206 100
289 143
291 39
282 229
138 44
236 246
287 191
101 219
61 11
12 22
177 84
232 27
207 250
188 86
201 39
173 211
182 77
11 40
240 49
72 31
6 293
291 205
207 115
6 128
109 176
281 202
260 114
297 247
28 79
206 127
254 47
133 18
0 226
143 14
128 255
112 201
277 10
225 284
257 103
194 237
84 69
145 38
40 65
273 255
280 288
227 1
161 140
25 101
208 243
150 201
205 14
259 147
13 123
97 140
14 224
260 238
5 278
294 110
51 43
254 32
109 269
166 186
179 237
186 297
98 128
258 251
125 129
36 198
152 97
171 195
272 197
77 0
173 40
54 131
204 178
242 292
93 90
223 156
34 110
9 244
90 30
1 222
112 120
187 36
117 286
263 135
213 106
127 38
127 146
48 72
224 234
45 93
188 164
67 6
28 143
231 164
61 291
266 13
272 147
168 127
80 276
186 255
132 288
100 220
142 116
32 113
193 93
145 3
24 178
1 108
9 57
11 56
258 170
21 16
35 115
260 231
170 138
151 55
226 149
263 170
145 298
166 282
241 109
116 80
235 109
273 274
215 242
153 229
258 172
127 244
28 115
81 150
222 185
242 76
17 19
37 185
9 208
23 20
84 53
113 242
60 23
271 165
56 148
298 286
47 179
179 219
144 131
197 146
280 180
139 5
275 130
120 172
232 43
246 134
148 169
228 180
259 118
159 124
39 283
169 55
151 5
85 180
145 287
148 210
232 14
107 46
95 100
86 179
37 98
287 212
39 218
221 274
260 281
146 139
208 113
142 100
49 157
193 248
137 276
268 298
207 234
221 171
118 211
266 190
128 201
42 150
164 42
225 52
180 152
55 106
84 260
133 257
205 52
295 284
167 85
259 107
136 1
17 173
142 30
149 30
9 117
88 1
27 20
219 195
6 220
298 270
77 95
258 219
4 116
76 205
91 66
208 192
35 41
203 255
165 73
217 198
225 176
208 40
252 161
63 202
126 80
220 118
45 239
82 205
184 259
159 250
126 28
280 13
108 133
136 89
130 188
96 262
63 172
114 291
92 222
210 165
57 248
179 250
212 158
220 207
115 292
293 299
259 45
89 106
60 17
87 7
250 92
50 274
31 137
131 215
94 68
114 244
33 120
233 3
268 10
184 10
225 168
136 265
174 255
101 256
66 45
28 162
83 204
165 59
65 49
249 26
222 70
93 24
60 265
274 19
43 82
143 12
228 184
134 227
39 13
75 61
102 234
131 28
99 20
111 203
130 258
126 42
4 76
90 264
210 113
136 192
224 210
208 131
250 65
82 141
139 140
135 139
4 207
33 135
205 73
286 161
49 119
65 166
261 107
122 96
49 78
85 222
255 63
11 39
210 122
148 223
228 94
222 74
65 20
177 251
102 249
249 202
30 124
115 239
248 182
200 228
11 228
24 59
41 280
140 178
168 24
297 101
104 181
79 180
76 97
211 234
160 158
189 27
5 26
294 283
89 37
168 245
287 209
121 33
12 17
167 122
173 137
188 36
275 120
230 127
245 203
251 6
113 108
28 157
243 75
260 276
257 216
58 86
93 287
172 51
102 86
281 22
84 211
289 7
135 156
103 258
40 49
230 122
160 89
296 155
291 49
192 121
258 147
182 87
205 77
86 29
243 148
189 290
53 149
184 286
74 123
103 101
94 59
134 83
26 95
8 62
185 64
127 231
198 107
137 93
216 211
10 183
117 122
36 127
172 40
101 214
43 295
41 149
253 202
274 203
221 213
217 228
261 82
124 124
281 271
134 194
53 22
32 114
162 108
120 27
105 254
149 38
130 295
125 169
183 28
103 276
295 287
141 43
0 197
70 78
49 68
169 156
232 73
165 193
157 118
219 112
185 21
159 198
48 128
99 9
88 55
207 49
91 77
55 14
105 156
80 64
120 4
222 62
194 116
16 68
86 81
272 37
107 132
264 46
236 84
68 209
90 142
280 78
26 16
119 190
148 179
271 143
225 177
274 217
234 91
297 292
154 36
71 127
68 212
178 34
226 101
58 77
67 250
176 28
138 239
241 97
118 119
73 213
12 110
72 155
244 159
284 163
199 219
201 21
98 55
95 183
226 86
199 42
174 158
67 58
245 78
22 113
277 126
289 196
157 131
172 154
192 106
185 3
199 222
108 171
127 203
18 248
61 60
211 123
180 161
7 176
274 298
265 177
83 114
79 91
249 201
115 213
146 259
61 127
230 174
242 89
282 299
279 97
178 13
68 13
167 266
254 146
154 49
86 90
179 198
267 287
215 46
87 89
279 39
55 156
78 221
147 159
79 164
119 283
21 83
184 242
217 122
43 81
163 233
109 186
130 35
178 146
287 40
138 68
46 83
123 269
293 129
281 114
135 132
73 141
94 146
182 128
145 103
203 51
231 182
251 51
202 280
51 22
257 263
128 252
207 288
150 117
190 34
262 65
204 285
129 95
165 236
39 38
152 256
148 111
137 6
267 192
125 73
30 154
202 269
59 149
243 257
255 159
1 6
121 276
109 238
103 81
223 231
141 268
268 53
188 246
130 163
117 5
158 194
83 191
121 12
37 45
96 283
281 120
251 35
270 52
91 52
59 95
295 77
70 71
127 130
10 69
212 16
97 179
294 191
143 115
174 59
113 162
12 132
7 226
210 288
262 231
115 45
286 150
110 161
229 134
88 24
291 145
5 65
100 229
275 245
225 236
154 242
115 187
218 2
230 240
104 42
259 51
162 31
283 89
262 92
218 65
91 34
25 197
120 190
289 147
47 299
261 245
223 134
239 40
143 132
116 214
293 191
243 240
291 21
11 76
189 52
270 292
197 88
282 198
102 228
224 213
97 53
56 219
115 134
214 241
14 110
68 280
15 13
78 116
102 68
160 24
22 20
84 71
9 226
193 170
125 190
29 96
2 0
216 72
145 226
39 59
143 177
38 175
136 71
162 137
280 266
220 140
21 148
128 227
187 13
163 51
239 100
289 99
241 223
231 190
106 10
70 157
22 288
175 70
271 213
61 110
276 129
110 20
215 248
134 135
115 224
134 200
255 78
53 50
148 144
169 158
12 79
115 151
265 125
268 232
90 59
282 276
110 292
59 113
175 103
126 187
176 297
226 61
263 261
197 261
100 219
262 55
283 37
103 126
242 117
32 3
33 253
270 136
17 120
233 14
78 160
51 67
260 143
66 96
265 273
54 216
85 77
265 184
109 44
5 230
214 168
241 294
267 70
9 135
146 281
181 43
27 41
6 134
231 29
249 204
266 93
110 232
121 124
74 213
146 131
109 93
103 212
65 13
175 196
205 279
149 102
12 252
90 158
111 290
119 155
50 55
269 133
148 288
72 51
74 231
272 226
68 169
103 184
184 261
253 270
196 147
194 291
69 202
56 271
87 238
122 237
50 247
234 21
200 132
56 251
296 17
21 189
64 82
197 145
64 93
173 153
42 60
209 173
132 208
51 153
109 231
83 216
123 159
225 78
282 141
119 142
268 295
84 257
139 266
285 226
59 77
175 164
21 112
291 243
189 250
13 58
205 40
290 95
3 299
135 135
55 10
28 222
222 141
193 213
277 123
19 299
84 101
148 7
115 65
215 41
156 28
138 92
143 81
0 182
1 239
275 220
42 55
135 258
111 168
164 181
216 216
52 172
19 202
83 298
123 178
46 103
174 219
32 95
232 58
132 29
30 220
125 225
67 108
140 131
254 118
38 22
202 177
79 273
37 35
36 113
69 187
274 245
134 90
161 5
298 59
282 28
16 173
221 27
94 57
268 287
227 133
146 58
162 255
92 15
112 100
28 221
106 25
33 112
253 137
4 108
164 21
142 48
189 30
0 4
44 191
158 48
123 261
100 191
80 113
156 101
50 257
166 21
25 243
62 67
233 8
298 283
299 239
17 148
80 256
265 135
164 165
58 245
208 156
265 16
108 267
142 227
83 255
98 69
294 241
49 98
156 216
93 166
84 5
214 145
118 137
116 113
38 51
116 7
8 196
3 10
183 149
209 148
116 210
157 39
95 210
265 228
239 270
20 119
269 233
261 235
125 260
154 218
201 152
46 276
144 271
92 44
204 36
46 54
124 126
230 118
271 38
184 272
234 270
126 130
175 154
45 158
261 8
76 58
243 176
231 77
251 178
136 67
13 269
251 295
270 17
265 202
30 296
117 118
167 57
250 243
187 56
275 17
142 39
125 16
238 297
233 59
237 153
227 214
86 267
32 245
248 192
73 22
138 129
118 214
257 40
20 124
298 63
31 217
117 215
128 119
138 37
141 146
60 1
192 162
26 214
291 70
8 71
128 266
272 290
157 15
178 244
52 82
294 14
93 92
182 246
22 49
118 243
3 32
78 36
87 41
287 141
117 68
11 247
220 175
108 23
110 7
289 247
42 52
245 121
134 196
294 98
222 40
199 168
295 27
63 192
9 189
143 201
221 110
40 163
47 180
175 193
53 220
95 195
239 230
126 60
1 152
232 230
152 75
167 177
285 219
113 280
276 274
74 232
251 168
255 27
125 74
163 78
151 130
106 115
170 160
254 100
238 137
16 290
225 135
285 127
146 278
34 100
42 278
98 156
111 182
88 295
220 219
207 12
47 175
224 72
183 259
67 152
138 93
299 59
147 50
253 277
101 58
29 237
143 103
113 192
42 93
120 284
106 277
172 42
117 213
76 136
174 22
119 4
243 170
95 263
92 290
163 295
286 282
230 2
125 0
274 128
110 256
29 141
206 23
111 33
253 123
186 5
296 145
165 69
35 139
70 188
147 238
220 230
185 14
245 99
26 269
221 49
33 131
229 286
80 289
29 263
0 25
31 223
92 80
42 165
5 81
43 126
209 103
47 217
163 82
175 280
113 82
51 294
75 183
252 19
93 20
5 30
64 216
194 200
262 32
52 226
46 118
35 155
164 43
248 176
63 235
159 114
174 68
250 163
166 211
240 173
76 74
16 85
203 18
78 107
65 184
40 84
28 293
126 164
172 203
293 48
41 296
154 82
292 116
256 179
63 287
1 13
288 205
161 274
246 100
197 211
256 269
173 66
52 279
243 157
41 94
62 273
2 190
111 40
125 270
240 199
28 285
284 37
131 104
8 189
84 74
146 180
194 99
232 264
150 221
297 167
213 138
284 50
185 284
155 195
31 244
270 243
47 143
234 88
172 296
58 145
204 156
137 8
29 57
290 67
147 204
94 160
79 146
201 28
70 82
98 109
12 222
75 268
245 122
285 72
71 264
18 92
66 267
202 41
51 231
205 154
49 266
241 282
220 19
189 270
65 261
250 156
51 132
257 25
73 245
39 76
125 25
133 32
90 238
126 126
219 193
143 217
222 261
294 20
155 51
158 20
182 260
117 87
192 91
6 78
83 260
68 88
189 185
273 293
189 261
163 16
77 20
227 288
118 65
209 187
95 116
54 158
134 288
242 283
196 86
230 76
103 115
74 173
275 246
132 213
126 236
152 65
86 135
86 156
71 112
83 233
59 233
260 165
28 179
121 110
269 121
203 65
113 199
147 137
59 239
105 190
137 264
18 95
181 278
46 184
163 272
52 150
284 264
184 63
262 10
233 100
15 279
26 43
70 18
2 45
280 207
222 184
95 197
186 246
137 64
128 36
29 27
228 124
46 191
239 143
94 95
252 224
5 298
129 211
131 72
282 174
298 204
222 84
29 187
81 141
286 8
237 292
265 119
234 297
135 107
239 163
124 247
8 283
209 220
259 63
187 25
245 164
290 270
63 57
223 178
11 41
266 173
103 44
272 90
154 131
86 206
26 192
40 176
171 43
76 175
266 272
65 159
127 107
160 96
152 249
126 53
107 250
163 142
148 293
5 114
12 74
23 134
203 73
115 41
108 100
69 282
132 297
30 85
152 78
74 58
231 136
13 214
259 71
187 118
256 130
211 290
175 294
12 98
179 148
288 265
136 114
147 295
156 212
87 88
242 155
299 15
225 119
177 240
272 219
98 267
116 171
180 63
169 299
99 79
76 213
161 192
190 163
20 154
140 2
232 34
261 209
45 47
268 244
274 154
267 185
225 275
289 150
112 23
197 105
132 17
8 178
88 164
191 257
82 200
35 254
39 129
174 54
246 66
113 61
72 48
65 171
243 36
61 189
199 296
159 206
103 155
214 288
117 139
143 207
7 81
84 8
118 180
68 83
148 178
253 10
121 213
291 133
262 265
291 261
223 260
189 265
86 101
250 276
206 197
267 275
26 161
44 16
219 3
257 183
141 152
228 52
111 15
146 111
26 237
130 63
78 191
89 108
81 299
268 233
46 39
96 54
43 45
141 295
231 141
296 139
97 14
54 119
199 121
30 28
148 233
47 20
223 185
287 46
214 109
29 206
155 214
76 22
146 297
189 19
213 152
46 56
167 196
109 6
38 96
185 290
277 249
22 134
198 20
84 269
265 143
4 211
43 289
234 38
184 33
96 267
106 15
105 157
131 279
243 113
211 87
154 20
143 89
283 13
156 131
182 268
234 166
21 92
241 280
206 198
144 110
196 39
164 206
103 243
81 217
263 184
290 18
258 259
260 186
227 159
47 98
293 37
0 37
281 43
77 167
122 131
123 20
217 57
259 60
298 152
242 232
99 90
8 250
148 191
237 262
125 154
235 60
187 172
165 11
234 151
266 76
100 109
16 73
10 254
109 160
266 259
231 18
87 112
45 72
121 257
94 98
56 36
251 191
173 141
121 3
117 12
145 193
104 222
153 221
146 56
194 215
85 220
165 278
182 140
77 134
76 32
172 190
156 276
65 167
279 75
28 287
254 182
57 259
221 195
189 137
25 166
201 207
207 132
5 98
222 227
211 144
232 139
233 118
6 8
102 19
191 266
265 291
194 175
248 177
197 108
23 141
66 141
255 43
230 264
267 194
21 59
75 270
255 251
172 47
86 77
217 267
98 120
25 180
191 109
106 107
159 298
287 86
94 284
103 219
188 201
140 247
118 226
173 292
200 259
61 187
25 106
170 99
7 127
238 244
199 287
281 49
179 292
65 91
227 87
41 7
71 230
183 32
41 87
94 23
40 179
160 209
293 39
261 252
146 47
202 94
110 233
7 96
250 135
238 196
259 218
49 276
162 52
200 101
6 283
77 169
210 67
46 38
72 116
82 129
159 46
213 167
150 280
23 151
47 265
173 278
205 186
236 261
14 253
108 231
262 120
230 108
250 24
150 79
266 50
122 146
298 102
285 233
121 214
77 58
162 272
246 183
181 210
169 178
29 151
181 152
260 292
277 100
132 97
24 229
41 116
80 119
180 150
116 166
274 273
222 49
23 251
261 89
112 298
24 156
77 197
277 258
248 106
135 35
172 162
5 51
167 290
52 201
136 190
133 45
161 213
229 205
35 126
115 67
233 2
81 281
261 212
123 253
262 247
31 63
267 126
27 181
279 162
211 214
196 15
43 148
110 141
9 54
11 174
96 83
149 151
298 114
92 39
295 261
169 3
76 37
156 24
173 99
284 248
187 91
62 158
283 136
261 17
17 213
225 240
53 23
27 170
142 205
130 122
250 70
190 239
200 123
289 134
175 47
30 52
202 44
5 128
191 133
187 178
293 123
161 96
43 28
28 20
11 241
43 97
48 60
212 165
57 38
260 2
100 245
271 173
268 72
9 128
123 6
128 18
44 207
127 190
77 251
224 212
258 100
275 71
153 112
248 268
77 117
205 273
207 232
146 195
36 79
104 169
53 295
266 102
61 142
103 179
22 118
150 183
120 188
156 194
189 133
234 286
167 233
292 109
280 205
70 58
104 261
25 252
171 243
60 86
1 217
277 229
43 203
51 139
40 240
66 203
134 69
171 205
86 249
265 295
123 259
299 122
15 134
268 117
227 296
177 34
86 11
186 80
274 71
242 136
58 280
177 128
253 41
26 9
115 62
105 237
162 42
109 164
36 15
32 221
269 146
253 261
261 280
187 207
126 264
147 187
148 214
57 92
274 33
44 25
4 50
266 199
27 95
216 77
215 169
256 155
58 54
234 48
63 196
94 232
92 224
97 119
212 272
92 43
125 238
60 62
199 22
176 14
131 175
282 291
289 79
62 133
206 31
293 99
23 144
256 129
145 73
34 138
242 38
90 123
290 194
254 291
280 274
25 265
249 136
54 245
76 174
171 251
217 208
111 162
121 229
264 50
199 30
34 271
159 37
37 47
294 175
287 260
75 255
172 8
17 77
120 19
114 20
17 149
45 73
99 157
165 209
2 115
277 291
131 3
66 144
35 60
64 173
162 109
16 252
5 4
43 71
5 142
18 31
262 52
136 214
73 121
136 242
22 245
60 193
275 28
139 283
107 192
91 142
111 115
188 133
197 235
128 188
236 93
24 186
61 98
113 148
161 209
201 132
45 3
118 126
81 20
257 185
98 8
95 49
242 6
174 263
130 94
225 196
169 134
226 169
29 210
232 225
238 29
298 140
233 170
224 105
21 43
182 126
20 279
6 72
174 216
219 264
88 299
52 289
282 137
214 224
45 277
193 247
269 255
284 295
227 251
80 145
244 20
65 104
12 210
21 174
65 152
103 151
98 30
209 97
56 224
234 51
136 202
81 253
164 121
184 121
158 109
57 86
235 100
110 40
281 225
232 285
153 70
280 121
48 160
268 137
77 54
127 47
262 161
251 252
267 87
183 274
236 180
221 50
63 175
133 262
104 82
47 158
178 50
62 116
205 128
157 143
239 77
232 104
200 111
208 21
153 66
10 186
271 281
282 283
134 293
29 203
86 15
144 206
6 54
99 84
283 95
151 269
65 60
260 295
31 286
123 283
238 31
41 212
126 0
215 142
229 20
288 156
174 291
102 283
248 139
170 109
48 275
91 94
98 99
110 199
48 97
265 230
17 172
183 43
264 144
287 243
262 166
225 186
67 140
160 160
215 114
255 3
241 132
137 254
95 151
20 49
261 153
99 145
56 170
36 271
120 254
207 290
2 204
54 118
102 181
286 226
194 143
72 162
86 226
110 262
190 183
266 1
31 292
14 25
91 24
95 6
153 210
236 210
73 154
107 26
287 223
252 164
132 263
129 161
245 189
75 219
146 1
203 219
293 276
127 16
172 60
1 162
134 289
36 141
242 47
99 159
146 141
75 246
34 231
171 297
138 48
208 142
134 243
1 78
234 296
159 260
46 243
169 149
106 208
13 23
285 89
196 152
109 235
290 112
5 2
235 26
264 60
37 275
167 175
271 61
59 140
240 109
188 268
34 230
171 290
299 160
233 263
187 46
110 117
256 169
151 153
81 286
156 70
28 140
166 15
124 267
234 196
235 274
21 129
193 74
186 38
259 133
95 173
125 29
108 80
5 206
50 264
273 263
66 115
157 77
156 11
83 222
36 256
197 200
92 223
194 183
279 217
78 247
12 184
45 139
289 30
244 227
181 32
88 36
30 17
288 238
59 164
16 5
96 205
181 37
21 240
174 4
219 273
18 200
166 119
295 115
0 193
65 153
209 272
173 161
217 226
254 176
117 37
239 96
26 246
219 267
272 6
32 42
245 221
269 114
232 246
28 146
214 64
188 79
292 44
172 150
166 240
106 118
237 298
265 212
11 187
236 153
170 148
81 189
106 284
159 153
183 158
21 63
6 217
104 100
117 204
217 235
248 164
212 107
141 256
117 33
210 275
122 7
239 145
103 98
145 231
56 108
272 34
67 3
210 243
47 65
65 70
258 209
257 151
196 141
115 96
74 46
103 206
8 230
172 247
199 126
99 237
288 236
255 34
223 255
176 170
101 241
99 284
126 248
11 90
267 7
16 232
181 276
127 141
253 104
267 137
174 171
250 256
294 28
61 178
269 279
288 45
160 3
15 91
164 87
200 49
197 157
46 288
7 50
76 124
68 108
36 224
187 180
20 99
206 0
145 227
10 83
59 76
54 136
293 245
204 31
131 112
24 251
51 89
147 129
112 7
93 51
194 6
121 103
185 117
39 212
89 144
139 4
70 269
106 276
286 242
89 7
214 98
294 30
265 11
210 270
156 195
65 150
232 8
247 166
182 2
267 245
198 268
143 27
181 179
221 288
139 282
40 19
166 137
56 243
221 190
18 202
105 163
145 65
160 202
244 246
65 263
21 194
13 265
60 39
69 265
266 91
90 126
14 55
208 24
156 209
267 133
76 274
41 131
195 9
174 184
47 286
250 36
262 204
275 75
107 215
168 244
289 23
187 71
234 279
64 239
149 15
240 213
169 159
279 107
208 225
18 22
196 142
270 29
41 110
211 244
265 224
261 290
279 63
151 271
113 172
259 279
110 49
111 101
16 19
275 156
23 109
25 281
80 11
267 187
7 32
277 74
105 149
153 173
87 215
9 281
268 199
28 7
168 196
289 120
110 81
16 241
261 24
218 292
16 205
262 214
201 164
100 41
266 284
25 239
264 77
64 69
111 123
109 198
31 257
257 93
254 82
247 102
76 263
34 289
50 175
160 161
88 294
212 147
138 55
122 254
22 199
164 187
240 96
177 141
50 202
189 144
68 263
130 71
48 186
58 166
268 228
32 53
171 204
144 51
220 213
91 196
5 80
240 212
213 147
89 198
146 36
175 149
148 248
25 54
284 0
61 281
170 167
43 24
196 294
273 71
85 198
81 86
91 98
122 273
52 183
55 115
129 230
102 151
66 21
259 162
243 266
135 138
81 115
100 128
291 139
212 152
174 28
275 276
106 286
42 250
64 96
17 164
76 65
22 91
27 111
84 144
262 291
234 98
180 274
1 130
96 159
161 133
45 70
293 138
181 155
110 222
86 197
144 122
184 248
205 8
233 215
244 142
55 110
299 250
206 289
97 184
35 240
281 67
87 105
161 1
21 277
24 50
275 39
117 17
26 91
170 294
254 208
109 57
267 198
254 250
218 17
183 63
5 261
131 290
162 92
32 151
168 299
229 166
139 225
172 3
35 222
97 257
104 201
73 112
93 26
276 2
289 117
95 62
200 38
75 52
148 127
41 134
245 153
139 211
92 127
193 2
81 17
33 242
151 231
285 198
23 19
57 34
262 141
190 23
161 19
72 86
104 14
261 223
72 259
196 265
117 74
110 268
219 6
60 95
110 16
204 290
23 228
238 217
114 170
27 162
217 37
206 58
291 156
118 192
263 253
217 120
251 25
78 97
294 286
157 260
278 249
85 23
234 120
216 14
245 277
243 118
209 13
202 109
257 266
250 235
19 153
243 192
79 265
202 207
139 234
180 293
268 210
12 116
151 44
249 32
122 236
42 178
180 104
120 222
6 29
231 288
157 224
212 105
150 38
261 114
29 88
270 105
235 28
44 63
205 264
291 38
155 85
141 291
282 45
161 81
255 53
289 8
132 280
123 130
96 259
200 290
242 151
137 277
285 93
3 128
299 139
181 22
248 147
135 287
104 297
253 114
297 33
165 140
179 71
26 285
74 200
100 61
153 293
0 176
231 292
88 296
34 182
200 23
293 177
221 225
75 271
231 286
294 48
168 298
228 256
234 71
1 47
52 231
155 134
270 239
269 209
192 149
145 163
16 143
10 260
37 49
102 264
64 247
289 261
67 77
252 269
217 262
99 213
23 177
232 223
226 218
61 177
238 210
266 97
209 119
261 211
98 66
140 233
59 73
222 2
28 232
42 258
77 288
171 244
176 299
243 281
132 166
284 106
247 72
133 222
45 40
10 274
50 102
192 99
256 38
74 91
67 84
247 184
168 75
249 191
59 2
60 107
268 190
289 140
221 130
59 244
259 213
125 125
181 119
154 221
116 268
80 260
237 232
26 226
281 282
274 111
144 97
155 157
215 14
184 237
182 292
283 22
251 90
19 272
137 132
259 7
114 231
136 118
45 32
111 104
164 293
293 10
64 152
57 187
36 202
261 6
173 52
65 71
39 232
232 86
245 297
250 257
115 184
291 245
82 146
122 149
290 162
88 253
263 187
129 245
215 245
206 263
54 273
217 56
129 191
262 259
40 36
223 10
244 237
236 249
294 280
157 70
169 296
287 24
140 68
87 71
10 187
292 153
217 23
298 92
56 213
33 142
0 79
170 36
15 186
99 144
284 128
139 107
272 164
75 275
204 169
135 261
64 111
241 4
254 213
184 265
61 183
187 29
219 190
120 63
100 100
277 51
156 73
90 31
112 148
233 162
42 274
5 48
216 10
224 71
113 47
53 70
57 74
7 17
64 21
287 198
223 261
74 154
222 297
196 296
171 157
162 21
46 12
54 63
187 9
278 59
175 134
188 215
7 257
165 68
103 257
256 67
224 206
95 286
245 241
280 61
137 73
36 117
29 274
204 137
129 163
43 181
134 144
35 199
257 184
101 81
189 244
36 169
237 2
266 195
179 139
208 190
35 217
137 127
278 262
294 121
167 123
129 44
161 186
294 223
43 216
280 25
123 296
238 27
84 94
164 80
273 268
106 209
168 150
129 145
156 10
127 295
254 287
23 283
110 170
156 88
206 30
12 139
270 110
37 2
239 198
255 14
125 237
32 62
33 72
275 89
175 250
106 215
144 191
180 225
117 226
67 41
167 90
294 123
141 108
197 123
237 231
113 40
179 167
284 206
28 267
67 146
289 67
185 203
270 92
2 242
28 286
273 147
147 100
218 279
39 12
277 297
4 123
167 25
263 235
34 58
145 126
268 96
81 137
196 175
231 22
106 258
28 199
186 292
35 140
277 182
219 65
211 84
62 6
214 275
35 40
262 162
25 15
211 102
30 150
222 39
106 1
100 194
249 172
29 138
20 285
42 34
273 70
68 186
90 104
79 206
66 186
128 241
100 248
207 207
50 132
177 192
75 32
32 219
45 146
162 40
220 50
286 114
173 208
172 136
82 265
87 79
76 73
117 89
122 193
148 166
158 127
182 44
88 75
50 161
38 212
295 122
208 62
256 240
9 63
171 152
82 217
95 193
88 286
175 19
103 180
3 138
248 279
298 149
296 237
215 276
186 165
215 202
101 120
159 295
272 195
271 299
248 28
139 17
45 144
102 246
170 94
38 139
244 183
269 126
203 12
251 74
253 3
98 258
4 298
64 67
245 151
137 123
104 190
183 282
277 222
27 28
130 60
115 281
62 211
2 76
112 238
161 289
145 209
154 51
138 241
32 179
213 10
190 257
292 143
35 176
265 283
121 239
78 243
1 174
215 77
270 244
224 127
153 248
234 76
146 290
282 191
271 254
198 32
28 208
195 51
101 106
118 218
7 133
213 19
283 204
28 8
121 243
250 218
58 273
248 243
127 135
181 84
28 299
85 291
193 29
157 33
137 237
149 25
218 227
62 140
26 154
216 115
22 166
181 67
64 134
41 55
179 173
266 119
106 190
78 299
226 100
143 117
6 133
80 97
174 151
285 274
11 268
123 104
231 10
230 64
184 206
267 68
125 162
156 36
37 176
88 229
250 89
100 129
271 186
132 84
282 207
262 226
47 31
98 122
75 162
241 253
106 63
119 241
196 47
298 19
95 129
24 109
54 116
266 184
7 255
229 207
110 162
25 3
72 145
94 18
122 102
271 241
68 46
182 62
223 53
29 283
176 165
248 145
130 167
76 214
4 67
197 83
292 211
6 239
157 195
104 282
10 224
42 171
68 112
100 246
88 147
299 67
155 126
74 177
17 79
125 80
30 14
260 72
280 247
60 59
203 214
299 219
76 297
175 117
298 174
108 295
56 10
75 135
233 143
251 50
206 251
155 230
164 162
122 4
19 128
49 163
212 53
9 11
276 79
219 163
119 276
146 152
201 69
21 239
45 56
130 247
285 187
52 136
127 242
181 58
100 137
1 24
175 56
165 149
22 250
297 266
129 246
3 45
93 193
229 12
159 297
295 144
298 111
211 135
173 295
11 87
19 175
114 281
96 143
159 262
262 76
205 81
298 105
33 71
47 140
148 53
78 206
286 228
108 58
265 67
47 48
200 141
122 98
236 91
164 100
179 68
145 99
199 120
20 180
253 278
178 193
136 11
124 101
99 106
23 240
69 2
55 123
44 55
197 87
251 97
246 122
76 243
50 130
34 174
50 220
292 284
287 239
64 157
196 30
161 201
223 145
193 69
172 165
5 19
88 88
238 49
259 15
298 78
20 276
79 196
13 45
122 69
2 240
23 31
41 257
170 155
208 191
53 199
87 82
200 100
51 242
211 225
164 255
272 285
239 135
222 285
57 147
191 124
74 254
263 269
107 229
143 25
161 253
115 94
55 128
256 29
276 221
75 172
163 275
76 241
257 297
144 34
223 170
259 55
177 165
242 75
135 69
190 106
280 84
40 177
175 114
100 99
229 144
21 203
54 89
74 256
159 123
119 172
217 30
134 252
63 117
194 126
224 153
226 91
86 276
68 241
32 147
34 2
129 129
244 4
243 117
20 256
45 36
181 275
197 49
169 263
171 111
211 150
255 223
62 130
163 215
107 248
271 128
111 206
244 241
194 113
10 238
261 159
98 70
151 221
199 43
188 18
6 215
285 202
211 286
27 75
5 283
277 142
53 237
181 238
79 38
23 291
60 223
276 60
285 249
84 92
190 170
176 125
136 169
190 129
56 174
128 139
81 147
89 264
66 85
204 71
245 199
62 268
102 79
128 114
70 256
127 13
240 138
103 100
271 98
32 104
170 210
252 263
215 278
7 262
221 245
137 96
102 21
232 161
17 255
91 44
169 8
120 25
188 123
179 183
37 284
9 115
55 242
150 228
228 50
91 221
278 94
93 239
27 246
259 207
136 295
203 240
299 194
131 139
30 31
89 82
84 135
30 234
22 0
130 58
5 199
98 182
178 107
142 233
289 80
135 152
195 185
75 200
281 238
75 124
195 107
16 44
97 55
279 67
85 217
179 118
170 214
11 211
194 169
150 132
146 22
218 249
145 272
129 69
121 27
198 205
214 59
193 219
168 139
11 296
161 179
203 107
145 178
256 20
97 236
136 266
0 297
70 22
61 40
193 249
115 145
259 282
247 255
224 126
258 15
256 262
64 288
84 236
182 277
50 66
9 122
0 285
233 99
105 55
207 151
76 106
223 62
15 296
219 260
93 17
30 144
104 83
165 258
294 69
282 159
236 269
80 14
263 171
13 140
158 32
124 113
17 253
0 8
12 109
122 137
13 244
226 210
96 225
161 225
287 104
42 205
157 231
230 275
248 229
127 170
84 247
185 54
26 107
101 54
67 199
279 110
214 48
84 273
218 275
40 199
166 175
101 244
107 45
267 179
25 247
246 265
214 162
179 159
166 107
127 207
2 141
243 160
165 174
214 61
165 130
30 239
55 108
38 164
121 21
151 215
199 80
208 117
240 119
168 153
19 32
261 215
269 52
142 6
139 288
18 291
263 88
109 158
295 29
51 239
111 42
254 91
31 131
152 171
219 259
118 255
181 218
200 270
169 287
195 67
200 155
143 196
265 64
109 9
147 134
95 241
85 213
210 286
0 149
143 148
201 65
203 6
176 257
122 1
62 200
265 298
276 271
211 264
234 152
16 28
77 227
197 156
197 233
294 193
227 79
88 137
197 32
227 165
173 205
217 115
154 250
61 126
75 215
53 33
101 24
181 289
202 123
179 296
69 14
159 226
263 286
96 252
167 267
135 8
252 85
275 164
246 278
86 129
139 199
157 46
184 72
211 192
169 229
141 59
43 257
269 132
94 264
263 166
180 21
206 181
184 84
185 38
53 91
136 253
90 74
31 208
281 56
296 297
129 276
12 0
22 192
41 205
229 216
191 245
216 238
189 141
103 192
237 284
95 71
249 109
108 136
261 204
144 272
26 62
122 120
0 121
55 201
198 53
269 238
237 246
15 208
108 287
139 125
223 36
72 290
91 113
32 257
67 281
86 47
270 204
269 235
127 65
240 181
120 197
276 65
160 134
177 38
65 149
5 219
43 265
171 148
83 206
73 202
20 54
247 215
189 83
274 219
277 158
138 246
253 86
208 100
190 135
1 4
45 148
189 225
65 258
97 203
169 146
97 175
199 247
254 63
250 233
298 135
68 135
99 168
109 194
251 231
94 44
135 206
231 187
112 83
182 55
81 143
279 244
56 208
180 36
264 108
139 8
274 276
294 169
102 83
213 267
144 114
216 228
43 221
200 182
268 116
75 106
264 82
295 249
212 84
182 11
251 89
242 18
143 203
266 100
152 242
231 127
265 129
271 144
197 238
139 294
65 241
62 40
13 191
41 189
229 254
245 249
60 136
207 269
104 26
206 18
260 185
4 206
282 192
297 68
73 132
118 34
16 190
19 30
245 269
218 6
298 295
116 50
144 47
124 167
218 39
165 167
80 204
108 275
22 86
35 47
225 292
278 44
231 239
252 140
251 286
97 180
195 0
188 213
223 157
156 31
156 202
121 13
126 119
238 42
146 87
133 142
164 199
43 290
129 81
221 174
213 210
272 283
223 112
119 107
265 180
65 224
88 265
77 228
38 106
140 75
191 276
171 196
159 282
162 41
268 191
61 146
261 220
71 266
95 267
122 225
263 117
21 167
278 225
110 168
73 14
211 53
19 27
117 93
179 132
197 221
60 154
294 94
109 273
194 270
164 64
96 270
191 186
87 249
202 213
113 170
147 221
273 154
205 61
173 0
266 19
268 120
293 167
166 44
260 116
255 166
23 295
16 259
67 138
57 17
296 182
108 155
152 85
237 104
290 72
68 276
271 138
226 238
160 152
44 51
170 59
162 281
85 254
265 241
34 253
102 90
69 71
105 4
7 12
155 142
37 220
28 236
283 290
242 37
226 241
252 126
67 283
199 157
137 77
213 255
233 147
251 128
272 17
149 232
84 188
94 43
279 116
97 86
48 168
289 275
178 165
209 127
35 205
103 85
139 213
30 45
10 148
180 182
230 206
20 172
98 146
253 167
104 184
153 62
76 296
207 237
179 112
62 216
44 85
111 212
19 93
46 142
87 264
10 160
278 293
164 193
211 115
92 213
171 139
103 11
106 0
169 0
237 215
114 57
138 299
219 106
224 20
260 174
208 145
266 254
27 79
37 170
96 239
120 159
270 277
67 4
142 209
240 179
23 13
91 158
204 207
148 242
204 24
180 223
16 66
288 27
193 171
5 171
287 100
23 227
27 231
205 146
101 137
235 182
114 249
144 140
266 220
50 95
127 18
197 260
72 262
141 292
67 32
272 142
197 66
76 220
107 155
92 142
48 242
291 212
279 241
27 70
228 240
252 29
198 185
268 57
288 250
64 255
164 272
103 169
40 109
255 73
229 180
28 72
202 252
243 59
257 285
224 241
271 243
17 247
211 221
56 66
162 179
201 157
170 265
118 125
19 78
85 259
104 166
210 85
148 8
130 253
46 244
173 260
148 26
228 229
289 9
136 100
127 286
217 75
158 50
12 268
283 215
74 16
90 22
272 104
187 131
215 272
140 257
74 287
18 250
101 293
18 128
45 124
64 36
258 261
297 23
18 222
277 16
162 9
298 261
47 79
236 60
233 65
246 161
261 22
129 279
228 82
68 116
77 289
222 264
143 178
33 66
8 93
189 182
59 53
188 216
40 204
221 257
136 180
291 107
214 110
279 225
190 146
240 187
66 28
150 264
233 236
125 84
272 125
234 238
8 7
277 287
109 232
196 173
164 91
162 148
175 60
37 68
223 113
69 109
229 77
107 18
42 123
275 299
142 147
35 220
82 54
177 143
97 133
152 225
159 86
4 49
153 139
210 4
290 129
90 121
275 261
30 87
272 151
125 134
106 141
210 93
244 43
135 10
27 202
8 261
96 299
26 38
208 47
272 24
43 22
1 62
241 27
288 14
292 274
291 57
247 191
192 221
73 232
216 219
19 57
103 37
208 229
29 103
256 244
238 177
219 100
241 146
184 94
189 90
91 109
159 189
69 293
276 173
34 16
144 203
296 189
39 83
30 208
263 35
105 100
250 141
264 49
203 154
209 182
153 268
53 227
260 269
85 42
143 210
217 121
204 197
282 93
17 112
241 236
74 76
64 267
212 25
263 82
67 219
253 292
61 73
238 21
185 204
262 288
145 222
137 94
47 272
31 200
136 68
264 249
164 11
272 33
279 61
86 67
163 212
44 100
16 112
25 298
234 46
111 118
271 236
250 10
183 143
74 196
114 21
173 49
261 175
11 283
164 128
43 236
182 85
89 252
253 291
223 139
282 240
275 113
271 214
128 3
284 230
165 77
145 274
68 238
0 251
3 214
104 113
99 273
278 54
64 241
76 250
17 174
73 223
234 4
272 16
100 297
209 149
148 156
37 84
225 8
158 17
94 157
81 226
29 3
238 294
281 166
265 161
37 178
271 259
11 18
14 129
112 270
80 225
244 277
93 156
292 12
27 121
274 47
37 126
18 251
292 195
87 289
74 78
288 176
199 100
176 132
283 75
290 183
215 261
215 219
36 247
63 193
102 103
234 50
28 173
151 209
256 193
125 176
188 273
72 101
46 97
65 58
152 132
3 36
180 165
292 130
93 143
92 17
58 260
59 172
73 272
34 173
285 251
103 231
28 51
217 164
17 62
283 193
162 170
248 51
206 24
30 233
11 32
193 115
293 114
61 81
73 81
88 254
164 257
182 289
175 218
176 179
243 116
254 202
263 30
277 175
58 76
58 25
209 23
63 241
270 222
154 279
108 53
299 96
249 87
211 22
90 251
142 61
186 268
140 248
26 47
180 153
4 113
171 75
252 52
174 39
15 109
286 136
92 11
14 293
14 51
100 242
17 36
55 63
261 73
20 130
248 149
248 85
12 196
186 59
93 188
154 215
163 134
50 96
215 0
80 165
19 86
62 24
155 217
80 99
176 181
35 174
194 292
255 266
32 154
46 251
32 295
264 210
247 170
290 189
38 36
237 117
109 147
81 249
234 72
115 193
143 22
214 83
163 57
46 222
282 64
140 298
296 274
151 261
119 182
122 207
118 249
167 31
41 100
169 242
280 261
126 71
29 89
127 14
287 274
83 102
198 22
180 115
174 198
29 16
111 224
233 146
56 29
179 288
139 51
171 189
236 101
130 22
256 275
114 172
69 75
166 98
258 292
249 57
94 193
285 240
271 279
60 131
264 109
115 190
169 224
228 141
209 63
223 147
135 1
112 212
76 254
296 111
273 287
88 85
84 170
101 37
262 163
250 242
260 262
225 244
234 198
154 295
137 175
202 46
238 70
46 125
217 151
137 179
80 214
274 157
45 103
75 66
83 84
197 247
89 230
62 249
175 45
291 108
108 109
189 134
106 22
108 144
49 159
0 112
105 265
140 220
182 48
282 52
133 236
159 240
120 255
213 191
184 1
196 188
21 263
56 199
205 249
10 96
95 287
3 150
203 256
124 221
147 291
96 175
40 250
30 269
70 128
8 64
20 145
33 95
162 132
133 54
287 6
34 235
188 190
28 154
159 195
4 191
195 201
26 174
133 128
124 112
202 163
100 265
147 223
250 81
228 177
272 57
140 200
240 64
58 232
196 99
267 93
280 92
163 201
266 135
75 234
133 183
240 26
96 161
218 187
296 82
34 81
221 296
157 90
93 114
130 9
277 259
76 31
135 204
121 85
286 123
185 212
34 160
93 216
144 69
298 80
64 30
167 129
85 221
132 223
159 236
111 273
37 215
282 0
168 90
117 195
57 184
1 114
232 190
141 263
179 105
112 225
145 91
260 271
280 111
273 173
295 297
141 120
180 35
38 165
220 74
7 58
250 109
130 156
280 184
227 134
226 59
84 241
16 89
88 158
112 158
260 139
18 265
221 179
175 131
283 273
206 186
131 45
126 138
87 55
286 216
20 37
71 217
222 219
289 165
287 293
25 50
55 271
103 290
51 259
71 162
94 100
144 296
257 245
87 228
226 280
248 18
93 42
45 180
184 169
129 261
78 228
279 9
285 184
21 155
214 43
254 71
208 201
66 180
140 187
97 164
16 298
231 179
139 41
59 1
227 92
28 82
233 289
178 12
289 124
51 99
74 111
42 247
176 272
141 150
168 176
280 213
100 8
100 171
191 296
261 108
167 103
40 220
178 292
17 13
220 21
142 153
31 23
219 217
65 83
216 154
14 91
258 144
292 238
154 207
289 128
128 245
181 207
210 150
9 269
254 159
73 259
200 90
263 163
110 255
233 207
257 83
227 180
110 92
26 4
31 50
70 96
206 189
105 159
190 241
74 261
198 280
40 89
163 291
264 159
39 298
186 231
28 119
261 148
62 278
98 254
257 121
147 246
116 179
240 3
190 274
292 22
217 51
225 157
136 160
26 251
22 284
262 277
162 283
193 120
43 242
202 297
257 115
5 159
265 258
228 186
16 8
113 133
42 203
283 221
188 112
76 19
146 65
208 162
277 243
213 242
222 182
126 230
150 64
236 260
220 249
192 208
154 222
71 44
164 113
223 54
291 279
5 264
170 123
63 76
224 137
8 46
296 228
261 113
238 296
181 141
90 73
71 225
239 3
121 188
266 40
282 223
83 241
244 8
113 49
94 224
241 164
32 251
83 41
294 111
250 34
269 265
39 119
78 275
185 182
216 163
291 37
274 262
16 242
3 6
239 106
88 97
57 52
154 12
74 167
81 25
84 207
259 89
165 96
239 202
245 89
46 270
247 75
149 39
223 28
52 164
67 20
148 278
75 139
243 21
50 277
139 259
175 221
174 266
226 118
140 281
117 273
80 261
49 235
141 69
27 127
261 95
155 4
239 75
225 138
221 211
91 114
54 82
233 49
202 21
247 137
285 129
175 25
76 8
60 67
160 179
128 69
205 201
288 217
1 147
246 52
58 190
69 36
271 156
1 150
219 55
147 97
253 37
130 62
162 60
98 222
8 20
4 112
282 267
1 298
253 109
154 47
98 255
244 127
251 254
185 49
106 61
205 288
63 233
181 113
158 248
38 239
157 183
104 78
244 116
191 248
3 168
185 146
163 221
273 236
181 153
118 17
218 278
146 221
85 113
235 227
129 11
146 138
212 30
87 84
241 96
255 138
170 115
162 90
151 248
137 37
88 134
120 171
293 249
98 252
91 276
249 6
17 22
57 282
293 235
208 273
45 241
216 183
5 170
293 255
222 143
100 184
141 86
268 100
262 110
65 56
170 30
204 253
117 158
293 265
289 59
253 176
80 87
194 278
41 299
122 221
281 36
164 263
143 1
285 199
218 120
62 112
165 160
48 138
283 69
215 201
89 220
111 247
47 291
270 46
39 58
184 292
248 136
185 269
220 167
219 292
206 88
241 22
169 72
53 274
83 134
111 248
131 226
228 263
292 175
176 190
99 282
96 110
9 289
117 250
107 233
159 230
232 124
258 257
170 296
273 271
273 34
146 200
119 132
59 170
159 23
24 67
206 146
83 217
32 41
159 248
268 175
157 168
220 65
42 100
174 268
102 276
138 191
87 211
130 18
208 230
160 220
187 256
223 126
279 64
42 286
299 282
60 178
157 218
110 66
259 143
264 221
238 69
166 172
78 109
8 174
226 175
146 163
274 279
105 272
294 0
140 88
31 215
267 254
297 289
256 74
238 169
15 276
81 212
137 95
273 75
186 158
48 264
24 283
256 229
69 103
118 283
92 83
162 288
285 46
211 66
101 116
101 115
183 261
18 191
260 160
108 113
135 34
217 66
172 197
0 178
23 1
226 194
156 228
219 110
279 236
37 5
102 254
171 208
55 246
39 266
54 142
17 18
240 276
221 140
60 26
141 64
262 44
268 250
139 45
112 180
71 154
209 59
32 129
120 26
92 64
197 0
18 104
45 78
117 206
49 220
183 217
92 108
208 78
161 30
181 247
183 106
225 44
84 52
155 293
279 287
130 218
49 127
204 186
123 155
196 81
10 267
252 289
62 251
164 221
236 7
252 237
25 193
14 275
4 122
38 53
67 293
279 229
283 21
205 160
280 220
194 23
94 159
140 129
230 95
38 107
254 115
6 227
28 176
184 234
143 79
10 37
263 298
155 184
64 140
164 262
234 273
37 162
56 175
193 130
289 187
206 170
81 184
162 157
186 155
285 193
96 114
217 138
76 257
28 259
162 180
5 61
43 30
223 37
208 223
269 14
9 59
189 285
95 262
225 280
66 286
156 208
216 12
142 219
240 259
152 10
59 79
49 247
47 159
148 157
231 172
63 167
104 132
113 165
63 79
201 79
289 170
142 183
245 287
85 0
66 122
178 78
211 167
243 3
126 32
120 145
219 48
213 37
168 120
297 229
224 138
1 58
233 203
57 141
70 197
14 237
110 69
64 103
252 95
139 188
231 54
82 194
48 238
226 96
130 11
265 254
164 186
143 263
147 169
138 135
252 104
184 205
40 27
5 117
34 149
166 284
80 175
39 63
262 59
181 165
5 41
81 125
21 170
43 95
200 160
144 192
273 63
285 50
105 297
298 168
79 245
143 256
206 125
118 77
87 97
22 260
138 189
149 67
126 204
27 204
124 299
220 98
78 68
284 65
213 174
223 181
5 242
275 235
208 94
167 130
145 123
194 62
78 227
186 1
47 75
27 193
221 51
8 121
85 174
213 166
73 180
287 270
124 276
66 27
83 202
152 138
262 17
149 266
263 232
211 55
97 199
177 292
285 214
152 42
61 257
293 55
224 170
172 64
55 143
266 212
259 265
213 119
220 258
155 207
252 28
146 262
278 183
54 101
4 296
86 243
146 148
179 217
40 273
245 107
260 89
133 285
229 225
219 140
77 235
82 232
232 209
63 269
74 244
210 11
237 241
270 60
153 0
95 188
71 95
267 272
154 183
41 213
56 49
223 217
220 6
270 14
55 216
81 93
245 217
4 270
235 204
288 3
19 190
268 83
150 277
164 25
107 78
120 139
119 124
246 67
241 88
45 294
257 23
183 125
151 4
55 286
31 202
136 294
289 257
213 64
99 218
62 166
144 172
16 187
128 287
276 73
227 248
50 69
157 217
179 69
165 105
145 86
3 209
284 290
44 198
69 260
278 213
281 158
215 175
293 145
281 84
109 106
195 295
30 185
164 131
141 17
283 194
109 66
177 288
61 122
206 204
272 199
213 144
272 264
11 148
224 235
293 121
106 281
69 246
276 110
215 9
12 178
252 226
33 235
153 231
166 179
86 66
6 39
65 242
210 160
265 245
297 198
16 261
102 243
262 73
151 249
292 150
128 226
187 17
13 257
143 206
181 190
176 176
123 213
185 136
249 249
277 176
227 207
153 29
198 220
277 22
90 8
95 290
195 238
17 168
229 261
54 233
158 267
282 294
39 214
287 52
249 122
42 127
253 4
122 51
126 285
268 247
176 293
184 16
126 29
90 6
247 147
155 133
203 260
186 116
205 237
146 277
81 224
133 152
233 82
77 189
206 6
297 175
196 57
12 89
152 149
207 101
98 36
198 4
121 160
155 9
284 143
161 24
255 149
114 128
193 146
89 169
85 245
113 255
34 250
69 224
117 83
142 84
215 297
151 168
39 25
16 181
274 32
142 142
269 42
145 251
115 154
26 275
106 99
145 174
90 278
47 68
1 145
57 159
77 237
144 169
66 237
211 132
116 220
254 268
215 289
293 46
274 95
127 227
263 214
44 76
184 291
182 3
135 226
227 113
248 191
0 166
230 222
219 243
21 99
35 137
204 183
106 260
290 215
267 168
64 137
222 136
294 275
134 162
31 118
35 255
6 204
75 281
106 233
47 296
121 108
245 77
123 21
21 152
223 4
12 176
4 184
6 89
120 182
248 186
5 244
95 51
35 48
143 236
225 178
113 216
211 177
133 299
22 298
188 153
60 263
208 197
272 22
227 38
51 96
108 265
186 230
114 283
218 175
98 76
241 252
76 246
220 209
280 204
170 146
268 223
86 2
130 232
199 8
197 109
81 81
29 160
163 269
294 34
275 10
61 26
255 76
29 43
76 190
123 235
117 278
58 243
255 114
128 214
2 6
13 162
258 150
194 32
33 98
135 81
39 116
185 220
185 137
224 33
278 132
189 280
153 74
85 28
237 0
124 9
124 76
188 166
13 232
291 99
94 26
81 248
286 66
108 149
136 55
55 219
114 122
240 214
18 262
158 275
31 156
53 202
232 83
99 107
83 295
98 194
245 88
281 141
221 261
30 190
17 84
40 234
197 128
13 149
7 194
96 261
131 108
22 258
277 135
27 154
111 120
125 32
233 87
102 232
203 42
174 254
7 219
279 156
182 290
201 163
80 285
144 249
74 87
255 215
232 172
195 275
294 188
41 191
143 9
25 0
189 124
244 235
210 96
67 28
227 145
117 290
35 2
169 116
228 128
13 212
6 125
132 250
199 261
133 70
117 297
287 163
211 107
95 288
168 39
153 47
38 9
242 73
201 32
171 76
45 273
5 141
48 194
243 2
149 255
136 29
130 93
218 27
91 22
264 90
240 2
189 195
159 169
246 49
200 0
144 10
48 182
33 290
85 261
13 164
65 293
72 231
269 221
192 267
91 1
291 19
147 205
293 272
154 180
219 164
257 107
161 232
80 164
12 226
208 184
41 292
50 61
272 144
112 219
133 53
127 187
184 228
45 200
228 74
152 50
234 207
269 182
238 24
289 226
127 80
112 296
126 167
190 232
111 112
205 82
204 60
85 38
108 253
207 62
189 288
230 219
142 255
157 289
226 32
167 111
159 68
257 164
16 13
144 156
84 225
92 79
149 64
286 49
170 122
63 228
137 154
211 185
241 220
24 297
279 96
242 1
16 248
133 188
179 52
140 294
233 204
36 233
153 160
246 203
69 154
182 5
181 240
270 143
21 285
125 217
239 223
261 264
276 23
141 157
273 243
244 250
62 163
172 36
242 85
106 216
126 58
40 215
220 151
135 214
189 143
255 296
273 122
197 277
129 85
161 263
137 99
34 299
236 214
136 0
129 107
109 89
73 55
140 32
276 136
256 206
287 266
209 153
267 130
208 70
100 65
87 260
147 44
1 159
178 280
144 202
195 99
155 253
169 27
24 256
43 167
262 152
203 171
8 293
218 63
292 246
96 147
208 102
173 282
142 135
94 201
260 203
149 31
40 153
270 240
198 100
70 177
55 39
26 206
142 112
146 176
23 296
106 205
253 74
196 171
90 231
171 172
144 281
57 199
271 268
42 246
285 4
11 290
116 201
180 85
283 10
54 296
170 257
168 234
36 191
264 154
261 257
162 199
222 287
261 288
29 244
254 292
39 136
177 224
166 252
173 209
153 198
176 117
58 111
286 111
52 109
236 38
270 53
87 45
23 50
26 6
168 209
120 214
204 151
207 267
255 211
182 27
195 157
276 29
258 131
127 67
279 212
146 95
61 64
271 49
250 145
170 264
93 250
59 81
120 203
235 153
213 284
179 172
219 74
148 96
210 236
136 139
262 41
233 55
177 164
151 297
23 11
160 199
61 23
218 146
128 250
104 45
211 142
258 220
128 231
140 285
219 40
79 215
260 118
222 296
243 169
239 110
61 240
166 90
170 22
221 178
216 172
99 132
102 88
59 256
127 31
30 13
261 282
81 256
193 237
114 177
197 134
292 178
209 190
237 130
119 135
81 234
173 8
8 161
164 256
292 151
116 107
152 7
41 13
282 189
37 241
11 167
45 57
177 290
51 98
127 79
165 200
23 136
288 183
219 86
39 124
158 139
69 65
138 77
117 57
291 33
205 136
39 257
44 121
104 271
75 95
210 119
59 259
102 65
125 24
96 280
286 14
250 84
89 200
170 277
35 66
256 66
2 292
109 80
133 281
202 184
202 224
231 28
40 170
256 135
218 240
212 237
194 287
60 74
283 183
273 212
154 170
140 181
93 197
122 256
263 149
248 43
208 217
193 129
100 282
189 54
74 42
161 171
176 268
102 176
221 265
214 161
179 166
201 23
56 209
72 149
190 140
76 163
125 64
221 157
95 120
104 278
59 216
229 146
43 278
150 193
206 84
182 38
51 31
254 220
211 38
32 161
267 258
100 204
56 184
249 89
204 14
144 193
240 84
81 284
236 118
42 239
288 83
49 185
6 190
205 4
98 193
22 88
60 133
204 263
234 227
20 179
143 54
167 146
129 186
181 90
292 259
75 243
205 148
209 19
36 81
202 249
30 201
251 206
63 232
107 267
257 54
200 2
285 16
80 44
131 248
86 24
255 134
247 109
272 270
164 195
208 143
100 141
50 100
41 252
8 50
155 234
285 180
295 35
100 50
85 167
299 18
247 186
297 26
24 299
129 260
274 114
81 121
1 158
155 55
5 31
195 195
287 29
31 183
180 68
218 148
273 18
202 137
242 84
226 299
152 83
34 89
47 251
39 81
167 159
69 47
152 133
196 113
190 71
119 157
71 76
207 242
65 235
181 59
90 294
245 224
193 278
68 84
37 137
239 220
165 284
182 274
294 1
134 38
187 244
46 51
187 272
270 120
169 53
194 269
281 261
20 222
42 240
182 148
67 209
145 90
243 156
62 284
281 4
266 88
240 159
96 75
193 25
275 40
39 93
145 275
270 268
204 232
242 233
247 50
210 7
110 288
224 285
238 204
235 114
124 230
66 82
60 13
219 7
182 135
293 217
181 239
13 262
102 39
217 240
180 108
253 35
157 63
13 80
153 78
166 61
170 80
257 34
258 141
67 87
129 3
295 220
192 276
91 103
191 21
91 9
3 108
60 234
49 63
134 64
149 247
139 272
180 2
162 294
83 81
281 91
183 238
298 157
122 95
175 175
225 120
261 260
270 131
178 297
296 83
152 264
285 85
94 14
25 72
84 147
6 113
161 249
160 82
207 209
161 197
193 185
252 295
38 43
291 258
104 152
150 152
162 234
298 77
107 254
99 229
241 183
10 200
226 25
60 244
90 27
257 135
208 166
34 50
44 99
111 207
135 245
257 284
143 68
2 109
195 15
76 238
264 232
129 275
146 83
296 294
88 241
268 59
246 178
173 12
9 88
244 118
227 212
142 131
179 222
104 161
243 0
258 296
259 22
33 104
167 97
176 193
280 163
176 201
283 113
270 42
296 276
35 57
187 10
260 194
180 210
169 298
182 22
113 73
214 96
27 288
176 238
292 46
148 173
140 190
76 252
9 217
288 162
151 137
141 155
30 96
80 107
267 59
200 206
48 143
15 7
19 295
117 217
299 232
167 269
231 56
237 222
81 35
219 246
217 46
116 92
20 186
161 13
286 210
210 239
176 61
265 286
276 153
113 9
180 120
67 86
220 197
221 14
278 92
5 20
150 178
266 167
252 36
95 255
114 204
37 177
7 74
108 119
14 79
116 204
60 166
210 17
5 287
43 3
296 39
167 184
46 138
194 75
290 136
263 71
168 215
282 285
49 186
259 264
83 141
121 133
150 142
76 46
254 195
13 69
182 97
145 5
276 75
297 200
95 206
216 0
290 104
135 213
259 198
244 106
146 126
278 184
151 225
295 197
171 229
10 158
228 172
86 258
289 216
42 17
122 29
205 211
95 292
7 33
267 132
286 34
290 178
203 244
156 204
23 28
260 168
116 146
182 1
28 33
143 205
22 67
13 202
106 76
100 225
197 203
72 173
241 8
159 8
124 7
99 45
63 231
185 123
10 154
157 54
210 197
128 292
252 217
82 295
280 188
279 269
136 184
297 76
144 231
19 243
275 251
36 208
161 191
216 23
175 237
157 35
105 280
245 147
294 16
195 105
43 214
226 171
64 248
96 172
127 122
129 221
54 291
85 209
146 248
3 81
251 113
297 0
210 40
126 81
127 252
9 8
223 218
52 36
266 169
131 294
33 80
240 88
185 191
273 15
274 133
45 297
145 47
34 148
290 180
112 65
198 188
233 254
42 30
43 228
270 177
14 194
188 214
47 188
159 208
94 109
292 79
197 26
280 194
214 252
239 101
101 178
243 200
55 230
129 165
53 190
49 193
289 229
175 214
121 79
176 5
143 247
46 261
12 237
71 294
128 195
82 52
152 3
52 170
138 31
94 227
164 281
193 158
117 197
287 94
83 116
213 49
297 41
165 120
65 208
116 236
23 42
36 66
146 252
73 45
88 44
193 256
243 132
246 91
71 1
124 146
110 285
239 16
71 10
278 1
268 153
111 65
260 73
212 263
18 213
298 11
167 141
20 64
104 41
72 82
226 60
251 29
27 207
228 164
8 195
188 87
34 159
9 58
288 192
271 148
128 147
9 170
230 244
115 263
257 9
218 172
248 296
123 249
295 161
277 269
138 117
213 251
173 239
39 105
256 277
275 139
266 188
66 136
96 125
285 76
269 251
0 231
148 107
299 8
1 259
136 12
204 79
200 216
213 199
138 190
99 43
195 289
88 114
180 80
7 64
278 64
241 219
174 277
106 2
44 186
91 7
223 188
12 134
29 92
241 200
65 61
80 210
2 199
250 226
226 80
156 30
270 147
238 289
31 93
191 216
268 43
42 110
31 273
286 259
40 282
28 273
96 263
147 220
32 299
143 55
123 131
74 33
83 280
192 88
241 62
263 0
11 288
61 236
273 298
33 201
121 95
262 24
76 64
215 288
52 143
89 34
57 176
29 252
280 240
167 187
168 132
31 173
155 95
232 263
2 149
9 107
14 40
119 248
209 73
63 71
214 54
205 94
277 115
66 255
88 86
86 79
215 298
25 81
18 175
297 261
214 255
21 147
269 19
176 245
45 290
32 88
0 174
135 159
104 298
182 226
204 11
277 256
91 46
158 53
282 150
189 208
246 95
183 62
132 228
180 149
239 45
164 130
217 26
229 159
154 254
64 213
236 197
164 219
17 186
113 261
183 103
17 243
224 179
24 89
157 102
86 94
255 124
236 193
167 35
138 2
234 290
160 131
162 183
144 30
209 157
27 229
206 232
276 261
156 215
225 272
24 70
30 181
17 183
15 128
266 228
67 186
169 207
92 14
180 245
194 100
50 296
69 266
133 109
147 146
284 3
40 277
82 65
149 32
68 288
140 218
290 36
191 219
181 178
39 31
135 93
261 40
184 180
111 152
154 104
65 12
228 174
195 26
180 257
19 168
204 86
109 225
211 209
160 270
102 218
271 106
0 159
86 30
34 94
175 161
265 120
240 95
162 35
33 194
176 60
284 92
58 235
275 182
258 234
34 267
243 78
278 36
144 189
282 37
95 105
107 23
159 36
218 153
121 83
0 153
81 15
274 127
251 12
44 160
49 4
131 173
90 97
263 256
29 216
282 35
267 176
256 11
236 73
197 159
14 258
17 290
224 180
65 294
203 110
47 130
85 175
13 112
27 102
66 134
274 91
291 266
250 13
58 47
22 195
174 282
264 170
6 208
209 32
104 3
264 18
214 105
83 38
0 296
199 70
296 296
203 295
60 96
69 275
92 149
220 92
166 229
179 39
61 102
277 162
22 257
203 166
101 103
213 18
93 123
61 141
144 226
66 20
100 186
250 222
113 168
129 122
292 265
40 257
129 97
7 297
251 167
231 122
209 10
92 264
53 233
54 77
23 29
250 264
282 113
111 183
92 104
59 179
285 19
216 292
190 81
134 140
79 161
115 214
102 44
47 209
230 288
255 86
158 263
152 276
280 141
213 150
245 57
10 35
262 131
183 56
39 281
113 0
99 154
254 185
276 269
197 279
89 291
264 1
292 123
37 105
36 167
196 163
78 174
219 299
42 147
18 94
245 43
298 230
20 74
158 18
130 211
97 217
189 276
217 128
70 295
136 240
110 22
250 110
8 34
284 196
19 207
146 147
36 235
56 135
133 298
31 219
40 139
291 43
169 168
150 26
105 45
146 17
232 181
196 202
168 149
287 182
0 47
286 292
67 124
107 184
198 102
68 5
29 139
130 183
126 208
276 17
29 231
137 84
220 242
102 285
9 0
139 87
183 50
260 293
282 242
43 223
168 207
227 267
67 180
65 57
51 197
74 299
242 215
231 85
250 87
9 235
38 211
234 44
236 183
107 11
212 50
26 163
226 268
33 165
175 184
215 119
45 143
142 102
90 235
282 129
52 149
144 124
108 173
196 218
78 76
236 235
151 260
174 119
96 100
98 57
248 196
113 273
6 127
215 251
32 108
111 249
53 40
158 237
116 227
159 276
79 154
218 76
93 255
60 111
236 250
277 86
164 144
254 19
237 119
223 248
49 50
44 52
126 222
73 143
25 273
2 66
17 75
228 88
122 268
153 241
33 150
255 23
41 73
87 270
33 139
216 167
99 47
225 2
14 123
121 119
119 126
299 197
61 125
149 221
170 93
203 24
101 77
219 68
261 231
41 5
66 242
156 181
173 162
250 213
215 110
88 290
225 70
139 215
151 146
74 12
189 65
67 213
289 31
29 49
15 191
127 235
231 17
20 32
34 147
186 186
219 132
94 16
247 225
159 255
75 240
253 214
283 175
207 173
177 250
151 51
108 225
162 120
3 148
138 80
75 157
227 19
112 9
9 175
105 25
27 132
84 108
138 85
184 164
109 276
48 207
72 216
264 40
183 227
18 239
272 115
162 33
241 218
154 6
109 156
13 101
55 112
297 30
197 18
149 244
157 150
232 52
223 92
292 208
213 98
123 116
170 21
244 144
125 196
150 160
252 99
54 86
201 133
148 125
140 145
117 225
10 268
130 260
174 201
95 205
174 156
68 231
181 75
282 166
84 1
198 285
60 144
89 231
125 114
243 92
250 40
69 205
19 80
208 240
257 222
20 255
192 119
173 125
1 273
181 108
11 249
141 36
252 130
191 207
275 54
202 172
97 235
229 232
85 86
94 198
157 58
31 27
25 2
79 122
157 196
96 155
22 185
114 194
186 219
81 185
231 235
171 101
8 107
115 98
20 61
95 146
193 114
291 234
198 56
208 281
214 140
90 75
298 41
66 164
179 175
60 198
266 68
170 150
157 3
92 184
141 148
194 150
239 78
217 145
158 129
278 76
168 232
13 271
260 140
272 266
10 31
14 155
14 162
184 32
261 251
63 222
40 64
279 186
42 249
8 147
135 88
153 36
59 220
235 235
45 220
195 69
267 28
232 153
6 108
170 51
189 215
64 236
184 9
110 243
220 217
72 32
130 95
106 104
263 267
146 43
39 44
143 32
206 248
236 136
46 91
217 92
22 131
63 127
33 58
274 254
285 144
63 170
264 93
79 173
150 284
174 185
193 161
61 295
260 245
44 237
145 80
216 184
42 64
116 75
131 87
100 21
94 185
28 110
153 271
264 123
188 135
248 66
156 105
10 178
290 65
98 177
162 185
44 32
126 76
85 234
155 45
78 249
12 298
17 34
209 160
71 121
246 160
114 219
221 149
159 88
32 285
102 2
19 2
145 135
295 168
287 97
81 196
238 81
116 121
86 273
287 273
180 147
245 150
167 29
23 254
38 123
182 42
208 159
190 88
239 212
181 48
290 155
43 233
214 244
173 139
254 37
147 149
34 248
67 171
203 243
64 250
221 273
148 158
187 270
273 181
171 145
14 288
181 171
187 126
294 226
88 111
157 94
149 189
10 41
3 284
212 8
274 264
159 9
50 171
146 246
247 40
43 260
210 22
76 225
154 141
210 131
155 22
230 262
102 294
128 10
78 95
79 190
80 250
200 234
218 190
78 156
119 234
5 23
239 171
14 267
262 20
224 46
277 60
231 254
38 76
264 113
71 146
222 196
59 269
108 150
264 61
109 270
190 164
122 297
207 94
37 223
171 150
29 84
290 205
179 59
217 114
36 145
250 227
212 225
72 257
120 268
116 202
278 21
242 4
75 136
249 43
299 165
90 5
295 70
30 151
203 94
246 14
277 19
164 139
265 159
299 262
186 100
268 55
69 255
271 215
6 164
272 168
128 31
212 223
150 87
242 52
268 204
199 201
224 290
219 82
89 164
32 78
19 154
131 159
203 0
56 124
276 33
125 203
271 208
60 225
241 137
13 20
123 227
237 122
242 62
179 32
66 225
187 63
87 49
201 75
267 33
122 67
24 295
196 161
101 30
63 174
120 96
150 105
204 177
223 22
107 48
218 9
293 21
252 96
34 27
113 17
179 95
66 170
244 131
52 8
255 232
14 8
218 1
167 131
229 80
173 167
291 92
85 284
293 50
98 7
197 93
93 88
98 293
101 277
202 221
135 167
178 213
0 124
31 49
170 88
259 214
12 280
146 209
288 219
87 188
69 128
127 57
82 87
37 41
217 192
221 226
252 210
24 94
68 153
212 68
184 40
186 214
4 88
26 124
244 19
143 166
192 201
127 91
256 146
265 103
44 145
76 227
50 286
31 19
174 145
199 195
229 133
80 203
131 89
221 151
276 255
115 86
284 168
30 9
255 276
87 144
6 97
254 141
168 66
17 73
251 236
17 147
187 18
249 10
130 81
43 98
293 253
16 47
169 142
247 292
32 81
241 61
96 151
180 66
263 45
119 118
150 150
112 33
145 87
95 50
224 2
188 225
30 61
237 158
157 148
165 0
59 130
258 276
276 229
224 91
253 125
172 107
50 288
154 227
185 241
203 26
257 1
160 245
177 169
248 245
230 162
78 289
72 168
297 182
86 131
295 181
297 180
87 13
217 203
282 65
137 299
229 56
102 24
298 201
278 93
205 297
164 118
199 277
47 266
35 120
94 177
240 192
249 81
282 255
86 186
185 148
257 193
22 161
128 152
55 290
218 236
77 76
30 160
204 25
151 8
161 199
172 91
0 172
58 92
179 256
291 73
285 273
278 67
70 251
280 282
23 34
242 33
28 90
31 267
95 282
189 138
13 98
240 24
147 0
79 126
205 57
119 18
136 109
160 117
132 46
17 230
231 249
75 10
116 189
2 150
160 182
224 261
193 31
236 187
94 233
181 118
136 194
72 221
176 142
93 180
75 173
26 74
276 175
110 259
214 68
208 270
256 257
226 172
226 221
187 95
39 41
37 218
39 189
188 107
35 21
134 41
288 22
46 6
16 54
37 33
42 135
210 31
16 22
290 46
187 77
220 285
79 162
213 95
126 121
192 81
54 113
184 230
148 2
299 270
69 110
204 15
176 189
87 179
207 168
212 51
266 165
64 145
282 92
240 247
11 94
220 234
199 289
6 172
149 129
236 278
171 250
192 164
116 187
222 237
91 189
194 70
70 105
195 283
78 195
27 6
230 170
114 40
214 242
140 289
3 271
11 27
112 115
267 286
195 143
153 87
80 196
202 138
238 158
194 187
56 115
95 179
91 140
36 272
221 121
168 251
73 224
237 123
288 249
40 9
276 258
92 91
168 169
140 191
8 164
262 16
286 280
277 50
141 245
283 276
274 173
188 180
83 48
5 89
263 79
246 32
99 192
169 20
224 220
236 88
230 98
99 33
123 237
196 197
238 85
1 74
169 58
173 24
36 88
107 3
130 291
80 263
208 41
26 292
259 297
258 71
127 61
145 28
66 142
45 95
258 136
37 289
27 144
268 164
2 216
20 114
75 206
65 147
34 279
40 150
13 29
92 196
57 166
148 11
195 33
22 70
47 223
295 230
223 299
297 221
156 169
192 1
249 275
114 163
296 106
17 71
42 267
221 144
200 176
119 96
233 52
228 280
10 191
64 217
56 220
290 59
230 252
280 181
126 177
83 189
106 27
20 297
38 269
192 243
158 26
151 119
52 74
205 5
61 276
154 2
45 112
132 275
63 40
295 223
232 70
167 96
166 101
55 224
120 141
89 73
116 90
288 149
266 3
116 88
294 213
143 235
257 210
119 164
205 71
292 93
118 35
38 224
118 67
59 262
260 256
86 218
282 13
176 183
64 203
74 298
250 56
194 297
184 22
235 292
153 243
208 254
213 239
255 33
228 127
174 275
58 154
273 42
252 156
139 178
184 64
124 43
209 277
97 120
219 17
236 240
281 161
196 69
138 103
54 272
19 53
267 167
108 159
96 287
55 60
27 138
196 105
153 14
263 193
7 184
149 127
135 205
107 92
226 277
53 179
168 179
252 114
157 282
181 227
188 108
156 241
194 198
110 271
24 45
144 265
230 23
281 90
105 283
39 135
70 156
271 90
92 190
192 148
6 86
228 272
30 141
268 38
288 93
291 273
173 264
142 221
16 115
155 213
133 132
298 166
220 281
98 263
42 214
118 215
61 298
34 202
175 179
193 27
119 2
250 31
188 5
0 96
164 93
158 178
186 82
21 273
96 207
291 170
247 285
121 19
274 237
149 117
65 14
155 266
222 0
51 274
99 152
71 180
61 13
136 21
189 252
130 226
9 180
262 67
72 79
135 31
13 11
178 49
173 43
279 153
143 248
141 22
237 202
275 253
31 70
254 59
248 40
31 283
223 205
67 217
16 84
76 88
136 185
181 52
142 242
18 172
78 69
118 113
9 103
240 86
38 187
141 214
260 273
245 9
21 260
266 155
140 193
104 151
88 257
51 297
40 3
220 129
221 124
260 214
158 85
67 59
91 136
62 293
146 67
86 148
229 123
191 282
166 99
195 282
131 19
103 112
111 141
90 207
120 242
150 266
144 57
3 281
206 97
18 184
225 154
235 262
186 84
112 192
174 83
56 227
294 249
221 250
29 118
9 150
54 211
41 260
184 243
143 37
241 266
50 49
212 258
159 171
72 202
41 75
227 221
156 96
222 212
167 109
34 24
261 162
93 105
289 272
183 77
274 76
209 53
207 185
35 231
229 92
14 279
196 67
186 169
263 50
140 201
175 261
49 270
208 124
37 212
116 274
66 70
250 199
131 100
40 17
89 10
57 75
255 228
207 17
145 291
297 117
250 96
89 131
268 110
217 20
82 275
251 153
122 196
27 93
261 182
187 213
30 192
62 147
243 139
10 172
272 240
114 109
100 110
152 121
292 286
249 112
219 20
100 240
5 234
99 70
167 152
281 222
247 299
21 35
231 128
165 125
191 176
257 69
198 293
105 231
277 24
244 230
172 102
242 199
291 287
96 156
141 9
10 250
192 125
57 215
106 54
153 60
188 48
112 63
29 262
81 279
79 213
258 83
290 119
207 199
265 299
99 89
298 8
232 136
268 285
79 132
278 138
267 256
176 270
4 29
7 208
164 60
162 262
22 194
152 142
12 212
175 245
106 146
122 161
224 184
211 71
276 200
70 10
238 206
200 282
123 26
19 185
227 70
263 196
81 66
39 33
297 181
216 146
49 198
170 275
88 200
64 65
83 190
72 124
214 175
60 270
11 46
56 221
56 17
133 77
28 281
91 244
72 6
178 108
42 188
105 97
281 175
97 3
140 205
241 229
248 155
33 39
150 141
66 105
179 253
55 178
239 293
196 222
251 18
9 56
15 221
219 21
256 295
98 179
157 36
50 124
46 53
296 215
16 156
206 297
92 138
215 249
97 102
52 210
80 84
206 292
182 225
39 99
83 289
223 183
132 246
173 115
179 184
259 61
79 3
131 262
62 266
202 31
192 266
23 192
82 137
124 35
201 154
240 174
283 102
164 83
231 297
60 197
52 145
154 94
173 126
156 123
185 16
5 275
264 207
224 254
283 247
297 234
63 216
7 254
255 18
56 286
235 69
141 203
190 258
25 208
56 179
117 276
179 24
242 82
21 127
204 125
278 290
64 29
130 172
101 228
182 264
291 272
94 27
101 260
3 289
194 107
272 118
148 203
91 26
42 66
71 299
3 114
147 138
77 70
154 32
244 220
167 117
179 269
163 118
215 31
85 296
88 131
22 193
270 225
185 29
209 162
36 44
166 217
203 28
113 201
220 7
254 162
233 291
122 249
248 15
104 178
293 118
71 257
76 95
120 186
147 179
163 179
265 155
222 91
163 124
118 286
128 124
10 281
297 70
38 26
32 277
71 78
94 251
138 36
223 226
142 5
244 184
283 72
286 262
49 8
150 58
161 29
215 149
261 176
87 254
276 134
134 233
63 149
233 272
226 127
13 17
87 96
133 247
237 244
96 240
231 47
248 130
195 72
268 270
163 259
131 42
67 39
295 33
157 236
287 26
292 293
49 45
26 276
65 265
154 113
175 271
183 215
225 17
234 183
131 180
4 250
22 259
33 211
26 101
126 172
39 7
189 180
207 64
280 131
55 32
245 230
149 201
273 158
117 101
144 298
105 98
218 98
203 200
82 297
59 78
281 147
234 17
272 179
291 63
282 2
99 263
26 256
237 178
286 169
197 272
203 270
170 5
36 226
282 75
107 107
174 79
107 140
21 163
201 6
234 165
264 171
47 6
222 221
74 169
115 162
250 250
75 278
157 144
64 196
98 131
65 262
68 211
284 48
45 187
161 9
232 287
13 287
220 107
276 57
199 53
131 56
243 42
35 219
104 186
183 290
224 192
58 208
142 91
7 177
192 40
172 121
221 197
24 2
31 247
100 130
5 299
163 143
25 228
226 56
164 152
170 3
218 111
93 38
80 120
141 121
231 111
165 194
188 136
7 291
2 61
270 254
221 256
236 175
61 254
206 242
23 61
191 22
112 203
13 243
228 93
280 237
292 165
39 104
214 178
57 169
51 181
87 177
212 204
175 223
207 117
180 216
251 16
200 151
265 149
99 220
217 258
22 162
147 58
102 129
155 26
271 284
109 67
22 56
85 97
163 97
211 202
48 215
209 168
68 107
283 103
210 260
59 236
85 71
44 257
147 30
161 261
244 18
26 280
67 35
263 54
232 4
67 181
5 273
224 116
58 146
263 186
182 254
190 184
146 112
28 289
27 256
203 158
137 128
295 96
289 126
253 258
152 208
297 191
77 110
184 41
91 264
230 277
161 190
109 136
20 142
241 65
168 29
190 216
128 66
285 53
119 11
59 218
33 266
72 280
110 201
162 250
264 292
134 126
139 23
220 16
200 278
4 187
7 143
260 205
167 118
28 201
296 24
287 168
280 66
163 42
252 181
84 176
253 230
7 287
106 79
37 46
138 181
223 138
95 11
111 122
276 279
235 115
67 251
259 153
177 263
112 276
46 124
62 94
90 92
39 278
206 19
298 103
77 17
92 154
234 211
69 259
282 196
54 87
130 180
266 187
225 65
231 153
196 235
249 264
207 106
190 245
109 175
96 142
215 106
216 178
162 37
266 166
185 41
124 268
173 60
202 296
231 150
233 62
116 284
272 217
251 136
210 76
51 150
54 1
30 198
246 25
27 187
201 2
61 5
30 149
213 140
145 24
32 173
36 32
188 217
179 35
120 58
131 85
198 125
180 42
126 292
15 277
289 38
8 87
19 42
13 174
190 70
165 296
271 140
254 77
77 258
285 208
253 221
152 250
72 292
185 151
232 134
222 228
4 100
91 91
118 0
268 88
52 16
78 101
34 103
281 229
230 198
289 252
89 246
230 230
81 269
299 70
247 213
208 257
190 3
202 40
52 61
100 13
296 229
281 155
297 199
246 231
135 220
124 89
185 175
39 239
165 110
24 173
101 134
46 260
213 241
65 130
197 89
232 37
102 171
54 187
152 188
264 224
72 296
139 28
279 117
68 270
157 8
287 121
92 41
153 195
216 189
217 140
94 19
1 196
53 29
11 95
79 49
189 123
62 233
16 87
171 131
267 236
256 237
263 272
173 276
252 90
135 99
51 165
164 31
285 34
213 222
261 206
194 250
54 48
96 133
285 9
97 84
263 294
100 26
104 146
286 94
181 46
175 32
137 288
229 251
52 58
118 268
57 93
104 99
280 88
203 274
197 140
184 15
214 227
278 140
79 199
252 137
253 9
33 244
105 170
55 80
34 66
281 50
6 212
289 95
94 220
8 172
35 293
175 189
258 50
276 208
126 294
153 114
238 64
159 142
98 210
214 220
269 55
204 106
92 150
239 7
205 32
240 219
86 152
132 112
262 29
70 8
177 148
272 269
122 119
250 160
36 275
277 102
207 226
93 94
274 286
23 285
168 1
236 282
184 298
299 235
28 60
162 53
229 211
41 2
2 18
133 139
150 233
150 130
192 54
126 34
253 52
213 26
62 267
35 17
127 93
162 269
268 52
9 199
208 154
5 33
53 236
204 248
166 208
208 2
5 235
222 251
73 35
118 253
293 108
200 76
119 251
95 297
78 73
250 177
232 92
231 219
81 2
72 55
161 266
17 203
245 46
36 234
55 248
76 268
209 188
71 243
14 145
160 34
98 68
81 28
142 253
172 39
261 146
167 3
247 4
284 47
69 197
79 117
141 207
120 147
53 55
192 84
91 139
136 10
172 27
284 140
253 225
199 242
180 252
64 1
41 119
228 269
169 119
84 54
260 51
292 183
33 60
248 49
248 4
294 103
24 208
129 239
184 34
119 49
198 43
24 84
86 241
298 173
289 26
119 203
246 75
298 42
260 217
86 188
77 131
22 51
259 157
291 66
116 298
175 140
142 254
169 177
172 100
212 273
60 220
258 23
226 73
42 195
211 260
51 63
23 95
11 23
36 210
152 199
90 182
274 163
295 241
278 74
210 73
260 172
121 271
233 197
294 81
86 277
251 64
230 126
284 99
151 56
224 81
295 286
221 97
150 297
213 13
101 132
274 141
147 119
51 10
2 221
206 280
103 225
113 96
210 215
107 35
72 103
69 263
23 96
184 210
209 210
280 133
106 206
195 24
119 99
147 150
6 140
237 141
60 253
241 141
171 253
2 176
274 7
204 283
199 164
213 42
19 181
13 49
280 228
68 236
190 172
71 228
84 166
157 20
189 100
32 56
229 167
47 252
108 213
49 232
282 256
0 53
128 189
203 133
111 50
166 88
20 100
167 179
175 159
283 51
48 65
258 223
274 289
224 135
21 143
235 2
146 71
281 283
220 23
27 85
200 274
60 299
180 34
133 209
47 195
27 30
35 165
215 95
131 79
83 57
244 254
245 245
232 216
16 16
288 229
150 106
196 245
39 47
184 87
4 48
95 39
8 262
295 246
30 204
70 184
96 296
124 283
54 108
53 264
264 222
177 172
179 262
127 268
252 186
28 134
129 204
31 167
209 286
203 254
295 22
270 151
260 289
285 237
45 152
35 279
14 116
117 184
157 93
294 76
252 117
31 99
150 245
33 191
150 12
50 249
299 154
91 263
74 174
277 247
223 224
116 23
16 292
185 207
152 134
94 183
104 54
76 15
92 55
231 236
38 221
149 78
115 175
223 175
171 184
92 72
288 197
0 223
162 159
144 257
26 131
204 5
159 197
99 148
251 27
183 252
64 221
246 93
115 234
26 137
214 268
289 266
218 181
49 0
108 7
44 101
121 219
217 291
26 188
287 262
70 246
139 270
271 82
104 74
108 2
76 11
13 143
181 0
138 54
161 2
165 187
127 256
98 83
178 205
218 251
109 203
200 135
253 254
29 168
45 87
199 159
199 236
247 270
33 152
280 77
180 55
179 124
244 79
237 274
181 1
95 52
18 57
133 100
17 178
148 79
96 279
113 143
191 5
279 245
79 130
228 103
178 109
215 270
59 122
249 38
175 234
153 21
202 287
288 296
297 245
78 229
275 240
123 232
119 116
89 93
24 112
198 70
196 267
182 121
291 20
51 167
169 148
194 111
70 89
63 17
114 30
153 40
120 40
200 46
76 295
61 163
224 295
181 73
58 79
49 40
298 183
169 171
250 113
263 24
100 24
32 13
236 167
8 276
36 142
160 72
59 196
144 158
298 36
262 193
282 211
144 216
264 75
154 116
271 97
153 67
158 79
271 201
181 200
209 285
82 38
91 150
40 29
283 254
80 242
256 210
79 113
212 293
53 86
171 66
283 2
198 217
202 200
77 106
229 101
149 149
39 287
10 113
242 49
293 244
149 10
152 274
7 147
173 155
230 125
244 146
184 78
140 108
271 183
154 125
158 281
119 112
43 235
293 246
71 94
199 32
69 148
148 21
88 23
40 148
262 151
267 180
190 33
143 279
121 283
255 24
154 156
208 178
240 133
191 231
213 256
67 237
128 161
59 121
239 170
22 293
242 66
53 130
104 115
219 279
129 223
178 39
275 31
68 115
88 66
5 94
290 77
240 50
184 145
212 112
154 60
211 64
40 22
202 79
296 85
145 128
217 73
64 48
264 29
243 253
110 21
19 244
211 104
245 283
57 19
171 35
30 250
191 39
8 125
54 8
22 112
97 100
8 223
41 166
269 246
241 195
223 246
183 241
189 49
201 178
4 99
75 35
234 174
188 255
66 243
20 7
220 73
90 54
8 217
140 150
116 61
34 200
164 86
105 247
197 213
202 76
120 43
189 58
80 194
277 295
105 104
213 63
14 24
243 161
40 243
106 16
32 33
46 272
202 38
192 64
19 195
52 77
291 225
153 118
149 26
249 127
271 41
250 158
51 233
265 65
168 202
81 186
33 209
268 111
107 110
225 298
152 246
255 218
119 210
126 70
157 38
209 233
118 290
203 92
200 61
166 218
117 141
28 163
264 299
244 10
225 251
23 210
128 288
90 69
266 70
119 194
295 262
160 135
229 242
89 148
180 167
76 172
226 43
189 296
74 164
232 251
166 203
251 105
224 82
1 42
171 154
21 286
174 29
257 30
39 273
185 189
262 242
218 36
168 99
229 112
150 116
222 144
23 113
295 164
50 233
6 235
289 291
90 287
123 87
257 119
227 252
28 81
146 162
172 213
58 225
169 141
55 61
19 111
105 221
53 248
246 115
134 263
226 36
174 106
133 86
289 250
222 202
8 157
184 223
146 114
140 45
202 129
287 297
63 130
153 254
171 92
111 283
165 34
298 24
223 289
266 61
264 35
156 77
95 102
0 220
18 103
212 38
4 16
199 294
191 179
82 164
103 157
119 195
133 195
177 63
37 20
160 77
247 123
143 294
255 177
38 15
167 32
129 151
145 113
286 101
121 290
85 263
96 257
122 226
42 47
174 87
228 179
291 89
71 213
271 227
98 276
297 231
65 232
226 95
156 268
277 136
1 151
137 111
17 269
48 95
38 70
150 237
0 265
236 227
289 37
60 73
289 15
48 121
224 117
168 82
39 162
195 273
69 67
244 294
115 54
168 293
80 105
202 68
25 139
39 271
245 195
221 192
246 189
36 236
15 28
273 151
56 26
268 47
248 104
68 51
72 33
95 75
257 203
126 180
71 250
266 229
190 83
109 36
230 36
134 33
84 125
66 133
290 295
269 195
26 56
142 159
110 10
105 3
272 5
35 118
176 74
197 173
126 12
207 202
235 268
290 209
240 140
166 262
52 69
180 185
235 45
297 257
198 249
234 126
180 71
78 140
139 65
228 137
56 204
198 103
29 115
190 80
258 272
282 10
271 124
285 234
238 282
160 249
162 277
44 138
105 214
123 107
111 171
92 61
267 26
285 98
282 248
214 119
12 99
0 55
172 120
39 294
234 102
84 35
39 5
111 111
107 232
288 187
169 91
73 286
148 142
175 244
252 198
135 272
2 262
282 44
250 290
212 85
158 158
282 221
37 136
188 265
16 193
144 91
220 277
20 113
125 250
208 140
101 65
33 122
235 90
103 149
180 201
234 168
119 106
8 286
163 167
263 299
1 32
149 299
298 109
40 263
294 273
143 61
125 208
118 289
290 253
197 231
63 129
244 263
146 75
144 161
78 149
170 49
280 2
205 69
154 80
59 102
20 213
163 45
279 254
263 44
0 90
69 158
109 127
54 229
136 72
2 223
204 221
2 17
0 294
246 141
242 127
78 217
275 287
112 281
119 154
220 169
109 208
132 32
134 86
60 53
144 143
274 77
232 219
12 90
209 185
211 116
296 126
125 44
123 31
9 295
129 144
267 48
64 40
43 176
72 240
274 53
40 238
293 195
248 34
169 14
32 253
145 276
213 68
44 23
196 297
8 216
148 94
296 234
24 44
283 245
147 250
256 267
170 95
132 146
195 272
220 119
35 161
11 124
238 25
285 196
5 192
230 17
268 76
99 44
227 110
244 97
198 236
286 126
63 8
139 106
113 33
59 43
279 164
223 83
124 59
247 179
93 85
161 178
156 44
59 290
214 127
105 129
42 145
297 162
298 176
17 239
133 149
7 217
25 219
271 160
13 32
127 133
148 282
141 89
278 206
82 223
108 29
254 252
247 251
179 214
154 63
56 60
201 250
68 92
19 92
131 171
101 204
124 44
21 160
168 17
290 169
22 141
108 185
29 261
108 111
232 111
175 30
233 12
36 154
88 287
2 191
94 55
18 111
211 118
128 136
163 120
282 72
17 24
62 70
48 255
85 265
22 152
61 8
232 49
174 30
137 251
125 97
108 27
59 212
220 27
90 203
30 257
258 107
139 153
15 113
225 46
101 136
9 250
122 30
251 204
71 256
129 257
261 67
255 135
124 274
202 183
17 5
211 72
263 11
122 282
64 176
115 135
41 29
246 206
215 167
241 156
65 267
116 31
228 57
14 125
34 249
58 153
142 280
97 23
155 176
252 182
113 259
180 230
116 270
225 278
4 175
146 269
116 223
261 101
267 270
215 10
175 44
39 224
7 196
60 175
240 158
5 97
250 1
29 51
202 112
62 221
56 278
26 153
215 296
178 64
115 85
249 233
64 127
133 287
114 247
200 245
242 19
123 2
76 116
166 68
25 293
235 196
165 298
7 190
81 91
285 145
176 173
173 35
38 295
195 267
165 249
201 225
32 34
53 17
293 53
38 21
283 283
235 7
241 244
263 20
109 101
283 206
285 216
8 23
186 248
142 28
272 161
209 295
4 74
200 158
18 107
229 198
182 119
191 242
237 299
108 56
136 291
161 288
276 72
231 118
13 245
180 78
33 106
234 99
29 176
291 158
96 234
46 201
191 108
293 210
188 202
115 69
75 263
238 77
213 219
155 139
33 50
182 125
265 55
46 229
226 102
191 251
39 242
98 155
142 79
44 261
48 23
188 127
11 58
7 89
36 65
219 275
237 20
79 136
60 243
89 160
177 225
149 226
137 157
67 242
179 264
113 60
167 21
198 123
30 272
244 199
179 176
123 236
192 177
161 153
59 174
241 254
65 230
178 207
99 269
102 252
88 83
53 135
251 36
16 281
199 74
190 45
170 38
71 252
95 106
103 148
59 190
125 41
60 277
31 260
29 85
94 76
127 71
117 136
75 112
250 191
77 72
68 220
240 277
237 67
192 83
291 228
216 285
119 20
30 11
19 220
112 157
181 121
292 167
277 73
261 196
256 260
178 198
215 165
163 180
6 151
62 101
159 147
295 226
81 72
118 14
166 197
162 171
64 45
128 172
269 299
232 157
296 203
168 273
297 138
178 157
16 137
137 207
82 170
200 147
53 12
158 186
241 217
4 135
21 179
277 5
176 30
179 47
285 45
5 5
262 286
112 123
146 97
193 113
156 38
181 201
167 228
107 64
128 102
58 1
289 68
14 217
120 13
55 37
42 222
258 197
255 81
277 197
278 172
47 203
41 148
278 244
23 158
10 120
218 40
76 223
248 285
261 51
209 76
164 225
235 293
144 81
236 80
10 190
25 261
12 51
229 18
234 160
232 156
226 185
235 201
14 120
46 193
283 299
92 124
185 66
24 184
246 170
143 215
173 63
2 230
72 73
188 200
174 139
56 241
94 230
89 24
34 232
288 234
136 298
77 272
293 186
143 16
233 273
79 157
192 294
253 263
296 73
145 162
96 2
27 152
142 70
123 64
13 256
232 21
142 121
278 235
161 90
230 220
70 182
72 196
126 185
146 183
211 166
122 180
28 24
287 43
89 292
83 69
194 52
221 29
222 282
85 99
26 81
235 152
27 209
245 136
194 72
94 0
296 131
111 230
132 233
28 233
204 235
154 106
125 264
183 114
238 181
149 214
298 120
212 269
246 2
248 6
100 237
82 70
163 62
254 46
201 195
243 89
106 23
286 56
47 248
279 51
157 163
205 63
217 155
254 85
127 43
159 231
283 14
263 75
228 53
237 267
220 279
281 168
66 285
247 180
147 267
119 1
122 264
70 16
12 243
171 93
102 66
186 201
84 263
281 217
0 156
160 46
41 10
257 99
179 66
87 192
156 51
217 27
229 244
272 298
80 116
291 199
168 107
248 41
247 67
218 86
60 146
248 271
269 2
293 229
69 160
189 176
284 229
231 275
74 236
125 181
240 266
122 227
227 229
9 76
103 113
14 246
229 5
222 160
59 20
70 226
254 41
47 191
90 288
50 25
58 129
227 196
253 295
221 63
162 156
258 65
142 194
0 51
45 203
3 279
97 28
257 231
57 43
183 33
16 197
58 240
279 221
93 57
98 98
215 295
237 271
173 77
122 198
246 175
74 291
143 6
205 291
203 281
17 251
129 118
108 252
47 57
38 126
106 210
282 100
225 39
122 9
174 297
229 236
143 241
204 279
101 98
163 146
70 2
153 276
296 119
121 149
119 246
120 68
205 1
23 258
32 269
34 17
140 112
139 126
170 89
113 167
56 147
81 74
135 234
35 102
250 69
232 91
191 141
120 189
28 137
84 88
203 17
151 77
172 85
128 88
66 74
4 246
176 109
54 30
222 295
262 148
59 93
92 109
254 243
76 198
41 6
101 294
257 225
206 22
87 154
64 81
182 69
9 38
35 274
228 293
198 299
132 137
29 58
291 109
160 224
264 280
233 219
132 62
284 45
53 150
283 154
293 133
116 167
281 251
295 242
206 275
177 271
195 224
6 74
42 170
228 75
199 140
265 133
223 155
20 203
290 133
263 169
251 135
164 150
288 172
102 32
32 207
42 164
125 21
211 154
14 256
201 179
51 100
35 96
197 41
135 184
230 147
259 188
149 41
181 156
227 102
112 52
192 142
70 65
127 41
65 162
160 51
65 225
116 233
211 158
30 143
249 225
248 238
84 261
146 249
41 204
71 83
178 223
259 205
66 212
230 114
231 154
112 268
129 98
113 248
127 42
299 39
177 109
218 230
107 196
