100
1619
7777
36
5486
9320
733
4428
5009
9509
1255
6207
977
751
5352
1920
2950
1074
2619
117
8495
256
3346
297
1295
3590
1854
1550
1861
4528
7233
876
2653
9595
5408
7386
5234
6185
2038
1252
347
9892
7222
4340
8147
4271
3104
7699
9138
8160
1895
9742
2151
1265
7821
6271
309
6091
3841
9254
6693
8690
7604
661
952
7549
7429
2387
2189
4050
9230
8453
7792
9850
5567
875
203
6378
1133
2382
2958
1365
4795
8907
9289
1877
6611
5792
5361
387
2748
2575
865
8341
1593
4670
688
5440
7092
9690
2031
