1000
692517
445782
418535
425374
832185
886319
249743
547122
813720
364080
852492
475062
18112
17347
642919
229131
520914
631285
691045
307959
783506
361097
894240
502925
23180
157666
405858
18408
455733
38796
234104
862062
749599
610665
743163
636170
185844
107574
994371
147164
233412
612555
838945
885459
941440
391226
465812
996543
327302
686299
21273
510764
542803
659699
862919
415706
357771
669466
56998
806604
607214
979562
331587
957141
110986
510618
545758
292818
400444
114365
228554
531474
894516
587759
146928
790516
790009
145720
237180
337711
592062
462874
360093
362773
65417
215515
143873
951986
354501
707354
861043
6266
983667
979509
711138
666399
141901
467676
250755
977360
7262
955592
2448
873505
864680
864159
999939
117471
330649
951886
990312
412488
897898
852355
15176
389414
402652
521644
177388
809642
841614
158442
409720
825958
861180
148280
225074
116305
703666
109446
132122
907891
353659
11559
932432
248996
310252
369528
504304
479205
877743
332196
865262
442753
800337
812911
979506
589476
261018
242055
441249
808105
323031
476328
438962
49524
595176
995434
437307
605616
427620
109717
737668
737645
162484
836000
552975
393329
138932
770847
384606
956488
732508
840034
111154
626105
482645
246272
879945
674423
128659
274787
414023
497134
582033
922162
624857
818697
764352
973255
161150
576453
712761
517383
738899
578067
839954
130998
761404
469160
547584
153177
61894
277138
202
268869
626351
442273
684542
333116
797744
783951
793229
486636
356917
283640
414173
5008
930806
6926
780709
641871
454206
718298
313373
955416
419984
744756
499120
775193
228570
233203
643161
374695
394190
189927
550167
830039
88456
42825
321347
650657
631662
695259
191985
906333
259124
832820
866585
713259
131912
164067
889044
906801
900393
184521
579952
404804
928612
237705
451480
402195
458860
67764
53377
372315
337919
652305
850412
545451
201240
846847
457691
315277
784282
704416
575245
557364
883710
279600
150300
327382
126184
718155
350787
288515
514520
177375
625354
292245
388288
98256
282646
185607
583858
114730
794472
138832
647155
240566
907881
293136
169452
368035
717485
541807
281284
646812
372473
989520
683187
957712
502604
35074
548525
813127
325898
917076
714318
897212
30615
905531
274776
233046
110682
74780
552158
678087
905985
983383
59267
786357
912358
754811
657394
124192
236527
108377
703821
451031
202492
476457
142119
824614
46357
914330
322852
994320
194974
5223
581117
251368
504452
387962
714442
559021
713563
249565
682435
56254
800550
303545
247117
954314
541065
980735
80872
951765
993529
114742
125407
83228
275285
637645
928411
808898
94577
832719
864262
843996
527273
811391
143353
261094
832989
528337
626406
597117
865090
667853
246816
178854
449344
786661
526076
33752
865898
752723
725087
525730
612230
400429
355674
776521
981080
363756
641973
960629
456023
51307
961745
246125
602586
902949
234228
453959
445849
746879
998043
836869
930122
73755
814273
716155
230536
290054
810377
386849
894825
890624
626026
803180
648116
235388
744912
835175
473935
827607
860297
938407
532242
962934
586222
512411
314844
54242
545903
500158
101498
974009
212521
877826
59888
994988
486404
739970
781613
968861
423916
35829
814833
487736
621564
804501
962830
630656
280157
132848
24312
976023
621999
22969
396900
33815
594512
539075
949201
152205
619812
944099
551824
55123
462123
362964
524968
177592
906416
135097
401156
223404
289697
262569
799988
48492
379302
510481
881146
903272
930642
478154
992250
384672
506561
731435
234962
371299
324669
838773
672870
967293
535365
293793
66233
901039
873995
411418
123497
8755
502193
157272
971640
322645
798851
751622
522088
996805
650582
448912
967969
678944
227005
570066
630930
181706
919562
748163
575245
743799
591357
546154
174331
338462
776242
608675
73288
40815
258079
632576
138548
211936
782934
46296
231672
222474
684535
982985
979827
852438
35444
811361
243139
386810
755989
428016
506031
258191
662491
198214
389414
894923
953409
963931
403510
230521
917551
932026
837455
898728
549088
797591
555121
674792
444881
993295
655135
374918
499972
465594
689952
562676
944544
680043
730731
700397
755413
891234
471855
997486
24871
471268
11393
921161
954254
839691
903850
86571
545019
605975
502940
282698
269480
366199
683627
995880
643879
653773
219166
944888
436055
591670
160427
797575
148112
865221
942431
713002
174693
567427
932357
410394
195257
848824
181513
236046
42540
684047
704504
298928
492122
804830
807461
22725
841328
26655
244086
781753
558501
497770
691911
962709
573864
360744
934326
835014
225991
962394
840858
257412
637644
710166
493059
66560
464522
472195
419889
776277
69677
97725
102821
863500
402501
812208
384537
733262
292351
258391
975815
731932
351477
76238
344402
425849
201928
378207
141437
671511
964007
472343
206717
171302
951867
931928
387374
913462
68380
573018
177004
305166
426799
989812
788871
481078
114162
651854
10624
741498
339364
856894
426725
176053
104545
164111
212337
934465
151120
638286
690058
167905
574786
436389
265294
73820
615519
90021
316034
445828
941989
596869
263547
427980
510398
463428
624173
393628
82458
840024
827484
331809
604527
440188
82467
253817
838043
232570
264457
853895
104004
423389
474052
450632
510236
284463
967550
93574
919379
592382
875126
620976
499278
551513
401
422720
202810
466696
553624
763613
599814
267421
852285
63707
913258
407042
809378
880352
248802
520866
489808
334837
406468
567309
620677
242390
389965
552323
274505
365849
976750
512662
328780
53324
882486
497528
704710
945444
747481
120983
159788
725670
860030
434729
693972
387143
617152
380025
436645
288584
451719
274076
717922
415199
774026
286141
198243
910912
722209
277129
881719
696772
479436
149411
726992
619987
33611
417815
85901
964762
117446
732778
462609
917028
787407
341687
838902
965191
790041
624189
551721
23686
666769
989845
2596
420547
461209
275160
953080
709180
30199
231086
664846
493955
659836
664832
487872
735573
27686
527721
837822
602677
800080
88503
556455
815729
406637
179687
609829
511850
835981
429704
28999
159964
557289
413717
161326
31655
547099
424004
570758
937037
167704
97899
79889
835902
772709
383406
637874
100095
359518
287992
276282
65997
649088
289949
254820
418916
986419
208753
451831
929238
340702
503255
82138
367196
327832
136236
969288
25133
474541
412143
589835
308742
233821
827940
873908
436662
969335
941394
655864
823362
876543
684703
193979
211372
239058
769323
123121
801147
253718
621945
924149
971628
744398
694169
653688
827836
159075
486842
243838
216534
831425
72953
904279
178242
540625
369339
706366
982497
290043
441160
976233
938986
897232
798853
47820
734256
965159
892064
298311
372836
709604
42257
160419
574341
864545
163722
184523
555229
373046
453056
215385
3880
43587
387741
38893
221320
603178
504348
27027
562649
339917
820811
25336
325440
407218
93245
333816
984630
514279
795221
760481
719160
140105
44050
694611
539615
469434
16978
951219
103364
80759
829985
