10000
9810369
922863
1001936
8717658
1441059
3109797
1060142
5494038
3774984
3889493
417265
4271243
3464089
8942083
6145274
1448892
283005
1689546
6854590
3659426
5289398
2126996
2412770
2987585
6571114
6798919
7691987
5346020
9290067
624070
8402156
8795600
5819691
5730504
8635610
4926505
6705065
5160740
4720714
3677534
1384659
5736015
465105
1751683
6235869
7578595
6131205
2609611
8490776
1526123
8968160
6995589
2648499
6906512
326464
7178737
969856
3861073
1252319
5596001
8461403
4095685
9654848
9999998
4480459
580858
7267384
752411
669971
77375
9366976
6456149
3679521
8415220
9648251
1209632
5754986
8362324
7322063
2568595
2108717
4725130
7727983
3439816
1982587
9146403
4983415
907296
5248260
3340287
2532225
9132410
5113015
4467952
4685606
2770603
9014925
597244
5277008
8143225
1429766
171419
9404957
5325527
6325050
1627246
2724007
3518875
9559661
1063212
4406100
5173415
2759761
2341392
7083579
9024030
2657736
7389884
953651
8859436
4770652
5635653
6704711
680753
4460275
8932534
3299152
3626546
1135744
5166405
7155557
1347832
1294277
1135050
7721259
3333794
9851208
582090
4081428
977181
3268237
4979963
9832362
3803103
5252357
8510601
9672964
4606291
4134852
186336
2144410
4399935
1421925
8941062
967113
140544
217921
947197
3309669
7513833
1831149
9825376
1600992
7925606
7790493
417270
4150089
7671733
665861
5178697
5549211
2648576
6819488
6125032
7276849
1983185
9381511
3026968
6778253
6393374
8312614
9954189
3506467
7441486
4081340
8215551
7564169
3767565
4230087
3788742
8222209
5911163
7970616
3065632
4712444
9435171
271667
4723719
1138569
4258678
6432472
3328068
2957647
1402494
8950614
829160
198732
2230172
6540976
5292046
396506
5040159
9249941
4294947
2408743
1508860
5149127
4258318
9347223
6418022
956187
247018
5863960
4811252
85361
6797400
5941910
6581871
6762071
7125709
8823115
1119902
173475
5595547
7234654
9016621
9991342
7439279
7698938
8659458
7603377
4125458
4436680
9471633
825104
9797779
3695705
4036498
6571325
1698765
904420
2838312
6590935
5877037
4323973
6796914
9774762
6936061
619717
1773803
8156613
7338579
6827737
4852828
746493
2661744
7009474
4767331
7960375
512865
5554183
4620504
42988
4942226
25977
9113262
5529249
6736313
4260947
8876053
2485109
9700254
402255
5779673
7690665
6563903
9877434
8205261
2595319
1396986
2914577
9908221
4256508
748516
9388767
3052443
8542311
2711351
3258225
595253
6808851
3455201
7098072
6330494
921186
206842
7111218
1148737
864271
2565184
4741974
917633
8636864
3983397
2415818
9747386
1391466
321542
6363021
1344865
1706052
5246482
6823490
5872449
7079662
9101702
9147162
8036173
9088041
8028761
7848388
2295817
9185263
3160364
2272906
2200477
4240144
4890010
3066271
6414669
4704908
8738077
7809882
5235689
3381795
8086416
3782
4497649
6875690
6847095
3004866
6705113
178703
8569721
7023475
2325569
5168897
9097272
2225379
3793194
9942987
2050322
1683216
4107677
3618370
6891155
4942534
8982307
5673424
82078
3178574
6348136
3884710
9179985
4543053
3705448
9174278
1072810
313609
6983599
1486989
3065053
2788468
8143959
901976
4590150
938442
8624817
2644485
544216
6120960
3430207
2529390
5126612
5215511
3661063
1801567
3509712
4848946
2158605
4614556
1272898
4577175
5469376
6232283
2215742
660185
7258843
8226435
3826382
4257173
4649707
7277465
5730577
3424843
6151605
2535402
7686742
2102307
9551359
2042524
6238180
9681468
2213575
6091589
8898615
921871
6973161
94454
2798145
3536779
8918610
5416240
2245558
4757177
2687452
1987306
8724148
3812365
5598415
2423623
1760644
4945573
3630517
852294
6098298
7381063
1969886
9668163
8035988
3882602
5199236
927613
9171212
1380657
7366462
1272854
7400585
6035630
9002771
7562077
5595292
423001
6368898
753325
4014743
9649720
3656791
8301414
770762
1018938
4575724
2419027
5505142
7177541
3496253
8348671
8789448
5838406
6510733
5981528
7664224
6847606
6449468
987000
7813224
9160070
8927153
1873151
6755313
2148652
4331564
9187688
7353189
2540652
3417550
5343100
9335311
9844536
1464624
8373191
1871954
3253839
3628827
8168873
3476588
4404802
6308793
3760389
4823387
113357
2444445
4738930
9408811
7375797
6513819
2936499
9110368
4639374
4275087
9456459
2917787
9107403
2274313
986188
132831
4472037
9307088
2934908
7307600
9701713
7604003
225725
2220812
1609237
8862919
5740710
4507683
7013429
7898503
4210995
3983055
7029414
9145567
9930898
4004031
8761082
305207
9647220
4484351
9459186
5518493
9901861
6485523
232342
7491720
6137482
3564073
1543744
3997499
741858
9873924
6382016
5195491
9183822
3903035
8761485
2352129
5667233
2724902
42379
3713839
9147005
4383644
1379063
1967931
75609
8426677
2264198
4027337
1659317
3372153
2067324
669387
5207080
9941448
2284926
138782
7161747
134739
282386
9213505
6904903
8503542
1581703
1644643
8437237
6393359
9132751
3418142
2932002
8388868
8777065
9452015
1186535
4133667
2528471
9050965
5314413
1622700
8569480
1132315
958894
7520221
973357
378
7749709
9497608
2224943
3034247
3868049
3125113
6638024
8791490
7042887
9046103
1718811
2222969
2421406
1120287
4580320
451799
4349351
7898246
8691040
6341537
9075706
6523375
6852109
9827942
4912916
3732486
9195277
2567432
1488991
4854824
1368572
5690944
4080329
6174366
6235792
2609570
1262819
7141886
2821586
5875008
2205537
6248156
3592655
3058225
7489388
7361839
5112092
8217250
2292968
4181920
479071
2203943
6210807
7685644
9319068
9400134
43277
8197159
3020573
4755434
2020752
4648116
7288677
1214693
4712142
2930002
8240966
3226247
4930654
6460508
1680640
6501537
9660309
7551112
1341160
9434561
7106876
8000385
8992074
7212028
6342560
8505510
3495346
4157725
8098536
2793689
2360817
3229989
820680
1165360
4291351
2975791
6233567
9579095
2329036
2542216
7283451
8839294
2851248
3451456
5178102
2020927
1709393
2117768
9259327
4002763
8525139
1050117
2582436
701232
3784421
5548444
492693
1402648
2785422
638341
2532241
1629386
6496091
1087657
1926938
4188460
2191590
64742
2501572
7163150
3419843
8006171
2750893
419956
3062784
6619463
3976001
5145791
8667243
8378095
1012853
9509845
8558967
3778348
968275
3737874
5947103
427902
8952207
2446070
8699153
2165005
4658221
703380
7729488
1236056
3234393
4395822
8172249
5754244
9801243
968880
5995629
7653886
4535263
5966610
8306350
6475976
8609867
618651
3377982
9530651
4331488
7094740
5958413
9326513
7589345
397736
2572242
3787739
1312097
7296720
645155
914430
8285808
6242648
5429657
2234386
2993231
5811382
804921
2042385
4699681
5449292
5734426
417760
1641850
8887913
1680601
5626828
2677706
76057
2667030
1349007
6203629
8535362
7473981
4031133
2974484
9638220
1439328
7317343
9257824
1159363
503014
681477
2279658
4001901
7568360
9676457
7140529
8196484
5722896
786744
1284076
6124280
9145725
2451687
2718546
344688
4171306
2806591
7508241
7837910
4185362
6577100
4371858
4812484
7310966
945107
7869936
2240375
4439604
4478254
4886831
4868964
8864259
7280599
7176595
1642190
7834656
7555254
5096108
6544607
7324316
2113849
1388672
4491241
6926893
1949359
4677128
6601123
6428608
7762688
6089410
8667043
3750760
7124804
1679618
2922233
2543585
7909728
6036046
6896396
7423906
2259970
3364515
4903834
8386427
7605925
2135628
947863
4093081
2316388
9056257
1371375
1922553
5129566
1380804
8544393
3071325
7070697
8816066
6769346
3872473
1566969
4226217
9961428
5659055
3770325
7506455
9666327
2586090
6323424
5798777
4514640
5097188
8776721
6653716
9127917
4298120
8441079
2419998
6761359
4137721
9056599
49709
461586
2835165
9226399
657149
8960708
1164367
7676771
6994126
3202116
7626565
3767618
6455563
4626216
9572716
4988510
5523762
235267
1438666
9056616
4931960
2311335
7323899
1583360
6942534
4123507
3356032
7139924
2411089
933752
7209325
4294352
9528298
9479993
918755
7945221
6251284
8766159
741452
4738715
9215549
8815222
174263
9559259
7807480
9707894
1670004
6650657
8119241
1385269
7582299
1794348
2023947
6088030
4922728
9164739
7413277
407913
6366271
8587654
2158953
9257348
1031287
5492690
47800
413675
4344391
483465
4717607
5852168
6247979
927606
2274795
7925301
4505650
4126483
42129
480590
8324337
8142737
8257845
5593156
6779963
9820174
2761079
8932929
4735630
9526587
1799254
5936270
8239180
6088780
2136008
9838800
1598575
8468925
7375656
543265
9174951
2927327
8136822
429068
3031449
3109895
5546700
837639
4466523
5953476
2967961
7150058
8153506
85183
2556446
1067650
5822629
712959
8798670
454619
4039859
5432715
294568
85503
6597187
5567917
1264371
796590
9886216
7467765
3086888
9903241
8785398
3632099
5461167
9086357
6900378
6331930
3531310
3730369
9393586
6948762
2450927
2842128
7876384
9143545
2683732
8255495
2527931
9392457
2602926
5165091
5163682
4867926
4447438
5365713
7110453
9416091
516039
6920545
742086
2453066
158149
1794693
5581178
1004047
881260
4800149
4274225
5078905
7148360
8106785
9310535
9470024
7800061
1986827
8056861
7558950
8688446
5212865
9030383
6526590
3122873
4240608
5889698
2828627
185562
1455270
3065236
7158218
4132419
2971282
1915676
3112491
1686962
7131613
7712196
2185454
7415984
840391
1675618
6619660
1636987
3922838
7812424
4841998
7798043
3187967
9873738
1568396
8966840
6748017
9549688
134708
1162108
6001213
6873822
9055442
5949561
8833916
737774
1431545
2261341
2054100
2782123
176344
2842913
4790215
9990503
7572627
3665724
8295172
1524582
8114021
7037648
9006512
3129094
4344151
5743439
13390
8634233
3049027
8107691
7611697
5378160
3339079
6276553
2088899
3082175
4855431
2074867
2378110
3454755
5392623
8557159
5071584
3702199
6056724
7498273
718818
1727565
8089709
7311203
7097782
1270118
8979190
4062260
9352211
132942
7751058
850248
133253
8584639
3352786
2767737
2307507
6040872
3286663
9389420
9585580
2062242
4754495
1707267
6380162
6464351
8591500
2473394
5107724
2983934
5328809
7637958
3544139
6366590
7534417
2411602
5308751
7891110
7592694
9755457
1297146
5750001
838692
3147748
4947689
7679561
6788275
3114052
2927170
7290428
8750883
4468556
7014451
4443713
1467171
1031900
4139480
8184573
654205
4703688
5196318
4964788
8939593
6249771
3791165
309430
5508276
2929322
5303431
2765250
4672560
7694610
4825779
2446761
1545282
2507320
5372836
1054752
1129239
5693513
1784801
6566021
1199328
8963403
8440886
9967126
7933892
8592282
9316477
255357
7270757
9747338
2364271
9622764
7453466
2334678
6480464
8647927
6948226
7418849
2915253
6782850
2214241
1266935
203833
6449235
2486746
616727
2801177
4262822
3073405
6407371
9304334
5736018
9276352
882580
5314114
2207221
1241836
3227546
5614787
4309990
2724192
5622233
1084407
1272561
1491782
7939642
6375444
6807207
441072
7014295
3806593
7906467
8466722
9360255
8501699
1727168
1108635
4650243
8932230
5825438
1748662
5587940
8472803
1112097
8259158
1822954
4990064
2691343
2547121
4322660
9229430
6017902
7272786
1199348
45203
1812623
4623951
3042183
2069513
8128232
22158
4765080
8309254
8440696
4310110
9931921
3711954
5910165
473408
345968
147422
8575362
5650311
3167765
8264473
9857671
9400170
1774137
6720736
9854502
9792294
4425855
7516468
5127321
368870
7285612
5146666
4177928
7049568
5166917
1704228
9447223
4508588
3138494
8924180
1357374
905216
1512617
9425176
3658420
2141982
4435240
4002241
423122
4003517
7429289
5603857
1316262
6688939
8121169
9533898
7220267
5784185
6507963
7611421
2507335
5611054
3297243
3086784
2273947
8069777
3812376
6076845
6097810
4508594
8154681
2753279
4280586
5963915
4596619
8696997
5634328
2401175
4580274
1440823
5424407
4503591
2854155
1554886
2600336
1427907
4046245
1594647
1588358
6679745
4082347
6645019
3007537
9132176
4869770
1528992
1666466
2268637
1799900
5470359
7583391
8988113
7325053
1065777
8848353
7018641
6003576
4726359
8690539
6213224
7144297
210698
4063669
4804968
7044898
8290824
6731179
4566362
4993753
9479889
8781177
1228587
5305679
9674173
2067465
7436399
5049148
8986952
3717734
6276773
2506764
4661900
1079132
793634
763762
2698443
2258886
6340336
1839226
114785
2202766
4494854
3346527
7670909
2459938
6426662
30380
4295391
5294375
915880
445350
3226072
5493087
6296584
1795400
9739576
525524
9874569
7766547
27414
6827506
7531310
4598725
2268481
9336906
3754401
7034422
9232329
1889068
9112113
1715705
163744
5131384
4745016
7658646
583822
311988
9362258
2707662
1103745
8858727
1838596
8088472
2055301
1425859
4630421
9244939
7969022
2972171
9497515
4649222
8557531
1578262
6481991
9522549
1167723
5978674
4658294
5245003
3096716
3734327
9729848
4540008
1944785
4880329
6695282
3867936
8231718
3177605
4733678
445048
9674133
6176172
2771807
2105974
8414976
959216
3686340
2828286
5158564
4433254
6374943
6956186
3376210
3117011
1674734
203071
555320
3485981
953138
9893888
4637710
6255130
3772895
3350991
4276417
1878760
8257999
5840541
1462958
4153937
4322011
9331089
8712906
7241375
2291645
110564
425694
9450284
7312177
1719631
7245145
3430715
99254
6742204
4861821
7959303
1876246
5189081
6448763
7748563
2691461
8108195
1730259
9655113
462352
7850016
4580968
2793294
8124471
8497776
3683573
268955
1861086
6613498
8486887
9021275
8509630
2981360
7256345
7488823
7827986
576478
5929600
1632405
4860775
4269110
2552840
5749889
2253754
605022
8904292
7500278
7451255
9709284
178525
1223259
4997823
6028325
3578036
6692240
4028048
3333215
5669428
4863260
9334631
247172
1707486
40711
5561557
6714998
1940457
6636009
2688808
9648493
6226739
226285
2992457
2968493
1214463
8990414
5416864
866218
673692
3825837
263697
8166372
5214935
891007
6567516
3147745
8071406
4236792
3239388
2502768
7140314
584185
7317362
5821956
3982120
9212828
6007639
104871
3566238
5169934
2372063
7392285
4183254
1850185
314698
3692814
8452258
817525
826931
7964767
1578156
6050413
2302123
1912595
7469444
2902521
4642335
3011855
3902858
8803907
5743802
7402142
9827067
5007642
4749404
9940212
525204
6481227
6687005
9597727
7583338
3727861
1801730
7102775
7319196
5688210
1094657
8982643
3250403
4919699
7349267
66843
8312835
9259367
9351797
3104786
8986318
7637418
4016930
6310170
8391066
6402315
9934687
8148127
6007200
2574520
5497262
6809264
9212475
1961772
2803249
6870482
9224178
7972791
5757027
1456641
6574701
6239349
5850322
2170651
8695368
3100788
6546324
7729091
6533243
6037214
8679327
9541983
2563909
5457972
2188100
6830597
1697642
582820
3628435
4010555
1986404
4212781
9428964
5194783
8116952
8429712
6718958
5336969
2637485
1453623
1558424
793873
7908072
2150525
3459379
1821834
1786360
6377730
6324848
5441912
5915704
8758426
2122966
924014
7286692
6564964
1357634
8298765
7662538
346188
9844386
5957984
33721
8864809
5715314
1005962
4488876
6745481
6718901
172632
5081641
2902413
6235946
4232353
9290458
2725231
108876
2361744
798328
8994157
2026830
6626861
2208530
9975044
9954161
5671695
4809966
4763842
2013606
2139275
865022
7755326
1258910
188721
4767892
9572236
7899386
5998925
526147
7884859
8724300
9966933
6866699
5128381
3661090
3776669
9118129
1556557
3819486
9809427
2255104
2397959
1363432
3264565
9713501
220453
532744
8734438
2784526
3437628
9549647
4308615
9101287
8993868
6237396
6990226
9231593
1901884
4338675
1401949
7941812
7325723
1939808
7119039
1392641
1512846
4837837
4166364
7482397
4994892
6458501
1949894
3134915
9901418
9454119
3387215
3137359
9070051
6626610
9493516
8780452
5129554
736527
821742
8027899
5289073
6968081
950130
7619376
602452
136762
6219971
4718327
581703
6568457
1351594
4583931
7273780
7493107
1545216
4279653
4948969
2373045
6104283
1860712
3392382
5374764
6624951
3207301
213655
8179212
816423
4538063
8225317
214689
4326331
5163802
5037417
5321202
9255011
8606468
8915338
292161
8384086
8695194
663256
1643359
2577133
3242038
7084174
5146648
279626
1150338
9106634
2099307
503578
5968679
7051264
2593603
2054053
4078527
4741659
3460353
8568781
3838916
1668066
3764489
3605087
3624169
6533069
6670912
5885345
2470484
2361753
636818
8083040
8499385
4144371
4527330
9648497
4141781
7762447
1701812
1984104
8810174
1524
7695988
3842315
6684116
7163960
1416763
8443017
9963895
5797426
6759030
2712648
935456
275621
9859496
1221998
5677479
4751638
7470937
507108
3257038
4967128
3482459
5376975
7769896
6219063
1134854
8977603
8152559
4218210
4185963
950811
7264154
430821
4435039
9181956
3408773
7208244
1031800
9617708
1932709
2558630
679194
5464845
3892270
4467793
8099498
9842046
1919765
7936617
2800825
5359228
748677
8019494
7087755
1497372
981821
7396269
8259998
8654797
7573549
8413244
5315028
3053016
6253019
6611576
6735271
3261781
5596936
7797
3699759
2712536
2161184
6444975
831370
6530998
7740431
793283
7769233
6697509
2234833
3283395
7417964
6174709
9933793
4759484
5989111
3388201
6430292
2368594
3481163
3279947
6506253
6600418
256764
2427908
6576533
1467479
1659428
3523113
6599748
2002703
743083
2768226
6263558
3414350
1866016
8457024
9021884
1097885
446504
2858452
2896184
518950
3366929
9608
4377680
4589466
3959178
426812
3498362
3905146
6419124
4757705
4544169
285087
5818150
5863650
6581152
690184
8236434
7389891
9461620
6215814
1407826
1017092
3319108
3625248
2778124
9689538
2497833
8501352
8771239
3577995
4831894
8621578
2126424
8062327
8490921
1678389
1410816
2225385
4029570
2443405
1616391
7214083
4155861
636609
975964
3637510
4687169
1231232
9763143
5904455
8284085
8816239
7644982
1322780
7247474
1441414
6787839
4290693
9869627
9290166
6969802
4168655
970253
6228635
5111428
262287
3135310
8021486
5372909
4773849
6099793
6330155
5121107
2922184
5175366
6056300
2281083
952408
7092501
7839976
4762086
1761590
7838808
663986
3679417
1542738
1077641
6006167
3884233
2836162
3982813
9502030
908368
9017219
3734983
9239218
8688430
3802693
8785404
379391
8355608
8220808
6975326
172567
5884048
4657129
8638943
6236538
7466444
1291616
8531226
2658619
5386282
6423669
9060430
7166625
1950083
5651617
7274874
884982
3286052
2315913
4531882
2691216
7529274
8782310
5562422
2785023
8348405
1665767
1736833
645029
3757882
4977151
4828354
785221
7394454
4250429
2204249
6570303
8334480
1593613
8158615
8440541
7790955
5759994
5339360
1823386
5966500
1837836
5411390
8603154
7695367
249448
4910770
2988952
9587767
5855048
4620685
3991481
3692912
5976089
7086811
3386278
1810660
5577536
8011495
944712
9970049
1324204
6362211
8480638
9345521
488945
3133398
9249576
7710530
4335325
4446742
6987086
2396054
3798752
2302655
9353845
2544460
1620218
6018134
8181253
3492317
1522469
6249259
5469924
6165512
1274447
205854
2126389
2042805
6553507
3598823
4289996
2152981
5149256
5516058
8075682
8913006
2301529
7485002
8564229
8747359
5957917
6562353
3751605
762903
5797658
1698411
5733872
5662367
3804524
1096119
652102
7138088
9859246
2981436
5251855
6005293
1626378
9934749
2949476
6534993
5633579
1649448
546979
6950650
8156775
1332547
7084659
2384932
9304443
163911
8134647
833032
87184
9028068
5373133
7671261
4174266
7974002
8646080
7563404
3261640
9286517
9955752
3778397
3988644
9997867
438083
3580791
6410038
3148268
254734
9340840
2970223
794798
1515162
4446551
5342552
1509039
8935761
845538
4303731
536299
3927201
9351458
2272138
5904438
9501634
3999882
2690461
5400494
1437641
783879
4377219
5378400
5633400
9508328
6362128
8487390
9468179
9580153
6260496
920266
886134
3824766
4828025
7952214
4277900
3306549
5684210
8612236
4536522
5417127
6536909
4870302
5275335
8882724
8220545
8879301
9232712
1350876
9531760
7127848
954261
1187772
8270742
2376467
3719912
9935482
8096459
377538
2991168
1086894
5369512
6080982
3186137
267794
342174
7993624
9743528
5756533
6591622
8803214
7201679
5096450
2274876
2671975
1347784
8735643
6331042
3498612
366287
9841384
2867168
2155647
5356252
1764177
8527192
9118169
7937432
1046249
8597926
3768776
3737488
9747999
1494722
7639933
5362726
9523566
208289
8177802
4021027
2156735
1799713
6929263
2997141
8206189
8393037
7763522
3800673
2767147
1457368
5881497
6445521
5855773
9794894
4945802
8340562
7719934
4863441
2388588
5275133
9959512
7007769
3069823
1753700
5993467
1825735
3029764
94070
9710943
3504508
2366453
653082
5977488
442619
355144
4406750
1703409
1256412
2703441
1454922
6018513
9302383
3871692
4598152
53994
3876689
9865235
734224
9702979
9671307
2512954
4544113
2150625
3852753
8904318
1705751
6821277
9453579
7440456
4044448
548420
697256
6201894
382501
8420685
4068506
8060313
8407483
1712556
8172996
9922512
9212385
7956056
2882488
7765439
4014651
130432
1482371
8920843
5905828
5501382
474955
1923654
7681662
6184002
1883425
5216241
5330582
5751872
107069
9307510
9404534
4683160
2043463
8131370
1132999
3973723
6821045
1660395
2432283
9933955
6305905
1322959
2083814
2487570
9531185
7715866
839574
3939376
6642212
8062934
6156782
4328800
3932635
1891768
167097
789131
4784072
7955343
7279310
4825479
9407966
7523149
918574
1864448
729931
6591192
4320849
4516076
6125792
2556661
2246612
2719123
4447463
1755797
1719677
2128044
4821019
917425
3141382
8379902
7902587
9037614
1375561
3698253
793852
9339161
5029975
2301197
2816786
4525013
4059698
1975400
4251592
5704753
4066185
1770579
9992176
9576893
6673310
2365233
7311869
8420232
7099580
5906713
2707050
8309894
3268733
8576131
2873566
2031497
184498
9778152
6227420
9809019
4645397
5453505
5603702
4516904
5117243
5644324
9694047
3215692
906409
8040236
1885125
3437128
7861037
1471376
2469563
7793008
7198985
3934968
8412224
4532383
275830
7737989
1703973
5016456
7334621
8211643
2195146
411249
9999042
6181933
2977740
8041611
4839465
5597615
8180876
7520816
5572239
2750331
6256370
7534680
1944854
6826551
6285873
4521839
7824258
9659344
3267955
1806417
708733
8681987
8436689
2559761
2672319
8088082
3672453
3150751
743291
1601415
2822916
2839405
2226194
9628017
3534044
6785601
5885956
4459164
225913
6487320
4011531
9846640
3601801
290394
3363413
6233553
6009743
2809714
6695247
2549807
7413162
738228
426762
9732340
1068042
9419980
1016389
1662475
7174213
8581033
3996163
1945407
8544662
8614961
4589623
7740922
8421533
9769347
9487461
7275810
6010077
8688498
4822016
3690210
7087720
6557221
4754659
4736146
4595837
4066702
8788342
7771591
2993970
6044012
8843608
5709529
7361625
2325284
5425040
609777
5584680
2760353
233066
649845
2680292
167488
4212995
888016
7340405
3892971
1062291
7455674
1676488
7955628
1346618
1161536
2958095
3766705
8952108
6701234
964303
6392243
3096942
7769679
8261790
6168716
62883
7636677
1905651
5410972
1519890
7324184
7519312
8683433
7807843
8328543
6737902
6209031
912717
8609768
561893
8273777
2227783
6167169
1357034
2043852
9841234
5816715
7548147
8616765
8405173
5496196
6673007
4909692
7796620
4826385
3704160
1946187
2140856
2979038
5583845
6364826
2314487
9321578
3992030
3010763
4350511
2018998
3961053
1508435
9403265
4275090
656050
7897291
4895866
2771037
7333769
2601299
8243540
1691914
3633349
1607441
2942071
3840013
11845
4456728
9992723
8566019
8373702
1877514
3853352
2636982
1345578
7099271
6532209
3362641
633932
883948
1996848
926990
9468344
979662
6206905
2308462
7731109
7868672
6395426
6429894
3211809
6709174
7785215
8134944
9436284
2265788
2014658
5244515
226732
7271046
6591600
81576
8939962
4033350
309203
8174898
9513084
5119705
8866335
1395943
6663087
8237876
8816354
3605277
3316776
8528681
5738208
5080891
197060
1776009
7754053
5768953
2966208
1154731
9313201
2726085
6201661
153188
9431683
1918903
1424542
8354837
1567004
6479637
9689649
6268332
3997438
7663192
7125779
4101497
1779979
6857324
6633218
6711259
4120990
2541044
7011428
130199
7290872
5687226
6488860
9524038
5505938
3754258
7274875
8963289
9099319
2367537
3747531
664690
659033
1746049
298175
6201396
6958655
2658793
1721354
2645077
8651124
3555823
8166186
2329620
1918171
7533378
9251438
824276
1766687
4453900
6773231
7889188
3485471
1475099
5009524
1079415
5630195
4295725
1782924
3571745
2873247
7525968
2640666
5809498
7754525
797016
8349224
7743661
8972867
2123661
6274552
8235487
8924945
7716147
7725205
9377366
9980367
9419270
2034779
7698622
3423602
2347757
1924378
5896572
5318686
1380454
736770
3258563
8852454
8722332
7170133
8941954
4469720
1003019
4463088
2896819
6675944
1211459
152778
9234093
3423309
1144629
6631841
2527507
8445178
6347903
6875509
9373692
8713791
6262451
8037617
8633714
1429236
3457100
4377969
9799510
5718814
2224537
6987051
475184
7929654
4183601
3009097
8538147
6518795
8025682
4149980
6916428
4987489
3032368
8491459
7135276
3558321
9382769
1140655
3346570
4680362
376488
2029299
8420432
4885842
408391
7747858
3687867
7537996
9832452
9760134
7653474
1316029
1373377
5771888
4861503
3590381
8341456
5208464
153838
853952
4235592
1035268
3223434
1173146
7803078
9200729
1369769
2382312
3748818
3043052
2018587
6524551
1378405
4197382
8174544
3036169
4441618
4305421
5461094
2100718
2209793
3010541
9128597
6303697
6924066
8812389
1034755
7923637
6725401
7914804
3930350
4320913
7844756
9744857
6178403
670890
5818092
513769
7871877
8803341
3279388
4559815
8616687
6754332
1692306
9624106
4827962
2094636
8053169
6974389
3030509
7942932
8303660
9766968
1594522
4716624
667227
1075655
6631861
5152696
6149397
9521962
8287514
1631564
7403508
3380575
8009776
6676818
988289
2318585
5966920
5012606
3796187
2737419
3936530
1045608
9957049
4847266
2631000
2253368
9383755
9631389
5585371
1215007
4368415
1154245
6416545
691950
9828154
7185495
8473118
8596249
3426965
2918627
8320047
5229584
6146834
6242750
2117544
1491089
2814863
3426610
1027885
1973660
4519507
1051407
5273350
4914355
8401203
6648325
1435136
3713594
9146679
283617
9125615
1575127
8275529
1952303
1583285
7447382
4655927
6742628
44476
4048045
2966809
9031090
3912723
929623
7958209
4411045
6021462
7039568
4160935
224342
6619258
9313660
2063093
6464987
795816
4669003
4532680
1674278
1743779
7714291
4469310
1447962
3049286
8808665
2272713
6228113
9885682
5542568
7457783
1930857
7706038
3128520
5573079
3279457
5580085
930768
4094878
7776791
82713
8196250
9828040
7507053
7153416
4555694
3310818
8447476
9668269
3529730
7704211
38491
6399953
8506530
6500867
566698
4747061
2214195
1623900
8952852
9175556
6526996
5152626
9621047
9434742
1509071
1333966
6345890
5540335
2529205
9804256
9655056
2519831
2641481
7802196
5895036
2096807
9293899
9645224
6368088
6973927
3373290
1126444
2106686
7982070
5221518
1901780
103425
7376074
8029211
9652655
4945842
1030548
9784270
2792054
6838515
8433972
8286370
6741413
8282084
8742696
3222508
1504098
2870310
7349738
9435096
4384446
6743081
5415920
2346654
2011532
2902818
4468157
5743256
9461284
1290570
4714247
4869691
4683309
3129723
8906230
2591226
4273860
9480576
9214423
8919569
490559
6988032
5687784
7921383
1973720
823179
2479314
9378048
8870345
902443
7702467
4894341
1767058
4318461
9101508
6966753
1406616
994530
5240096
8484847
2387308
7907708
902784
6630332
9063062
2466842
9991085
1314588
8941115
8204501
2310007
3214293
3187773
1047082
8161147
7396370
7640953
1151330
1076526
5496376
8854643
2968011
9754686
9753194
8587828
8976646
3048225
953729
6723469
3814544
3756751
5946048
1764263
7560147
9450388
2030330
7667299
1142655
8912048
935779
465388
6767052
3538412
7285736
4724088
5373874
1096892
3691404
8940940
2631311
5631040
8032268
2120975
5984524
5253944
2880195
6207556
1211585
1996094
6643143
1681568
6145474
4807035
1477134
6224032
7789001
8850714
7323121
4314601
8917863
6407574
2985957
121887
7948726
1322721
5222294
2700759
5943040
5238550
9528058
145469
76216
1754941
4251554
2906029
5085172
9059497
1129444
5848013
1784009
6368999
3395766
8831853
4273253
7895398
5268536
3797599
6450027
1717891
9577528
4246552
2665326
6603686
3808517
9792913
6430798
69810
7319204
1675011
4187886
4931897
5369563
7038367
4827246
6158760
3724920
1460745
8247518
7776787
1311915
4225051
326656
6095052
7220357
7869755
1108695
2127474
6351621
1095143
5783261
4828374
1238474
5125454
7347631
9803838
1226029
5647926
6734305
9664080
5764658
1791453
7778190
7853220
3459486
4656981
8090675
21759
7220791
785038
4885904
1873389
1737833
7486555
5161876
146160
5019109
3692278
3648307
613275
8843490
7193118
9549700
648803
2654052
6668467
5435472
1060597
1211371
8397018
6912014
2008087
9517178
3347513
3958292
6265137
768323
8133559
5948315
3255509
7154784
833939
7589063
9251862
3037752
3199081
6118210
6284977
3362129
3256847
5962889
4894293
8991002
2269507
1333812
4480968
5276041
4999595
1750145
6815837
1594135
4403437
6128960
4421005
7330701
4566052
9452774
5088607
2094033
9100455
9365399
8259129
7274763
7519835
335970
7704366
5935965
1652137
2896113
8241849
7518486
1670675
7251154
486366
2232570
8624492
927104
4561358
3119349
214273
8609433
8709089
2260415
5548401
1265797
7045878
6815333
9433578
2760942
7876815
5083924
5440
3489517
9020234
4739652
7452747
3277343
73102
3241627
6560406
8959631
7656405
4237274
8591864
5557078
99098
1649477
7119697
6940170
4702164
7706745
9552966
524822
6172220
4798360
8108584
3823161
4592803
1761002
1290735
5197399
3684802
6996578
7534141
9577474
6474269
807088
5468023
8728724
8216595
4190327
4180401
5468040
7136946
2469402
3906233
1651204
8513477
3091145
9485325
8342467
2038898
7419765
3618583
9434207
8543732
5838596
6423975
1123101
7763713
8312266
1213836
7103093
7722636
5005846
9352445
9331587
220106
620981
7434142
9569714
1807642
2917965
167153
7036145
1410508
4549181
847845
1425914
2128394
6001365
2740104
9391335
5602819
6070096
1761046
7706365
7495972
8385453
6333350
4710637
8202691
2465033
6435761
1755547
5291445
4926361
6108908
7271488
1339295
8321964
6427089
4343099
1887670
8295657
6983016
6453803
4590338
6031798
4327894
7080174
7380874
6847735
2248234
5717233
6184651
4916110
7414807
672305
6833061
413810
5189171
6246636
5878229
6705416
8635813
5493543
3692899
3950152
7474029
2014246
7277954
5385542
2729488
7784487
9112725
1697880
5748164
1642112
5944444
9232638
9701403
6586474
8233783
4278066
8840365
6268989
6858936
4443532
9110304
3475363
1645147
1236345
3528953
1617824
5065826
5022599
717167
8220302
4982200
3153233
5589041
8602125
3213713
5673054
1565195
5334366
1229521
1365216
2395621
5224072
4170063
3519457
5705381
8549517
2070038
5511442
3275560
7433013
9231983
7104963
3940779
1521266
2226864
1070633
7178059
3164576
5816618
3739952
7235593
2075140
3547702
4914963
8850219
7268797
5036280
7063036
7739979
1885889
4907533
9448258
3590288
2007322
8246488
8188275
3652295
5120470
6000645
8882954
9189259
5616003
3133542
2574094
1206410
6893325
3686229
5126043
3367503
3338840
8564579
2977921
2070637
7991212
9095208
270890
541189
787560
7743727
3626729
6338793
6174917
6026070
5990070
8766151
1799128
7316840
1326790
5078530
4535966
352986
7350711
1979282
2783969
8348615
4055666
7467478
3706273
9566021
9132934
4039630
5247589
420583
5044971
8320845
7709442
942035
7089108
8792510
7684026
2043788
577760
9778130
5936229
6782501
626540
3877575
6612585
2670309
5083285
6439391
1114150
3490349
8803274
3771977
2321144
3478209
2522301
2385535
9724764
3205716
2368869
4210204
3971366
6213489
3749310
6055613
1103965
2004684
4272277
8829557
9694597
8116012
3157196
1301147
5943253
9706660
7216304
9873259
3280553
1188978
2757173
9966320
7759485
1789972
3759801
8708912
8618683
9233581
9254866
1328704
5295676
3454441
2568219
7868279
2653142
2723109
6739521
1795941
1096303
2391915
4634695
9981392
7056682
1483785
372248
8974001
4324914
1796240
936167
4383854
7898039
9326848
1046142
4597449
8281466
2765624
2308437
3651612
8375771
7700240
7510116
677412
7677786
1946109
1245173
3016532
4063167
4879109
546874
8336712
7110518
9904495
2868550
8981684
9224145
9285583
6151294
5358096
2203888
9410902
1360764
3826687
2826507
9066528
9571010
4303109
463673
4069755
6698143
7758485
4621678
7069476
1748690
7648579
3066301
6683063
5882629
5935328
3848440
4713024
2089647
7436184
9045977
9048632
5686299
6661735
7399668
4513806
5653348
999911
2696430
5642740
1650836
4801014
8240694
4819530
1241593
5138231
715498
2601982
3919842
6562392
3669402
8211582
8569117
7834303
7782013
3556659
6538183
8319827
5255304
2668142
3943921
2282134
5364107
4044705
1769571
4961
4739172
1838589
6692988
332162
871261
7615633
8060121
3236734
7669394
7304429
5304332
193472
3495371
1440094
7646842
1615353
7389417
6802462
9641890
7770785
3453644
251866
8334357
625441
5003857
8066487
399002
611072
55715
6417803
494477
3816575
52310
5906867
9100445
7382338
5731003
1193428
6534069
6110733
181284
7010205
521884
7664751
7368193
5475802
118035
2366170
6789127
3044268
638818
6528772
389952
6146092
8122476
23297
3612196
9621125
5754857
581576
3127853
2235955
1156079
976308
7417981
1101328
9231611
6509125
4961916
6507696
5615651
8735163
4365041
9703970
4851922
2421055
6943709
6395011
5559706
855441
3993566
6514155
664192
4939709
6679093
1633308
2499326
2976799
737016
9783489
1674064
7706838
2313238
3507476
3874359
4895952
2377857
735735
1036151
6101444
2865817
3194529
705861
3589294
7115113
5772117
5771279
321962
4060817
3054738
9878899
1756598
7184029
5830058
8384987
3498187
1418317
8766136
5057749
2379995
9002703
3614427
8750963
3172944
1563155
3968540
1698768
7643762
2475559
2148639
7678370
7706922
6918316
6274345
4011496
5475146
6603533
5880430
9174336
8203399
2675108
3858340
1964605
7298792
7205654
4862340
2373944
7091013
2535216
96238
8324601
3642069
2357497
339442
4013220
1534698
9905153
4388934
1138424
136504
6247817
3470154
3387954
228188
9798104
9958173
8869223
8592730
4952722
9803003
2409023
5305100
2833062
8859352
8345664
9911901
2187562
5446285
7640616
5149003
7204876
3506959
8586524
3601274
9858644
6565469
6976896
7650674
6428266
9399351
1073073
524244
405146
8484970
3862283
3900949
3861020
6941675
2919287
4895080
7470160
2584958
78392
9143534
6936289
950307
7098200
4067068
6699271
1959090
7331509
9642624
4268300
9420859
4424305
1397237
4038153
9200731
891319
7087869
4520063
727418
4985802
8554415
7745033
8694152
5208351
9245844
2682674
6956259
4528731
9699923
7439879
6406218
6385020
4965984
5493353
2497098
4836509
7899838
2633113
4810825
2729982
9474101
5259889
4117969
2795277
6386133
821225
3398543
5610483
7501519
3786154
3201622
3415436
3760684
5199170
2701272
696495
7163152
5479046
5011840
2243848
2076760
8400872
1480763
542542
4623343
7154367
6216849
8442296
8050797
9628524
828694
6681873
5080966
8714247
6873950
1856890
6610021
7792723
613992
6412023
8384724
9543553
805050
9922652
1927757
4001906
6648772
2111001
72442
3739517
4607585
6409031
6047770
9617650
8687646
8702604
8117122
4747208
5471367
3991398
6671565
7045819
7242041
1424362
7220094
8605648
1742858
2510043
91428
8045143
2146682
1873960
452271
6828098
6218251
609779
2317973
4048271
8800279
4111374
392982
1295144
5453931
5584055
7788564
417911
8853432
813217
8304410
4190901
9527486
5373835
2976983
6263843
5040584
4942740
2230748
3274104
9361599
9260071
2773977
9364757
2712887
4108949
6327696
8260828
5202446
4963403
4020808
6804957
9320058
2834069
8748396
9251587
4694442
2494131
4068714
8012506
7412219
5770322
8859626
2478466
5162788
4608537
1677992
119352
770197
3221185
5588619
9134835
9311279
3319883
81612
2694094
7189283
4935622
8098233
1862100
5418196
1170966
7587557
1574078
4401970
7706497
5712568
1496016
463687
6250239
6208855
3352020
4139651
314069
9589279
9230581
1462155
5236962
4758446
6952895
767065
302569
3678596
7653366
2937285
7743436
3513751
2518056
6631591
2988808
6432849
9145849
5076660
1948399
3896237
5962663
3113218
6336122
4287685
7506076
2345199
5155458
8636036
4978913
632488
624774
8411143
6934204
6139912
3514185
2066517
401330
2393821
56520
6456843
2058056
7112379
1305388
5914647
8443613
879258
815777
566427
5888007
9967080
1313411
6794249
8530542
3638735
1409538
9605830
2759857
3525443
2435683
7437905
4667929
747364
8831126
5672460
7713612
4066970
4182777
7805308
400017
7579165
4346849
193212
2468016
6817763
1729289
7967796
4687402
2950276
5356292
3570276
7684977
3380064
9495059
962428
4276699
2646818
8302873
1515324
5422146
7653182
9146562
1126404
6356757
1806601
8817273
1323829
4720010
3093129
6107357
5817207
9133310
3790672
654097
5278777
4553632
9040842
7706526
7367659
6716331
9482673
6056667
9563700
8267917
5458266
6887262
2831349
411555
4518688
7042211
5714695
1824149
9241171
3463425
7630841
139845
1901962
8375156
5093554
8087414
923459
4943760
5755844
4460283
3339791
9660439
1940287
7671323
4795311
3577915
6195566
9457434
8016925
1022801
9344726
44516
9894162
9597688
9964040
2273928
2261467
1486168
4664133
499927
493647
4574638
6273075
8579092
7811021
8390877
2999850
8746771
94620
9858780
1827017
5200296
9795774
8707461
5062304
3811853
100111
9234981
1538672
3706767
6477660
1569660
6854727
7412228
1019585
2005510
2692356
5686330
8470291
6099571
9418748
8376940
1937892
1217741
7839146
7474091
3679069
790560
9864893
3778987
2716680
4539562
4906063
5957235
5756480
5563976
5849502
3087496
2619888
49073
8982516
7162359
9868112
8070714
1680194
7500402
4735236
4404417
9591657
8560247
2009570
8272077
4794696
3010399
9456320
2359551
1495482
4235465
890624
6148214
5393285
8729487
6511932
7828423
1153765
1024200
9635267
1366382
2082852
9517649
8161216
8989744
7147447
801828
7759234
9247374
4103985
1393927
2978755
4702884
3030302
1680756
4511835
2364042
8540545
2258505
5194320
1063070
6449918
5889690
3606189
2921518
7860204
8620
942117
4339592
7207287
361645
63275
5088751
8832969
4660884
3273555
621698
9894563
1147887
8377995
907935
6185312
4622972
3567302
4792886
651021
6550105
2626582
71715
5187763
5648182
7687471
4643329
8343323
9336266
6245121
9848648
7131894
1136706
1418940
573148
7145694
8713969
1746943
5667104
293165
3697365
1026087
1797941
1396462
8319484
1262756
7694374
4818262
4164832
7735118
9732276
1359016
6521895
6008139
2414560
4514522
8325071
5892249
9692452
3288527
531934
885167
62779
9821123
2838971
6844548
1097918
9495985
4627161
857435
1904221
84466
1348521
3480804
3127134
8760986
8727380
1623824
2111148
5456984
2737475
8172154
862327
6280495
2926428
759134
2449539
3292493
2632886
1679275
7354811
1176178
8505188
3226355
1275628
9083742
6805085
1007372
1135626
8398425
983498
325426
1240713
9359366
539616
4534155
7396623
9765159
9513769
9086203
2942857
4056510
9843708
9061710
4897024
7757242
9913861
5560814
9452091
5556261
7724781
1247956
889238
6788568
7301812
4835996
7201979
1719552
6222798
6856521
9782486
8117146
48317
5355583
35298
6782274
8657439
1047121
1322706
3128405
3036675
2708428
458610
4633248
9895226
6375357
3845708
9136779
8639547
488390
170583
5924870
3287282
1331445
7720117
2849308
3357747
5233357
6764020
2533412
8280437
7654269
2947777
3002091
2378807
5443454
4609626
9043307
3331055
8626811
479127
3952631
2493510
5702055
2275114
418641
4301833
363616
4031521
8809958
920583
6307763
2611876
6213528
6963721
1120945
2410043
1956399
8105637
8028835
1305612
1572044
9839566
639010
4573643
5116232
3353042
8149838
8378794
4837368
8213669
3981549
8581580
9627630
550091
7396814
1580551
9058845
3627800
6531
5617715
4625440
5573097
4024836
7571648
3835885
7039926
6762024
7757259
73009
5404282
4478898
5548529
7806050
3285504
8905773
8708636
6465564
6556466
5642758
7675319
2724105
8337231
5395763
9718336
9853988
6095974
531101
7684003
2339222
7419678
3793350
9980140
4494445
2633496
5336743
5385050
1189278
7004842
2443794
4464569
3409912
374216
2553962
9612425
3272541
180703
794764
177100
5476253
9811791
8591431
9224382
6847739
9360072
2240632
7331055
8632023
107492
2741460
2657454
3076228
4745195
4113889
7183184
3534163
530915
3748225
8070817
3266299
6438191
1692837
3240996
6546686
9546906
9260019
656716
319650
3669561
1753196
328119
2314382
418018
827733
8912034
2231200
2685581
2700332
6271308
9020897
9179633
6745685
5062420
317476
9041078
2684658
5154016
2664436
5219098
2138158
8568962
6617588
3021992
3218470
7815433
2802851
470033
7503334
7595837
4857353
8040222
7942799
1876715
1983963
6332737
8417899
6981337
1603901
1332714
5085895
6606935
3525540
3035436
2225890
3310895
2845657
8734264
1548417
2513307
6994205
872952
8396023
2318335
780563
9449991
1592529
4955707
8159404
4099233
7784093
5290675
4236479
9844781
1158172
7536930
1358804
4560526
9066501
9684164
6423768
6522817
4474303
1339614
1463941
9264943
5651637
8141871
1202944
2362305
7916545
2707368
8683327
6752552
249354
7744791
668096
5999256
1087054
7785529
546533
5090374
4446664
9288784
1173107
3127103
6247939
3107994
2843439
3468200
8293553
8145768
825698
4702758
2790455
3300123
937179
3761430
4580411
6767884
8844911
2131316
1051762
38388
1087351
4025730
3471095
8881922
689901
4789805
7217571
5177662
8190605
9531085
3164391
6390985
6556264
4852142
8216847
9889824
8016805
9910767
7058338
2470089
3935633
5166807
1610962
6819862
4465151
2717329
3304773
5757051
1794787
7265807
7885356
8568494
5306839
4208022
4843253
6130701
2444258
5607552
38481
674236
1275865
5193697
3441036
1426151
4007698
6764887
8355466
578108
8626076
8187083
8211940
3606979
2515012
7320055
8804030
2580398
6245153
3036250
4409110
9371698
4022776
7031335
4939214
1296195
4714264
5092382
1832231
5140890
6149519
7131796
8116936
1668502
2380047
2847351
4666619
2099451
7517459
4837775
6453239
9308205
584712
4010964
517162
6024073
256904
5538230
5856133
1834654
5990518
4110004
411377
4131200
8661556
8505735
4086499
1209311
9679290
6438288
6015676
3835577
2877940
1637971
9633683
8096855
7815840
7082308
9625055
8337805
1081351
1220166
2982123
3418506
1784684
7871720
1114284
9122628
5808828
2875676
5906438
8685795
5098360
2232783
1294077
4274123
337489
8301663
5620719
4198478
3478553
7864401
6228344
5979787
1550133
8699001
7902585
2941680
6090606
1661935
2542542
6243649
5199208
8980680
1018472
4982689
9902190
3757345
5852096
4091057
240200
6244601
2417627
6403089
6903916
7525198
2044307
5586465
4556406
8050176
1670510
1084526
2329881
8404864
1551045
3612336
243644
4611933
9304219
352828
2103726
7876054
3901488
4570500
5961826
2063407
9285743
5239073
1399953
6225555
2055650
425993
6728951
4541046
4372446
6884695
4902155
5725677
925212
3378418
8847973
9609995
3502721
3610397
4669669
8172446
4302458
9861981
9021560
6836957
5844205
4986930
5974471
7301766
6348994
6992453
5870178
7554140
9206512
1794758
3705607
1028030
6650415
2177116
2035494
4862413
535953
6158425
8971955
969937
5380671
1925305
5241789
1424506
2277630
7559851
7542152
5750448
9713304
3923457
1212076
3789491
8956244
6198593
4116158
5964130
9414612
7495523
656038
9522087
6077003
2560523
2843223
8857749
3811216
6696700
8259694
8870734
2532144
2340784
4558810
6357057
6485184
4823541
2112086
2550438
7247269
1837503
8175498
2373400
5179749
6903619
7689141
1905943
8399855
1200724
7369758
8118361
7766050
433791
5988217
2640016
8762597
6162750
6153766
7790633
6664327
679498
1260678
1435266
6398
7368731
9421340
5336523
4724055
6491903
9814659
6005315
7406216
2415634
4683865
7600365
6241675
6418154
2762633
5235595
1820639
4902886
2735235
3849978
6042584
807633
7985790
8105549
5785074
7742624
9993049
2843880
3264060
3206142
7312438
225906
3763146
9870738
1510256
8608304
7482428
6812515
7747920
1086830
1441065
8171537
9387934
8179624
5553346
9289102
7385216
1857442
7190961
9216032
4226296
3807631
2689891
4814761
9878927
9557993
4105325
2867662
364021
9820528
5630994
3164250
6230683
7148093
3542511
2256243
7837940
5558035
1763546
9751032
5953953
2574216
6811239
1024457
6195093
2461883
2394275
7783768
2469790
4663986
5642944
4585989
1480371
3550690
2208738
4604852
8493503
1543788
8872041
8165829
6508505
1522991
7284087
8320025
1304326
4305157
9803643
1058494
8248028
2908469
2729162
9710411
4779193
3437272
6996941
1093458
8548880
5032129
9666744
8880768
2949803
6463089
495203
9507490
5424816
7312303
2273213
649107
9731755
6999853
7818879
943517
746216
2353207
2477467
505693
4424763
2460088
5907938
5104630
3231
9134739
7346205
3921844
5924751
8236406
695992
1433397
2468471
8263058
8611494
1093151
9183112
311602
8553506
1764837
3637752
6738775
1078442
4267325
8787923
3415984
7173573
5962451
6747025
8120871
8602737
3459867
4383009
5787461
2520914
1045696
4987532
1885610
2404854
8893082
4595914
4258689
3820369
1290624
9576732
3197528
8216801
8854141
8803453
8185832
5110456
8818476
8687484
1180880
7463280
838297
8647979
766705
8292132
7371240
1127870
9199093
1231259
7904570
6558135
1377077
9958266
4561392
4742357
7635367
2449281
9248904
1609827
8503105
6322221
555305
624269
2983699
9454545
208399
3106286
8347421
5256670
5597931
3883128
4236274
6890691
2245427
921651
7462745
9347579
9497663
9089244
2656039
1630774
9191590
8672187
4757126
5890938
769291
9997959
6133052
4325234
1224403
5205294
1281508
9726174
4092277
9449199
2629003
3593809
7828354
7473357
5303938
8176738
328822
1013689
7635358
1167288
7149464
4596347
6195742
6236092
8640162
4884725
4935316
6766427
6377864
985196
9856204
5536979
857345
2617914
749967
7473301
2188407
2822218
8797073
2236391
9977120
2455944
769801
3423024
3231128
2158058
8220753
4702321
1981565
7454938
6153599
5274993
7169362
4548969
1053404
931035
1953312
4162604
4321955
7167507
7689452
9873598
8239708
1858739
9496966
451803
8680358
9441116
5296470
1690670
4692171
1890272
8738069
2965609
1823179
7896502
9282776
5662774
2586328
8706379
1475176
2605746
1958772
6847841
4811872
1294988
8197141
4213356
5225350
9289206
224877
5430428
510854
8428302
5306659
4280955
5237587
481279
5506485
876607
7193923
7113039
844572
3335037
5961545
7950790
5472623
381074
8873378
254762
4496533
2364391
3289202
4987557
8739639
2975952
1643100
918334
8569731
9916968
9220443
1631056
8804442
561819
7845451
5902629
5131946
2833889
4405769
6035319
3904078
6656120
1247876
9726255
7033650
7728081
3427474
1093566
7220275
896198
4775284
2373072
6884830
7233447
3011881
8817674
6971488
5691971
4889864
6485002
1708762
4433994
7581505
6886241
991661
1839905
755827
7115844
9554784
4963704
6893260
4108504
5194000
3901344
393308
3965465
5869291
4040292
1331238
2549133
5768725
497641
2009551
9883347
5469184
5784921
3344909
6750738
875464
8636246
1827788
3485002
6297279
5012169
7948773
4554500
7064788
5874397
2699306
7470845
6849673
5383625
4685747
7396050
7011264
3480706
9756587
6168223
6401425
1352306
6676297
2514275
5141001
6197442
1528269
2549803
3793672
3769737
3584869
5660019
1379959
7609916
4281038
4164508
5572186
7345760
5740867
481768
6994850
1581538
5253000
8612583
1579064
6631284
7869366
1576008
5309488
9462806
7772178
9490627
5773423
3343355
6277641
389548
9925870
7165204
9404788
5118271
4505540
2813529
427059
3991970
3441916
1769502
7402160
4643926
2900167
9432591
1755646
6056829
7120681
5296589
3461177
5755125
2201035
9504972
7266454
4888451
6809206
9641397
348060
2084211
6222778
5054110
9380616
1444938
8889538
9059139
3066287
5756312
8708119
5716353
5193054
5387561
7358674
6945020
7357971
1948669
5025629
9801451
8047693
4584665
869110
9277957
3588278
1950425
4662880
1990404
304511
2625520
714149
6145693
5124559
8540633
102992
9334927
4617405
4650649
6744076
7902860
8194695
974043
4853824
8332530
9877776
5197831
2564795
3151835
7760908
3805280
979877
6276612
7656096
1640410
7690
6839497
4408822
9199614
4707640
9458285
6572997
1300069
2313591
8967978
4077242
6566550
5018677
5659451
6569661
753005
1467840
7677500
6213783
6001163
5437972
2562647
3387995
7993289
586516
9211064
8920540
6833216
145920
6474973
1137555
7494278
9844456
3242233
9798546
5642355
2384210
1576271
7860563
5692587
8331022
1024186
2171856
8092749
268158
4660854
2514632
5767477
6160529
173104
4126056
188822
3781515
2420064
1898519
1702308
7503046
4603560
4451365
4584867
9224548
9668375
1059647
7044012
3897742
3642790
523677
8932311
5994404
4612513
9457974
2969234
2632209
1393626
1542954
1999458
8145323
7624074
7507444
7789826
9809942
897611
4343167
7622809
5952922
7395124
9997011
1841770
273755
6737129
7904844
3455169
5299493
9144705
3343838
2302231
7012239
3851987
9166967
8583667
3166073
7089808
6904582
5036430
2707964
2341759
9400362
3803496
8281957
1988393
7751580
6580421
8287102
2977452
5638547
5216912
2355295
1624932
1356404
7221192
2637159
4740532
1382860
3594748
2620537
5733171
914816
5186604
2554135
5239364
5701152
8200572
2048369
8020080
5205945
7404184
2320865
9892533
9950334
189532
8410451
7328184
9401636
6122316
5751425
4416489
34774
4120628
7166398
6037016
658147
2505249
5636270
9132753
6533740
7169400
6418153
1786762
5523792
7941833
1465190
7472525
3917443
367507
7514037
8816741
7951689
7449121
9843643
4506392
4243872
7934665
2071670
7316793
4278905
7406456
223433
346372
3033816
2745876
7138397
5152342
8236277
1869501
2865408
8531079
577217
6128098
57467
4081910
2072288
708249
5612663
4391256
5304027
3116577
6039713
6655733
6923963
7841804
2545532
5591726
2812242
2299781
8370961
949598
3665161
4645591
6956999
1236396
8762387
3442016
4456694
9226306
8835616
7258299
1391903
4585504
8640760
3596027
1222272
9996545
864414
8731343
8023987
1430529
7166787
2188147
7516373
7715878
7395149
2051521
2030905
3777773
6522320
6589800
8521505
6547458
4065873
9798280
2359093
8355514
2672349
3481458
453725
4894014
6489517
200884
1809361
7196244
7713463
278770
7138347
9236105
1816483
6927846
1440555
7283434
5223608
6194372
9430283
8247948
6731451
5829223
4443688
443966
1149395
8966842
7810502
4610118
9342593
6277907
5640137
4900643
9162501
4729093
4720677
5482929
8151525
4760964
2359767
968914
3170908
5823820
7410263
2646216
9739220
7688989
5559959
4752032
6507328
1272296
8010982
8829928
7959952
9760682
2664508
448354
2594836
4951682
177138
4346535
3401736
1940961
4803238
1775747
8959347
6695642
7863739
4845920
4277680
7901378
8142287
2964590
8938866
225383
1571760
4657171
4799397
3045295
6255464
5451382
3148760
865999
4356309
7987315
6111741
6051677
1207187
3110793
8196826
4701940
4204724
5274219
2344975
3097351
2567119
7884996
8370326
8791906
6010913
5302599
805232
140843
6541680
7045142
4485308
7062738
7966917
1227966
6786851
8230540
2673495
5764297
6234807
8000227
2327379
8326581
4686184
3448791
8314797
3351596
9195067
1260269
7501177
5721586
5419681
8618531
798166
828396
533607
1393503
6064233
6520746
7811857
2086439
5753443
7348868
3799725
1627005
8903869
8093713
4196327
2849848
1186973
4652305
4565156
148569
5353003
2167995
2523815
5784206
6160913
1537184
2969372
882047
774118
7185563
8313473
2380250
9220685
6617797
8672140
9664586
6585405
3919250
963343
8915184
9927367
1444192
4796427
7812112
4140775
5509421
4717124
3956362
2269905
114075
291209
1913229
9211298
4092621
3637419
4793472
6444373
4781003
457922
9283533
5506592
8575782
7611785
7254896
6515876
2059265
6975381
5071608
7072969
6063227
1781614
5462290
7136352
1208937
4315177
9357554
5494121
6168663
1709660
3604071
2771111
2496745
5334560
2222785
4634888
7418957
4122337
7174463
2266761
1166904
288273
6901225
3134308
2191140
2994752
4372572
1090445
687685
7306526
4430464
8313104
9062754
1013171
6388223
8988187
890916
691669
3082480
774991
7162877
2049522
2847715
5160879
1429155
3820374
2187364
3986154
3174058
2645956
86620
1080693
2947179
4494597
4346441
8298924
7715823
1674234
3225815
5058452
1957531
8446652
6183499
7431473
8300034
3307513
3726457
5583894
3309079
4797198
4328577
2909989
1396600
551496
7900935
2102238
2636150
6960788
8913059
453853
8110388
2053632
5144908
5084195
2225784
2092225
2963761
9555364
5979861
5615332
2535518
9531423
7168410
87276
6398957
1821942
718406
5211117
4837901
5839406
4910291
3712604
7153597
2256958
4216489
7768846
5568943
5726429
8538256
875647
4477658
5754863
6079481
1540783
6386834
5075039
30088
6010094
1695869
637546
8434825
3736649
2013192
8480986
9798394
335489
1614137
959105
5951611
5425414
1470360
9056377
9459912
7493428
1900837
7773454
6360157
7398992
8130519
6254548
2547877
8884692
7763250
9098586
7614871
5225322
5451203
7678341
222567
8198120
5256734
7414984
7075351
937481
7123658
5757174
9351850
7519346
7270927
7658518
5818766
3658004
6277374
5930408
640412
830683
9668270
4052548
7054654
1590852
5453306
7309096
8449230
4026060
6831789
2758856
4759310
4619399
844164
1145767
4843125
727628
1337213
3898781
6110387
7760757
2864438
1712031
9711902
730179
8764448
9216658
88931
2768974
1902328
8015279
9684611
302083
3752655
9599803
3375080
3651230
9867796
2854304
8291729
1475795
850215
2830523
5212447
4559737
3991618
8313617
8362206
5902745
2643131
3693857
9587604
5693644
1259932
7526833
8990540
4113447
4344773
8757254
6716273
7251480
2497960
7942179
8248014
4494597
9179430
4516276
6342616
7227830
5774862
1360954
7863500
7731285
2189159
823350
1505194
210179
1644073
7356478
3297732
9330361
8638561
2055537
1674573
8947160
2207768
8056310
7918781
5458357
9322815
9138294
7408695
7806543
4448381
6765533
1832778
4581258
7944259
3002294
792894
9276483
3133117
7741879
415123
869280
6244406
7100510
2260405
890558
1769815
4410592
2577556
394087
8473848
41512
8700930
5679159
865225
900377
9792534
1616882
4347104
5456996
2029557
8163058
8800777
5282822
822216
4444933
5437489
9424992
4325549
4687771
6210958
1058348
1039538
9749482
4304801
2883299
904057
655687
8950919
3445285
8702320
8146693
9393094
9317572
7757484
2271500
6408340
4756318
9594932
5071744
5811141
10347
4188365
2704372
4920547
1299722
34872
9080737
7307955
2339838
7616847
8104202
4903869
1956647
1106117
8876492
2251543
5519380
9020222
6460053
7173164
3456136
609224
3677261
8081269
9338769
5799380
7245720
2229825
4142527
7497219
9483808
2114345
4387092
5684716
5373281
2552017
5824446
5479962
5724759
9793578
7537717
7420145
1329446
6693872
3618228
1385110
4617465
2404908
4538348
5121190
4839271
1577285
5938376
7919217
4198196
4078208
547223
5722419
1225856
9292040
8103943
4359315
958216
547923
6453464
5528823
1706458
6413557
4810248
3664169
649178
8834592
7581004
4793649
9475580
1034349
3762002
7675975
8903084
2367107
1660865
1698577
5109751
5875964
1669655
574289
3401688
879578
3365393
9730650
4409665
7246573
1679728
2105870
5100398
7573066
3141953
1055784
6515408
8347670
8296074
504738
7263933
2637754
1482114
9734585
1986266
2876936
2223397
8518865
1207748
6550648
8777174
9829865
789444
7965463
9071766
1426489
3779409
6610262
8899807
8565691
3935163
9530503
9795341
8679560
3759801
8895233
2662066
9246279
1800658
7062900
6882357
9494950
5371783
8931145
7556932
4872742
118314
4807814
3869399
1679618
8965443
3518231
4758541
6484983
6793825
6071876
6282600
1117614
4221782
1275358
1563742
260190
8043316
5691918
2880417
2347676
8096413
7692703
8196066
2098516
2841667
6609159
9261808
9789285
2904551
2072725
7489187
2033803
6803531
4214846
5274834
1326500
3442367
4223936
1110210
8538367
6394640
4014767
3815217
2668649
2675004
2030353
3288056
4678452
1684709
2289689
255040
4435892
687378
7406680
8931093
3373868
2714752
7010817
2075104
6973728
8952556
627838
9286149
9690537
2238370
9857487
2205750
9810311
1517005
5118859
947069
8443821
848010
1543782
959699
8209258
7297314
2259880
6876616
6524651
8743970
8779811
8257756
7310319
2776187
2665127
6833825
406857
394098
3636906
6284644
7067441
8787288
8342155
9137515
5577214
7869249
1562978
1857806
7504827
8782715
3763195
3468949
530484
7285272
2329482
7958287
1533161
4963805
2449965
9003219
7164218
8260776
9570376
7197997
9436927
1454787
7454513
6900544
6354872
3112536
4820365
8512774
5395923
2546799
2137286
4641595
6701340
8643786
1103461
9950504
2254131
4735997
8409327
4501598
3874450
7911089
6084340
7656467
3364985
7728618
6892819
6554148
7477
3614341
2935380
284764
1907289
1631874
4742959
7485639
3868177
3174898
4511062
7730794
6133076
8704631
3771592
1825921
8771540
9983313
5690295
9406724
8844832
3057352
2907530
1645731
5966123
5776222
8775323
6563124
8409268
6857210
1796836
7090387
6341647
3407252
4691956
678684
1495638
9333364
7091913
618535
6079123
9791234
4454556
1141147
6179306
9417721
6511804
7855393
2937165
5346535
8062131
3181719
2972946
2658713
9240587
7635144
1583662
5221765
5524578
413306
9084098
8645033
171152
5254150
2696846
5154032
8588883
5660107
5301273
6654512
5164845
3366157
7813539
9373261
9222486
7230223
8361681
9680473
5461114
8143022
7546853
1826793
9779040
5259999
4467477
2836236
2118166
6538305
8189064
6663643
587547
1792865
2877465
24445
1871983
1691784
4591354
8010699
4065425
5198099
5581845
5293818
4545275
7377161
7832181
4942758
4964318
3783587
457290
2682333
6274770
6613758
7682353
8977252
1442862
8602838
6219291
1572491
2616383
4705927
6654736
8905715
754218
6189790
1522343
7754070
5713066
208607
1001706
8726155
525342
5342485
9131725
1388356
1067108
7348421
8166516
8104934
2127166
9989724
9183471
8513461
4168770
3513982
4189409
718964
7268937
3804973
8064402
3425573
9041197
7830458
6645205
4976216
5063425
6363829
9598550
8231769
216778
7446609
8698546
8407124
9221415
3805817
7334925
6686413
829542
7270936
1848242
1039067
6563365
3985790
9967083
2346867
5756161
7260923
183847
8586701
7955769
5473571
917404
8622292
8310786
2352019
2852444
483872
9178492
2508894
1217624
4584168
6699714
9056351
2660443
7393184
2836055
3948122
2503450
8186764
5681584
1794398
6776998
1487548
4897472
136966
9047153
3606659
7167411
4160746
2821734
9465574
3424915
1273464
2025108
3213831
8511746
6946484
6598955
2741460
752619
3093526
9703231
1919906
1557604
665633
2556512
3302563
7903543
3011006
6463291
2936644
9490053
2668751
3452425
7991155
7988573
9340035
6723170
338915
4758685
9214802
4791198
7720244
6050580
8030887
3945807
2333792
9676483
2360489
4458205
6171117
6721245
6283982
870093
3889806
7025711
4963579
6229716
3823472
6534277
9978765
7793848
450611
7188465
4213940
3156028
6556285
5014192
1305623
9916172
4815427
1834302
8670600
1711516
9417138
1527534
2578265
291977
6162401
1981776
860756
871974
164095
2306601
3642495
3510101
7578067
8329470
8382247
4367611
1429531
5303873
2944407
6496267
3073225
9778851
6835827
7530800
7275759
9943291
8588336
3493286
5539908
2325127
8055106
194541
9674704
3616403
2229937
3180159
2871466
3649293
1503572
4978425
9547600
3323706
607491
5023021
6825686
1365215
8574811
3605354
9878495
2809522
138381
4044839
7997880
533516
4052821
5288810
4678483
1133317
9314424
4886724
4216188
7900514
5112394
1499865
8562067
241289
1054430
5525321
7910458
9962546
4657795
4276526
2813695
4271953
948082
1621628
9012617
9346797
9429591
8258075
5604734
3381152
4801487
7564171
4597624
438978
101688
5182049
8428191
9407950
705250
7407682
4712979
6014548
7146720
761416
9887203
4466483
266426
9737770
7308318
8992494
6537942
5324317
4447983
1240035
147017
9340639
3317990
5358950
5995217
4829207
4368618
7415355
9268060
8505046
1715122
2736069
1655052
857219
9964522
6423669
3183545
6017652
5879800
1873379
3225582
4057726
1274985
9937377
7389264
4604787
2867973
6845683
3144264
3116407
5883160
5450290
5160941
476465
4712052
3034724
4933559
8887345
2330599
7621914
358059
6457370
9498626
8624545
5700195
8289682
6136740
7982901
2377983
7273339
3474389
781084
6099353
5629258
5474203
7628424
1875149
9685037
9636346
4175827
40419
2142614
1528098
7537364
8721977
1493499
4767620
897231
9659514
8645417
426633
3927404
567632
8797664
1968807
4270238
1083424
5233428
9742584
733242
3974506
2418140
1885094
386209
8359362
4679525
2585529
6869755
1184178
4818856
1794255
3650437
4782300
1314051
8148610
6279315
6105417
9989582
5774518
5361653
8867484
9936524
7985312
1725956
1169718
5253293
4103240
3796512
1981808
3203081
821072
7130828
2688208
5821939
1769079
8196638
5349184
1107726
9880373
8910380
6091944
886153
807735
9702859
4566574
4949035
4239910
7090998
2185524
6713237
5237278
7865335
613785
1257043
6226086
9227478
5169753
8111254
7008698
1872385
4294834
2946150
4644387
4333146
1099028
5246826
2262624
6108250
6733756
2043059
5092753
516803
6467484
3608713
3872539
6532082
9584735
560776
3558820
6478099
7729851
8744519
3706263
5905124
8294125
9092983
8998483
8039352
6422423
2205315
3236864
6225211
5507202
8786588
7764813
2012806
754664
3544604
1357526
5508348
5961260
6721873
7354123
5762311
1185630
3021429
2100737
7056217
1528385
5418115
1106994
590685
5589819
2289191
9153340
2661280
5415644
5545654
1863516
4180519
9639102
7280985
2197377
7668332
3483277
51624
9505721
8302860
2738233
8797025
3241839
4817
1313074
5798804
1881248
8415696
4433045
1220188
11320
7375072
5719639
9629087
6790266
338999
4258081
4816432
3489503
8101435
4471679
7779993
3683038
5201581
8290185
6622949
8175407
5594980
3757604
5219506
461066
8661439
1766527
1483413
6677994
3422852
3769442
4702075
9874607
1922436
2264389
9507050
9654920
4221657
6067094
1014832
8107258
2854259
5422945
4550555
9921870
6492232
4514569
9031569
6905958
8699537
6673411
7453298
9769466
5794852
4286950
3824644
2908304
5644425
2510734
2066009
2053310
6296251
6523894
7079483
7038095
800934
7124674
1815446
3393915
2634568
599773
4186002
6369610
6867562
8176015
8820592
6652126
5559693
7539989
9796408
6111222
7360249
4544452
918525
9649096
9842426
3484309
9392373
189937
6318115
3905975
1517588
228817
6223810
6918099
8388649
8710140
6434045
438286
8968263
4915850
4665935
442381
8066736
5127899
3739216
2717402
9600660
6037007
3547377
5140400
1713192
1231319
5700900
7538938
1902205
3371992
270372
5753237
9296371
104565
5118921
2889659
3700314
6799268
6025736
9736760
8493449
800254
8239176
1427906
7832337
1062208
7607572
3266815
5192952
9211957
7493470
2415796
8895606
8772925
9421741
9756720
4883750
7954335
169707
6216153
3828532
5856095
5179739
6759662
2791391
2902143
5372994
9142752
2912123
237875
6627325
9001628
4680604
1948333
5286927
8618113
4955649
9895733
1498904
8526739
7275541
8568507
6613933
3483361
2139703
356795
6781832
5340069
7169707
1326588
9720369
8179582
4858143
6809015
9657045
4089044
9499975
7193172
567943
9471297
4281807
3044529
1223054
1226485
6937291
4904728
1259965
4479032
8737567
1404607
370782
1735922
2622872
728797
7672098
6026532
1857012
7671326
1937965
3003458
4957545
5741184
9049504
9641897
9841593
9236738
2658467
4080291
6482394
2344842
4774067
3778741
3840566
3999456
1356538
2585628
1482578
7723082
9365247
3130600
6464430
8701627
1239378
4467254
1423502
5013164
7483298
9311291
4891688
2685890
5238438
7592088
492231
7507424
6454986
1517154
9718037
4308973
6453153
941019
6468859
9697961
175255
6632789
9829697
3987353
2103989
1697600
747403
6496887
8134410
6297137
6103042
4142785
9377258
3585211
5414898
883088
6299473
2102641
226935
9036676
6151582
9638386
4945409
7161372
6821809
6863126
7739152
7865811
3682382
234804
4265856
357085
1108237
4069241
3636813
2024280
8449742
4155557
201775
9900621
6904877
7149824
5618620
5356579
6659504
7674356
6556323
4753073
8237734
5541765
2537275
6850779
2037448
2038242
1233259
4676749
4887757
4151344
871417
6395858
4357836
4539118
4041946
7390301
4856797
5415727
5079160
59654
8097285
2908750
2584123
1395420
6222658
3689352
6357221
2110630
5722566
4225364
8952889
5441546
4474541
8813064
5187015
5243635
1767205
3153293
1999074
7833147
3762494
1054011
3393991
6064150
2529419
4676883
7002516
8006393
5202852
8709577
4079253
994767
7021561
24112
9768454
1827741
344457
651668
8504415
8808980
8219547
5438589
3131542
5685193
6093316
2555848
79415
7203024
3596610
8258228
9805368
9596021
2397718
3988869
8413807
2323060
5848837
681300
8381866
5904505
9529880
8697452
3765536
5829030
9180906
1794634
5645739
2140557
1739487
2943073
7427098
6878952
672689
7731426
9923642
1286871
3564476
1934520
178911
821470
2588487
6704980
5162019
1108816
2518701
4959583
9869114
1741134
2713960
7118216
1215932
346503
7489996
7882053
6433645
399796
4214869
4888332
3628997
8265379
5513764
8900618
3524447
6467823
3588462
7730527
5991379
1265878
5840421
9747013
2975206
3247366
6693638
1669114
9626758
2178527
7182012
7986481
231137
8434523
8268371
5153979
7077594
1201728
8448211
8817576
7812341
3652393
9066753
6599715
3321196
6009260
2374195
7913334
2899793
1396585
1543214
5368694
5146281
4168584
8276716
8751802
352007
6826011
4161939
4947335
137088
9663995
5650064
8156484
1691261
6822279
2525066
5515306
8785343
8246784
1040877
7044628
8010895
7489384
5709218
2007975
6595042
8438109
4042578
5020512
4393783
7463770
9622869
4646514
9627327
5129876
7011571
8077374
1937802
3958521
6112930
7835485
9777654
3067753
868316
7763672
7917833
3580460
6630837
1212873
1690329
9026570
8409107
1673849
9044674
1435584
3052565
4668975
6460855
2291229
4216182
7099742
1264760
6970483
2172969
3431655
718701
3512742
3761625
2131797
8710567
4480124
1371381
2115011
38722
9749658
873893
2863123
1315048
969626
375475
6324554
7924201
4044997
5717666
8074088
8768189
2607391
8056256
1116028
4930047
3542365
757127
8329050
9770538
5161074
3803095
7888096
2082185
7822858
7532726
7250482
175888
2255297
4169617
6268121
9942636
6066685
1651692
1439741
2491131
1214199
6096362
1758591
7888398
1984227
8617779
7889648
9187567
7664421
3492572
4418769
8453078
3206410
1217266
5969399
1867462
5062585
8497112
1477801
8396235
1924660
1445310
4563699
209590
3148921
9440264
4523858
2403150
1950175
6096580
9362752
692855
8715005
7508485
6893754
3027543
8322293
2615110
2911041
5847806
1160783
6187658
8503418
6949941
266012
2878040
6402264
495827
7822777
6225597
7338959
1196066
9478743
4402030
5219209
5951201
1185224
7303343
679795
2053549
5423601
568615
68605
8512652
460903
4763034
5943162
1597819
2429594
2244404
8934467
2736039
1427841
6609914
9511275
9569250
5940921
2257998
5888113
2339162
2500537
182790
4712273
4029596
8684293
6512561
5888638
4333314
7108377
7308478
3419764
3825063
2031026
7356835
7113745
7540678
8046749
3754932
9858929
7787093
9056370
6916459
8598067
9884156
5982690
1835773
1742992
6692252
8883531
7943412
3155016
6502139
1203990
1022843
1492169
2007299
7906534
4170741
1958943
9952611
2220105
8749599
682870
2136953
9477658
1811580
33822
4551795
6561610
294820
9857715
4567655
8786704
3778309
8223856
6243072
6751587
7035815
1573631
2557141
7678265
3672112
4501209
1679381
9701030
5553120
9737509
1454161
7407803
2926406
8638930
727586
7428058
7173540
6002323
3898866
1292008
3937756
2885049
5181322
6883508
3743937
3738641
1713805
7693758
799293
9573621
6884545
1238264
5762983
1333540
9122528
9727361
1400441
5440385
4122681
3244112
9984785
9407584
2947088
9254521
2077550
7502877
3059060
8800009
2638031
4888201
9087617
4571715
4467480
6878798
4140767
8027880
8146213
5661355
1760507
6146394
2613124
5533500
7789831
8244027
1517341
8482990
6641563
7704836
1835103
9661114
3072053
6837665
4037100
7367808
620923
1519435
1003564
8568653
8698065
6695171
9761829
8498004
4695614
5765114
4083608
8652208
1189284
1470354
385475
5396616
4585750
1951742
3703230
6511226
8319805
9147280
7034619
8475932
4557368
8884855
779453
4691263
5479264
1516495
9130985
2734916
7720591
9761553
1144017
4320316
6775193
2718537
8756616
6228498
4680494
4767102
2704921
6673502
4684706
4850248
8854944
3069145
7333288
2480156
7940783
9269947
9903497
6281403
5228810
2863941
8378671
4002841
8301277
5639491
6823504
2941065
7298097
9029578
9813386
4135398
3022638
6353507
2599191
7068729
1384385
8671874
1123497
6297225
1951734
4532585
3917129
5733558
5251488
5763117
3804904
5664763
5899191
9228169
488160
3084404
3043003
2093658
4710765
8175575
4443569
3784233
238375
8640649
5825944
2797320
7503147
213935
7892983
6677896
456537
8671120
1897230
5151463
7336677
5014228
9025386
7100321
381481
4683199
7658697
1530580
2375075
780970
4279200
2322630
8458657
6451725
6623427
973802
121886
7189528
2731106
8499568
7186726
3686664
9878110
4797428
5254499
4416788
9547942
6084673
4521125
6842284
9662268
2146957
2431901
6941434
4888013
6224279
2817228
5671140
754036
1690798
5884296
509493
2614472
1590862
163935
1401636
8372289
4493469
2540096
6690830
5419920
4665054
4331506
7229820
5856779
9723454
9187275
6529912
3866487
1033671
4007651
7069930
3514895
8632669
1846571
4514528
7908145
8787588
9972131
4816110
2915971
713311
9601626
7443131
5802748
6448333
3151940
9350925
1563622
984179
4730005
973053
6659432
3801025
4653029
6734820
8049082
5345907
8038261
49391
400098
8218038
1802567
7314746
1145987
3164896
4950051
6448500
3618232
5164862
3859975
2921420
1922289
9612033
454964
4580361
5406282
2237629
7938214
2889686
6313095
1403086
3608841
4065090
993488
7787601
5036816
7980203
5505224
4022532
2892588
1711265
4335255
7230386
4291228
9498382
2785276
3608912
4210963
2936361
5280710
6675422
1781860
8930302
8003250
6632353
8573776
2399752
380553
9687861
8061515
288385
8456796
524130
4685358
5226031
6384955
570463
5747582
7450125
7969830
5786154
3787156
3371004
5724880
218963
2920692
4388450
5250190
3264877
6161737
3713478
2121686
6575490
1844840
858952
2197874
5277002
2984612
238782
6186840
5098701
6580010
5991238
791956
8359268
9595933
7255314
1064362
2760735
2332837
3270197
2037311
971104
5789331
3332348
1323626
7759704
4287478
5413472
4306888
6115123
9097998
5916083
7832159
2655749
4561944
1229777
3397520
7095604
1379672
2863209
2968601
6129508
1467399
348716
4466563
7933504
5521466
5933306
7645493
5056532
8121992
5939634
5019711
8373111
6666393
2611530
7130228
6297026
8015608
399358
8099824
9153066
1771993
3517325
5879249
2808338
2722775
7575607
6437523
3606448
1161994
7715944
1341675
7708966
7143616
3560981
7400531
155046
141128
1200839
1077239
3376196
8956733
2353913
9191279
734833
149659
2854759
6456609
7653084
3663029
9242875
1403931
2872558
293292
6190949
5110142
5551869
7698277
3523358
3595625
4802324
9198205
852725
4668365
827394
5461825
9105269
2380772
5265361
7400159
656455
3321027
8751758
9551745
7338007
2184535
1930101
8956318
462318
4367111
3316044
2811218
1050252
6796165
319519
8719599
8531457
1596249
5924080
432100
7500823
486679
1539307
9215004
5613081
7608440
8281800
2789321
1723876
8148193
5272962
8158983
1958775
3771998
307170
8706510
4249589
401316
1777930
3079662
2262647
7558484
224763
6344359
1355818
9418756
8828850
6251587
5777278
7320
778124
6708272
8406199
9988774
889812
9285225
9981997
7912085
4863146
2410471
704509
3963505
2771341
7229594
9350896
8122809
233415
4343556
7745637
1937230
6263850
5900378
751264
5960522
1553447
2063972
7816061
3439471
1626206
3506382
1483507
7894604
8751186
5872625
1679729
7066465
1916193
9972701
2031576
8964490
5260050
4734658
5536775
4768507
7541269
4738578
8973257
9831136
1903909
2874411
9059145
9687234
1320739
7141255
2660503
5821695
7329739
9388880
5154548
4619671
8693515
8969134
6352590
5256761
5986995
8039709
2922291
7805193
1526722
1341405
7227284
7059469
9279876
7318352
4785800
9002779
4347908
3548418
1811449
1953874
1613373
5005853
9474319
1308169
1865879
231667
8825963
564539
851119
720291
6287577
90895
2766734
4565007
1196331
2045591
5443323
6884207
1306784
3547459
2944854
7897191
541259
9452534
3865165
1756644
8339808
3415572
6055487
6580436
395558
2384578
2018624
1720346
755508
4036134
5163626
4946599
7544587
9821844
3245605
6585341
3885614
8379628
8274805
7627793
563584
8746139
357419
2489758
9711339
8918577
7606449
164521
1206253
24938
5229657
6817630
7034187
5022594
2547622
4983286
3675157
2215199
3609508
9416107
3353461
7492512
4810054
4438718
1830877
8384822
7491039
6870532
9115847
3566082
9162293
5570559
3895067
3805300
6631491
5983060
9849840
4290290
5558496
8447938
3322587
7327438
8086866
7540333
3011158
4626275
5333341
8257643
6415371
9189860
9015372
8115778
1559475
4984990
5541889
7974814
1832943
7194901
1040222
9991376
1591415
5436703
4419551
1434775
7726435
5827345
1037077
5851882
4786712
2392582
1331749
9375274
7996254
7577883
736113
2096821
6681930
5528648
4773346
8701093
3915080
6480329
8481388
4208226
6775309
7781305
9908437
5077695
4319002
5531133
8019455
4374131
899337
5826811
8230573
1579327
1973250
9576057
4050100
595823
6518052
7073557
8455150
3472479
7726767
4629468
3754497
554084
4771905
521084
238175
8936671
6876531
5210550
3491909
558457
1598504
4821619
6712004
7453226
518750
9969984
7306286
7226470
9777527
8180250
314553
1212866
4423361
2920206
2275746
2821450
8520096
7928444
1727286
7122873
6840223
8894777
7376004
1514047
7360276
6603095
8411185
2148090
14011
8522108
5274611
6575577
8849707
3184395
4813838
796075
2693611
676877
5578727
1109668
1643902
8373430
7860864
3811111
8170229
3089307
9193732
1267093
3033506
8541760
5502968
1391263
4093651
2746728
4217418
8528930
7200700
977736
2392252
6798428
3797930
8661564
7514952
5898267
7641196
8244391
7793495
8997250
3993195
481824
5825655
3637264
1724422
442133
1293559
2837620
2753848
9800312
1914497
6001485
721636
4301377
7496592
6158584
5366028
7396664
3531074
8196766
7058426
7921675
9890156
7901654
4314487
7738121
2093612
3838373
7899733
6055917
8082230
663054
8924535
5262924
3489574
7912568
727787
232721
8136053
8240834
7987125
5432274
6690936
1332518
6725036
7132038
5670788
7079275
9386545
3624897
2474276
5541835
5182909
7986721
8870683
7717680
7359812
5766030
9110039
6088567
6824865
148176
3253547
1577875
1947120
1107121
8653388
4788767
2323767
4213415
8839420
3802922
14746
9573649
8262068
2009683
2884578
1379772
3423092
6828402
992814
4095671
9415681
7632097
2357871
4446049
104522
7351447
8238602
4852336
1526047
9318988
2060617
6821265
4069851
8140993
3179431
443138
3550960
7475092
3898017
7461145
3128985
3991693
3589954
4792012
5893874
835728
1927697
9665157
6597092
2635138
6234731
341104
6470099
1429564
4205795
5155846
5832673
8062938
5645367
6981542
7966785
8774090
3358292
1044073
1671356
9943469
8327169
239102
4057228
9835557
1452024
2614248
2772682
6684987
5903046
9573354
7391659
7346010
4815825
3626096
9691405
4763013
1594572
5683127
1660256
1760060
3536797
2495029
2214282
2930737
1071710
6854418
7795579
1907768
8541720
4053329
4125549
560067
132468
8784639
5851126
1659445
6057843
4850422
1969665
587783
7105003
1725023
1485355
1501663
8421874
1915183
5936786
2754959
5363032
4751248
8402161
9235522
3466968
8266021
8739791
5099229
9744750
609821
1264313
6646606
8892699
808149
9458767
2378031
3854304
3210009
4235003
4006214
6292235
6923390
9719773
9812105
7354162
5588956
9202051
7809922
1603078
846721
3563872
2151801
5831559
3695164
4489152
2379703
6328184
5545765
2675764
1653113
6063097
2802083
7826689
1023518
1285615
1487865
8479156
7138482
8570287
3862055
7063267
4539279
766532
5794477
8468381
1357634
2363139
3550632
7517116
2075816
917089
1693817
7298864
5563502
7533214
6028680
3660229
2327558
5743478
4624376
4127358
4119131
9565876
180160
5698265
2820847
203997
4444387
87295
6421567
4534046
4607518
8576975
1447163
698822
6793457
6769319
2416586
9741895
2504314
9398281
2991331
1977821
5234830
128069
6193194
5056688
9952472
5107701
9166994
1652413
7607638
9011866
2240807
4435691
6790902
8822947
8675383
6980844
6608009
9115160
3591514
4005874
4887572
3311910
1760557
7210448
7039107
7760966
4677448
8484881
9700179
8622684
8992780
8586659
3952379
2568796
153492
1616466
349668
2336156
246002
2455502
8619749
1944551
9420295
8401352
9279391
1548224
476819
3547647
1630037
4803831
6174601
5184411
1312687
4354634
377586
3807763
7976681
5903380
2849134
9645690
7070089
5099817
6989872
479553
692749
4625343
9010061
8402103
4241073
9346815
9914390
6332661
3556322
166910
2009384
8079642
4159356
3056887
9909299
4466473
9066088
6174966
2868617
1032983
5129337
4721200
6843844
2629748
802355
971225
851133
2069488
9575252
2870150
9992610
9519835
5598824
8742280
3081550
2867627
7369173
3103728
9523299
1400355
2357898
3761498
8381584
907512
1043296
4879814
7431472
6796168
2966067
8484402
9863693
6642471
5456986
8408970
7854072
4395451
340835
6999050
192924
7712344
8479315
4398855
1646952
9276590
5170068
9453347
9324006
6552689
8420599
3916511
2315181
6213149
9596241
721351
4844179
6648714
8735976
8387188
6759270
3980862
3386074
7656210
2816820
1478397
5397676
1841001
9822326
5733388
710727
6280026
974613
5679715
5167291
9056935
8172116
5677657
3694881
1201772
9451678
6848333
6041994
6868030
625782
4659790
4704372
1966466
6826362
4506422
6404735
1035424
8387289
112257
9237382
8385098
9054395
8144551
1380557
6285080
4849455
2859907
2794083
1179743
8837091
2938763
8084427
8852866
1858183
557947
63998
3105917
3599391
22429
4385576
5785926
7037105
2484793
1501236
96009
8106534
8158234
2722168
3457276
5593597
1567655
3102209
5761384
3316708
5504748
438584
4451476
1550868
1859939
7830492
206032
1790612
8133294
5024564
7191827
503409
8765142
9763497
603986
8952551
9293119
8133992
7886580
4960309
6096357
9143322
7366369
3310875
5638701
4764139
7112921
7089073
438790
720470
5890798
203713
3193599
2211544
2476016
5140525
6358103
4330146
4709052
1424613
5514381
2475165
1370589
5947110
6639871
1638541
1226406
9697347
9666242
2185869
3354149
1654811
4463675
2753969
1304321
9979790
1598055
1228369
552271
604170
79591
9823735
1632061
3376013
1742811
4648398
8572354
1424061
1940722
4699542
4737719
2226498
8621018
5322557
5297755
19802
6496749
3492493
7506039
5602136
7828320
5300798
7106225
4914592
3324707
849327
6690170
4208167
1586900
4096627
582567
3460582
9828827
598737
2557602
3512430
8793202
548167
5954966
2194759
9161605
7756844
7713845
8070626
3690199
2977978
5141614
7183431
218787
8389558
6059855
7146150
2814750
8595811
164877
5966415
1104893
4760129
4149129
2712148
9700289
1936669
9209567
3695541
3797134
7634356
3421524
5541742
654661
277647
8725
3603912
8126938
3027922
5444153
5024146
2969052
3195427
6584148
56595
7143206
2121432
3242715
994693
1507043
7136592
9488304
9840888
9471398
2506155
734114
6502689
8444718
8975501
5981754
432714
3363865
7905072
3672969
725221
6497706
5088631
3772874
9054310
5214604
4819307
4442180
9519866
343674
8006800
3620056
1288219
3398187
8041209
9751534
2230138
5032186
1524870
6233658
7909943
6252456
3047482
595913
1250628
1399529
1048274
1488918
4784546
8824993
9559492
1657181
1984400
1859415
8526723
6606906
3368881
2115498
30598
5068919
2641554
8646892
903490
4557263
9484966
5361943
9971437
7698729
381906
5630275
7357638
1358359
9418523
6978257
2190429
5654081
9608936
7680250
1923695
4480113
8375645
2543252
4075510
4561955
9693839
4242346
7116795
5782769
1205098
9101742
2419044
7058009
129517
845521
4926967
3828352
1446700
6378859
835631
6368225
4722319
5235966
2279984
5384426
833403
4225088
1889403
5225316
8107069
2264561
5705775
3565755
7391761
3760803
3956743
7543891
4047638
6840801
80629
5639997
784746
1762119
3822120
5024448
6430953
4800524
6498485
7389341
1497312
9224501
9332186
9141553
3779388
2068125
8362917
4488265
8632615
9025090
8551930
4308116
4985583
5696699
2788848
6758315
7202796
3423081
5779792
2724135
5234011
2834747
7263887
1846166
816715
4148499
9726330
8309851
1204713
2487079
8059880
494242
9942099
4753511
5108202
60637
9505693
496019
6165380
982516
2649526
7120761
9277715
4320203
2148597
6187164
1018120
1628304
4793211
4306275
87246
4001045
5922390
3003751
870164
1975983
6365273
147438
742524
9459546
8693986
2844684
4436260
7522083
4974017
4308345
3746801
1670701
2243983
5190457
4855960
1360517
9436292
8668250
877342
2256266
5837868
8785121
6701683
4675514
2779229
2677198
3751772
5062283
3438097
1669824
9111164
1233699
4982477
6123183
4405509
7591141
7599895
9420120
3429633
8109501
4743363
3587848
4126642
5894718
2363410
3034214
4877090
1481054
919831
7215687
7677803
731194
9703457
1339255
2430368
486893
3831197
7050576
3940158
5118509
9076937
4567968
6192478
9672206
1675928
5779651
8926946
3328762
5947541
2621745
4774840
8165152
6488570
8586184
4855291
4745025
9578308
3367759
5823094
3922414
9597975
1618534
6708396
928807
9106737
4583247
194834
484224
2536084
9975550
1515474
1551233
2530364
243202
6841526
9830931
4326237
1746910
9262134
330124
5894148
4571016
6597244
9309657
2279176
7782767
3660951
1534468
2639089
8706035
9483452
4266268
2711811
4487093
3722085
4019459
2606635
6956551
3469699
2674801
3174724
1564993
1042442
5738278
4306247
286600
3230486
4813158
7648304
1718271
9952058
5981828
7353484
1420217
9567781
1229661
5305579
2211865
4792340
9551594
7121442
6094829
9340327
5656621
1640960
3902683
5741707
8544790
3156879
9943103
4268769
3179871
6030433
1222947
4277320
5621650
6491095
9354417
7612596
4561719
8945114
4559866
8367117
3725906
9979194
6010025
1015802
1042257
6100328
9386351
4936186
7730952
755008
2833676
4947899
11371
736185
8358332
6028324
8933063
2860004
788079
6358514
4156448
1301340
1144003
7193940
4378272
4124564
5275449
4626848
5083244
5687069
4233472
3668154
800248
2694220
3499241
2020631
6442371
3322790
9276136
8191679
6350872
2719865
8188696
223422
8175357
6484940
948206
5338798
