10000
639201
7856
9249035
8731237
858502
7844203
2348064
2307302
2224619
6965199
2820676
554788
5015494
886327
5466834
3048431
4202962
1146407
5958331
7442433
5377760
784012
9986249
3125758
2983103
137344
4534914
7097756
4182387
5123920
6964874
5760234
8912502
7945011
8807490
812943
6281626
9021762
2213539
8667665
8734557
6825792
4152174
771309
612767
4916897
1630972
9458910
1867716
9522098
4208451
2517378
2477348
1016156
3242235
8203979
6237300
1319776
9308786
3455835
4995529
4738457
4409240
4133323
2209030
4239249
9678821
8787841
2430805
4712563
7306023
4069640
273823
9014064
4450647
2188479
341927
2222843
455916
5674058
7900245
4125738
8745541
5152338
2521802
1013007
152651
502948
9728841
9563414
4041026
4549123
4304554
6370165
6441774
9641451
5406081
9935612
6582902
4651835
7009817
5693297
7711282
5078993
3409973
9659478
8968351
4540263
1909760
5052816
530621
9153646
3197834
1724010
8231931
3828059
250152
6482249
7469509
9504903
8156358
7196549
297913
9403800
1148057
8552732
8787996
2093254
4368171
3236339
5205889
657391
5907489
2373934
3373424
9026163
770544
9932858
4940618
6072267
7036872
1426285
6043855
7722386
8526716
5196700
3678383
5111873
4598803
3323742
1353438
2365322
9874055
8787785
6500107
6074726
5000089
2862620
8833398
2506874
5856684
9444544
9053995
9869037
8851845
7380376
5233351
198529
2706445
7845206
6638441
7708472
8202268
9397133
263535
4050071
1536820
3132028
8196485
7239123
102086
8289869
4908606
3644767
7143321
5405923
7894971
7135135
2062946
9927812
6646249
158126
6293094
4559105
4889215
7198720
4080347
8783324
5432234
850063
2160219
5931306
2738145
739836
9239641
5578936
7001465
3655642
5941920
8261935
8314332
3655496
7615401
7208531
8928461
2339344
8443774
502953
8295979
9059960
1344473
4168695
199970
4112672
4041966
1935609
797458
7476907
4584001
5220736
3695023
1066505
4512494
8200580
1934286
5334069
873171
2842625
2026635
4752220
5786170
773146
4507663
5856407
3357473
6603638
1640558
2888774
2549930
8380525
5148318
3755530
1263848
8047406
5041375
5395386
7987356
3516627
3364388
3324119
6659557
8463448
4696865
9325967
535045
5689629
7399162
8519451
333297
1563670
2536371
4884581
5852719
3999020
300917
3125548
1087473
2576424
1557042
5090741
6889082
4637135
2763279
5290450
9303692
4389353
5994365
2288308
7811151
5390475
2946107
6034433
10015
8163834
4151951
5877769
1020878
4848275
4207617
6126546
2574017
6160331
9511822
7754474
6320203
6706331
6932230
4064207
418077
7343911
633562
2753397
2739546
1485912
2907607
1072189
6136773
4294109
1449887
8424526
984573
5732080
4976955
2850228
9288285
9415042
6719088
1153315
3277380
3831290
5414538
3770062
7619441
1725013
1044743
7282919
6678523
9295235
9629223
7926302
2848296
5676357
2559635
7772914
676487
2170623
6932759
1030512
5905089
8015969
3827714
3164289
779254
4323488
1128423
7176146
7523997
9341595
6639790
4066699
2623860
65323
8319238
1978381
2016161
3051747
5502509
3003487
3139051
673626
8257850
8040893
9292020
9915543
261851
1073556
1535826
964547
3865551
7589304
5356728
8110714
981067
5486448
2979672
3262071
8531643
2333140
5413027
2872844
6777403
8860056
7380052
3451820
6495649
3565516
1900426
7982975
831270
9856274
8429143
7219327
2214409
901507
7694675
5084019
8538018
5068129
9642830
782264
8251838
3930903
7341431
9921426
2276351
1534895
3805923
1795188
9321310
1058088
5976683
6016437
3048276
4995090
5012190
8356886
7015462
4755721
3421685
5645856
8881168
4026283
7021972
8424140
3706408
7153992
3874035
5547457
8164322
414523
9699849
5760779
7558190
8130121
93905
7257802
9308627
4689135
560884
756585
2172301
3440231
7144069
7037969
5084494
7778734
5885679
5812244
2296291
7511703
9320911
1550053
216123
1692193
712177
8513249
3829911
2432252
1018234
2705128
9953712
3409332
8260011
386080
9225050
7639512
7876317
965212
4451977
3815284
3971699
5446190
6848408
9331430
9651376
229235
4543895
7062669
8056042
1820322
7665171
62183
3597588
5740137
6492202
9124879
7411092
3263503
957498
392474
1319572
9533438
5400285
5148608
7257018
6446989
5758094
3620564
4790706
5822841
871064
5643113
9139099
989
1632877
2356420
1307714
4965808
438671
2025441
4108669
6768951
4504349
4910899
9799721
8150239
902746
9156987
4601161
5649951
7952305
5227301
6238299
1692221
4919394
4787473
3496629
7110989
9486378
8477288
5764487
9329350
1896682
8423912
8337565
5904235
5587527
3585118
5873151
3425618
5065807
8376732
2916614
9672222
1434549
8053692
3015386
894741
4998729
1963408
7515229
1925341
8587968
7164360
4123143
4702750
5876345
3995540
8137592
3155055
401375
7241349
521745
9649345
2973697
3189171
9815655
245484
5142750
4423876
9264371
3665791
6873497
8000317
927654
7393098
808835
7359040
6791257
731832
9799025
4183911
2969675
6164983
6800059
7283905
1684995
4898948
8730239
7739589
5380813
7213919
7329683
8502920
4295265
9905135
5542219
3527190
3822202
5364939
950076
3204257
5330724
9402224
8888721
6723581
4648519
5504617
2764068
8551888
3419892
8775499
5173473
593861
7603707
6549818
3344230
609132
9652421
2861129
6411345
7034335
951314
539160
2104865
7592941
3973398
1206855
1055380
9904230
5245052
9097985
5177031
5078261
2027198
4373053
3619812
302064
7363758
7938762
5594172
9412856
151988
4769335
2846874
492018
9298181
5658098
5944606
2396033
2543677
3877633
8383545
7407422
1642350
8910518
8371473
305295
7324122
1496569
2622386
9051696
3727512
1579549
2596196
1038452
9265600
1473024
9906272
5709901
3318301
941209
779183
1312728
1644876
889106
9331614
5003196
406414
5116378
1226900
100126
6416142
5845890
7858574
4657761
4841160
1829252
6644227
3222832
4250213
2354368
5939904
8266816
342865
4317855
1091115
8412420
8876683
8382394
9836654
9220188
8215697
7572631
2961628
9347796
2520449
3814238
3026865
7543598
7269525
3809847
7045627
5768255
3191739
4408558
8319622
5073252
3008704
3678035
3215203
9643239
1229810
6192725
1687264
4121271
9296415
5541245
7475955
8156211
2355979
7728108
1710567
6378885
3021502
9779838
5595727
8758466
3836165
815356
7339184
8160977
5904130
2674564
113965
8384395
8693445
9804787
461368
2919501
5116853
7829121
2476979
7083755
404803
3799281
3515348
9359358
6341152
6796358
6466548
7494170
4234279
6737043
278239
6833067
3456663
891019
6003368
3921186
1655228
7794594
7057290
8157656
2284015
4625979
24120
3184993
8374891
4876633
1198524
1974915
6006741
4533239
7510534
5841894
8320873
1421686
9734494
6840810
1242205
2875530
5005957
3820614
1307960
4984984
3405514
7621031
9478512
3836810
3083744
3179417
6082491
468708
5318678
5475142
6301022
6114890
4633148
6499984
2516112
5875896
3639797
3330340
9413235
8968588
4482512
5651174
4059546
2119983
2719057
734750
2512496
1643763
1583485
5774718
5966008
492751
3838896
6918000
6132664
3375688
4189655
3334031
3533128
230378
7544670
229328
7288825
5352399
7513443
1041673
5030786
1038293
7176710
3227925
7652434
5928723
6640321
9415812
8816214
5254405
9908331
3640259
8244463
3801
2249088
6237177
4917268
3550861
7090710
2215353
5803040
458273
6477
3588659
5608012
5320812
969899
1036931
3022996
3787698
1485762
7421142
4095056
1520347
8391705
6859868
8394055
7793116
3038472
6661189
1702290
2756051
6568242
9978483
6486801
5995420
4062223
1599591
8131762
2446444
1897146
1751641
4763514
8722472
7583135
6465557
6294236
8525701
2251352
6179859
2294947
4685834
7012351
8422260
349445
9812953
3019536
1150526
8109611
5852752
9493241
4024963
3963939
3963785
1193094
4738041
2508938
7436716
1382724
9285117
1416520
674323
5323892
8875668
9523177
7079559
592712
4177234
3174644
9790726
8988602
6952788
244289
4610321
6954732
408384
8040496
4082068
9023623
2933637
8689306
9759127
9198705
9900912
6468977
1783616
1155889
1945395
8702081
8820031
9289345
760000
8228877
9720910
1866884
2632520
623011
9948919
189933
1422757
3031409
8201284
9714466
741600
6742438
312252
7642913
2099063
7766846
9642468
5623009
9580695
9591159
7346844
4255605
7327370
4074655
36365
1389865
6202559
7409067
3377024
7814805
882772
5365509
1609451
7752512
3103564
6039538
3417896
5528664
7632570
5502330
9752738
6123410
3868367
1891198
8437882
308256
5436729
9935917
3303627
5325512
5791209
3995438
4257370
4142375
7173807
9596911
2210424
415906
811807
136958
2363275
9479804
770087
9004748
7366244
5286880
226813
8011880
9269844
1486482
1247679
6121132
9716228
1211873
1157277
379859
7140183
8219297
9226024
8403111
4230289
9719905
8178838
3709621
2307781
6943760
6902234
6681575
8484480
3206519
9528667
6222257
7016613
7938154
5984545
706291
5664888
7329258
4476269
5273691
4191403
6263343
2689995
1581953
6095868
9137978
3927008
2230690
5113632
2530866
8320590
6144604
46966
208742
7466586
9935819
7629988
9632230
9783427
192488
8339968
1952001
3744288
7609181
3314099
5126640
7032343
5686267
4603349
1549892
2666728
6491094
400789
6643572
2390053
9495917
961181
6856135
4228359
4798760
5068689
4844601
2003950
2028539
7155537
9952372
6777828
3560268
8484281
5466816
3620404
1556470
1895091
2084174
6880911
6300857
4050629
35572
666872
3230424
5181504
7975395
1587414
3693879
8175551
9584819
6845518
4699250
5914400
7071358
9857912
3912634
2991658
3076168
1279309
7296526
6613896
433485
842616
4565181
8131938
6000102
4551399
7757945
4432428
9742361
9244536
6740256
6991226
3129449
736786
8014850
255970
5956637
8712726
5081601
6235600
2233763
4873390
5948774
6312434
4321574
8691649
4588104
1571284
6314731
9025612
9988093
5943825
3366696
897959
6033684
2249940
8479755
234558
8951823
3280910
5412064
2024421
7374769
6761881
124665
823857
2623927
8263532
2224068
3373083
161000
8604849
358375
6207348
4885338
8003520
7159973
325858
7856934
196185
9408518
1717257
3361087
7450080
3084185
9088140
1667372
3879892
9011644
8671478
9327529
4444132
2235665
7254632
3956604
771899
5379241
1032514
2757434
8765599
979948
8975112
2841334
2273302
975133
9481619
510092
4440580
393365
6144104
7966160
6848309
1904831
7901047
3955204
4191083
9708976
4430037
294132
7930276
5464519
6800506
7657881
3867803
5061766
2450454
8638618
9115131
1374057
3350506
5410496
4534282
7526224
1532104
1149987
3509010
6852010
9025435
3045732
6496919
7925444
3924329
4857008
7586689
384704
8622181
3966712
2150915
4497908
7650462
8150735
8246903
911216
7400675
2370713
4871591
7454285
5361949
7941371
1916444
3736300
5663753
1078893
2623227
987141
9771702
1239165
3396946
6595519
3958627
9219439
50558
7059498
334193
9474379
7848536
5121336
6669829
8480601
9741768
1447691
9978429
2841107
8107846
7518757
6011175
2463602
5900914
2363490
5944506
2209233
2315510
6558507
7040272
9134947
273202
7869736
6345023
7418753
5822139
4142021
5674233
4678444
8789228
2549504
6021719
7642669
1203832
6479765
934168
1340230
7476785
8518765
7593095
5749722
2413565
1603165
8589476
521567
2610012
1869043
2161716
9105520
3160659
5508364
7666665
643761
6408616
6548466
1872511
1248030
6522857
7290339
8712224
517913
1325808
541902
1776384
7769876
3255570
3006915
6895190
9571665
29291
38089
4980174
6702828
9566907
4134242
9630960
2826092
2189273
7083992
5562729
5468598
1712637
4840514
7087191
2247486
1077158
2694156
783669
6002901
9406085
9341325
4293276
9516449
7591263
2347833
6856921
9514309
2266832
4810813
8280484
2342147
6249208
7213471
5682622
4731478
767931
458738
3319511
3979067
5615015
6790039
6362200
9509618
2311874
9478656
6765204
4150374
4043277
4233809
3374072
2332535
1080808
2898558
6607346
3111820
7241282
9656439
3337099
8566453
3610375
7042211
7954480
662847
9107101
6439270
4874285
512426
4015860
3460055
7209698
4752838
2671275
4647364
1001986
5004736
9850543
1261255
1763971
7028925
2639217
4891498
6715665
1074733
4535743
5637780
713194
5945275
3956283
4832111
4293906
9312759
7502323
5467424
134175
5555699
9106807
403311
1183551
1610875
5501962
9277499
8315620
225689
7241390
3457713
7828163
362919
8875195
474601
8378979
9278442
3955546
7631514
3887247
2954881
7585671
7460557
9670319
5834983
2079883
7820736
271696
1458949
89034
3078838
4805424
1771225
9540181
8403490
4654601
5520312
3311934
8823315
2639203
9038706
8494346
4207290
9270563
4739016
8540436
8685241
1943605
5190747
2208300
4533811
7129614
5012234
2454564
5581479
1346837
7926299
1765596
5202353
4678569
9760809
5765265
8748055
4225409
2592929
1296076
3106585
5160989
1594475
5640083
2844928
9019078
4593697
8408350
5810698
5944240
4249498
9217982
7426521
1663785
3571918
5636532
527186
1635013
7617988
3573483
5740101
1999871
6051951
2265404
3752774
404188
7257844
1369549
6567773
6001257
2103218
326820
6544026
7817675
9466272
5486451
5331300
2901476
5049005
2688200
5746483
7483167
5434822
9293834
7783426
6768739
8801148
8113010
413935
1384168
4566255
2346836
9126075
2203731
1100738
8055834
804744
8649378
3769989
2473835
6167078
3336506
2570275
9765504
1930555
3295586
1842936
7436380
2572598
3495711
3462279
3284742
8691726
4594241
5671197
1133798
6689797
1998445
2274211
6776745
7079969
5977847
7537612
3903144
7290019
7849203
5511161
2955384
4548857
9741358
3048568
3561533
7996277
2861122
8711010
4160162
6219779
8061212
8422469
7712287
3109233
9579949
7909339
7001652
4353606
8804023
5393195
1792708
885643
3362128
1285876
270026
1615111
6224802
1558987
9927350
1932996
8118515
8746283
8650237
7915349
4601845
3146042
6872163
7077032
6887356
1131188
3908582
4159029
3044595
9361105
2320724
6631156
5711682
61395
3232874
4719669
3424440
1848420
2410021
9487278
6500624
7938204
7491465
7840157
5447605
1513634
6403671
8527016
951767
6336968
3122496
4382553
8090512
5117502
758147
1062742
5418028
6152212
3276291
6510876
846407
9730354
7881882
9764514
5928188
5122213
2704447
1523843
7319391
8283087
7169030
9510181
2931865
1813290
1243055
4770622
4245952
6588898
5610179
8126001
3912240
4901841
8789492
5477554
999410
5325889
2024455
5986053
4060301
3189160
3303438
7550300
3318052
5106444
5359359
8563925
9116578
2290403
490968
754776
6626202
2154053
1768179
8157083
1799884
5551961
7435758
9312526
8299573
9427462
7413753
168152
9110688
2990887
6054186
620979
7495376
6077219
241779
123378
2878208
1851414
9607452
673642
3936572
7126947
631
9612460
6527675
3655042
7575500
4356126
6011936
5723065
8071265
8078091
645325
9151699
5035288
6382969
4963436
8687346
74073
2094339
8432211
8228040
3319222
6844224
6906446
1735685
4969621
1057850
3444779
7951430
7047602
9900145
9961072
8753950
3499318
4314320
2385687
2532602
8075741
9352399
8696606
150697
8372455
6815994
6965451
1501187
7113507
3828549
7466685
9023821
3562280
445341
3530212
943800
6460268
4276731
5820892
8129718
4567041
4246657
3312607
2109404
6447755
8145151
2270859
6203684
893414
8123222
6392973
6897695
4566572
4476609
7225318
4080179
3401272
6618547
7562895
2366908
3525455
6019927
7029240
6118943
2792777
2371197
2779971
2361047
2581014
1582664
9310687
5609767
2297485
3573976
6135926
7500182
3120953
1425500
6265729
8234086
8904840
5593006
1675796
6094077
3013905
7638183
6053920
9837880
8339312
5735717
431742
5766279
9542531
8733376
9003357
9382020
3798893
9516826
7747598
6961845
1767407
1127681
2790114
5998862
6177787
6029582
2030059
1164870
5047057
8168247
9249395
2606998
7590472
9445529
4102466
6845797
9280651
6923940
1144943
221637
5869612
1938768
6340495
1878403
8436095
7678034
7930273
9261708
8709554
770712
379117
8598329
7123385
2618094
9235297
7956144
2887701
2210673
9766860
6004877
2928965
7154437
3721905
782353
2415728
9491969
6992340
39783
3261925
5438661
9563035
7951057
4867351
9573896
339961
9787661
3625463
672048
6981262
9573857
3463725
5166301
7120135
3341581
3684541
9652062
2819280
5768963
951970
323050
4652530
5748919
1802
4135326
4265058
2412395
2688108
1031490
3464816
8849601
6921243
6801304
7781015
8981821
6738855
4392840
8635812
6926889
9520894
635075
8697204
5064602
5306716
5457310
5186329
4383307
2440405
4775306
2228530
9709681
4490057
5952316
9791878
8286734
1427155
8662316
1802496
4434098
782642
783341
8349915
4247001
2580254
9357300
556518
4529589
970145
7569392
7235529
7079540
6235241
3889960
7157669
1314483
67562
7151590
9760651
9274415
3582957
9596785
5249874
6768029
1798624
6651435
527675
6183041
1757234
8672772
3159877
2712160
2337481
7733305
9971129
8055647
1829389
1338274
2354409
4282239
9645620
3024243
639653
228481
3851829
3206010
8477726
5146796
1357930
4589268
4019531
6492430
1300704
4012650
5537529
953797
3048975
8905887
9170875
92483
8095499
7474810
5553959
4641141
9754866
9929820
9475130
8129291
8966518
7847257
2371823
3206562
468958
7697524
9910953
6396105
8333155
7413495
118574
13220
4048604
7648199
1538249
1740070
7143222
9551610
290376
5761709
9626660
3608002
3245771
760932
6449672
6276141
2520328
2216947
5549342
7992253
665074
123403
8107987
9830289
6177259
1602604
4176678
2628018
7699373
5920919
8642608
4987944
3381939
2246193
2443121
5068402
9169604
8760125
1850054
9524196
8667129
6443588
588603
2964730
7677430
1775246
2416012
6570040
5770935
91650
9620966
4917625
3441790
9150991
4696225
2882293
7292039
3330758
1937384
9488227
5438071
1227225
8018567
9409536
1330269
8062211
9105658
3547755
9510701
9425607
2505334
6059986
2892028
7963509
2668599
4823923
4611391
337503
9612777
9242367
4763634
40505
5134580
5829340
4239881
8373849
7369478
8417964
4017445
8910395
5334430
3675476
700191
1179078
5732794
7873193
7099840
3230777
8253671
3775521
4701609
3232498
7314450
856391
1192312
2039402
9789996
1544940
3057315
4450594
8641866
6112708
8162367
4486530
7598651
450701
6780897
7426372
5684740
8387371
3029015
1923452
147286
2375526
5284635
6951175
1514924
4116862
990983
4534569
1148242
387369
8925575
9066802
7458641
1744250
7759364
1730886
7211687
9857062
8256743
2057418
6394432
69849
3389972
7295359
9043205
598472
8587634
3773393
6400533
3057250
6612127
7056558
3427356
7677450
2507989
7597810
2074530
3051170
8265196
518469
1950786
9539523
7690460
8487679
8508568
2168406
817332
4732299
1204863
265206
7957630
520266
9509625
4014868
1247162
9151786
9237212
763804
5584969
9432319
3899043
2184123
773884
167291
7145749
5882120
3112283
3467059
2878322
6123824
3977433
4606723
7223616
4513659
1461068
1291013
820602
7393424
9531361
2807059
3981679
1591040
9429425
250884
7351357
3568653
1046031
3023644
7189540
9637872
6726850
9778242
9351649
7323993
3928132
572757
1150799
7298509
8406081
2690392
865847
3312447
1873205
1465878
262472
6643140
4080342
6388920
3294854
735729
58828
3720419
7630250
6073700
640603
5167628
1146938
2962615
8745305
1888134
7552214
6907499
6415502
3178659
6297625
3879069
1053493
8324753
6252987
4021442
9190727
229181
720395
8854048
1251683
7391707
4142294
129257
2977714
642435
491804
1802029
5432645
2346926
4821535
7708164
6955485
900173
4538926
735187
311948
8250441
6335437
757068
528662
6315202
2157336
1104025
7403295
919264
7293555
9514956
6389216
4047101
5823355
9921949
2215669
3264224
6386849
8418387
7055484
5371514
7700536
6464731
7663458
6402731
8073723
8963014
325106
7709229
2066503
9367655
4932212
244334
7302131
1922908
8086025
3944904
2274494
4036362
4322501
273082
6509847
8073867
8150313
9416451
7937742
1636842
5969476
9433632
4631619
7304985
4093849
3394307
2963815
6335226
751815
1530572
4472302
4258505
238978
7993756
7650469
7561058
1811389
2885886
6858656
4989148
1871123
8555149
6899859
4739141
8254070
9588746
8360444
9250897
2395300
4450449
9737491
5024942
5273133
3122891
4702995
2088706
26380
9859849
1569201
8693644
4080027
1114832
3172981
3503656
7023406
5236273
741631
7502302
6634736
1966411
1871941
3004556
9691764
2694535
1900692
4475907
2180617
3694684
7972486
7978151
8296236
9556341
5360142
8378283
1289640
269982
9678210
8577442
8140210
7060691
7138539
8224246
3349213
1650160
7654445
1326288
7319774
4610699
7423671
7845676
6024935
4516878
9805006
9503716
4553704
6801195
9651390
6889490
6256136
7654114
2321034
9074848
8972842
6515680
6934646
7787487
8525627
1803673
4342330
9741408
7524457
4530034
6047360
9774413
3629622
4454372
4286177
3598297
6650967
9621166
4018708
2438649
4213942
6312495
7406315
1381412
6612775
1062692
1500825
47479
188822
1594041
4397307
9544734
6326424
76726
9534297
1119191
253434
7629467
4844795
3483706
9710262
7045861
4766024
787981
4125160
6520069
8419942
8916909
3125558
789884
5137731
9511654
2805797
2401013
2702352
1121359
7283150
9293910
8369603
5741293
6307919
3774746
9773059
34679
9730396
9708606
2618502
7243473
2398697
4471076
7489524
3679904
1960842
4755891
5905831
940391
1670450
341288
1912919
3475914
8595865
7071303
8538527
8168368
7500871
2290780
235498
3373439
2082306
6971699
3535873
6009640
935475
7342094
888558
2515860
7183001
6419196
728616
4529959
6555835
8269084
3864394
5786933
8612361
7928168
9999734
8841153
5200897
1852296
4229348
1680115
3382120
3933636
1807821
3366551
8961021
7563226
4286325
7843929
9806060
5227504
4278738
2467517
6783532
6473897
9103718
7508922
6106131
2821092
3427817
5686293
1043182
8116587
9039830
3117162
1787560
6784555
2519428
2645265
132910
3079906
9223719
8516450
2981604
5839
6339990
2419634
5557259
1414898
7889528
5245760
6287265
1375910
310821
6803429
3299610
1291091
539299
5096421
9891250
5882678
513277
8998381
4904490
1806792
1081362
1580539
4684102
7056660
8167739
5250961
630671
7794584
3962857
5102103
8500690
9925451
9745322
424403
197489
7808898
8009466
2785709
6279291
8698449
1832594
3007736
3860853
7533953
9441588
3970671
8017171
1789939
5766514
8181247
4548738
6718218
4739824
6751578
2484355
7842454
6132894
5322715
4732485
3114311
3780865
6434905
7063398
3332571
6449175
3603751
4505064
9620248
3176304
4733486
1862741
2025364
251470
4641191
8265895
1463868
6302511
8428054
7876700
4441451
7262947
7249707
8731112
1448099
6424511
4991015
1398309
3794724
1790662
352915
9438081
6433075
3869253
1009549
6512153
6120497
4919695
2701966
3484633
542376
8413569
2622245
8996864
6663503
9179849
4543899
9625454
2069002
1610031
6473654
4669127
4320577
3387946
7553667
4487902
407642
7357110
5381936
8303371
9183217
8824229
4869777
3241870
9439390
6109919
253166
4794861
3161874
7487134
8370845
136062
1564705
2612726
1922412
2221597
3087419
4812072
3099729
2537526
5257350
6677406
7218754
8725217
4792463
4189461
3904071
9362847
7828505
3744137
3168728
8804035
290201
6798469
6574487
8610477
467914
3116810
9023237
7424060
9868810
4381912
968510
4839027
7524242
8550399
4051211
8344544
7354865
5342729
2032973
7668966
8806225
827422
4434131
6578419
3422802
2263349
7885415
4828786
2315267
2458784
5048713
5820967
3834955
1432442
5913981
7907390
3173783
2212350
5133011
8050667
2638019
8898851
1773770
3417209
1545902
1215405
4446849
1363418
7029653
9110446
4678560
1140446
7606134
2195931
5705053
2465030
2055183
4773774
7774065
7098611
2999838
2969073
2677641
1161506
1093795
5945924
1351150
1460441
8439691
9452028
4194188
3426154
5022824
9318508
3259316
1418367
5591167
5911301
1074818
2926002
1404661
6557164
4161234
4139647
2813479
5850935
7479529
3467221
1196469
5856823
426886
3310282
2528136
7617467
4659477
1498485
140736
7609640
8940471
7127998
8904480
8515569
8777825
8088470
6148430
8424006
9398050
86700
7981685
8648273
6339648
2124687
1981704
4917569
7630627
7739327
7403315
5929636
971478
661582
7376344
5662686
5008147
6689537
1588847
1881313
4847893
1876916
2050593
9855009
1687730
1226385
2142057
3061791
327117
7470251
5809258
7029508
8896365
2195026
5850622
8206424
1339643
4378703
342780
6396796
5272615
2051274
1438867
3234590
7130541
3557161
3521820
4954646
4833019
4715094
5569510
7068006
503148
8755153
7710621
7203779
5017419
4657327
4244861
1127604
8361883
6867482
5759801
9932320
4112017
5069950
1866324
7818475
9247840
7904459
9409315
6180846
617026
2773110
4875617
7000915
9814834
9105753
507091
9133912
1757540
5606917
2791262
6785593
1916458
249365
4417056
6089052
8618
6824520
1303380
7636433
5611917
8415831
6644939
8887565
9659022
8476019
3737960
8801319
477961
5417767
1782973
5315464
2717964
5876840
1698225
942469
6293766
1583712
4984306
9287457
1202556
4283815
4590402
7363421
5759449
5664674
2979819
8720096
5871796
9349588
5919844
9991622
6934934
9626151
1682597
6939577
2892758
9776678
973546
5192028
5579921
4162997
4704975
264851
3740904
8532991
8619039
5064107
4029189
2233351
1036741
8965037
4804657
8463171
2601120
5161714
4135992
3432981
1106701
3738538
7328746
5702157
6420956
5989114
4149308
8972784
5344396
7276144
5521266
8127636
2144322
7536094
5115198
7959865
6428960
4560591
7631110
7052017
9827558
4511940
7875119
5375292
370361
3311520
5088902
7580753
7610072
1009404
4818694
9021824
3258395
6620496
9928232
959203
8676360
8802773
2707163
5830708
4421969
8992644
8799216
6488779
7528753
6168347
7093637
6404382
5412564
4482931
2809385
1248971
1642074
5479618
2027096
1227939
1846627
3966937
1076704
7418110
4852292
9257416
1940656
9298946
2414999
422426
5700778
3650052
7775515
9052780
7385689
3542284
8226912
567468
2914049
4916809
937438
2946115
3445033
5143368
5990467
6393216
3589008
7170752
5639062
5105472
7679225
7352453
8489812
4635200
1677402
9369343
1627457
2216278
1066250
64299
5198115
1662305
7690557
423405
8708954
2702737
9485790
9981729
1172731
1669155
7668306
5893906
7804165
3366230
3001168
5998826
8460173
8576281
1940592
8236466
4654262
2292699
1209
4937019
498270
7646250
5631845
6020674
3784272
1661062
1739845
3413309
4536766
4532636
5227958
847954
5078401
473667
4115017
8989481
8388745
286278
95061
5543869
4544498
3810273
5425824
8244035
688815
2895925
6104545
5611082
4694351
6517179
2771646
4888346
2112104
2232627
6043406
9730672
5912137
4555422
5951636
7587437
7962083
694531
6946972
7520049
9078343
4301635
6519685
3282611
4296700
4431036
3501270
3328245
6918750
3804444
4673692
5836407
7631286
8472005
8257847
7563326
1933651
1364327
3210252
5208480
374068
7344317
9205642
6052264
439718
6872691
5428551
8693959
2363156
9160527
432567
5041981
4519132
1056017
4665216
6704000
7232531
5114136
57961
7828213
3333151
262275
3537872
1044423
5614936
6744267
1412613
4263595
7068460
3001034
2273100
485173
5165921
6638192
2745396
5507669
2296438
8709611
3760036
5069074
5391402
9286105
3549071
8496594
235961
4565572
8568876
2861391
1427973
6347488
5149237
4748565
8476457
4746142
390141
392631
8173957
9172642
288696
5775234
1335906
5432241
4540402
3746005
5294685
3418577
1573245
4341057
3251013
5878204
2696449
6564684
1601783
937257
3768774
4579308
6060131
3540955
509318
1265928
9174804
544998
878944
9030313
2697803
1509888
5062723
8796368
7601501
1389633
6352233
9834686
3333204
4669431
2154149
378023
4699902
5035736
5141322
3968957
7666553
2951666
9266685
5124764
4576109
4160211
1197147
178374
345575
5475979
7777446
5392058
563158
2035708
1919811
7890319
8469012
1989229
523503
3433823
6854171
6996737
9131726
8686260
5925289
7510340
7203550
7486866
8795466
6218660
4281473
7166595
7874544
4186531
426214
5603115
385547
5638190
6191274
2924163
4463969
593446
8883158
5325953
8181891
9156343
261706
4502198
5602631
3840318
7372156
4775302
7281635
2050025
472239
1101396
2092932
6022340
5372117
933287
5933499
1777558
7485550
2247865
9449092
2848993
6620988
63924
9955008
6368548
7774350
2443757
835103
4371015
8204291
1723405
8597383
1949258
9189862
9775168
8653215
5112672
1095990
2258792
5415618
3139175
9851811
6137811
8170591
8784924
8159553
7308739
4573306
5965625
7154879
3377394
556304
8392706
7435132
5519970
1097131
1085847
410051
4360930
2596932
297923
2780572
9656747
4824475
6146175
6098148
382932
9352567
2765558
5222754
5040889
7099934
8405317
6564565
8589520
8000180
3771780
1858123
6689668
7037247
2610622
1340769
168500
252658
727755
558277
5361316
4871607
1321034
3111197
4143255
7967694
8593006
3441821
4112145
3924737
5940910
1086275
3298243
8674407
859794
5982279
5632630
2393970
1219729
5719097
9077002
2361149
7051845
4807415
6379962
2553353
7623349
9422270
9382799
1714892
8492260
9160682
6585489
5174528
1046640
5405154
9472820
5233438
8046167
9542085
6115464
2685273
7015069
9702280
4732754
5284069
2192387
9825020
6289753
6706354
9025948
5307639
8727119
3816433
1870389
7527796
2971727
5267900
6474009
5243435
9278636
3763487
1855726
372659
9211443
5910927
7434971
7950723
3382826
7678669
4070726
221328
3148170
6769113
6173603
7943689
4609701
6550668
789004
1993169
4916456
6212990
9138414
5720448
5592353
772985
7358561
2094347
6083630
6726973
8565201
7854216
9825700
18928
4143492
5369626
5316781
3233834
4328047
950879
6713657
5364132
1893727
1787011
3524820
732325
3356927
1360272
6000226
9470748
5054229
4962418
2470358
1562651
157053
6268069
1280448
9800956
3639716
675058
6354379
8573554
8229583
5598165
9473089
8708080
8074632
365318
7865449
1527730
6915307
1174334
2402465
174462
6908648
97451
6820484
6702282
4959198
6589801
2081306
2142869
8453579
6117396
9839941
5172355
6681297
3950959
6521167
1152603
8386300
6556522
1526280
7858466
9586966
4381551
5195114
985613
1760834
3197188
7186800
981555
9777158
6379788
4155351
3749155
4493540
4749062
4436540
946729
4753535
2361282
8278164
5115160
3017420
7714757
7032678
8246031
260856
8511050
587004
3232302
4484348
3712968
6118911
2608800
5381465
3026530
2559269
8001831
9960020
8153563
5415490
6380607
2304323
73781
1848727
8217636
5766577
698717
216589
6623138
2030798
2577334
7364078
4204890
4937367
3470740
5887817
1290007
6508778
9473779
3679940
5601197
213462
3709948
1596242
4591971
9438009
1664750
1503288
1689778
3463573
1902243
3587678
397114
386791
3777039
4367787
6762456
780320
7948088
5726577
9376104
9038835
7125963
7046962
9911077
9084302
2504513
4506314
2870038
8085228
8102657
805220
9116021
4459836
6569597
770306
1111111
9401613
9922611
2882441
5403384
1861207
1249274
926313
1776579
2091514
4489399
3423003
963961
2142218
8238210
4303010
8239177
7368941
3662538
8934677
8776865
481832
5232386
9502204
7460427
5302356
8771309
8446381
3333732
5384108
8905838
2251780
359486
2640156
8596302
930393
3647381
6705847
9436287
1232923
5216018
5493615
4233170
7946900
9993653
8267427
6514475
2226197
6920329
2923126
1610904
3424307
1743134
7089596
5660699
690936
5220304
6136184
7426455
6045268
7657597
7566797
7886394
5529798
7902012
9918965
6502505
4288059
1726307
974839
5048380
6975994
261244
9885620
4991045
3079757
5343097
9554141
6727813
9033144
2924532
6806878
4977663
1321903
4051106
8635678
1480878
785285
2430562
5376291
7521101
8677866
3260552
4870480
4413654
224088
7464108
9087686
5425234
7364312
9554408
8287780
6916924
4755281
6025216
955325
664945
6372241
2369129
6920495
2641525
5092268
6416773
3719056
9707432
1073706
5929592
3038468
6096758
8466819
7496229
1944656
5980640
8960548
9114661
2491505
3618079
5637837
5844660
2257210
8073696
463689
6286960
216981
8651896
3534499
4792883
9962742
1542078
3481176
9736670
5918244
8382492
2771898
9232441
4911052
1416462
5600007
2726207
7315912
7406878
7747205
3273702
4662522
2793283
8211169
465451
9449659
9821627
6642825
8926085
1040203
2131207
2669445
9469886
101714
3193986
398329
9650792
5793977
6229166
1495005
1544117
3438924
6156973
9950246
722025
605516
6141338
2691932
1213476
2554897
5035173
5669005
9767288
126651
284587
9286842
9873652
2074336
4034471
9294960
9202269
941803
3346055
5274113
9675464
7614683
8270671
9068239
2606415
2635891
9982839
1143844
7775973
6180712
1154306
2500867
8767950
457713
2560833
5244826
7370831
1223628
2797344
7015547
9632246
2089774
3169520
9500523
58976
9361279
7337995
5995288
8966160
5017990
333898
4757379
459597
7908204
5907186
1024085
1308216
4599854
4062085
4571707
1044270
4786491
8914351
4204069
1209395
5652595
4508542
3700328
2093801
4416401
7666439
8909719
1969689
3847173
6855515
6015112
8732093
6613833
9542817
580989
3454345
2199510
2652287
8214621
5477823
9840716
6407652
909114
4152623
7569107
1840060
8952440
7895878
8837130
5087216
1837290
7901250
3610118
6613354
2914886
1198943
2554777
7018923
5112585
3033298
5391751
7768576
880833
4180343
8187777
826391
2924190
4216285
1383594
773197
7196487
2030607
8520218
1768322
7114400
898395
6325687
7874763
8549428
45336
7368657
3859188
1142343
5525178
3523561
8846780
7365184
8349156
237781
2841831
9613656
474886
1413053
5842710
7719724
8908068
8199844
2923891
7021133
4202797
1066829
1733829
8323478
6219687
9486739
4015729
568206
1652482
8132318
4026691
2770738
8023514
4466921
8321705
4288157
255867
5349950
258024
1420307
8288245
8587647
2756922
249499
159276
3607257
675966
7782411
9824810
5517208
423168
9094284
5564638
5879092
2560272
3257090
7029500
4717297
4683142
4722774
4744503
90776
7690716
7827425
9825719
5037506
571977
6920495
9905495
1371959
5663120
2686012
9206338
8791233
3648348
7102616
3042487
9823008
2083844
9274001
7290669
1448294
6737154
717631
9155320
466674
2193164
141844
150885
8458623
4619989
3304448
7651207
135647
9493311
2596244
7264
9873444
6847277
7160804
2779316
7748705
3698728
9992120
8385823
9690390
8770809
4129042
7106039
8661882
5085846
493998
790540
9258279
4906866
7635792
2421205
4768264
7713027
5834268
3133243
978303
1820750
3730645
3541758
9969919
1625415
4037841
2425931
46161
9200702
5558909
4994009
8510399
186003
7432214
2563140
389184
8259682
7814309
1920705
9324485
9878948
5056720
1118923
8163952
5602837
6151157
2024714
4169155
4811872
5859185
9616288
9315926
7316837
7036102
1519290
8167838
2645714
1254722
8175494
5666167
9557183
6186671
3101179
2345351
2491272
3488059
6656750
4071844
4414928
4789769
3551465
8932244
5074793
2870466
5573848
2686700
9877709
7195956
5337535
3840353
5087522
3885080
7708644
8520133
8074580
119496
3471654
2395732
3338880
7487350
1037531
253890
6761587
4590004
1938385
718567
4874853
408829
3183417
4256584
8707764
9385551
451782
8109176
7763379
7588291
8003040
221835
3064423
1511441
6394813
8071684
4620146
5068782
5472890
7380462
3623011
3459063
5134788
8144927
3711117
4111050
7045722
601554
2273270
8033732
9159996
5172553
3417167
245727
5806638
6232145
5105088
1685828
3192417
3550179
1349582
2958964
6556022
1195704
6040502
335272
8591893
5525710
2072087
5554566
8580197
3731348
2521749
7266274
3323126
3991649
2858458
6508083
7204670
6443741
4913397
4055461
5950133
788903
3063943
4886643
4839558
1523955
8192148
8645047
120467
1032796
6761705
6167156
9972240
6767109
8763584
6065982
4622946
5541270
9232398
3682892
6975234
6016527
6627495
1022869
2377790
6864935
3529944
9964173
3071596
2906337
8908250
5365485
348576
1905129
5049308
8952363
4923090
572369
6962135
8299365
1407836
498287
2368931
9705784
4504131
5779101
6275091
4840909
5379459
4880122
8595551
5346345
8548278
7778770
9542533
9365232
5431760
6119889
8020784
9009798
7871061
5749171
1463845
3596693
498383
9201195
3957269
9147276
8589209
5266918
9736864
6567380
3089122
8393964
8590205
1244936
1802414
6659465
6940221
703537
6295128
6636148
8006684
6286002
6380109
8564653
7553459
2643730
8027068
8970394
1438384
7433938
669814
7980948
4845166
972859
8678843
9759907
7181581
5898826
9889627
4104620
6216467
1483056
5539615
5732224
7184102
9262668
5587845
9321144
2151667
8213873
2447823
1475535
3934309
2077454
2784130
5443077
1757073
9826851
5847801
9452460
2797033
546369
497320
4976485
1273799
2189816
6296571
580514
5941558
1064469
1597848
8921251
3694766
9042000
1311914
3799568
7652136
261766
315295
3451774
5100086
9688566
2073609
5594547
9028595
2556916
4797154
278562
7018017
7294430
4328831
2205605
2165408
2077924
4107941
893390
8193011
9390821
4430005
9487603
8785987
7401547
1877559
7925862
3294925
8593919
5598060
9335807
5032651
7940203
2210543
1991521
9464503
331771
1096509
4060472
7180264
7411290
4532919
3872821
8823075
644863
7566289
1874964
6475763
2392754
3489621
7173550
4038852
3571840
3276832
9237544
415442
6624573
3672786
1543310
7500806
2535365
9790682
3797343
4173577
2705541
9982669
964312
2644414
6144992
5969291
3589764
1518697
2763011
2077542
6527227
2897523
9679476
7998218
2151812
1434443
4873904
6754225
5613170
889852
738983
3726638
575276
7960574
2513172
6220393
3687159
4566499
1267980
5418347
7140469
2250994
3140497
3282084
3267282
2481964
2876823
4912082
4771259
2487833
6091595
9199306
9232437
4518636
749910
4920082
989570
1463688
5245487
8349991
3406242
8310116
9071255
8330822
9916546
6263550
2244565
454283
5737876
8466538
5151493
512784
7062392
5065551
4153888
3724664
7326028
2882954
517354
6193866
603572
6291954
5272132
9387103
4843066
5098385
7396176
2717064
1723846
2978997
4092108
5246060
6599714
832098
5722108
327034
4675277
54226
2889959
9819505
1261802
4044815
7973017
6289170
7653687
918802
8148669
5397503
839848
9972947
2293122
5824793
2036910
2213686
33901
6798381
204581
3580044
9021823
9190846
5551885
6783643
4021759
7583637
3783071
3914091
4525715
7936414
576449
5898950
2257914
3905401
2384034
711969
136305
2805685
4535519
5222639
9450197
7954096
7424382
2321188
8105440
3424688
7037203
7404508
11643
490635
9963648
7621991
7377644
4632316
4486429
1011541
9421252
2494104
717000
2764534
8738810
3959846
1019833
6215011
4346432
8522524
525261
2760587
7613465
770905
7408401
3233310
6616108
1756182
2042235
2509619
1351616
8564910
7964196
1813946
3154766
6631320
2701865
4231562
590413
6197417
6538200
5214037
8555395
2898034
2532659
9306422
2935835
5690492
8582982
854327
6149600
3756128
2853974
2508364
4149784
7031879
8495446
8438083
3220417
3323069
2389907
2919989
5354240
9706047
7691897
6652225
9911418
6223088
3712207
6871722
7620516
9736011
357377
2284981
6555100
2170368
6260937
187317
7454749
4845361
8883542
4418948
7127560
8233877
5534283
1966559
8625686
1606032
801619
34252
6270302
3068901
9679803
7519946
2562493
9948013
7154602
480131
4349316
2955264
2622078
7504272
9516483
6629291
7014791
8436951
8377792
1224146
5468266
2200199
2362018
2463029
2533147
3670745
7290320
13492
3797311
8354118
9037277
563041
5135217
1426067
6318321
8440361
3162155
7629808
6127472
2719394
4096057
3292818
1039658
8011945
2148985
7045426
2958205
134240
93754
7704469
3163314
8696203
2901493
9645107
2467699
6586925
9028017
9061172
9257030
7975354
4501036
4109283
416177
2656872
1233193
7854473
6243865
3862065
8890045
2560856
4405149
4172338
4062066
5446769
1726984
6301218
4949998
9315448
9606782
3586243
3169977
9099850
8039208
7938909
9812777
9759309
1340621
2367137
1832007
611676
1721272
2483049
6323157
4795338
2520085
9129376
6157892
799592
1605033
1373838
5540743
1833372
409810
5097215
1753309
4382668
9442027
8065142
6284729
4213040
9768600
349848
8231365
4254889
1559264
3393629
9949003
3635726
2303752
2841746
1758678
8977328
6498672
9711320
4984604
3815151
3676249
4221468
2892728
8253222
6058448
5363764
462312
6500861
180407
6159706
2181174
5848298
3475041
5400594
186922
4659539
8731037
4017287
6135040
2879604
5591370
8466110
2838994
2444320
5772256
6499202
6808750
3900697
5189026
6027358
3499789
6196865
4389156
3860783
4872255
4504718
2067056
7089086
2416257
5947605
9487287
4539805
2404015
9988780
4752911
2177897
8730451
5028773
1715277
6541349
2416847
4991933
8754395
4544941
8275165
3065818
5327325
8348563
3565681
8707471
7974002
8693464
9487037
5205393
8799950
1806441
1314137
2192704
2425452
9787275
4142497
3421915
1894704
4569461
8491959
6716321
1334700
7090953
3960259
4051320
2018794
8663124
9412044
9964986
3450752
4263080
4871168
6663613
4736948
5820828
490935
7270774
2900486
2715488
5994418
6240835
7320151
4740854
9690355
3584326
8935728
4764035
3682878
816635
7839405
5043146
6311388
5364750
7409117
3069232
3133036
4296511
1818144
1303215
2458577
5247012
1847423
848558
2885511
9533317
7307365
5044950
7376177
8259158
3357381
2216235
7389063
9073605
1244927
7974130
9727053
6577618
3756267
3196706
9253842
3538157
6714907
4964933
5956571
6633413
8658248
5286665
3029012
3585994
5605112
6493387
2013220
4810407
6012949
8179226
5478015
7342610
441165
2655450
6487209
5853419
4583028
4062864
6764154
8952853
635994
3670470
945308
6381485
3666360
6764695
5722318
2349778
1048371
8607968
9644090
9989452
5497911
7288342
3170367
2105985
1166532
8307158
5106974
6037567
8403926
5362327
77148
8924094
5616056
8481035
2941811
629856
6681161
7672916
7732641
4710886
6964075
2301302
8307922
3435714
975219
6254992
946855
8743496
1583885
9510228
128042
5520653
3942517
2099236
935104
1099958
5071328
9261275
996961
9839282
3461524
2299485
2175252
5154145
9047916
2765667
9754004
6537744
5888094
6638383
7901325
2002226
120711
2145071
740849
6002543
8689526
8080539
2021437
6669668
7317547
2631507
4172142
7732093
3099666
9328788
6922470
4527840
3925951
7688501
258611
7977083
8658732
5199424
9120598
9610193
13926
6692581
4304408
8785116
3757715
3902561
8830141
9404612
7786810
6580514
2900348
7201822
2843520
6874564
1411954
33128
1445459
497609
3553209
2433176
8045542
4697463
9151488
4339318
1427673
1289490
719609
4814215
5069275
3419677
3592710
1799654
6897920
7342423
5338744
8922793
8242503
8696805
7160707
6475888
2297334
8758475
34149
1747197
4596118
7662915
9785765
9437432
7933365
6572085
6842877
40151
2787761
7064571
7500842
9782080
7515465
4660745
2428381
1721265
5677941
9648295
7715329
1248535
5159683
9153148
5283950
1958820
2850554
7224507
3513958
4494436
9619622
6737586
9974781
9786782
8918287
6373808
6602343
4494688
1524913
9635122
8813907
6231262
1789722
5752239
748545
3944498
4044837
9275789
9271907
1064481
1702458
4292058
1395143
9046557
5372783
2709523
2915665
9688220
6733035
2037438
8415734
9846332
9577634
1786041
8748995
1768587
1140913
1308742
1598459
7535233
8332713
4870804
9935271
3386081
6375326
4372337
8095036
2430181
6105723
371263
1366652
5205374
6065194
9659575
9177078
6286334
9585142
3650086
8615522
4791781
2568689
5559853
4296400
6303965
1251681
3809572
4775137
246894
618698
4126892
9987100
2656533
8313465
2400734
4504077
8525861
7531100
5135028
6698848
3654959
5188673
8535065
4530080
4561160
780387
6369458
3827534
9258274
2570172
8949788
799494
1761401
516253
3653859
1960810
5598366
6100283
5327586
2793912
8947910
2428797
4657111
3179973
1937155
3548679
6449325
9041130
9677662
2681605
1451607
5126678
737131
2798677
3245703
7956189
4570319
5378382
1730227
2101115
8748718
4112006
8926834
2930577
1688344
5205080
8960939
2878273
3135174
9065536
9801363
9101797
5154441
6480547
9640436
5313628
1036661
1140016
616227
3985088
4612786
9767592
6616305
2934756
2797112
1971548
5268618
2361462
1355875
1583902
6854744
7022418
8334832
6528021
5231609
2617222
8389594
1016834
5215501
3613084
5946929
2837311
3073546
8420826
8587169
3669893
4772143
1580291
3491340
2897995
7325758
1740813
8854901
8979317
2516303
2888909
8804062
3842372
8849041
3847057
8004083
7608997
667896
6600086
4740486
2383355
5425672
2281182
8219976
2429261
3809719
903969
7514631
5075095
5792655
1082892
7593421
4183340
3688432
5993896
8196112
5945587
3261762
9721018
1016079
431155
4208629
6984844
8841514
9138123
3507117
1859385
1742149
489935
7773987
1212780
562703
2194304
8950788
587286
3954256
1325888
3353358
3630948
5697232
7634226
3294856
6342077
3141498
1492501
4232322
3613298
5396612
1833321
2532303
3267413
9861931
5411946
4787135
394091
3876300
9477758
6774396
1838496
8412325
7167535
2193665
8914097
3055931
8460551
7257146
9634440
145250
1485533
8218231
5595461
5500288
1277937
1365621
932314
910439
3120469
8348869
6643151
3244012
1270657
4600703
8800778
727800
8110028
3782931
4208647
6957923
442085
8756753
8006061
4987626
1065878
9978821
8428248
9061275
3139048
2317480
2097589
9392239
8343914
1080606
4682690
2616799
986
2320335
324396
8886027
7442053
1688077
6293290
8288103
5465472
4214207
4026735
5881776
6429710
8112015
6969526
2826000
2886779
4000565
6705556
3119307
9324075
3442518
6041000
4442395
6646473
8130747
4649737
9088510
1775658
5376087
9625585
8785730
6015831
6591907
2708127
8850066
3821016
8114868
1806824
7560065
1635105
9080937
756854
9409658
5247241
1796647
9643076
2185404
6987938
8064063
6051419
6096509
1216671
453511
401301
1277568
4016381
9233552
8818760
6752056
7545807
4061544
5673315
7077373
1904747
6776035
4781516
4249766
1980387
4659620
7541808
6260056
5639352
9565651
7489838
388404
7491336
2249124
6361513
6618385
7114761
5881361
1183197
1428247
7716200
6985440
9608896
4461265
8535499
9989416
4650708
3021151
7231858
3829421
643098
5675345
6141482
3993
5313563
3358930
6792237
4161682
6183574
7911216
6712126
4307887
4510702
6404042
9526976
9706898
9826754
8421863
634742
987378
8061722
6826664
5091839
3813002
4738803
3776141
4200992
4428860
8453744
3196842
812870
1119715
6158111
8782776
2507
764436
4646569
9153044
7924964
6871620
1963322
6530869
1184674
1639866
4066489
8729682
1253614
2721885
9657706
3213007
6340398
604702
8907406
3658463
8095347
2012210
8371356
2631560
7716130
522673
4744291
741806
757272
5992883
6220324
8131392
9639245
6121145
4842578
1550661
8948165
422358
6804279
2872844
1188610
8285872
2204078
1552158
2668757
6328024
5556219
7519780
6759391
3607139
209434
9159612
8070449
2401160
456637
6166556
4244696
4625625
6235045
516757
900863
2083690
7260556
8782327
1484183
1619211
4928440
6315410
6790279
470095
3045503
4834467
9584
4770270
2748208
8084451
799118
386890
7028055
9533310
5573640
3819946
8363339
6312866
5382965
2828306
4886334
4169698
5009618
1191323
7315194
6464656
2129529
6223986
2123372
3386536
8583496
3191891
2735104
335571
5540275
9695792
8206496
7999828
7159451
689531
7196641
7283859
4584297
8231918
6679220
2508074
3822370
2238841
163773
2211864
195658
1684246
4664757
8022951
3646833
8904350
7046252
4269605
9948362
9127756
5359756
7787069
3469507
6121841
3908413
9091736
2292782
9535380
784745
7557456
3388070
3297971
6121102
7179757
8422783
3645167
5618550
4279210
9301240
5307720
6449903
6097196
7150846
8451028
4187302
4205094
781872
7114765
80237
2993676
7378910
7780016
6792324
2315723
4005257
4437296
8350798
5902475
296695
1043645
6774959
7307075
784690
6992308
1824377
8847358
6954586
3338030
3024969
7979848
3106032
8823332
2534556
9710627
5066700
7610880
1025781
9863254
3311212
1341901
5042523
2908280
2260310
9592121
9207417
5225318
9972071
4519760
2562611
1840354
5310034
9554439
9151893
4507709
7634248
9219527
5526249
6890706
3772338
5439056
7338185
3267807
1790240
4709096
9923544
4429479
3632181
2135564
40301
7830614
3834587
8301681
6695087
2020968
5414188
5683673
2673792
6640633
2821307
7163522
5193959
7248928
9155567
5892658
9614995
914005
5491615
4855308
2002203
6466052
7480845
2772905
8745316
3109588
4899158
78003
4989062
4635583
3206648
2369129
9436151
2791730
582066
3253116
7951183
804978
8204107
4543105
5649080
2319678
8915211
7364718
1927770
5668320
1634118
6620677
9433059
8382882
9538486
9931951
8034066
8221723
1376908
6084272
7395922
7705820
9429857
5385809
919372
9636783
9480811
65605
7571422
9657738
4149048
28800
5777954
2143576
1310890
186110
3454886
1253442
6685773
6902319
6562436
1320137
2901851
4587225
2532074
5367663
1553388
9757098
6907186
7567132
14353
6610771
8987973
4963018
2315163
1215319
5151180
118300
7464649
6803475
8542966
7219021
3622607
8157867
2927778
1125842
9594816
9663066
5548898
4222083
4438894
5902844
4847264
5580172
780544
2231895
9180976
9602826
5892806
8984886
3289770
7683155
5319233
2620146
6332988
4569730
6949633
4466747
4462309
9073429
4679223
592246
7582968
7322031
318446
2798783
6599901
8573434
2752003
8168397
5763285
6090962
2096198
5386050
4881650
1316759
5852761
1028033
7965874
351370
4672215
4702667
5506721
6062772
1846079
9055726
9255458
6498104
8877284
8741389
4076700
4642176
8886931
3639251
3639084
9656466
2046958
4160789
8896940
6418373
7797550
8440605
8227259
5627188
8588601
409645
6478407
343551
3203538
1528714
4550982
1542715
2798978
2092780
2082106
895264
9465825
4999348
6677324
8571216
3982855
5510642
9514473
2826485
6011798
9421372
682832
1920554
6133401
2748050
1390480
5711595
6915018
9471971
245323
5325358
176912
639202
6633357
6643551
7916632
9945006
5245808
2916649
2070756
7519421
208425
9064728
5025524
9049687
5801880
9072338
8925628
9545751
7859524
2783954
1625935
6844715
704853
728488
3583057
1126378
5226810
7108234
7871236
7267463
668468
4725173
6826949
4652613
2205479
3423499
2220965
4608324
8262896
2416410
5461539
3650814
5326379
8131896
1242192
2932879
2199645
5757983
3100253
8784052
4865385
5015888
3336386
7152644
6170519
4461893
7606934
1871708
943939
4972271
9046378
5211097
2938223
3838373
8103719
8294731
2075073
4848132
4695518
416393
3656127
649796
508396
9005357
1450317
1467864
8261441
2991920
2096859
4722989
2335047
3441674
6960209
4311625
5605931
4207096
1875774
1643601
6500142
8367856
1501499
7636647
7685187
2684546
1419821
9272557
5069170
4803974
3723268
3354156
2332001
4547533
4658070
1174642
123172
709242
615219
3472718
9458372
506792
4539641
7781621
7266880
1328745
7597328
6277847
5413243
5278307
6162567
4322079
5801329
7092109
8304394
5091796
3262638
6013391
6102278
8974233
5561330
7734924
58312
2626368
970906
5676983
3472485
4589941
9003467
9617506
1856954
4892608
1012515
2824433
4966373
4661360
3547259
9870322
4469416
8523110
9654731
1555739
1258750
3936682
2299847
1992487
1549092
2023562
4677682
5300848
8889621
4735382
5032927
4886334
5040742
5961049
1458208
9917748
1332679
6027800
7420144
553381
2866352
2840118
1072285
8933014
3136223
7371981
7388569
1694763
2674688
4815269
1879419
6608950
6002518
6290473
1389425
8526822
753412
5618396
7754063
1782284
9982136
9245171
163900
8127806
2922800
9137712
7004922
8192792
5428197
8063822
7509210
4578254
7834861
3344781
4226693
1219851
5137285
3327846
3237092
12712
3187277
9370875
9639748
7731718
4714436
6834106
2556308
2808448
682347
2502377
5073895
4097462
2361287
4238556
945668
6887338
6454133
885076
9064909
98380
5864885
6935389
5598033
8088106
3214349
4831271
2990343
1323771
4420484
9877790
105444
7843003
468774
2560898
8611331
2185297
5980253
3072853
2835951
7498297
7856941
2757640
5930984
4726563
4891289
4096322
1211446
515469
5767483
1104466
3412100
7890441
8602708
1401617
5684749
7276330
8269374
3243527
1313611
3566246
8825377
6689527
6919905
3433255
3851424
4333033
6686079
8531019
3841182
213421
9745089
2804064
2013876
6798054
962188
2065657
1814068
741449
7688398
2753511
9071042
5493385
1308009
4718078
9256858
2765403
8212802
2580953
9190951
5661846
2557082
169497
1892030
3160262
7748909
2831610
8467081
3376457
3726451
8137178
5382586
4545794
1253553
6083787
7495301
3092145
1211042
5797589
8951998
9867817
6528652
4658736
4546034
1678482
7369717
1233564
511250
3270088
40021
9237603
5558512
328154
350057
7652995
7227092
7838291
4309034
8344399
9258096
222026
5365624
8217931
4787590
9046786
6619879
3653691
5243068
3661958
7487253
5389526
8665136
5654334
1281398
6813744
1024586
6499035
4989701
2633987
7033761
7014240
1470852
8835522
2526934
4019037
3650494
3130411
3021384
7503240
3439302
6219381
5401152
6035733
6507923
3095281
5958752
2322968
2237521
1391900
8320535
1877450
6141737
7256605
1280456
6837542
6305069
9234979
9494617
5657469
9402338
2038510
9130421
6388319
2700147
3657583
7237021
3501094
5154727
4037114
9771567
8791448
2921228
2772108
770813
2918806
3882596
4787072
9838552
7922916
5680215
9743966
6668010
2249796
2827801
3293197
7767185
640332
876793
9501307
9669250
1960829
5325653
7891979
7848073
4510728
6422731
2296098
725936
6171160
7323436
4625089
1641647
3751463
9093308
1339795
3932003
9687618
1967581
2081876
8647637
2770794
2727303
7118450
8237511
2187024
450191
8314991
9458770
4660559
7246477
3409172
5964440
5620039
5508914
1581616
541986
8051362
2813646
1412333
5801964
5586049
4639350
201005
4654804
2131866
6614584
7630490
1906550
5174657
9229594
5409846
8499751
7019126
6294075
2566595
8470389
1738089
1921568
9162088
3663773
1642313
6764023
253594
9693771
3780864
5379318
521634
3783941
6844434
6336864
5894935
1248769
2379826
5367890
7749797
8224893
6209767
3295381
6276881
1226018
4001902
9483260
6232167
8195158
1062935
4563890
2102328
9777892
305336
3701195
1941703
3127562
509126
6017354
1052250
1865082
8421338
4020182
6278696
6953809
7914294
3863534
5843616
173089
1766139
2424520
6619631
3855212
9674195
1687236
9184099
3328126
7029189
8623953
5407493
6945086
8924523
7170002
7115127
5721174
9486994
6299690
398369
1061827
9620945
6151271
3172300
3126744
2435158
4079190
1498260
7473421
4664368
2102885
5618848
2688129
1718766
3448216
5531436
7678744
8635390
543164
4610165
2896849
8264872
6160475
6866328
1064195
580021
5602014
3329515
1879949
3557034
931013
9775804
1865021
1218692
6222057
2921315
1601384
4693303
9417704
1350872
4852375
8938999
4749836
9750954
5405342
6837544
1288256
6646366
6088696
5346386
8810856
9097280
4220775
2304867
7284767
8784455
685
712659
3987115
9571018
2635737
7342839
1822103
2279560
6129628
4833338
3001099
9680018
9139282
2974390
4554651
3859535
2231794
2992178
1657258
9424348
3397137
9106410
1834449
4580656
1186599
2247086
685550
6211707
7539947
5500692
934488
4010927
6873224
7086729
7014278
821134
6101306
207208
5222498
3055662
402497
1980440
7262567
8524701
9495018
9907101
6283757
7801239
5752970
7267195
6479782
9236433
2197488
2008137
9409260
9203932
9989104
3442258
4579935
5163302
8634524
1971354
3032499
6826554
5691331
6844395
6364034
2819047
682339
340018
1625254
166124
9867895
5982811
8522931
6610605
7357375
688101
809646
3707301
6778095
4906143
3370516
8981501
3663577
1807186
5043372
7157263
814270
11911
1800292
399819
5504482
3726082
3366135
4195840
7223954
7327478
9479477
2699378
8171177
4573470
2345509
8857194
2158467
9698701
7251251
9604804
903699
1466625
6577157
8025648
7009371
3410861
495148
3453158
8728233
6402191
51468
3549002
8460347
7263629
5009971
3065290
4787329
3825806
704247
46118
5682537
3733298
4940464
4546949
4094602
2344322
4691291
334955
5744580
9235838
9222516
4886055
793002
941677
8166851
6202078
8857668
8824765
1213921
2908790
3570015
6364500
1894287
8687466
7101007
9584901
600897
2620896
5454600
3071804
3680952
2462410
8868612
8462983
7080104
9816682
818167
1878058
1887409
269829
6955394
6008175
335054
1894631
4494178
8679142
5496475
8954706
5825838
9316684
8264213
7673213
4203420
9423115
430589
3301853
2969259
4182773
7231715
5579209
4464572
1104721
4542647
6024491
3594572
9009400
7821992
5447218
4879215
681300
3589107
2251023
3902907
5529365
3856879
5142659
5516901
415503
6896207
8044522
2427555
9091498
7167100
4525034
9118181
1937905
5870605
7607404
9489408
9196105
9638202
5973865
4802387
3772018
6563344
7303083
340224
6812932
27056
3904117
8662729
3137050
183309
2578121
1169295
8906926
3076881
6290001
3109285
6910979
7417881
3680848
9911099
8676415
47959
6537577
5374232
7411367
1115007
8291324
8781411
2920034
1998072
2363560
5251884
457274
7645233
5196212
5722078
2954678
3311165
7343104
5084027
9057361
7520962
4935687
954531
6702194
8904332
479854
5776756
2124362
5320465
7579704
4599431
9128204
8260391
9649215
3733216
442529
4116683
5627987
1241447
3855145
4584103
5028306
8578353
6253975
4082309
5463750
791981
7238433
6348547
292250
7272490
1379424
245589
1832292
1098225
9960519
179736
1929105
3359673
3432171
688867
9387933
1789032
3610812
1068741
9106203
7611234
9095614
9548813
5547851
7030061
5185426
626599
9836583
4013727
2817183
3091307
7666804
3419783
1356321
3596069
3528475
6776773
3159600
3850201
2856896
2841511
6149374
206997
2912733
1435368
3581928
8264823
1103959
9311442
2171573
9430374
7280533
783993
2933106
5664923
8700922
50847
3078444
8617295
5526764
2102507
5286855
2187034
9684490
3491538
2479879
6559296
2254909
4539445
5524926
9881972
9926068
7757218
2822359
2054489
462990
1765182
1310829
1174275
1804109
1012224
8715339
5555091
1413332
1078996
4991882
8460738
8056910
1613142
7959031
6182701
8956192
4111585
1392386
112875
323920
1174355
3918534
5523329
6990339
1499559
6211361
8593832
3184885
2910465
2606748
8053038
3915943
8465032
4968349
5743436
7625496
5368709
6423147
4907601
3919536
8801188
5539445
1003948
8428150
7398103
6226350
7758298
7937742
3545485
9143475
4500503
2517419
5780234
7577033
2796922
2087549
6223076
9926349
4127692
1780819
6881294
157660
5016003
8355340
2436651
9626205
5430188
5856941
1148309
9439046
4769162
7294095
2473170
7446860
3442750
4472287
6942802
4943509
5626795
1406813
4098443
5063507
1269704
5608749
7917027
5057655
5497175
6815183
2894572
5293152
3828144
4203283
3371784
6725034
2699941
5233944
5293049
511442
360970
4828964
8661674
8852362
6400623
4914938
6664720
7289065
6342231
2196721
8000586
4192323
2406882
2491846
2284536
431726
7155747
8322973
7676858
5922234
5788066
6481407
8460566
1975731
5934561
6892829
1038516
9633494
1493267
6189790
4890826
6792927
3611156
3310099
8714857
6928509
5737158
5462116
5029614
6961981
3721834
5917111
8147822
5079146
7974907
4894408
5554061
1156307
5007059
1282287
4395656
5565264
9870294
1265249
1741383
2895923
8845497
263321
3697327
131898
4236242
7959536
6993602
2122935
5429530
8349269
2195858
4397341
1090441
5110874
6856724
8872073
4721676
5809324
9092679
3947167
470961
7708845
971278
4469860
7447222
5180525
3253613
3751083
2916917
7247928
920550
7002223
1622438
3914001
5537725
1743860
7517437
9928743
3855953
6757807
4352100
158009
8323223
4467414
6915800
9178353
6247458
4054270
1881754
6964233
8340742
5536791
6071139
9795922
4881400
9813279
1215812
6302194
6185636
4444422
889581
842692
321103
4595372
1700083
3655272
5376750
128244
9447495
5021157
3500466
5180989
5073346
9980893
1081158
4883259
7914777
9610944
3484526
6499577
4977389
8639465
4072282
3888077
5875707
6573488
186730
814794
4158909
3364832
6131268
3054437
6200398
3933080
5671327
828473
2554776
5637755
2260370
2956396
5428845
4751364
6986975
1134328
968767
3470502
9405168
6598565
3148999
666874
9433247
1027841
4986831
2951007
6591428
5732920
6918562
1463898
4152124
7228213
2576424
8043173
3708462
7041441
4869717
5667974
3387064
9612219
3319641
866320
5665152
6610941
5718233
6383529
9869303
502312
5020495
7625744
339867
7076858
7750192
7952085
3867242
1467840
1074747
9918721
651677
1255013
1192482
1479093
2456517
6088237
9940458
2829169
2674745
977572
6805968
6189578
5363193
7350877
5354419
414270
4877631
1775936
8194959
7488754
4537831
1499967
9047221
7668981
8787026
6652952
4701876
6295332
9408871
1828718
9855413
3064546
1913368
4159132
9331282
2254074
8482204
1081429
2933680
1920661
129081
3743413
4505655
1827752
6634947
3597722
6527003
3661210
4731015
7565005
1531810
9416110
9258949
8892443
8649652
6644804
5861936
471530
310687
7053755
7588715
6964985
6155859
7402151
6523589
4580752
2507654
9922697
8452529
195974
1116582
6406949
3179176
3240261
4868952
2926538
3251288
6248884
6856960
7588222
8603329
9915606
4170531
8515733
8426562
8661400
2882021
2541378
2931921
2358329
359164
8551913
3851940
6899124
4552596
2761946
1375904
1340383
5887986
124774
8703576
4489884
3686588
5796880
9116012
8393200
2697133
7908196
1207655
7018395
3543478
355597
8324307
3632748
9702007
3257167
3793680
2422843
3622987
5409847
8643262
6493427
6141437
2556274
8227158
2752935
9457836
4950556
9645953
5729204
941742
5802238
1977468
4529240
4662505
8946781
7548156
4107126
1428208
3136850
5472248
6571414
1107854
4170206
752433
7757219
2084302
102744
3657629
4612603
6920296
3012996
5654925
1611117
4877119
8105422
6434264
6633914
9176389
9157568
774437
7966075
1683753
6319649
362405
1111133
3088220
9256030
5812700
7715624
5311375
8606709
9075221
9709535
2871480
7623019
6821928
391359
7144287
4448482
2889921
7100795
8232024
5139846
4063122
9197499
4650421
8844894
7959708
4535223
9557839
3471203
4958127
921610
1717955
9715413
6962107
383597
5235760
9570347
8357319
5279589
7021212
6357770
4873496
5172402
3170515
1732953
6488913
6899681
8174957
7230163
6353174
8641749
458610
9846020
8645138
6939585
2605809
2591434
6277033
4010564
6756461
9436901
3921157
7273629
6543438
5066781
8885554
9783154
577387
4564680
679674
3953859
3938691
364384
1825712
8121131
6694219
748882
4414135
7274580
4010997
2485317
8557145
5846090
3201088
8751152
8706755
6179498
3557430
9793978
1292777
9631199
6782614
21856
8597344
9464523
4161903
8077801
2798451
3999724
3575616
3554039
6836334
7680519
2016601
3615792
4886627
979516
3939031
5344122
9665426
9826702
9647540
8913784
3615663
6805582
1169195
3288994
9317163
9527259
7823527
2645544
9575794
5043276
6472680
4738140
282461
2612748
9396550
1561521
194631
6143009
441727
9495304
9445239
7562060
2468788
3415042
7153762
8463326
3186905
4002345
6180975
3014363
1090879
2464589
5773054
7221696
9370347
6781067
8137110
3085303
7957887
4361721
3679859
387200
6332005
1331355
9133928
8236504
1155195
9247448
1486394
3517812
3877529
7885984
1904509
8496256
9807364
6083655
6806389
1197223
8027140
5544692
8440795
6762338
7092665
1241859
2449460
6135128
2521268
1330169
1320024
7017455
4404054
3945127
7344700
8581870
1686153
2107991
4478364
8578688
8406244
2933379
3004049
1509499
4410343
3832506
9295981
6475366
1943422
3696582
2445593
259870
3678532
7375295
3793233
4448341
3071452
8765780
5389269
4544184
5084394
2781244
3638737
5453519
963071
8409346
9355393
8872218
2893650
241205
295238
685488
4730238
7348630
6859568
5133589
4139699
9325361
8428338
4522929
4046274
3680878
961802
9374121
1466017
6333911
6741016
6893017
6187341
2545304
7434549
6976684
8242867
2090745
9816466
6027873
1049832
622008
8733132
7475827
2791699
3853319
8263595
3705014
7106875
5381783
2849591
1524828
6809471
1460503
1336315
4110849
731030
442776
6089955
2315756
7593163
1268990
8776730
8105723
4835028
5571930
2945150
237359
9359946
1249710
5679703
3129017
8576326
9396575
5750825
8638312
6360563
784662
1933562
5227024
5318125
8623344
6320008
5323827
9906176
7897503
2769695
9073808
6187150
7596741
602258
7550000
9078587
2144826
430425
3203753
1382303
5550116
9440056
8869241
1540542
5361380
6721107
4512702
3538700
9240245
4259977
2964908
2403445
754340
9168350
4573622
1036481
9392535
1618
7250772
7286207
1127488
3124656
305361
1082348
1837783
7490015
7078440
8307983
3301954
9263592
5019326
3554845
3645418
4179666
9367638
6445130
2696719
8886859
2879976
505146
6807055
7499620
5154593
1863265
2960601
9629234
8180892
7730250
2133332
7511314
7445386
9655981
5648115
9609835
7706967
9472532
2679235
9780912
5929218
5186632
8621380
878421
3120341
8624808
7675050
6959889
863255
5323131
4801423
6761863
4361951
2428680
9903185
4780389
4959230
8792973
7516061
8156434
6538179
1366026
2572912
3025007
680234
3767178
8290168
3172374
9050989
7505925
1002797
4239219
5922521
9166428
6232427
7710150
7943374
3108906
9623207
1376782
5042667
293070
1478296
7246614
803612
5643792
5826545
823580
9032869
6564805
2616219
1236851
3819196
5161171
2313572
5526658
3003204
7498127
269132
263507
4656344
6927431
3078970
8921106
4829785
7207049
6679634
671318
3201449
6922362
6804973
3664494
7554941
8146977
4736625
5527091
9388381
6350637
6348714
9859357
7754010
4993664
1385767
6825788
7948750
4626780
623894
1749625
9556126
801360
5016485
197762
8572103
9127582
502482
2010064
5879121
5380158
5017702
414298
7480193
721217
8022795
2578218
7380854
5754410
4819316
5948622
9757504
9259849
8880119
9105803
3815483
6586272
3340087
9171492
3837984
1188014
5419646
3045909
9407224
8940283
742812
7306125
6164951
5523678
7390601
3712915
4729375
4174080
34639
6952951
7673689
5365233
99297
4576538
3535059
5603340
7282303
4754916
9824456
1630545
9156264
5466787
2352406
1509878
584026
9929355
1535866
2360132
2956838
3867652
4629880
3672994
9972266
411699
4961581
6434007
9274660
4232453
3655739
126296
1122837
250762
4553999
9424915
1510462
4465611
8980599
5456383
447127
230708
1354590
2163144
4033020
8377733
8578262
1791997
9971867
250155
3971722
7013776
8314093
4741580
1435775
1262086
4556180
5894113
2673249
440236
2276327
8030648
609815
4366844
6514397
874335
5033164
2893600
9641019
686357
7939968
4574633
9012285
386709
8973596
3462801
407518
9668365
7466409
870483
3116230
5720609
2777490
7458762
3678245
5490619
7539872
1407685
5341087
9288811
2745202
7781565
2007429
303102
6071013
9839308
219241
3440980
8483552
1715031
6817677
9878257
786582
496763
6053946
1241489
3956249
5543593
4282225
2985546
7255119
9596569
2734305
5311151
2969374
1099363
32065
9287073
7724425
3010312
565283
2854422
3296862
9455814
5745857
4261589
2696258
8512512
3259645
3591110
1864364
3606530
986575
5248758
7715693
4366221
3801919
3276864
855013
8712139
4543388
8538513
1185162
185107
1037269
2294009
4403041
5821999
8777541
7284244
6486137
560429
4951201
8028781
7906624
9264016
9128592
7210651
9933382
4659516
6313399
3883532
6819052
8681304
6084562
2981240
3391758
3017519
6476893
4001736
9623389
6600783
2598307
3684106
7451288
7038238
10667
7357575
5266387
3291845
1914962
9774565
5585720
9720229
3170473
5564649
705819
158427
3023768
1013291
4666019
9285486
509636
5549893
8383907
9399960
6597391
8374295
6161111
5947611
1911368
2751488
9318364
5640136
4174859
7213890
9896692
3662831
5367471
5476854
2255864
3149462
7258685
5385693
8857763
8110202
2796406
4037072
5671663
6217738
7258061
8775869
4573186
1724881
662272
6552332
2157739
7443668
6134437
8819685
6844281
6390778
348424
2470744
3760463
9598780
1271863
2458368
5913337
6715079
683181
6321238
4074453
5984058
7255956
3681900
4917889
193097
4302842
9794967
5469693
7334981
2837332
7747139
7748374
4640111
1217054
2340821
3211136
1290901
4804369
1511287
9649249
9305672
9372193
4248274
4432931
9601012
8481319
3678206
6045917
6985620
284886
5718360
1468378
9066224
3817089
7780140
2187113
6815259
1654077
4294940
7381598
6040278
7037848
6096678
3416985
2053085
4762581
4607781
2010852
5376667
4414955
5304038
6740421
1070505
4795218
5173799
6355279
1790557
3960754
3386786
4993520
2896260
7764938
824263
9910004
5749580
69621
4024422
8594516
7178801
6769713
2662236
4804262
2861389
6954994
1331785
3964237
9081512
2318917
4321796
3621573
6527857
7868426
7614612
9039926
8239785
9373838
9261677
5845675
1696547
7640085
3914116
6278092
9253393
4160500
9903496
3255326
2419380
9229776
3055602
2220254
9895326
1205065
6841837
9512142
283402
2387721
6000583
8994537
6131876
2157740
2657708
901613
8775177
473082
4401993
1646233
2244792
4656930
4472507
6862987
5278819
7836823
7539920
4072013
5073812
5894944
8062991
8139377
2637688
2817984
9749646
8295863
6922106
1276361
304158
9258228
8469390
2533883
1253324
2014718
4737610
8603476
577910
2067387
1092988
597090
7021390
568479
685896
9600948
6605145
4873438
2539872
8347892
235670
7613378
288525
217269
6801060
3308589
613455
9542079
2897038
8522682
2333265
8698774
9283615
2558376
9103949
9451030
6102190
469680
500115
2436756
2932380
5196989
180794
819263
2769967
602745
5380122
1768178
2912373
7751820
288409
537531
2926673
7441202
3044310
5931462
1065520
3794998
5578962
5524961
7724920
2432429
2206212
1785420
3962083
571352
3004416
297376
6935451
570017
3357237
8946305
2933151
472275
2561020
6061918
708741
670160
6501372
2914424
2525543
7412049
1045350
175063
7611143
4244207
6423773
7280051
3262322
5606208
2229929
6050364
2669782
7643787
3369148
8636949
8162519
8196031
2164300
9646323
3150735
6963286
62039
3840197
935266
569539
3358463
8344484
7681182
7520225
5478064
7164236
6336451
2610346
4165058
5430576
4144862
3464115
3883294
2956777
8578026
9867824
9038268
5932223
882718
4833853
6672380
7260937
2434486
7212604
5948230
9685720
9732916
274849
9197995
1362486
1131735
3521554
5181314
8385813
4450948
5804229
9619619
1314635
4075508
1236805
4037708
215350
5250592
1612237
467233
8970894
3742492
9614805
3979581
1794177
4283897
7375377
8397213
3715929
3440701
7018575
3487903
2530313
2821026
3759783
680843
7948114
8802687
7035484
9337225
7989323
2532491
8865158
2802048
5320179
5517880
332624
1157219
3258199
6768205
8413553
7021521
442236
4887506
3416257
6286424
902091
8813507
3511297
4548398
3326142
4201890
6154282
9615254
4380088
1054314
5866432
3375423
8842183
6695571
831714
9204650
1727342
2561362
1081071
3235154
532403
2096329
7092864
8815694
2491856
5319530
826994
1741370
8635053
9952051
4550724
5291290
6823770
2952079
1837165
3891989
657268
5392142
592272
5525451
800073
6401883
1036309
9807728
7265279
2324613
4452977
2832271
6869223
7585657
6130129
2975571
1035158
983489
7169584
9413655
7080535
789808
7890106
3007742
9857529
1613164
5902213
8020578
5232244
1160349
4849500
2307783
4677395
9145708
616668
464718
3830442
1182826
4664553
7791391
3388403
4006647
9270847
3402392
8465560
9039970
1219360
6445875
7860620
4847661
8489298
4065200
6729255
3106338
3778861
3383802
8690277
6474747
2371447
7389292
6151945
4972853
8698917
4231299
8254919
6027057
7200184
6186071
4669837
5938829
2684945
7935920
5026154
1058238
2412358
2531467
7836976
3368313
8628082
4403973
4390226
8911118
1511526
4637005
1232644
1248371
3222246
7134845
8717410
962991
8592582
2375390
8221935
1985361
7102421
5817599
1174267
8912200
1889156
9584279
8771152
297286
6458229
4795110
7496656
7917835
5653422
224968
3964999
7976144
5901811
3057533
9465070
2038422
6742961
2226607
3460893
5252043
94111
4172788
8889602
7440724
7546084
7445671
720140
5564103
707577
4252640
1844283
9225774
9476809
7479441
599085
65198
4790397
3218247
3640332
5298150
7711025
9096456
3248718
7538034
7655429
2334789
796726
1565491
8344777
2805536
3669501
4001036
5069241
9982350
6137762
4717777
3899146
8623583
6549993
2891047
7063869
6531839
9818372
1213263
2229866
9378792
9973763
4143600
8628003
449593
438131
7928153
6444787
2758217
3903114
7392091
40323
7126223
5637682
9905022
5940167
9289694
6438805
4979294
6514298
5868907
4440226
4406480
380533
6276716
4841121
3787612
5148677
2349056
9118063
4726408
4851799
8954506
4572494
7226337
3052986
6325234
377552
7851485
7908467
4050576
4590154
6425891
9636153
5068781
3076035
6329180
9629526
9695331
8127208
6198164
5288117
7299710
2001523
7428514
8035328
8478517
6405079
6708841
5639535
6547670
3080266
2486520
8566021
4336063
1957072
4749339
7420470
4913193
8208170
7892560
5889797
5662646
5410497
6089121
406023
3383377
1009172
3694331
9725267
299997
8705209
5451332
5645758
3617884
4949184
4136664
7141129
5970752
2556729
2790498
9067179
7645122
9371578
1847795
2913446
8509460
754868
5372785
525814
8296102
7076255
1067213
3085049
7455849
6895821
5610914
3196095
8556541
2905501
304265
7441448
1453663
6246412
8821049
3510521
3129584
3861713
6212728
924168
1865513
738779
9461744
5309168
452864
3843351
7199304
545304
2833253
6986049
6938552
8444279
7328750
9475275
7597207
2017264
3705562
1856558
3125667
8774159
8203864
3444886
2541253
6165658
1785793
2789094
7451460
7069260
548890
2454378
6922914
6029961
7856365
6064666
675101
4086241
2713008
6463440
9767307
435931
3622354
6648066
9221622
2686197
8842671
2168477
7665942
4982857
5373228
6234595
4495740
8458427
9635201
4485159
1403203
2549772
425196
9775174
5371862
6710493
212092
6007705
4854792
7532558
6219198
3399744
6134457
1021032
1143544
843975
4210483
2228188
6465036
9130791
9565923
2377406
262826
2729768
5987223
2336604
6193350
6148327
4020357
6233752
8700817
3570192
2270247
1064398
6234326
4247148
7444398
3591571
3268369
43768
2808085
8672730
7679581
730627
6012932
5312731
3057327
3415778
1065403
6410933
4829622
9731033
6944864
2760292
2912194
9947280
7762557
913316
5465996
7810247
7425392
4382326
9360056
790190
3422527
1419906
3788938
5093009
6041897
6729510
2508635
8987787
2452448
5945258
2104095
81811
5794760
2311108
4583268
8218245
1629291
9980810
861181
9154582
9263145
5281678
3435409
338882
1845864
6299312
8036797
6319248
6986973
3330007
824993
4124750
7360229
2148290
7089180
1302184
660531
7635309
2586142
6091068
869656
1743195
4444130
3631222
43640
6695287
3900855
2209860
2827379
783543
6634504
2107543
7257145
4907186
2263023
4927769
5533991
9111669
7575843
758024
5769943
2155231
1553123
5408810
7733214
4766271
8266811
7708894
2095632
6173331
8760474
7476229
8992461
9811136
5276414
5107155
1962493
9345110
7334294
7896072
5011169
5778025
9966919
7751100
8757012
3275054
1920709
2610856
6085014
8887585
1606398
5027239
8675965
7592633
6574898
6746284
1059622
6217773
2704710
7439241
539070
5623652
2509110
3543209
7292745
7201396
5082797
147004
7181691
265683
8028327
2520044
626954
2643988
4155060
4411005
3288102
7491379
4150762
8523564
5005639
7799168
724223
4529512
1573806
7301113
7965433
2510021
6400482
4410807
7318541
8424801
9605562
3316744
8034308
8249130
5075674
577047
7214791
678172
4456853
5881600
8501922
7614770
3745222
7117413
6245072
1951009
6467512
3672767
6029843
6792046
7886419
9923691
3893951
4967803
4388126
5246182
6613519
1927838
6284294
1508963
3869441
8104386
1224099
8810528
9492972
6782709
9189633
5647078
3886620
4973984
6564648
3116378
4414415
9436711
2664968
2914294
8812247
4314572
5297040
4418531
751694
9292331
5576832
3101076
6718500
9878530
1867769
5386318
4695361
1336131
8981967
8300255
2287862
1602720
7961982
5992616
7068855
9310097
7681424
636528
5790844
4898333
495578
3278862
9976932
4224507
4690710
1402545
5747362
3777539
1753375
3247467
8546696
4651335
6080458
3258238
1595498
171060
7203267
3573
8705913
6490928
9654889
8943474
5644324
4323275
1100229
343453
4140887
7147068
6649528
5272141
9275710
3246072
3510562
2134313
8236034
4856258
576102
1067709
1709681
5996215
1772316
3426400
9442629
5133838
2433269
7234961
5424946
1031164
9955310
2755791
3846045
9666673
5559774
5817929
4133854
2907561
209800
4311303
228541
7970866
9013101
1652979
7085653
3275149
5960048
2087168
2851865
5610631
1486793
1994127
7718764
6104367
6154398
3766055
9942133
3651504
4296005
1819596
6536641
5334298
8788661
5812813
7151083
1177773
6229842
9163223
1468050
8876779
240642
1602803
1575834
158806
4230585
6145196
2749669
4932171
6598322
7020238
8576210
6286897
9812161
3858013
1731108
2220283
104071
825581
7748383
3257831
2007200
6938659
9762652
1185478
3555205
9042060
9468258
8758410
69121
1863425
8031542
6403226
5617295
5386187
8882885
7843345
8035377
7286123
1090790
3050386
7702550
3265924
2973338
340011
583165
5852950
6822652
8932857
2165541
9901746
2272240
5990713
6063206
5810824
4062432
2767205
1063179
2654811
8269131
1588051
2831129
3960805
2168942
7841776
9510626
6999305
1501046
1519236
8449711
5334661
3074642
8202393
6287658
1284330
3221720
6644771
7010588
5839226
7217344
1984563
8309208
5740564
616269
6154910
2981662
1540419
8466040
1068794
1809414
6374886
9612250
407713
6267590
7781241
1700613
2069679
83116
7767354
8157497
8515776
2905894
7626499
1973570
2760341
928813
4548328
837558
9108312
3585341
5381190
1591158
733097
2178416
7961762
8975640
1639275
1284885
5394358
699831
9217211
3842057
7358403
6069327
475887
9168939
4757807
861705
7423767
66599
8392008
7471712
8708633
3955756
5824526
4753317
994891
8678586
892504
844743
5726194
3826183
95335
6568525
5182933
3849516
6592736
7207092
4752601
8248817
6237366
7483666
505873
4307904
7500902
3575602
866847
9530932
6157021
2014857
2027386
9439183
5420521
468757
7459352
4583612
4098482
9913717
5854621
921594
6513553
2638475
216450
7733939
4179531
2820785
1003559
85213
7323734
2412601
9276788
1006995
8159868
7464723
3950510
9997726
1892241
3593492
6386699
3186790
426202
6034755
3841615
1166851
5127033
4705796
9576828
9327685
1839107
9419345
9911308
1080636
8835050
124560
7202303
3648244
354560
3453194
9971750
2657622
190934
2966983
3558974
4535492
945178
7521852
2094451
3408967
7061124
1476390
6786925
7535788
975160
813489
9368220
9126177
2061666
5533417
7952015
2548200
8085889
9503236
1940840
272271
6697753
2706197
176388
4422583
9434655
4996632
3277873
9484754
613032
4417251
6632732
6627740
8358404
5049058
8980603
5403867
7514781
6706036
677834
8648635
2535206
8931115
6978335
8030257
3258571
4771763
7426644
3220348
5113876
5486776
1077317
2539868
4387914
3646030
4660745
633010
2656161
6697404
8373462
6968123
5019455
7595850
3694867
3667943
3603077
778001
1880930
5643050
1257651
6258758
4507893
9073982
1523104
7484412
6790559
2385856
362268
4950523
8805924
8329602
8918467
3532854
7485482
9149734
1816211
7252398
7624005
1093517
7012494
1837909
9211470
154333
9960799
6449415
8062636
6061303
2187458
9812482
4354536
4849782
8223792
3542762
380378
5549893
9008263
1961510
5819529
2867068
4811148
8641018
434213
9358853
2105851
6512368
5753793
5116090
3977000
6433358
7135812
1098959
1717334
9223632
9405767
2477267
7907270
848637
6705524
9603380
6682435
8651267
948065
5769187
8739903
7239384
7270070
2779116
1047238
9067383
4092204
4192719
8506277
9684094
2955701
2749473
757431
5185957
1337374
8381303
7283434
666738
4930563
1038377
2191804
9036979
3881016
6172332
8263048
8291068
4120411
4523491
5633973
8492257
2174039
7878122
7868754
2187024
3409534
3277944
7303555
563386
3524405
994067
6136198
9208710
8980608
7660703
6951248
6236886
1718270
5846781
4286924
5233606
4952609
6003601
6267878
6277722
457202
5405860
7112297
7505625
9034604
5586359
2989293
7323424
883021
1053510
5341371
3962583
5488573
8342336
130018
4587313
3657294
8961215
4562116
5152931
9505237
2973870
9693935
7810472
6525725
4766326
6506579
4918758
894396
4476330
6396899
1169903
3782515
5998177
3612205
5239512
8508869
3598762
416067
868621
2914166
844177
1457907
119895
5688900
9213296
6923471
7361525
4024578
1005453
745698
1388244
9165366
3972136
9436659
6600131
8026649
2863536
1630650
7129039
1424211
3665487
2018126
4498377
7495958
4950840
4227818
1199743
4033377
8025478
8581682
1617347
1073792
1810258
9550554
7655077
2012431
4329430
3669918
6767631
5370588
4828696
102857
4104023
2585953
2257161
3305362
9763855
1784791
8002763
111045
2060873
3419575
237938
8665333
1973375
8583668
4856603
8398752
1973122
7245501
8011802
754219
6492327
3167425
5410520
9764958
448355
3311323
8530735
2659391
1523352
2601704
3292600
4239192
9717073
8525013
4252964
1334552
5491085
1543884
7286291
9071138
7790864
1915205
9834019
8292157
8425886
9508685
9156137
2290324
3650075
9254457
8466060
6594033
2629440
5449478
3279911
7324155
4172024
1855911
5843459
3482517
4374833
4718473
4349540
4422586
5919789
2730405
6400243
1260151
5025284
6629203
3203773
9200918
1352260
2861346
6333038
6838806
6626697
5724969
8859765
7666178
4113929
6239077
8253829
4703848
6864323
3083929
487133
8050503
9744720
4416567
2509071
9112065
6551884
8144336
2671427
5492551
1254600
1646678
398979
9235303
2812151
9368051
3176076
9160620
1788743
7561321
7457736
9841294
8924466
2440446
9654787
8347200
2483170
8715770
8978059
6354898
6822324
4428386
5613445
4996521
2427710
2155844
7325059
6857432
263365
4598087
8009285
8662679
4149741
596308
7943488
5589681
5489794
944177
3863730
3947293
1641770
8739873
4002570
4180789
1606590
1632975
4769231
2095110
9233534
8206245
6496156
9964261
2725312
7536110
1614000
2331404
6886745
9647781
2537567
6707144
3976668
937024
1235805
2114179
9742674
4698978
9782223
2185193
8437562
3870260
4415051
9822252
9066099
3236337
1259392
440353
4878736
983237
2120263
1534412
3453391
5584108
3925035
7978419
336288
4770108
9987867
3436096
4506949
6036777
5178409
2610997
3155858
1979501
4755985
212876
480621
6843931
8543905
1350002
8398170
4871827
9071282
464678
5244351
1247414
420191
5434127
402190
5838661
5265646
5825239
1568936
2066295
288930
2678090
5036474
5255366
1299353
4831313
4115946
3448808
7628036
8450705
8570071
2376420
1640596
3561919
2618763
5795839
4892495
8913650
8738466
5633826
6407298
4621934
6991997
3973785
9870464
3210728
8880346
7407960
8145818
6665592
1390319
3025377
7493975
1120862
1440165
5582601
1053060
9340517
21415
5127931
1351401
4002281
463286
7985931
7256811
6611909
259875
4918819
8948710
3697446
2965573
6173331
5867521
3269909
2012361
2338070
5988671
7095010
7344262
3838828
7474907
8283425
5471392
9075835
1682977
5556763
6635541
7453508
7896546
2097646
8036911
2268406
3266486
2510867
2615553
4357989
8703487
7708608
2836996
2797722
1671338
1896439
798227
3063515
8678499
4358148
8895923
6201102
41305
6561124
195837
9819890
2597698
1088867
9860718
8185396
4167783
6063599
7326483
5095622
765523
7791351
8359171
6898179
4430406
6059613
377723
6107159
6299142
8589416
6841754
8415189
4178731
5465417
8578680
4119372
7468297
2874882
8496854
1087268
4492830
581553
9411002
9936219
817915
5063431
8494259
7002571
7992975
1525741
7921314
2475303
8649959
7009268
3184302
7497768
1881615
3771823
1059383
1935989
343735
9398086
9759333
4301580
4395352
1677919
1477088
5744344
4458880
3128442
2105615
