150
99 104
81 97
105 133
92 144
84 99
79 146
129 76
75 115
132 97
86 141
80 93
81 125
125 135
93 107
106 131
116 137
139 103
129 82
95 94
84 119
79 110
97 111
94 109
109 114
126 108
127 138
96 107
103 137
88 113
134 81
79 124
127 90
133 138
133 126
94 88
103 80
119 75
95 141
102 85
89 133
109 144
78 128
134 111
80 110
113 141
98 111
118 106
146 88
123 110
77 133
107 116
113 86
115 85
126 123
95 115
84 99
104 86
146 86
89 84
142 118
115 81
109 143
141 81
109 135
129 140
104 82
142 106
126 110
127 118
99 128
131 77
122 129
93 132
87 75
134 98
146 92
109 112
119 146
139 116
109 82
146 121
118 139
136 86
143 149
136 81
86 82
122 122
104 146
79 145
106 108
94 129
138 130
77 98
146 83
101 108
101 104
76 114
88 138
105 115
144 126
82 120
145 82
140 81
109 79
99 81
92 92
121 137
77 114
76 113
107 123
80 115
93 77
91 118
93 132
84 103
75 111
83 148
121 93
148 103
149 78
105 98
87 137
122 135
111 123
149 102
79 98
133 135
96 80
93 126
124 103
93 122
124 144
113 139
106 112
116 107
96 136
127 130
106 108
102 147
137 102
144 104
78 130
92 108
101 145
136 94
148 103
147 127
142 142
97 84
149 93
