200
172 185
163 155
181 102
147 105
191 108
104 151
129 175
171 103
141 145
117 182
110 166
181 154
147 158
188 189
173 157
140 142
137 170
151 135
188 197
173 187
100 115
169 168
191 103
171 188
117 184
148 151
114 112
135 162
193 123
192 163
128 169
133 110
160 147
196 158
114 125
125 120
187 163
149 176
189 135
118 170
153 158
132 180
131 120
144 179
143 126
135 129
191 197
173 104
172 118
128 152
157 137
177 124
179 168
134 166
177 196
173 187
114 199
186 136
144 104
148 132
144 149
156 117
162 108
149 145
186 193
162 176
140 131
141 188
181 169
134 146
121 126
105 157
187 119
191 174
112 193
133 165
117 172
111 116
189 174
105 149
198 108
109 138
186 172
156 157
136 130
134 198
175 157
131 194
165 155
151 156
148 105
190 110
155 161
182 173
172 124
103 196
177 174
121 123
190 164
104 133
133 172
109 158
147 175
182 125
129 193
115 199
133 116
181 151
114 186
122 134
106 124
170 173
139 197
131 150
171 139
133 139
172 179
181 170
121 131
197 197
116 189
129 170
117 144
134 120
148 166
152 175
185 160
188 149
122 111
162 178
111 149
145 185
132 113
131 196
148 149
172 107
106 128
187 190
173 133
117 197
193 144
150 136
199 178
119 146
153 107
129 182
130 179
159 151
192 100
180 113
172 171
155 159
192 170
149 136
187 162
183 143
121 141
177 141
101 103
132 106
122 184
150 169
173 123
109 111
151 104
193 147
122 158
167 189
159 192
101 136
147 193
170 154
104 157
187 117
152 111
103 124
122 112
195 122
158 153
110 186
128 179
145 103
102 169
141 104
148 199
124 178
158 123
175 149
123 174
162 183
163 122
194 113
177 193
184 167
149 187
118 123
199 112
112 135
147 125
106 107
