100 70
0
3 0 96 4 19 6 8
1
3 1 45 2 33 4 33
3
1 6 14
4
5 0 66 1 52 2 39 6 40 8 51
5
3 1 4 3 16 7 70
7
1 7 36
9
5 1 72 2 0 4 3 5 2 8 16
10
1 4 45
12
4 0 20 1 53 4 2 6 95
14
5 0 64 2 18 4 67 5 66 7 17
15
2 6 85 7 65
16
2 2 59 9 60
17
5 3 16 5 90 7 17 8 69 9 76
18
5 0 37 2 69 3 61 6 71 7 46
21
1 1 13
22
2 3 96 6 63
24
4 2 19 5 42 6 26 9 24
25
1 5 48
28
4 0 12 2 2 6 51 7 20
30
2 2 64 5 93
31
4 0 44 3 17 6 97 7 6
32
4 0 64 1 73 7 67 8 68
33
2 0 88 4 47
34
4 0 85 2 65 3 82 7 14
35
1 1 46
37
3 0 33 1 5 5 8
38
2 3 80 4 43
41
3 2 83 4 94 9 76
43
5 1 96 2 88 6 58 8 17 9 47
44
1 9 83
45
4 0 2 2 14 3 6 9 26
47
5 0 80 1 15 3 83 5 50 8 41
48
1 3 61
49
1 0 1
51
3 1 35 4 32 5 51
52
4 2 41 3 8 4 3 5 4
53
4 0 15 3 77 8 56 9 58
54
3 2 27 5 36 9 88
58
3 1 23 3 75 5 6
59
5 0 75 2 34 3 48 6 23 7 65
62
2 0 13 4 38
63
2 3 72 4 95
64
3 0 22 7 38 9 43
65
5 2 50 6 96 7 64 8 47 9 78
67
5 0 47 5 76 7 80 8 10 9 45
68
2 4 74 9 17
69
2 2 94 4 41
70
5 0 32 1 33 2 7 3 18 7 97
71
1 1 74
72
3 1 47 5 33 9 99
73
2 1 24 8 25
74
5 1 29 3 8 5 41 7 7 8 30
75
4 1 5 2 42 4 14 6 80
77
4 1 71 3 19 6 17 8 15
78
3 1 83 5 22 9 45
79
2 1 59 7 95
82
4 0 28 1 23 2 11 7 94
83
4 2 61 4 88 6 7 8 80
84
2 1 68 8 98
86
5 1 22 2 43 5 71 7 29 9 42
87
1 4 62
88
2 5 3 8 65
89
1 0 72
90
2 5 46 7 16
93
1 5 2
95
4 4 21 5 73 6 34 7 34
96
1 8 63
97
5 2 60 3 41 5 42 7 48 9 93
98
4 0 78 1 68 3 64 7 19
99
4 2 37 6 73 8 62 9 67
