110 100
2
1 13 18
3
2 7 96 23 8
6
1 12 4
7
4 9 39 12 82 18 22 25 108
8
2 6 70 15 81
9
5 1 91 3 51 10 19 17 104 21 15
10
4 4 47 20 93 26 105 28 34
11
3 6 71 21 4 27 8
12
5 11 86 20 54 25 32 28 35 29 6
14
1 19 78
15
2 20 61 25 9
16
4 5 105 7 15 15 60 16 62
17
4 5 21 7 61 16 93 26 65
18
2 9 99 22 87
19
4 4 42 9 54 13 69 29 91
20
3 1 51 10 100 15 40
21
1 16 23
22
5 6 91 8 87 9 8 13 102 15 100
23
5 2 27 4 12 8 65 19 38 22 84
24
5 1 99 7 11 9 89 17 17 25 81
25
1 28 48
26
1 11 36
27
4 18 32 19 40 23 100 28 55
29
4 10 97 12 87 16 22 17 82
30
5 2 49 3 84 12 10 25 62 26 108
31
1 13 36
32
5 5 13 16 15 21 40 27 45 28 1
33
2 17 86 29 4
34
4 5 3 6 80 22 17 24 102
35
4 3 105 4 43 9 29 13 57
36
4 5 97 6 52 24 43 27 58
37
2 18 91 28 90
38
1 16 46
39
4 13 14 16 19 21 84 29 89
40
3 12 76 17 86 21 68
41
5 6 77 8 37 21 18 24 40 29 44
42
4 8 107 13 104 18 26 26 68
43
2 1 91 4 62
44
2 15 1 26 101
45
1 4 18
46
1 26 29
47
3 0 78 13 96 15 92
48
5 6 18 11 70 13 39 22 21 24 7
49
4 2 104 13 53 17 30 28 37
51
5 9 30 13 12 20 99 21 41 24 97
52
1 28 29
53
5 6 3 17 27 19 89 24 14 26 92
54
2 2 98 22 80
56
2 19 29 24 59
57
3 8 3 17 74 18 5
58
5 2 97 5 56 7 12 8 105 11 19
61
2 4 11 14 52
62
5 10 14 16 87 18 92 24 40 25 43
63
4 0 21 7 70 21 99 22 56
64
2 3 11 8 39
65
2 8 14 22 46
66
1 5 98
67
3 6 41 18 23 27 75
68
5 5 3 7 53 10 81 12 17 29 58
69
1 28 108
70
5 4 81 5 103 7 11 8 50 10 89
71
1 22 57
72
5 5 28 10 49 18 54 23 73 25 108
73
1 20 18
74
4 19 22 22 103 25 77 28 40
75
2 18 80 24 70
76
4 6 59 9 48 14 47 25 53
77
3 2 12 6 51 12 58
78
4 0 60 6 46 11 84 13 71
79
4 4 43 9 60 21 96 24 77
80
4 19 46 21 11 23 28 25 65
81
2 8 80 15 19
82
5 1 108 5 98 11 18 15 96 26 97
83
4 10 2 12 27 19 61 20 54
84
5 0 101 12 38 18 97 19 62 21 10
85
1 2 73
86
1 7 38
87
4 3 93 8 39 17 56 23 100
88
1 21 38
89
5 14 106 15 62 16 31 19 83 20 41
90
2 6 12 28 31
91
2 2 86 13 107
92
3 0 68 13 14 19 48
93
4 3 2 6 82 12 89 23 76
94
5 9 34 12 102 18 49 21 30 28 47
95
5 1 30 14 103 23 70 25 19 29 9
96
1 28 37
97
3 15 95 21 98 25 69
98
3 5 47 10 24 27 24
99
1 6 13
100
4 10 37 13 70 17 4 18 35
101
3 0 3 14 86 17 104
102
3 11 42 17 108 21 92
103
2 23 33 26 38
104
1 15 1
105
1 17 17
106
5 13 75 17 44 18 93 22 64 27 94
107
3 1 28 11 105 22 36
108
2 5 84 27 76
109
5 1 9 9 76 15 103 20 109 26 72
