1000 40
36
3 51 213 71 625 87 59
96
1 77 924
172
1 17 140
173
3 3 556 28 98 55 774
182
5 46 777 47 842 76 685 86 682 91 517
201
5 28 288 41 704 53 681 79 175 93 349
266
4 20 593 21 472 29 710 91 35
276
3 41 675 90 250 97 560
309
1 73 875
328
2 62 508 65 881
342
5 4 162 13 216 53 73 83 342 99 716
365
4 38 513 52 193 83 176 91 15
372
5 3 573 56 717 63 754 76 656 86 909
444
4 3 429 29 826 39 220 80 111
448
5 0 62 12 823 24 816 40 762 77 671
474
4 2 401 54 704 56 842 80 406
479
3 1 451 68 638 88 481
525
1 54 124
536
1 5 37
543
5 11 855 17 532 27 878 30 299 87 185
579
5 32 920 38 722 39 352 76 831 94 751
643
1 42 822
721
4 1 823 51 872 58 430 83 306
735
1 19 434
769
3 22 387 31 959 66 336
784
4 39 996 61 784 85 514 93 82
837
1 65 783
843
1 46 495
854
4 25 529 59 743 78 25 82 996
903
3 17 944 30 202 35 754
911
5 1 249 13 535 55 155 92 672 94 551
940
1 25 458
948
4 21 455 27 163 58 259 81 709
961
5 3 999 33 18 45 66 80 671 91 91
962
1 43 65
970
3 10 733 13 295 47 544
973
4 38 33 41 623 44 257 50 341
976
3 21 654 59 676 60 69
991
3 37 529 67 434 77 944
996
3 15 124 69 541 89 799
