150 100
0
2 21 3 35 81
2
3 5 10 8 140 10 110
3
5 16 100 20 76 32 87 39 120 46 39
4
4 0 114 8 2 17 4 33 111
5
1 34 137
9
1 11 141
11
2 9 103 36 116
12
3 16 0 34 23 44 75
13
2 37 125 42 18
14
4 5 118 40 51 44 28 49 56
16
4 0 83 9 121 16 61 45 96
18
2 17 40 49 51
19
1 23 119
20
5 0 24 14 77 23 51 28 136 35 133
23
5 10 54 16 66 18 15 30 48 37 21
25
2 16 131 22 32
26
5 2 1 25 116 31 130 34 135 36 83
27
5 7 116 24 19 30 131 46 48 48 108
28
4 10 29 17 98 28 7 31 109
29
5 6 3 7 1 8 80 10 26 37 121
30
5 4 115 11 45 22 6 28 60 48 118
31
2 6 136 36 111
33
1 18 59
34
4 3 143 11 141 16 4 47 133
35
1 47 118
36
1 23 138
37
1 19 24
39
5 0 107 21 10 44 121 46 67 47 62
40
2 0 9 41 122
41
4 0 105 18 81 35 137 49 63
42
5 7 47 9 77 16 6 17 137 26 27
44
2 29 111 42 46
45
1 6 35
46
2 15 64 20 118
47
3 36 58 40 40 42 115
48
4 17 6 28 29 32 110 41 70
50
1 3 16
52
2 16 83 34 60
53
3 29 26 37 121 45 100
54
5 2 75 27 24 33 34 38 76 42 142
55
2 14 65 49 26
56
2 15 5 19 64
57
5 7 131 8 35 37 18 41 56 42 100
58
4 37 4 39 50 42 132 48 22
60
3 1 145 26 46 28 138
61
2 40 76 43 46
62
3 10 77 11 12 34 73
63
4 0 141 28 95 30 149 31 80
64
3 6 147 19 4 24 87
65
1 10 143
66
2 8 54 18 133
67
3 3 144 15 86 18 94
71
4 35 28 41 55 46 113 49 121
72
5 0 82 9 89 20 51 36 25 37 65
74
2 7 20 19 78
76
1 39 75
77
4 28 105 30 1 41 133 45 124
78
1 48 67
79
5 11 98 19 65 27 16 31 6 46 113
81
1 17 29
82
2 4 35 34 8
84
5 8 147 40 76 42 65 45 132 49 56
85
5 11 19 16 27 26 111 34 77 46 124
86
4 3 12 39 103 40 16 48 107
87
1 46 139
88
5 10 59 23 103 32 35 38 67 39 98
90
3 1 112 41 98 43 131
92
3 0 130 12 113 23 78
95
4 2 84 8 82 31 1 39 120
96
3 17 31 31 66 46 86
97
3 27 40 29 129 34 14
101
2 7 149 22 87
102
4 25 121 26 144 34 8 48 56
105
3 13 118 16 35 23 42
106
2 10 35 18 118
108
1 39 114
109
5 0 74 1 133 25 90 30 59 49 107
110
4 19 145 40 14 41 110 48 20
111
5 0 41 4 14 11 104 16 20 27 143
113
3 2 27 3 119 43 94
116
2 5 102 27 64
117
5 0 26 16 19 25 90 36 14 38 125
119
3 17 139 36 19 44 97
120
2 15 96 23 89
122
1 20 88
125
2 27 21 33 59
127
4 4 96 14 81 30 137 48 81
129
3 36 7 43 56 45 44
130
4 5 83 9 15 39 137 44 138
134
5 0 22 3 31 26 11 39 54 49 49
137
5 7 57 8 16 10 28 20 102 35 83
138
4 12 3 19 97 24 106 29 2
139
1 12 95
140
5 6 12 10 36 11 96 36 124 43 127
141
5 1 39 10 108 12 46 16 120 34 11
143
5 2 18 8 112 12 136 26 0 40 144
144
1 39 97
146
2 19 39 21 114
147
5 4 4 5 107 13 89 22 143 32 133
148
5 10 47 24 127 31 77 40 145 48 6
