400 60
9
2 2 206 6 93
15
3 12 65 13 266 16 121
21
5 1 118 2 121 3 20 7 108 19 144
24
3 1 297 7 209 17 24
26
4 0 175 6 39 7 255 10 339
36
1 2 216
37
3 1 341 2 390 8 214
38
3 5 393 14 330 17 148
50
5 0 159 9 373 10 175 12 344 15 62
64
4 2 255 7 268 17 356 19 357
69
5 5 285 8 211 10 45 15 167 16 18
70
1 2 388
74
5 1 316 2 33 5 348 12 215 16 334
99
3 5 383 7 345 17 396
100
3 2 353 10 323 14 375
120
1 18 102
121
3 4 137 15 268 17 365
125
2 11 243 14 68
128
3 2 45 3 394 16 97
134
3 4 116 6 75 12 67
140
1 3 211
143
3 2 313 3 164 6 179
147
3 5 226 8 375 13 252
157
4 2 340 3 45 11 85 19 380
158
1 0 268
164
4 1 11 4 361 8 40 14 325
176
3 4 181 10 23 18 156
178
4 3 91 9 362 17 282 18 213
180
2 1 213 2 111
189
2 2 10 19 64
195
5 1 359 3 396 5 165 6 189 14 77
197
2 13 93 14 252
202
4 3 127 5 338 15 185 16 322
207
5 0 247 4 303 15 379 16 45 19 35
211
3 3 59 5 130 17 187
213
4 3 268 4 207 6 383 11 269
223
4 3 128 7 284 8 276 18 39
228
4 5 189 6 389 14 134 19 78
234
1 2 341
245
2 7 53 16 280
249
2 0 128 18 343
250
4 1 80 2 247 6 221 13 61
255
2 3 199 14 325
261
2 0 285 14 371
269
1 17 128
273
5 0 259 2 240 6 145 10 190 19 26
291
2 12 301 14 215
294
5 2 4 4 239 8 383 12 316 15 354
311
5 1 66 4 251 16 91 18 169 19 41
314
4 9 4 14 263 15 277 16 117
320
1 16 69
322
4 1 212 5 121 8 255 15 169
333
2 1 322 16 188
341
5 9 72 10 393 14 308 17 349 19 361
345
1 14 79
363
2 6 171 12 63
378
2 2 230 16 182
385
4 5 71 10 31 13 380 17 33
387
4 3 391 4 265 5 277 19 248
394
3 3 97 9 388 15 362
