1000 30
9
1 62 166
46
5 44 278 51 110 52 301 66 66 67 741
230
4 35 698 46 414 64 47 65 866
234
1 17 213
252
3 40 369 67 221 74 952
278
4 7 144 28 219 51 284 61 875
279
1 71 764
306
1 37 534
382
1 36 589
401
4 11 102 30 858 41 955 58 538
402
1 34 398
451
3 35 786 41 261 99 655
526
2 33 935 56 608
552
4 10 959 38 494 43 816 84 977
555
1 95 689
560
1 70 988
574
5 2 536 7 299 58 416 90 65 98 846
594
5 24 760 32 116 49 58 85 995 96 115
596
1 29 753
621
5 14 452 47 3 61 572 72 540 85 560
656
3 81 920 85 824 94 68
743
4 2 454 16 929 76 602 91 670
812
2 50 479 98 34
814
3 5 148 27 860 93 946
843
3 6 702 9 690 52 597
899
1 88 349
907
5 14 762 56 425 87 313 89 964 98 36
957
5 16 132 17 648 18 284 20 320 86 602
971
3 50 499 52 304 68 880
983
5 23 607 33 452 52 226 80 400 99 172
