1000 100 100
276 1
339 0
671 0
78 0
726 0
320 1
53 0
946 0
716 0
568 0
256 0
27 1
673 1
761 1
120 0
285 0
398 1
656 1
670 1
971 1
780 1
717 1
883 0
917 0
587 0
402 1
46 1
656 0
217 1
931 1
952 0
950 1
924 1
35 1
875 0
603 1
347 0
966 0
208 1
836 1
866 1
950 1
631 0
725 1
872 1
429 0
979 0
22 0
80 1
148 1
46 1
549 1
674 0
912 0
668 0
897 1
975 1
123 1
783 1
507 1
402 1
375 0
586 1
115 0
341 0
261 1
329 0
662 0
145 0
585 0
31 1
44 1
645 1
553 0
64 0
554 1
438 1
561 1
123 0
459 1
969 0
457 0
37 1
45 0
823 0
950 0
532 1
979 0
953 0
726 0
122 0
45 0
250 0
507 1
543 0
670 0
367 0
98 0
939 1
295 1
