100000 500 1000000
15810 0
32116 0
21886 1
30432 0
78252 0
39522 0
4441 1
40036 0
53345 0
86543 1
93414 1
97499 1
19274 1
79593 1
94448 0
47171 0
25932 1
14525 1
28477 1
2368 0
13983 1
19696 0
32124 0
88104 1
5862 0
73624 0
94038 0
99100 1
81613 0
71104 0
28948 1
94670 1
62370 0
23232 1
48936 1
40955 0
71946 0
54537 0
19180 1
76483 1
25731 1
77738 0
46805 0
45761 1
86429 0
29206 0
38071 1
80814 0
49012 0
85657 1
5146 1
31305 1
65525 1
83051 1
17133 1
61032 0
38466 0
53177 0
64489 0
41511 1
12892 1
81850 1
81011 1
72237 0
37073 1
24916 1
35239 1
96967 1
12753 0
11000 1
27111 0
14632 0
35230 0
36845 1
79787 0
60215 0
6843 0
72497 1
50428 1
96681 1
49207 1
11237 0
24828 1
44656 0
62837 1
53649 1
91193 0
69246 0
30173 0
61676 1
64642 1
76794 0
88663 1
14544 0
61137 1
97014 0
20811 1
55315 1
98348 1
39957 0
40672 0
51330 1
39032 0
65937 0
1206 1
38885 0
30247 1
29694 1
3160 0
84014 0
97862 1
19382 1
84391 0
58295 0
97086 0
44754 0
73060 0
78734 0
75998 1
98228 1
77778 1
5614 0
25925 1
53514 1
39357 1
434 1
4390 0
76620 0
60165 1
87667 1
43880 1
30260 0
27610 0
60835 1
56788 1
6455 0
77390 1
32365 1
43032 1
73015 0
76690 0
71242 1
14026 1
75838 1
22110 1
46743 0
99226 1
79135 1
34897 0
12526 1
48068 0
99313 1
651 0
34250 1
78137 1
49153 1
19736 0
62701 1
38015 1
25968 0
39495 0
37213 1
13863 1
93177 1
35892 1
54919 0
80374 0
11690 0
36754 0
38667 0
58344 1
75865 0
30554 0
25920 1
60999 0
13792 1
21581 1
68870 1
7709 1
18545 0
82544 1
13106 0
58925 1
50902 1
37364 0
45224 0
43129 1
23119 0
25085 1
19199 1
48461 0
44909 0
72096 0
84664 1
4459 0
96240 0
82768 1
64868 0
93755 1
78550 1
75431 1
67332 1
42269 0
39064 0
97779 0
84847 0
54861 1
68060 0
10252 1
21285 0
4754 1
42757 1
20381 1
19349 0
98716 1
50822 0
42758 0
30028 0
95435 1
38526 1
6119 0
5637 0
70417 0
31010 1
6182 1
77755 0
13956 0
74493 1
7667 0
12433 1
48224 0
71492 0
53457 1
51620 1
22081 0
62293 1
81307 1
68845 0
11500 0
65806 0
24184 1
3609 1
99410 1
7760 1
14777 1
8615 0
71721 1
38417 1
6606 0
14926 1
43293 0
32795 1
83635 0
19100 0
16596 0
71863 0
85602 0
22318 1
92413 1
34764 0
9014 0
90660 1
50187 1
81804 1
96897 0
84100 1
39519 1
64633 0
37304 1
32692 1
28451 1
58544 1
48369 1
9036 1
43879 0
11003 1
33217 0
41345 0
23034 1
25238 0
58927 1
99342 0
39443 1
96196 1
66028 0
62912 0
85435 0
67909 0
47390 1
52969 0
23961 0
17451 1
36049 1
52860 0
4749 1
4215 0
96486 0
17072 1
43970 1
55441 1
27162 1
7661 1
9408 1
88362 1
19915 1
18393 1
60142 0
75844 0
22685 0
50730 1
6113 0
34756 1
60162 1
84956 0
43207 0
50300 1
36092 1
69093 0
82505 0
36283 0
16743 1
27397 0
21949 0
97141 0
85741 1
18250 0
60488 0
62686 0
3888 0
20329 1
82332 1
51115 0
85610 1
78801 0
67946 0
22905 0
81242 1
59543 0
96317 0
17453 0
53299 0
36077 1
10630 0
28945 0
85089 0
19311 1
61792 1
21924 0
29289 0
3765 0
60339 1
81565 0
94533 1
73077 1
55974 0
37845 0
29313 0
7088 1
4170 0
73106 1
16589 1
14994 1
59746 0
21285 1
49406 1
75040 0
83261 1
40390 0
81281 1
96642 1
12585 0
97545 1
21288 0
55903 0
58483 1
59172 0
94951 1
92157 0
97781 1
36671 1
10497 0
95101 0
69859 0
98623 1
4830 1
22000 0
97672 0
85867 0
37795 1
18914 0
96392 1
10721 0
451 1
88318 1
67838 1
68274 1
602 1
90819 0
63629 0
85762 1
42025 0
16227 0
60430 0
86930 1
75676 0
76744 0
55535 1
64203 1
98455 0
83152 1
68444 1
70445 1
33421 1
68800 0
60980 1
18688 0
15895 0
59686 1
95454 1
39613 0
28106 0
26394 0
78321 1
36040 0
99076 1
38550 0
67727 0
20123 1
42910 1
59058 1
43167 0
41782 0
80628 1
11358 1
89625 0
27684 1
97876 0
59738 0
15032 1
30665 1
63363 1
78605 0
68317 1
10890 0
36870 0
8895 0
53955 0
7016 0
45552 1
67963 1
14403 1
86208 0
47394 0
34218 1
47697 1
60947 1
89692 1
38599 0
29513 1
35359 0
41550 0
20371 0
59384 0
61045 1
95224 1
76653 0
45659 0
72615 1
98162 0
98383 1
63594 0
18915 1
17362 0
40297 1
69728 0
36501 0
2883 0
95728 1
24861 0
66931 0
93209 1
48180 1
57468 0
29821 0
34389 0
1830 0
9891 0
98656 0
16853 1
32319 1
25885 0
91657 0
59971 0
91149 1
24865 0
45197 0
43755 1
85324 1
13082 0
67796 0
