10000000 1000 1000000000
6081182 0
6176179 1
4638937 1
3902129 1
9162178 1
4447070 1
6187066 0
4010343 1
986382 0
8978930 1
7053881 1
7961444 1
6897987 0
24276 1
5740677 0
2162126 0
9639090 0
1054020 1
6359488 1
4917972 0
9362518 0
8374594 1
3871951 1
1192746 0
4584174 1
6718200 1
8410104 0
3089712 0
9652922 0
8167697 1
6161866 1
1007636 0
1378932 1
6656922 1
2967707 1
4418319 0
6717492 1
7205114 1
108330 1
8993096 0
2114412 0
1035080 1
7069585 0
9462915 1
4492657 0
720501 1
5867554 0
6943661 0
2457929 1
7452100 0
4422318 0
9466917 1
4306486 0
8418134 0
442661 1
8999152 0
5200837 0
5315224 0
6256585 1
552471 0
9088624 0
8798940 1
4925761 1
5671969 0
8105440 1
9682675 1
9723296 0
3169200 0
3423853 1
8686475 1
986700 1
4468069 0
272156 1
6267360 1
5191292 0
6132425 0
3714844 1
3227068 0
9360 1
7676388 1
2664097 1
6939341 0
4451147 1
3334637 0
156823 1
4679660 0
3899115 1
4634889 0
5588357 0
7716755 0
1729200 1
1890397 0
4397558 0
6262808 0
7732527 1
9548144 0
9070402 0
3826091 0
7488001 0
9612361 1
7571673 1
29769 1
6441579 1
553660 0
4248 1
3613377 0
6486178 1
6665900 0
905750 1
7242949 1
2931963 0
4436981 0
4910516 0
9364035 1
2488491 0
1774256 1
8432323 0
6565203 0
8923871 0
3075396 1
9112564 0
9407797 1
5401991 1
5831308 1
5092462 0
7419890 0
7509665 1
3441030 0
1102829 0
8112632 0
4596812 1
2579257 0
7643858 0
5313511 1
3903097 1
8704623 0
9023407 0
2211757 0
8702720 0
9589640 0
2325668 0
2516272 0
7652635 0
7920097 1
717735 0
9828654 0
6640100 0
3931906 1
4249322 1
5493892 0
3950626 1
7760131 0
7125774 0
9490286 0
2850014 1
777778 0
2982162 1
4220623 0
9869876 0
1771138 0
9720595 0
2262429 0
7304129 0
9864923 0
9810799 1
1484900 1
1167051 0
8054905 1
490809 1
4846107 1
2659393 1
4332970 0
9542465 0
1383068 0
3420119 0
5344616 0
1312294 0
9862725 1
5580724 0
9878193 0
7182299 1
8647484 1
3927589 0
3154144 0
990039 0
9080216 0
1303967 1
5633068 0
4062061 1
577973 1
3420921 0
5811122 1
6694576 1
9732996 0
8867461 0
4819469 1
4805384 1
9730276 1
274044 1
2138923 0
8817490 1
3887413 1
917316 0
1565460 1
6120427 1
5112307 0
3183494 0
6397840 1
9286742 0
5025938 1
3775928 1
3351914 1
6254124 0
4068690 0
8373312 1
7428783 1
1713614 1
5468351 1
9794446 0
5977234 1
5559417 1
1017790 1
1581935 1
5830267 1
9848584 1
526386 0
2135314 1
9840465 1
9942998 1
2500601 1
1060682 0
4596413 1
785538 1
2445314 1
9151361 1
4748600 0
588773 0
9996525 0
2147528 0
552346 1
1062473 1
3042037 0
9579650 1
9190599 1
9872693 0
6241755 1
8620852 0
5202695 1
7638752 1
4247425 1
8754819 0
586362 1
8357272 0
8169791 0
5316652 1
5892826 1
9145125 1
8582129 1
9545224 1
9867401 0
6673311 0
6618608 0
2880320 1
3021298 0
2927812 1
3269140 0
6446473 0
9854115 0
1739722 1
708545 0
383214 1
2569335 0
8304311 0
6419800 0
3701949 1
879143 1
3604516 1
8129314 1
8353966 0
750375 1
2993582 1
9143001 0
8257690 1
6706817 1
9349282 0
3981870 1
4400367 1
4171269 1
7514534 0
5797917 0
8062841 1
4056200 1
2636412 0
4794820 0
6414776 1
9659453 1
3723632 1
7370621 0
5158105 1
7511150 0
3767260 1
3217749 0
1118693 1
3564154 0
8699209 1
2405701 1
3452298 0
3381142 0
9163298 0
6353053 0
8605670 1
1866458 0
9687483 1
6575957 0
125421 0
245713 1
8702938 0
1025620 0
1891546 1
1092612 1
8361844 0
8099972 1
9515331 1
883327 0
4542433 1
7062733 1
9343965 1
6764180 1
2030072 0
6167678 0
3939064 0
6588931 1
7916206 1
1480739 1
9592226 0
2303053 0
6145061 1
303310 1
9650564 1
7834924 0
9097955 1
5866769 0
1462685 0
6812670 0
5108089 1
6707733 0
5774796 1
8803512 0
2423557 0
6013241 0
9346700 0
9379433 1
5669055 0
6812344 1
4848530 0
9743812 0
576884 0
5524830 1
9796608 1
8536025 1
4636289 1
3286991 1
8900252 0
8732336 1
1135671 0
8423668 0
20648 1
4079829 1
1223216 1
9683167 1
9337884 1
4571837 1
3128819 0
1712635 1
5076516 0
7165767 1
5279985 1
7408664 0
6071098 0
9526197 0
2062229 1
3605438 1
4178094 0
5102994 0
8297765 0
7657033 0
8618876 1
8079916 0
7024524 1
896093 0
6674832 1
6493377 1
8148368 1
9152928 0
5780650 0
4789794 0
1814041 0
2150364 1
7748083 0
8683271 0
501663 0
3045670 0
2755036 0
3365471 1
4918144 1
9969489 1
660298 0
5982909 0
8566675 0
7366979 1
3074361 1
2443802 1
7504085 1
7761125 0
636409 1
4726573 1
7024692 0
2392218 0
8769942 0
1388486 0
1660683 0
191010 0
5071678 0
1342686 1
2554562 0
9879956 0
2783649 1
7703016 0
5528796 1
4711762 1
656511 1
237698 0
5353159 1
8351736 0
4682064 1
4828642 1
836893 0
3123077 1
9439045 1
53314 1
2454386 0
4602559 0
1491250 1
2316929 0
3754033 1
5642139 0
2659076 1
4688047 0
6684266 1
5169024 1
7323954 1
4327998 1
2802643 0
7611203 1
4453812 1
3410834 1
3960463 0
87646 1
226124 1
6835419 1
9616895 0
2540134 1
3419104 0
2298221 1
8367835 1
8103444 0
6757321 0
2230654 0
5792649 0
6448717 1
6383818 1
8677308 1
9413411 1
4237530 1
7190897 0
145132 1
2841399 0
2015859 1
6292038 0
3548325 0
9554392 1
3337768 1
1157749 0
4222658 1
1298028 0
3410282 0
8880566 1
7283719 1
7843176 0
6718128 0
1600769 1
9825549 1
2560040 1
6069895 1
3904555 1
3174799 1
4841356 0
9897621 1
4022122 0
8582775 1
8283613 1
8944409 1
9182637 0
1390076 0
3099889 1
4612054 0
9185416 0
3227692 0
9473255 1
8923989 1
5062072 1
1586219 0
6621502 1
7527545 1
2140040 1
8177674 0
4058746 1
4648023 1
9629544 1
4558860 1
5915641 0
621958 0
8468601 0
2718306 1
817545 1
4175704 1
5889345 0
2208455 0
8713051 1
700121 0
6659441 0
5345225 1
1949381 1
7917540 1
1129977 0
5743488 0
691911 1
8639480 1
3140262 0
8065056 0
5517007 0
6394215 1
1850174 1
3115338 1
1644684 1
6027239 0
3664177 1
4395336 0
5049819 0
4926905 0
579088 0
4370439 0
919391 0
287762 1
909877 0
850371 1
3580153 0
6810252 1
9837667 1
2405112 0
1963457 1
553340 0
1206385 0
7641304 0
4873751 0
8014691 0
4686735 1
7177718 0
2040587 0
3848737 0
2277769 1
9329212 0
7361309 0
8937909 0
3023515 1
3860865 0
2538329 0
7409177 1
6494372 1
1682850 1
4326786 0
2908190 0
3816720 1
7947177 1
9191174 0
4670017 1
7786996 1
7635319 1
6725165 0
110996 0
4293261 0
7926463 1
8111900 0
330793 0
8182328 0
3750760 1
729101 1
9030053 0
3059083 1
1705612 1
6877901 0
5062841 0
5972898 0
5242221 0
8836448 1
2578537 0
9146066 0
7320288 0
2725427 0
2952380 0
5134214 0
4595130 0
8847505 1
1390172 0
4828495 0
6161476 0
655518 1
5766038 1
3082682 1
2695866 1
6872259 0
254598 0
7737677 1
7293691 1
665034 0
3582346 0
1102020 1
1883346 1
3359262 0
6604953 1
9166538 1
7873266 0
9657596 0
7528296 0
1169265 0
5467709 0
6485668 0
7013530 1
8799241 1
2647826 0
886081 0
1587738 1
5874553 1
7575189 0
5501741 0
7714255 0
778004 1
6554098 1
3919887 0
2300962 1
2668963 0
7685114 1
7043935 0
4038263 0
9107068 1
7007008 0
9451854 1
8921120 0
4226095 0
4463791 1
6149739 0
5317547 1
1572791 1
6138967 0
4691983 0
8363489 1
3913265 1
3448797 0
9450923 1
5571232 0
7222516 1
8799603 0
3518672 0
630459 0
3971874 1
4879609 1
4366690 0
3159705 0
2923208 0
3081381 1
129821 0
3120219 0
5319324 1
6263532 0
2174008 1
6667105 0
4736297 0
3090912 0
2573094 0
8969183 1
9818590 1
1754417 1
8912280 1
8941004 0
8217755 1
4929382 0
8074067 0
36388 0
242726 1
7679719 1
6412098 1
4469551 0
6350437 1
1553802 1
307664 1
413297 1
5816431 0
925929 1
6766988 0
3390263 1
878106 0
9613540 1
3728358 1
3582126 1
5882438 1
2705355 1
8392798 0
8509608 1
9872781 1
4509907 1
8433053 1
549758 1
7186478 1
5364806 1
8168566 1
7793202 0
5500925 1
4325277 0
5803250 0
411732 0
2060854 1
1664896 1
4930851 1
344213 0
1459664 0
6045045 1
4758534 0
8384961 1
1030472 1
5091509 0
4710052 0
2944826 0
7024934 1
6099864 1
4266339 1
1520731 0
1695286 1
9098139 0
3424712 1
1031783 1
8240905 0
1540417 1
242959 0
8742342 1
2010972 0
6335828 1
456997 0
7572375 0
6969432 0
7325084 1
8746469 0
3837539 0
8864814 0
4066595 0
5722009 0
4630066 1
3085260 0
7545730 1
556029 1
4137493 0
2434234 0
7285368 0
8840630 0
7962159 1
5768714 1
2961205 1
8966164 0
8621374 1
9907378 0
9527716 0
8529236 0
8443508 0
9688955 0
526555 1
1273586 0
2513509 0
3057038 1
6847926 1
8864234 1
5843856 0
3201186 0
6288846 1
1251474 0
494747 1
5331127 0
1290764 1
2718709 1
754551 1
1238101 0
7083633 1
1380277 0
3653735 0
807223 1
8419708 1
8998078 1
5451070 0
1495790 0
4766091 0
3133869 1
9494363 1
1707124 0
2072322 0
4299438 0
4160679 0
1458438 1
5675148 0
8123335 1
2507056 0
4246181 0
9721079 0
7065323 0
765141 1
7897100 1
537755 0
8444695 0
2195961 1
840210 0
8221534 0
4422856 0
3412325 1
6251086 1
6358635 1
6844429 1
7086152 1
9792051 0
2392810 0
7320351 1
2917778 0
4032708 0
4084723 0
2733215 0
3506350 0
5053880 1
4189401 0
6108681 1
6654133 1
3699577 0
8225048 1
7071620 1
45812 0
4594126 0
8314885 1
6623663 0
7303783 0
2333675 0
4505934 0
9312949 0
1668919 0
6789880 1
4977013 0
9876852 0
1929952 1
259584 0
2765861 1
6034746 0
2208416 0
1186928 1
7959070 0
4245042 0
8035435 0
4091563 0
1461124 0
6737382 0
1041379 1
640285 0
8116902 1
5189439 1
789733 0
4147701 1
4483117 1
1436358 1
8645537 1
3066816 1
7554622 1
139841 0
9101298 1
2124850 1
6400814 0
5441344 1
4696701 1
6875707 0
4986801 1
5090538 1
2163347 0
5596181 1
4496336 0
9962192 0
3614667 0
7765650 0
7794211 0
5961223 1
3123811 0
5577062 1
2103986 1
9200851 0
4069850 0
404485 1
1058277 0
5123274 1
1270540 0
4921136 0
6072802 0
3207844 0
4381162 0
4673603 0
1351356 0
6969972 1
9108372 0
2511657 1
1281377 1
4147474 0
3736443 1
2809553 0
9117394 0
438167 0
5676591 1
5337541 1
5210552 0
1616342 0
4356995 0
3174302 1
3372872 0
847682 0
3069177 1
7307295 0
6598894 1
7073228 0
3570997 0
3328231 0
609743 0
8825422 1
1615794 0
8376141 1
8808036 1
1620373 1
1562657 0
4506178 1
2945549 1
2241323 1
4571306 1
3142828 0
694036 0
5309614 1
8472752 1
8049280 1
6690296 0
4358638 0
3042591 0
241712 1
781330 0
3782995 1
3090357 1
6308518 0
6433677 0
4565747 1
2846517 1
7249610 0
6077292 1
7795177 1
9422908 0
5985449 1
1817734 1
7352400 1
1464853 0
1873580 0
1210024 0
9197244 0
8961542 1
7390134 0
6104712 1
8265407 0
6549590 0
789256 1
9393783 1
9628245 1
1207826 1
8303553 1
705953 0
8289310 1
6793157 1
1616997 1
9297600 0
7895664 0
2024939 1
9883937 0
1367668 0
6993520 0
6693345 1
1430957 1
6177754 1
