74
708266473 913383208
592167607 973577560
642238620 488102800
182119965 966151362
54208284 361756037
708266473 966151362
619879423 488102800
276834159 529527550
514012917 414581342
276834159 966151362
642238620 973577560
1053607333 976942751
592167607 122868744
54208284 973577560
1053607333 973577560
182119965 940511625
350577948 940511625
1053607333 529527550
478111551 973577560
218198305 908434476
1053607333 350799756
592167607 940511625
642238620 913383208
218198305 976942751
592167607 976942751
478111551 414581342
276834159 488102800
478111551 908434476
350577948 966151362
514012917 908434476
350577948 361756037
619879423 976942751
1053607333 913383208
1053607333 966151362
592167607 414581342
195365240 361756037
182119965 913383208
276834159 361756037
708266473 529527550
182119965 361756037
792937859 167718931
592167607 361756037
642238620 350799756
708266473 361756037
195365240 414581342
514012917 940511625
478111551 488102800
276834159 908434476
478111551 966151362
1053607333 488102800
276834159 122868744
350577948 913383208
478111551 167718931
514012917 966151362
642238620 122868744
218198305 414581342
708266473 664455976
592167607 167718931
619879423 913383208
792937859 122868744
218198305 940511625
792937859 913383208
1053607333 940511625
708266473 940511625
54208284 350799756
1053607333 664455976
792937859 908434476
54208284 966151362
54208284 529527550
218198305 664455976
592167607 913383208
218198305 361756037
592167607 529527550
350577948 908434476
