90
405992093 230415385
375192064 227306745
937713213 227306745
700460988 258610780
375192064 891858824
367497002 966592195
707070303 66306816
149472111 453167072
149472111 891858824
700460988 66306816
371440559 230415385
688154447 886235468
278187270 966592195
177270345 323286528
700460988 323286528
580082639 453167072
375192064 258610780
375192064 886235468
580082639 66306816
893635027 133221160
405992093 453167072
893635027 740365784
177270345 975819165
375192064 66306816
700460988 227306745
416615673 49592857
688154447 453167072
688154447 740365784
155801531 453167072
416615673 886235468
405992093 740365784
278187270 323286528
580082639 181423197
375192064 756817702
371440559 886235468
304554883 966592195
278187270 740365784
937713213 66306816
38156134 453167072
893635027 230415385
937713213 756817702
688154447 835138848
367497002 227306745
937713213 886235468
149472111 966592195
155801531 227306745
580082639 886235468
375192064 323286528
416615673 181423197
149472111 227306745
580082639 740365784
700460988 49592857
707070303 49592857
38156134 835138848
367497002 258610780
688154447 756817702
149472111 258610780
700460988 781958809
416615673 966592195
858320172 453167072
304554883 453167072
177270345 781958809
416615673 230415385
416615673 323286528
367497002 230415385
893635027 735785470
937713213 966592195
405992093 49592857
367497002 181423197
580082639 835138848
278187270 756817702
38156134 886235468
155801531 835138848
278187270 227306745
700460988 756817702
937713213 975819165
278187270 66306816
304554883 258610780
367497002 886235468
38156134 975819165
707070303 453167072
149472111 756817702
580082639 49592857
937713213 453167072
416615673 735785470
416615673 891858824
858320172 740365784
707070303 740365784
149472111 835138848
405992093 227306745
