50 500
4 31 15 7 8 28 16 46 5 29 29 16 10 2 16 14 29 34 6 11 44 3 23 6 28 21 41 36 18 42 21 5 9 8 41 43 5 25 10 17 5 43 4 49 19 46 24 23 39 34 
5 10 24 21 2 43 1 10 34 5 17 17 19 21 13 35 35 37 42 15 14 23 17 4 50 5 34 17 22 49 44 32 17 39 33 43 10 12 9 37 17 43 37 19 14 33 37 7 33 
16 23 6 37 5 12 12 47 31 6 18 38 13 11 8 9 31 15 33 33 31 9 28 42 42 8 42 46 25 20 14 10 49 7 41 14 31 6 43 41 39 18 10 46 38 26 39 39 
15 20 40 30 47 2 31 19 12 41 40 1 36 21 46 30 45 12 47 6 1 11 44 36 10 36 13 23 3 46 1 1 7 6 45 39 35 33 19 27 27 32 28 21 7 18 38 
44 5 10 40 49 41 30 37 5 38 8 11 47 37 47 16 28 17 39 19 21 49 43 34 4 29 7 29 46 34 11 26 42 22 34 17 6 8 15 13 30 36 13 44 47 26 
25 5 42 45 40 16 15 23 16 45 3 25 22 28 16 16 15 41 1 30 21 12 16 37 10 38 9 32 13 16 50 11 43 36 3 34 38 23 33 18 31 41 41 41 20 
20 24 9 20 13 39 4 17 45 42 41 4 2 1 22 2 37 38 33 36 25 7 16 20 16 16 26 13 33 46 16 21 9 13 18 30 18 9 10 23 20 25 15 29 
14 31 17 6 31 40 40 9 36 42 18 29 3 29 16 28 6 12 8 30 11 26 6 23 32 4 6 48 26 29 29 14 9 36 44 31 30 39 33 35 29 32 5 
15 29 12 37 40 19 43 40 33 1 7 38 44 27 6 43 10 38 46 35 32 42 14 49 19 27 16 17 6 13 40 35 34 24 32 17 7 1 11 2 49 13 
2 33 8 23 34 11 30 15 44 12 49 43 30 40 40 24 5 50 36 46 17 6 2 2 33 13 29 4 46 50 28 44 7 15 1 38 46 42 39 2 16 
18 28 13 10 47 49 35 38 45 7 30 2 10 39 13 31 10 4 4 46 8 3 49 18 11 26 37 37 10 25 29 29 42 23 26 45 11 31 33 2 
19 19 18 22 29 23 43 22 22 22 50 18 14 37 43 32 1 8 34 43 30 31 12 30 49 36 30 37 43 5 1 31 42 45 9 45 35 41 12 
26 43 19 12 36 24 27 3 48 21 39 39 35 8 10 50 37 35 13 43 3 19 20 32 10 39 25 1 23 43 34 24 38 45 24 33 34 9 
2 15 15 9 34 11 24 43 18 29 47 24 42 9 23 31 9 31 29 37 18 37 50 10 1 21 29 30 12 29 12 9 22 24 33 9 23 
6 10 24 23 20 33 19 8 41 40 40 35 11 23 20 6 11 6 32 50 28 47 26 2 40 33 28 29 38 2 16 10 27 30 31 45 
29 41 2 39 28 9 19 44 45 31 22 36 13 10 50 43 6 15 44 7 25 21 37 49 22 23 31 16 26 9 37 15 46 45 34 
10 29 2 12 15 19 43 35 29 30 20 43 50 1 31 21 36 21 15 23 38 4 50 10 31 2 12 5 19 48 44 5 37 28 
50 26 7 25 48 2 21 47 30 33 1 45 21 23 41 32 17 41 33 20 34 10 17 2 40 41 1 45 13 33 33 29 50 
36 13 20 38 21 22 48 26 33 28 3 34 47 20 39 44 11 7 17 29 43 3 19 35 40 11 35 4 17 5 12 11 
32 7 17 4 43 8 13 29 48 23 28 48 17 13 43 22 19 12 2 40 26 40 47 25 40 6 48 42 32 5 27 
6 24 45 41 38 24 26 20 49 24 36 5 13 37 7 19 45 20 32 43 22 29 45 24 28 21 1 2 30 34 
28 46 21 34 16 26 34 24 44 47 36 48 21 6 7 38 33 14 17 32 34 18 32 25 9 38 47 2 18 
49 46 8 15 18 6 2 39 19 36 7 46 15 26 48 42 39 35 33 16 49 7 41 17 13 25 43 40 
24 28 47 36 24 44 16 50 9 23 36 16 23 37 39 38 47 45 46 17 46 25 11 25 15 46 1 
12 26 11 15 14 15 2 8 40 1 4 2 14 12 48 9 33 6 35 42 45 12 6 2 24 3 
32 41 26 29 30 29 31 16 46 26 30 40 40 31 23 38 30 35 30 41 19 10 5 41 24 
41 13 26 11 20 46 24 37 23 26 27 16 12 20 50 40 15 4 29 49 50 34 25 5 
16 17 32 40 44 32 14 2 15 4 3 50 44 25 6 47 31 30 21 27 50 5 8 
4 27 23 6 27 45 31 42 35 24 39 45 27 35 42 22 18 46 3 6 2 9 
8 31 45 23 35 44 48 11 46 26 47 8 42 44 8 34 27 50 4 16 2 
11 7 22 49 21 18 23 13 43 33 44 49 17 38 33 33 1 25 31 33 
4 32 11 37 15 16 27 43 48 19 30 9 37 24 8 48 26 4 36 
7 23 48 16 11 18 11 25 12 22 22 10 39 1 20 40 4 38 
13 26 7 20 15 31 6 48 33 16 14 14 25 29 26 50 41 
36 12 22 22 41 3 6 12 15 19 34 25 5 5 28 49 
25 4 32 3 13 36 45 2 34 6 21 32 1 32 26 
42 6 29 2 9 2 32 29 33 29 10 35 11 18 
26 49 11 8 26 40 18 49 34 1 15 16 16 
44 27 4 8 3 23 17 44 17 31 10 20 
37 37 4 32 40 42 46 20 13 26 2 
21 30 21 43 29 11 16 33 14 40 
12 46 3 27 41 4 48 9 27 
43 31 49 39 5 35 1 34 
11 10 28 9 22 46 28 
1 25 47 42 14 22 
7 25 41 36 38 
44 41 44 37 
9 9 9 
25 6 
16 
