50 300
43 23 6 37 17 15 37 24 6 33 35 21 42 7 26 34 40 36 49 50 46 10 43 28 46 4 43 18 37 36 23 37 29 7 23 27 39 40 17 19 26 44 39 46 14 15 6 4 7 19 
14 29 27 30 31 13 13 14 39 4 24 50 18 40 15 43 8 26 1 7 5 49 7 50 13 45 41 1 27 42 18 50 42 37 36 4 49 31 15 12 26 10 32 42 11 38 21 23 47 
11 7 24 13 5 21 3 39 13 26 17 14 17 42 9 50 10 18 46 32 49 9 23 4 27 41 4 39 17 35 38 16 49 17 36 24 5 34 30 11 14 1 23 45 4 14 24 46 
24 23 4 39 14 46 48 36 14 12 42 42 14 18 28 27 50 47 19 1 48 8 27 35 27 32 41 44 29 41 19 24 46 10 12 8 50 21 6 47 47 41 19 9 21 47 29 
32 16 21 39 29 12 47 15 32 48 17 3 41 25 48 17 18 36 43 38 50 14 25 42 27 16 3 9 31 34 21 25 21 38 20 43 21 3 1 37 36 38 35 1 12 26 
32 39 48 44 45 37 3 36 42 24 30 31 7 48 49 3 8 48 21 1 32 15 15 6 15 9 43 27 48 36 38 22 7 3 24 13 43 46 31 30 2 40 21 13 42 
29 4 31 43 28 49 29 3 25 26 34 27 18 15 10 50 22 48 5 7 26 45 26 26 40 24 37 27 3 30 6 31 8 40 27 35 41 10 40 35 27 44 32 22 
26 23 47 16 31 23 24 37 19 46 7 35 30 46 26 37 47 49 15 28 49 1 2 10 13 47 42 36 10 33 20 26 16 6 17 5 44 44 28 19 46 2 24 
21 8 39 46 43 30 34 15 20 28 29 20 13 17 40 34 22 49 35 49 13 45 13 14 5 6 43 23 47 13 26 34 41 4 19 25 4 32 5 45 24 30 
22 2 9 21 9 7 18 2 18 50 50 41 7 48 39 17 4 18 34 29 18 36 9 34 29 20 21 6 44 11 40 1 24 20 33 44 12 43 3 16 24 
30 47 7 16 47 11 43 10 24 11 47 19 20 46 48 38 15 40 28 47 36 3 45 31 2 40 2 44 16 14 21 22 28 12 16 29 4 6 5 46 
10 30 18 6 18 31 30 39 26 2 44 23 10 25 29 43 28 3 7 40 41 46 30 7 9 44 15 50 29 43 37 46 44 12 42 44 4 49 50 
2 46 42 26 44 37 3 28 6 34 16 20 23 24 49 46 49 18 40 25 44 47 21 33 49 2 49 17 39 43 42 14 24 47 42 18 46 40 
15 29 21 9 42 50 4 14 34 2 45 31 38 36 43 2 23 46 39 12 49 37 32 40 10 13 24 30 24 35 28 8 23 28 36 45 13 
3 31 50 13 20 15 50 23 14 38 3 11 40 5 5 43 44 3 42 9 22 2 26 8 16 2 44 19 31 2 38 32 32 42 13 11 
6 7 7 24 46 36 25 34 39 36 19 30 29 24 40 2 2 30 42 8 23 43 20 26 5 21 40 19 40 12 24 7 50 46 13 
13 43 7 11 17 27 20 43 29 29 49 13 11 50 6 18 31 39 41 24 3 26 44 5 16 24 6 47 36 28 30 7 9 38 
34 17 23 49 48 21 28 29 26 33 11 45 6 19 30 21 47 9 36 31 25 41 33 32 25 37 43 3 34 10 25 35 12 
19 42 7 10 1 36 13 38 14 39 5 29 42 2 49 27 47 48 18 18 11 1 7 11 41 28 19 10 17 16 13 2 
9 48 19 48 35 28 11 7 9 35 32 2 11 39 23 9 23 41 43 27 30 20 43 42 47 49 10 32 6 35 24 
26 43 49 7 5 28 3 2 43 14 48 11 27 29 28 20 35 41 48 23 6 19 7 29 36 32 19 40 5 32 
27 39 19 45 32 7 23 39 27 12 46 18 33 14 31 29 48 36 10 21 39 37 13 2 3 1 46 19 12 
14 6 30 33 6 33 6 18 14 47 33 36 14 2 49 4 49 18 23 25 41 4 48 10 21 4 6 15 
45 18 19 5 16 39 12 37 43 28 33 9 33 20 26 35 29 37 26 30 8 18 50 28 29 46 25 
42 24 36 14 21 44 33 35 34 20 33 21 20 42 31 48 38 30 40 41 49 27 14 13 37 17 
35 29 23 13 34 21 50 4 18 11 18 28 12 13 43 34 44 28 6 16 31 42 24 29 2 
1 23 24 35 11 10 40 50 9 18 32 24 21 26 28 10 37 24 25 12 37 29 48 4 
33 12 3 31 19 13 17 2 36 21 34 40 14 39 23 20 17 16 46 38 27 49 24 
21 35 24 10 31 37 1 42 19 15 3 12 46 2 36 40 40 29 27 20 8 10 
22 50 27 7 15 40 12 6 28 32 11 3 25 6 3 31 23 27 22 31 35 
24 4 31 6 3 13 17 43 41 5 25 14 39 30 16 7 18 43 43 2 
50 43 42 2 36 2 29 14 2 22 19 11 45 50 10 18 23 21 41 
43 4 36 27 26 42 13 7 30 9 43 39 46 36 29 8 50 16 
40 34 4 1 3 43 28 2 37 11 47 25 14 46 19 14 45 
28 28 48 34 21 16 15 37 12 14 9 32 8 33 14 17 
38 26 40 26 49 27 45 35 21 2 47 43 29 32 24 
12 27 45 30 30 32 39 8 12 44 44 48 15 8 
36 44 20 26 23 24 25 9 43 46 27 46 24 
34 11 44 14 33 9 18 11 46 13 38 20 
37 19 36 3 43 43 22 12 16 26 24 
44 42 14 27 8 2 6 5 36 44 
18 47 16 40 42 36 15 41 18 
20 26 19 25 5 45 43 32 
24 33 40 50 50 44 16 
29 33 45 29 33 37 
42 44 19 48 8 
41 9 5 4 
43 10 35 
14 47 
5 
