50 500
1 8 7 4 21 19 20 39 34 40 19 27 16 35 1 37 31 37 29 12 22 22 12 22 21 47 7 27 22 17 11 2 32 15 35 49 14 49 24 9 26 14 36 23 37 39 9 47 49 24 
11 26 30 28 31 13 16 2 24 14 14 8 40 26 25 35 43 15 10 34 50 26 42 45 37 4 26 33 21 37 23 21 18 33 29 1 43 49 10 6 43 33 40 38 30 8 50 12 18 
29 12 31 8 31 4 36 3 17 35 19 11 28 22 9 19 16 13 4 31 48 8 36 16 26 29 3 18 33 46 37 35 8 30 35 32 43 27 13 26 25 47 8 7 42 33 14 19 
2 33 36 7 6 11 42 5 2 44 5 42 39 23 50 7 14 31 24 33 11 23 23 14 8 27 22 35 8 10 12 15 10 47 30 7 48 15 44 37 36 28 8 44 17 9 35 
35 46 39 11 49 12 47 37 37 11 23 42 22 6 31 26 38 48 20 5 43 30 10 37 50 19 8 38 12 14 3 28 10 47 34 45 41 2 49 46 30 46 16 10 46 22 
41 27 10 17 24 14 2 33 31 38 48 9 42 29 39 30 21 11 9 2 5 10 47 17 23 18 39 42 15 29 38 45 4 32 41 8 37 47 49 20 7 36 47 31 20 
24 16 17 2 13 48 35 47 25 33 20 8 40 24 45 16 11 26 19 5 8 28 7 47 28 23 33 11 42 26 24 14 30 37 34 1 11 32 12 12 44 38 4 37 
23 9 14 44 27 41 40 47 18 9 36 46 16 39 40 12 43 27 47 29 11 44 43 44 30 4 43 9 7 27 42 39 1 30 29 7 11 15 10 5 22 7 14 
34 5 38 41 22 46 8 23 1 42 32 7 29 43 46 27 4 38 42 33 36 31 39 33 44 6 30 32 22 31 36 46 19 26 37 13 49 29 37 41 48 8 
46 48 19 20 26 4 20 47 49 8 45 40 47 38 27 13 18 17 9 50 45 34 14 42 28 14 45 47 46 8 20 5 32 38 1 27 2 7 39 28 43 
26 28 31 33 19 10 47 15 26 49 33 26 16 41 4 30 28 5 25 32 47 50 39 37 3 27 32 20 9 46 12 41 23 40 28 35 20 30 30 4 
27 44 33 5 24 28 47 37 19 21 11 3 47 2 25 8 26 22 47 15 25 36 15 39 16 33 27 7 2 3 45 20 39 15 48 48 33 11 41 
19 33 28 24 31 13 23 38 43 41 30 33 9 13 11 35 6 50 1 49 16 41 30 37 1 37 2 27 9 7 31 42 22 39 6 10 4 17 
41 16 41 37 13 47 12 20 28 9 38 50 34 36 40 28 44 8 31 49 15 12 31 2 39 39 16 41 30 34 18 48 17 4 3 7 3 
47 25 35 4 7 8 18 17 2 24 24 6 22 1 8 35 48 45 15 40 10 50 17 18 34 37 10 43 9 28 47 4 36 34 39 11 
35 13 37 27 34 24 3 15 4 47 50 10 24 20 36 48 14 47 26 33 22 36 25 43 47 19 8 35 16 15 4 27 34 27 17 
39 44 9 8 48 38 9 14 10 27 13 45 34 47 4 8 35 32 4 30 25 45 27 44 39 35 33 44 40 30 48 49 21 14 
12 47 15 17 27 44 22 43 19 13 24 41 47 27 26 21 43 29 27 40 5 14 26 40 38 14 43 34 2 1 34 49 29 
44 8 47 42 40 5 6 23 3 4 13 27 31 2 17 18 43 19 28 7 30 26 25 22 10 36 43 40 20 35 28 21 
41 2 41 46 1 36 45 46 21 15 13 18 43 6 24 8 7 4 18 37 8 39 33 14 19 28 39 38 33 26 1 
8 45 2 25 31 34 12 39 50 12 5 28 24 17 23 14 4 27 17 25 1 19 33 3 31 22 32 37 48 47 
4 41 29 30 46 33 39 48 49 15 32 14 30 30 22 36 34 37 12 20 25 28 4 35 48 23 27 38 21 
40 49 44 7 46 31 36 6 11 16 7 33 45 31 5 3 26 16 10 15 11 1 23 27 14 4 36 42 
27 48 29 23 35 44 38 22 33 28 20 33 13 6 28 20 1 20 6 44 9 34 30 35 30 1 39 
2 32 9 3 43 48 24 50 23 44 13 22 27 45 45 5 12 5 3 32 35 2 14 28 28 4 
32 15 8 8 9 36 15 38 25 21 47 16 25 44 14 25 12 16 48 45 21 30 9 13 5 
45 22 15 15 23 41 26 41 14 44 34 32 49 10 1 14 31 22 10 11 48 47 19 21 
20 1 19 10 2 22 22 9 45 46 4 12 38 22 21 17 2 46 17 42 31 13 50 
34 26 4 5 28 39 28 5 49 14 2 28 26 43 32 27 12 16 40 31 34 6 
20 21 43 36 11 42 23 49 34 22 46 2 50 24 12 37 20 46 27 5 7 
3 49 42 1 36 13 44 7 5 48 7 39 46 27 1 33 14 24 37 14 
16 12 13 34 38 34 2 45 39 14 29 18 50 21 3 24 14 12 21 
20 34 9 7 41 48 3 9 47 12 7 47 26 42 45 12 1 15 
8 36 31 17 45 3 32 44 47 49 28 37 8 41 22 22 10 
18 45 15 31 5 36 37 46 46 24 17 7 9 16 23 33 
32 11 49 30 21 41 38 47 16 20 41 3 1 23 23 
32 40 27 21 45 8 25 12 29 16 47 21 12 17 
13 24 47 24 29 38 5 6 31 2 2 11 41 
25 48 7 6 36 46 17 20 23 9 21 36 
35 6 10 12 43 24 4 46 31 26 39 
34 23 30 11 30 33 8 3 14 43 
46 12 21 9 9 32 14 17 8 
21 33 23 44 42 21 32 10 
39 37 3 36 44 30 27 
45 16 15 48 23 29 
44 13 50 28 38 
38 18 12 5 
30 6 17 
25 21 
20 
