50 500
48 1 9 7 9 44 8 1 47 14 24 50 6 16 23 14 18 30 34 31 46 24 36 15 39 50 7 19 13 3 9 13 40 15 25 42 5 35 16 39 32 1 11 42 10 37 15 49 10 37 
16 49 18 3 22 37 40 30 5 16 1 24 36 24 20 18 46 23 28 5 21 50 16 21 7 45 8 24 37 39 34 29 49 33 7 24 25 30 14 36 32 19 47 9 48 19 6 3 9 
27 32 13 32 24 20 26 41 4 50 26 13 4 7 37 1 19 6 1 30 10 17 43 36 22 32 3 33 31 39 10 39 22 27 3 35 29 11 42 8 34 20 8 18 18 16 37 27 
34 16 31 47 24 1 50 32 32 18 9 30 49 28 30 49 18 30 2 40 16 50 16 16 14 34 38 31 9 18 6 22 44 44 48 13 47 10 28 46 25 48 43 29 15 1 48 
40 16 15 25 34 10 42 18 34 38 38 50 28 7 37 15 21 10 7 21 40 35 36 23 16 42 49 27 20 25 6 49 3 8 12 20 30 19 36 42 46 20 14 36 37 48 
21 36 44 31 25 4 16 19 12 50 45 41 29 47 45 27 10 15 15 28 11 20 16 27 28 2 49 38 22 47 39 21 33 36 50 1 28 35 4 12 18 49 1 47 28 
47 44 27 2 24 42 1 5 46 5 49 6 38 3 37 7 45 12 20 8 32 38 2 3 40 44 6 28 32 12 50 18 32 12 32 38 5 39 44 47 1 38 27 3 
10 33 29 43 4 37 40 50 37 45 10 41 26 1 19 9 34 20 7 4 18 42 2 43 32 50 16 46 25 31 33 48 2 24 40 39 5 46 35 32 12 43 40 
44 38 16 1 24 13 33 42 22 28 27 4 14 27 4 14 18 42 24 18 13 20 26 16 34 41 20 7 47 15 47 1 18 7 6 29 32 48 18 44 39 49 
14 7 16 11 22 32 37 11 36 12 14 44 4 17 1 16 44 17 8 5 8 41 28 46 13 11 32 42 9 21 7 25 47 34 34 2 11 50 32 28 8 
23 15 23 34 20 43 41 1 26 48 33 14 1 45 7 7 31 23 21 2 44 8 14 24 12 22 14 18 43 41 23 10 38 20 34 5 18 46 41 25 
1 17 3 43 13 47 23 30 4 44 33 5 2 7 29 43 22 3 11 26 25 9 11 36 25 30 23 22 22 27 48 1 13 36 13 12 50 19 15 
3 23 31 48 40 3 48 47 50 49 23 5 7 3 36 42 7 28 41 8 50 7 38 7 16 35 47 12 24 27 4 39 22 11 15 11 44 16 
12 4 46 33 42 2 24 25 31 2 18 21 42 34 19 16 9 20 7 48 10 43 22 49 2 35 8 18 18 36 16 31 9 47 31 15 44 
10 25 31 8 11 42 8 17 13 22 9 6 2 11 31 3 48 36 15 17 28 8 25 12 12 17 3 31 31 3 42 31 31 47 50 42 
24 26 20 46 35 16 10 23 26 17 23 28 19 37 14 15 31 45 41 8 2 23 2 2 24 16 15 24 18 17 6 11 34 43 19 
1 9 20 11 39 26 14 12 2 42 30 26 15 37 19 3 15 38 22 16 30 2 22 39 15 20 47 11 1 16 43 44 50 17 
18 22 15 48 43 42 13 4 12 22 45 30 3 29 36 28 18 49 2 1 22 21 13 32 40 21 6 31 1 15 6 16 5 
16 41 44 43 12 20 36 16 15 40 25 49 14 17 1 25 22 40 19 22 24 49 50 38 32 26 26 18 28 25 34 40 
34 43 31 7 23 50 21 15 11 40 23 32 32 1 9 21 21 47 12 24 15 24 16 18 32 20 32 19 10 9 21 
47 35 26 31 26 31 50 35 20 5 45 11 4 37 23 26 50 49 6 49 36 12 5 19 47 50 2 16 8 16 
4 50 12 41 29 32 45 45 36 6 28 35 10 12 43 12 15 50 15 26 35 7 12 41 31 46 32 7 42 
30 12 32 50 19 33 44 23 26 6 29 44 6 26 29 48 31 3 17 1 50 35 39 32 23 9 30 12 
32 15 14 21 11 36 20 32 45 24 49 8 20 6 49 30 8 41 7 28 12 12 43 1 20 42 39 
28 44 36 9 24 11 29 24 23 31 9 22 31 20 11 31 20 30 38 28 19 29 36 32 27 31 
27 9 30 25 32 45 37 30 50 14 15 12 44 34 42 47 37 10 19 9 32 28 26 29 50 
41 5 37 12 6 29 50 27 14 46 2 11 43 2 48 11 36 1 14 18 28 27 2 50 
33 16 47 40 47 22 5 39 16 3 46 10 23 25 18 19 33 3 12 3 33 2 26 
28 18 20 41 49 35 35 24 6 20 34 45 50 10 41 3 2 37 46 18 8 20 
12 17 36 23 49 38 41 35 44 3 13 7 27 17 20 24 30 25 38 29 31 
34 42 5 43 28 38 40 37 12 22 23 46 15 37 19 26 37 24 33 20 
26 27 5 47 14 6 4 32 4 4 48 10 19 9 38 25 48 47 17 
49 36 9 1 38 15 4 34 20 36 14 27 2 6 32 17 26 49 
18 28 19 43 39 40 18 28 4 30 11 38 28 11 25 45 10 
15 6 6 48 10 14 37 35 35 47 11 41 1 28 40 5 
39 27 10 2 1 44 10 48 20 12 35 33 22 25 40 
8 15 28 9 4 20 34 13 24 40 40 19 18 22 
36 49 7 22 47 10 30 5 26 38 23 11 16 
35 13 1 32 23 22 45 36 35 33 13 50 
12 34 42 1 21 28 45 6 38 50 3 
29 31 35 3 44 8 23 24 48 45 
21 7 46 42 11 38 19 27 24 
19 27 3 29 9 31 14 37 
43 8 17 48 48 27 46 
3 27 22 37 8 47 
11 32 10 48 37 
41 21 21 25 
13 38 46 
25 26 
36 
