9999 9999
2 659
2 607
2 23
5 65
5 494
6 454
6 336
6 163
6 776
6 556
11 993
11 200
11 373
11 886
13 529
13 927
13 979
13 305
13 154
14 102
14 81
14 367
14 564
14 184
15 592
15 359
15 831
15 687
15 418
16 36
19 589
19 306
19 507
23 8
27 348
27 934
30 898
30 544
30 835
30 408
30 742
32 662
32 808
32 294
34 566
34 323
34 734
34 761
34 341
36 664
36 222
36 50
38 441
38 367
38 778
42 887
43 171
43 428
43 196
43 555
43 541
44 368
44 938
44 965
46 773
46 383
48 337
48 910
48 441
48 184
52 431
52 327
52 593
52 800
52 938
58 792
58 153
60 512
61 708
61 955
64 705
64 862
64 967
64 580
64 987
66 120
67 503
67 177
69 183
69 450
69 401
69 571
70 187
70 844
72 787
72 921
72 427
73 98
73 596
74 781
77 636
80 980
80 795
80 477
80 21
80 609
81 499
82 310
84 886
84 585
84 923
84 198
84 279
88 733
88 221
88 155
88 917
90 844
90 961
91 216
91 610
91 253
92 866
92 765
94 393
96 103
96 878
96 619
101 190
101 102
101 180
101 326
101 204
106 75
106 396
110 309
110 381
110 647
112 470
112 9
112 604
112 464
112 359
117 391
117 266
117 321
117 695
117 411
118 331
118 134
118 547
118 397
118 129
121 706
121 812
121 714
121 724
122 189
123 211
126 334
126 520
126 299
126 276
136 765
136 953
138 520
139 153
139 861
143 486
144 742
144 181
146 401
146 902
146 68
148 59
154 664
154 630
154 935
154 50
154 751
163 263
163 684
170 167
170 669
170 367
171 538
171 45
171 711
171 401
176 662
176 594
187 959
187 485
187 7
188 44
193 774
193 981
193 515
193 818
193 118
201 815
201 639
201 164
209 915
211 411
211 1
215 385
215 280
215 681
218 518
218 407
218 42
218 114
218 634
219 710
219 921
223 451
226 103
226 155
229 472
229 893
229 388
229 1
229 520
230 692
230 484
230 208
232 68
233 362
233 62
233 71
235 102
235 507
235 820
235 899
235 833
236 421
236 744
240 546
240 278
240 695
241 259
241 152
243 728
243 645
243 386
245 760
245 240
245 768
245 267
245 642
246 82
246 641
248 568
248 588
248 327
248 482
248 788
249 731
249 363
249 559
249 5
249 539
250 300
252 814
252 918
252 575
252 539
252 117
257 595
257 653
257 586
257 493
259 795
259 804
259 895
261 113
261 22
261 240
261 444
261 747
275 671
275 873
275 885
276 96
276 71
276 421
276 468
276 450
279 288
279 600
279 769
288 460
288 264
288 478
292 107
292 512
292 967
293 410
300 703
300 866
300 868
308 863
310 318
310 369
310 348
310 856
310 552
316 141
316 118
316 584
316 817
316 339
317 644
317 477
317 119
317 97
317 799
319 146
319 927
319 592
319 388
319 121
320 286
320 675
323 752
323 265
323 450
336 282
336 881
339 513
340 126
340 672
343 165
343 906
343 143
345 136
345 430
345 780
345 391
347 445
347 844
347 231
347 51
348 441
348 927
348 17
348 52
351 420
351 468
351 849
351 303
351 548
353 648
353 682
353 321
353 924
353 49
356 840
356 118
356 145
356 159
356 722
357 480
358 603
358 174
358 274
360 551
360 186
360 446
360 640
362 201
362 238
363 148
364 593
366 590
366 228
366 957
366 174
366 607
369 204
370 622
370 122
370 327
372 103
372 261
372 268
372 858
375 233
375 594
375 756
375 801
375 348
379 78
379 244
379 107
379 831
379 532
381 814
384 395
384 874
392 854
392 870
392 368
392 452
392 887
393 87
393 165
393 545
393 733
393 114
395 245
395 305
396 394
396 418
396 459
401 473
404 862
404 514
404 226
404 402
404 175
409 170
409 251
410 281
411 768
411 208
411 874
412 230
412 996
412 223
412 124
412 234
413 394
413 107
413 451
413 518
413 278
416 384
418 766
418 731
419 75
419 404
419 408
423 132
423 245
423 930
423 291
424 428
424 124
424 688
425 248
425 519
426 898
426 506
426 906
431 983
431 238
431 249
433 394
433 44
433 499
433 240
433 811
437 988
437 282
441 104
441 915
441 141
446 42
446 912
446 544
446 416
446 575
447 967
447 573
454 948
454 964
454 702
454 473
454 200
462 851
462 280
462 210
462 529
463 131
463 608
463 687
463 129
467 712
467 275
467 548
467 990
467 900
472 116
472 182
472 218
472 486
472 82
474 221
474 130
481 237
487 832
487 908
487 214
487 327
487 770
490 545
492 541
492 794
492 800
492 748
492 895
494 185
494 117
494 676
502 26
502 508
502 392
504 162
504 623
504 708
504 134
507 37
507 637
516 102
516 7
516 213
516 222
516 646
520 809
521 586
522 389
522 659
522 30
522 98
523 328
523 436
523 468
523 731
528 660
528 781
528 196
528 636
528 869
530 885
530 624
530 240
531 745
531 823
531 571
531 506
531 650
535 264
535 718
536 450
536 45
536 586
536 247
539 218
543 780
543 557
543 352
543 185
543 214
544 371
544 763
544 232
544 787
545 546
545 415
545 844
545 892
551 88
553 185
553 606
553 683
553 497
553 30
558 75
558 304
560 783
560 76
560 54
560 690
566 800
566 559
570 989
570 611
572 158
572 37
572 59
572 153
574 247
576 292
576 775
576 882
576 25
581 89
584 815
584 123
585 90
585 922
596 534
596 244
605 719
605 648
606 709
606 705
606 143
606 186
606 506
613 641
613 972
614 33
614 329
614 168
614 497
616 450
618 43
618 207
618 71
618 936
618 318
619 60
619 710
619 62
619 186
619 60
624 580
624 43
624 815
624 383
624 677
625 627
625 667
625 8
625 473
625 492
631 888
636 46
636 851
636 349
636 758
639 466
640 794
640 774
640 511
642 439
646 893
652 755
652 752
652 883
653 659
653 196
653 334
653 872
653 895
654 891
654 788
654 130
654 840
662 463
662 752
662 593
662 173
662 512
663 296
663 446
663 601
664 719
666 93
666 247
666 362
672 939
672 723
672 909
672 287
672 85
674 82
674 395
677 478
677 684
677 446
679 947
681 665
681 514
685 392
685 922
685 686
685 754
685 996
687 441
687 614
687 618
687 57
688 344
688 76
688 841
688 354
689 238
691 18
691 495
691 71
691 297
693 204
693 847
693 815
693 114
693 321
697 122
697 416
697 617
697 388
697 151
699 473
699 446
699 467
700 727
700 126
700 383
700 561
700 999
703 208
703 899
705 433
705 708
707 177
714 584
718 853
718 637
718 427
728 300
733 539
734 796
734 722
738 71
738 51
738 962
738 934
738 563
747 990
747 759
747 866
747 847
747 315
748 249
748 238
748 56
748 932
748 588
756 934
756 267
756 301
756 936
756 308
757 856
757 922
758 668
758 817
758 950
758 719
764 850
764 888
764 759
764 127
765 185
767 849
770 465
773 9
773 441
773 728
774 128
774 306
774 606
774 138
774 770
777 473
777 21
777 770
777 586
777 475
781 30
781 576
781 242
782 482
782 306
782 84
782 499
782 832
785 39
785 841
785 37
787 913
787 429
791 204
791 207
795 615
796 232
796 554
796 528
796 153
796 669
797 436
797 331
797 431
802 235
810 594
810 669
810 893
810 378
817 365
817 376
817 222
817 149
818 420
818 164
820 829
820 837
820 617
820 267
820 769
826 223
826 104
830 204
830 525
830 338
830 803
835 413
835 238
835 655
846 940
846 601
850 667
856 257
856 278
856 330
857 638
857 610
857 966
857 156
857 684
864 693
864 102
864 688
867 451
868 464
868 427
874 834
878 788
882 121
882 267
882 600
882 595
882 256
885 294
886 143
886 963
886 865
886 112
886 372
891 671
891 404
891 993
891 715
893 817
893 224
893 695
893 545
896 392
896 434
896 430
896 256
896 954
900 713
900 631
903 509
903 357
903 595
903 765
903 380
908 242
908 755
908 305
908 542
911 532
911 576
911 83
911 876
911 864
912 31
912 943
915 51
915 976
916 13
916 480
916 491
922 325
922 509
922 141
922 886
929 376
929 547
931 520
931 209
931 337
931 969
936 51
936 868
936 30
937 768
937 614
937 739
937 248
937 547
940 659
940 849
940 842
940 624
940 318
945 588
945 501
946 814
946 620
946 201
946 989
947 723
947 552
947 276
954 777
954 962
954 323
954 755
954 246
955 402