50 50 212
10110110110001000110101010000111001100000001100111
10100000001000011001001110010101001000011001100001
01011000110001000010101111000000011101111000011010
10110001100001111001011011111101111110001011100100
11101011001110000100011010110000111101110000100011
10100011111001010011000101000100011000111111101001
10011100011111010011110011110010010001001110001100
10101101000011111010010010111001001110110101110011
00011100011101101001010000110111110011010100111111
01110011000001101000001011000111100100000101000010
11101111101000000100000110000010010011011010101110
11000000101000010101010001000000011011101100010001
00111001101011100000000011010010110011110110101011
10100000010110001100111101110100110110110110011000
01010011011110111010111001100111100101001000011001
10000111101101011010001000000100100001110111000010
11011000101010000101101111100000000100100111110011
10010011001010110011010000101001101110111111010100
00011000100010010100110000110100001100110110001111
01110101010110111011001001011010100000000010111010
00101110000101111010001011110001111101010010011111
00100000100001010000001100001001010001100011001100
01000100110010111100001011011100111110001011101110
01101010111001100000000001000111001101111111110000
01101110011010110011000000101100100000100010000010
10011000011100010111111100111011010100000011010111
11000111010001011110011010000111100011001100111000
11011110000111001110010110001000111011000101001001
11001110100011110001011101101110000000001000100111
10010000100010011100001000001101111110100010101101
10000111011100101000100010111111100100110111011000
11011110101100100100010001101000111100011101111010
01010000100110000111110010111001101101101100001010
01111101010001101111110111010101111110001011001101
10111010000110111001000100011100001100010001000100
11111110011000001001101110011001001110000010010001
01000110010010100101001111101100010110000100111111
11110011110001001101110010001001110111101010011000
10100010101011100101101100000011010110000011011100
10011101001000110000111010111001111101110111001100
10000100001101110000010100100111011000001101110011
01011000100001110011111111000111010100000010111101
01110001001011001011111100010000111001011011001111
00101100010011100000111110100000110011011001010011
10111001011011011011110100110111110000101001011101
11011011110101010000100100010110100011010000011100
00101011111010001011000000000100111011011111001101
00111100101000011100010010100100011111001011100111
10000011010110000111001111110101011001111010010000
01110011111001111000110100011001000100010100011001
