50 50 100
10000100111101001011011100000110111010101101010110
01101000110000011100010000111110101100000011001110
11011111100011101000110111101100011111110110011101
10011110000110010010111101011010101100101011001011
11100110101110101010011010100001111011010110001000
10011011101010101100101000101001010000100010111010
01111011001101111111101110010110011111101010011111
01010100011011111110000110101001111011110000101111
00001101100110001000010101101111000011010110110110
00010111011100000010000100101110001010010101000110
11100111100100101001100100001011001000100110111001
11110101001011011011100100101111010110101000001110
10011110111101110100100011001010110001010100111001
11001001101010010011110010101101101111111100001010
00111000011111100011000001001000100111100100110011
10110000110001000001001110001100001001011110011111
11110010110110111001000100011010001111101111000001
00111111111100011101111101100001010111101100000111
01101000000100111100110000000011101110011111000011
11101011110100111001110111010101011101110110011100
11100111001011110001011000011010101000001000101000
10011101000000000001111000000010000010111001010011
10001111110111011010010000101011100011001010101101
10010001110111000101011111110011110111000111011000
00101101001100001000000110101000000101101000101100
01000100101111011010011000101010110110101011010111
00101101010111010000111001110011010000010110100011
01000011111101100011001100011101110010100011000110
01000111000010011101100100011101000101100010111111
10001101100010011101000101110100000101100001111111
11010000000101100001000000100100001001011010001000
10010000100011111000101001101111001100111010110010
01011011101101010101101110011011010101101100110100
10111101100011010101010011101100101001111000100011
01101000110011110011111010001001000010110111101000
10011000001010001001011110100001111010100011010100
00011110101010001100101011110111100110011111101110
01011101001000101001110010011010011110011110111101
00110110101111001100101001010000110111101110000010
11010001101111001101100001010101011001011010111001
00101000110100010011100110010101010111011100011110
11011001111010000000100100110001001100100001101101
00000000010001001000011100011001101100001110110110
00110110001001111111001110101100001001100010101111
00001000111100010001000000110111110110011100011101
00010111100100100111010111011111000101111000100110
00010100110000001110000110100101011011101111001010
00100111001100101101000110010011101011000100110110
01110010010111000100010001100101000110010100011110
01100000110110001001011001010100100110100100111111
