50 50 120
01000111101111001100101001100100100101100111000000
01001011111011011101100001011001010011110010110011
01100001100011111001001101101110001101101001011101
10101100000111110101100010100111100011000111100101
01001001101100001001101110101010100111100100111110
01111110011101000000110111100111101101001100001100
10101101101011110111101011111011000111000100100010
01110011100110010010011111101110001101111011100000
01001010011100101110001101100111010010111101010101
11000011101010001111010000110011001001011011010001
00011111010100011101100111110100001011101101101110
11110011000001110111001101110111111111100110010011
00001111000000101111000111111011011101011111011110
00000111000011000011000000111110110010011111010001
00100110101001000111111000111001110100010111101010
11100110001110001100011110111111001100000010010111
00110000110001001010111110010101110110110010001110
00011101000001001101100011001100010111001001001011
01010111100100000000001110001110110000111100000110
11010111011101001011001010111110100111100001111010
10010011011000011100101000000000100101110010111101
10001000000101001000110110110100000000010100011000
01101010000101010111111001111110100101011011111101
01011000101111010110110001000111000110000011000101
01011111011101001110010011001011100011010001010000
01011010001010011111010100000010110010011011101001
00001111110010100100010000101000000000010110110100
11001011110111000101011110000100111011001011111010
10010100011001101110101011010011111111011101000111
01001111001001101110101110000000000010111000101100
01011001101101001111110110110110110011101011001011
11001000101011101000001101101000011011011110100111
10001000001001110111100001001101110101011111101001
00110110010001110010001110000111001110010111101011
01100010100011001001001101101001111110011010100010
00110110010111001110010000110010111000111011010011
00011000010001011011111001000010000110011111001100
11000110100000100100011010000110011101100001111101
01001010011011110010000011110111111111011010001010
10110101000010111011101011101111000011011101111111
10010101011110011011110010101011010111111001110011
00111011101001111110000000100100000111101011101100
11011011010011010010011111100000000111101000111111
10000100111101100110011101011011010110010010101001
01101001101101101101101001000110010111001100100011
00010100100010111100001110010011011010101101010101
01011101111011101001111100110101101100000101110000
10100010010000110101110001000001001111010000001111
11101101101000001000001111111010110010111101001010
10101100110101011100101111000110100110010011000011
