50 50 200
01111000001001001110101011000010001111000111100100
11101011000001001000100010011100000101010010100111
01101011001010011111001101010100110110100011001100
01110111100110010011110100000001101101001110010010
10111011010011001010010100001110110110000110110111
01001000001101111101110001110010111000111101010110
00001100010110110010100000011100001101110111001101
10100000101000001110110011011010011111100111111010
00101100101110001101010000110000010001000101111000
11101010010100000100000001000100001001011110100000
01100101010010111000001000010011010100001011101110
10111001100101110101010001001000000001011010111101
01100100101011000101001101010100011111101000010001
11001101100101011000101011000011000110001110100111
11001000101110001010010101100100110110011010011010
11111001011000011000100010111111101110000101110111
00100000001111110001000101001101011001100111011110
10110010110000110110100111001011110101011111111111
00011000111001110001111011100110110110010111100001
10000000011011001011000011101100000001101111011101
00101100111011000011101110101100101000111001111001
10000111101011001011000101100111010101010011100000
10010100010100010110101010010101010110101100011001
11100011101010010100100100100011101110111000100101
11010010111101101001101100011010101110100101100100
00001111111111000000011011001111111000101101011000
00100110101010110001010010000000111101110100101000
01010110010101111010110011111110001101111001001111
11111000110110110110001100000010000010000100010010
01011000111000101000111111001101101110111111111111
01111000000011101000001110001001001011111101111110
01010011111000011010011000111110100011001101111111
01110110000011111110110100010101011011100011101001
00011000010001110001110001001100110001010011010000
01111101001001010001011111000011111111001111110101
01001001111111100001110011000010000101011000101110
10011001011100011101001111000010110101001111001101
00001111001000110011000001100110011000000110110100
11011000111111110010001100111001000101100101001001
01111100001001100101000100100001100010010111001111
00010111100000000011000000000010000100111010100001
00010000101100000001101110010000101110110001111111
00100011111001100011111111111111011110010000010000
01000110110011000011101011001010011111111100110110
00100111000110010100010001110100100001111111111011
00100001010110101101001010101110110110100111011111
00000011001100000100100011011110010111111101011111
11100100100110001110000001011101110010011100111110
01100001010000000010110100001010100110001100101001
11011100000000111010111111100011011000101100011110
