50 50 100
01000111010110000010000100001001101100100001011101
11011101010111111101111011010100010011000011111111
10110101111001011010101001000101011010011010100100
00111011101010100101010110011010100110010011011011
00100101010010011101101011010000011101010001010001
01100011101000101001001000011010101010010101101111
11110000101110110101011010110101000111110111000011
01110100001101101101111010101000101011100011111001
10000100100100101010111100111010000001101000001001
10001001000010111001010001101110010011111000110101
10100100000100000011101100101110111001110010110100
01111000010110000010001101000111110100000010101111
01011110011100111100010110011011110111100110000101
10000100100101100101100110100101001000010011110111
10001100101011100010001011101010011101000111011110
11100011011101000000011111000011100010111100001110
01010000110110011011100100000010101000111100000001
01011000111101011110110001101111100100111100010110
11101011110010101110000000000011001001101010100001
10100111011101001001100110010001111011001110001011
10111010010100011111101101110100101111110011110110
01100000011001111010010011001110001110001010010001
10111101100110101011000000000011010001011110010100
01100001001011001100111100101010010101110111011110
00100001011001011010100100011110101010100000010000
10010111111011100000111011001111011101000011110100
11110101011111110000100011001001010111011010111111
00010100101101111101001010110100110110000000010101
11100101111000110010111101000101001011100011100101
11100101010110010100001111101111110000111010000000
11000000100101100010101011101100100010000001001000
11111101110101011010100111000101000100101001000011
00100100011010000011000101100001110111001000100010
01001111011011101010001001110101101101101000101000
00011101000010101110111010111001111101000101010110
00100001010011110000000101011000101100010010100000
01110111111001100000001111001011000001111001101110
00111011000110010100011110000110110011100010000001
11010001001011111011101111110111010001000001001110
11010001011000011100000111100000111010001011010000
00010001110010010000000110010001111101100111000001
00001011111110011011110001000100110110001000011011
10001111111001011100110010010010001110011101000100
10000110101100011010011110000110101010011110001111
10000111110111011001101001000110000111010110010110
00001111111010110001100000101011000100100011101101
00000101001101100001000001010111111011110110011100
01110000001111010010011001011110101101110000101111
11100010111000001001100111100011100111101100000100
00000110001110110001010010101011000010101100111010
