50 50 150
10001101000100000010100010100000000010111100111100
10001110001100000111100101001000101110110010011101
00100110110111110100101111001011010110000000000100
00110001010010100010100111111100110000001111001100
10100011100001010111110100010011110010000111010001
00110001100101000100100111001001001101101100000111
01011010010001011001011110000110001101101100110001
10000011111100100110000100111101101000001110100001
00011010101010111010001100111000101101111111111011
00001010010011111100110011010000101110001111010100
01111100011100101011111110000110001110010111110001
00111001100111111000000010010001010011001111111111
10011000000010111000000010000101011001001101010100
10010111111000101011010001111101100110101011110001
10100101101000110101100011110110101001110001000111
00011101101011111001111000101011111100101111100101
01011001110000001000000001101000011010110101011010
11110101111000100011011001110110111010100111011000
11100110010110001101001011010011110010110100011101
11101111000100001010001111001001110100111001100011
11010111110011010010011100000111000110101111110110
11000011100110111111100010001101100011011001010110
11110000100001100010001011101001101101011010110101
01010000001001000100110101101111101000111111110110
11110001100110111001010110100010100100111101101111
00010100011001110100011101001001110011101111000100
01101101111111111010010001111101010111010100110000
11111101000001001001100011111000001110000001011110
11000001001110010100011010011101000101000010000101
11000001000111111000101100111100100100111000010111
00011110111101010011001010010011011111100111111001
00111000101100100000110001010110111100111100010110
10000111110110110000011110110001100100110000000110
01110001110001100100101011011001011110111111110101
11100010000110011100101100011100010000000100010011
00111001110100010101001110101010100110101000100100
00101010100011111011111100110000001111111101100110
01001011111101001000001101010011000101101010011011
01100001000100111101111101110010011101111100010001
11011110010101010011001001001111010010110110100010
01100110010001110110001100111011000101111101000000
00110110100110101111101001000101101001010010001001
00000011011100110110010100100011111000010100100000
01101101111100011011001001110001001110011011001000
01110101001000011110111000011001010010001010011001
00111001101011110000011100110011110010101110011001
10101110001011101100010101001000001100101000101110
10110000110000001000101101100111011000001000111100
01011010111111100111001001110110111010001100010010
01010111101101001011010001001111010000010000010000
