50 50 123
00101111101100110010011110011101100110100111000010
11010101001011010011000000100101110110001001101110
00010101011001100000011111101011010100110100101110
00010010001011110101001101101101111011010111011110
01111011000111011101110010110011010111111101100101
00110111101010010111011011001101111010100000111101
10001100101010000011111110010101000111010010110010
10001101011010000010001111111100101011011000101100
11100100111000101011000111011100101111110111011100
11110010000100101101110011000001111110110110101010
10011010010011010100001100100001100111000101000000
01111011100101000111110001101110110010111011000111
11110101011010001001001110001011011111001111111010
00111001111001000001000111100010101010001111001000
11110011010111001000000011000010010001100110111100
10010101001111111000010001101111110000000111010011
01000111101001000111111011000100111101010101010011
00010111001011001000101000110101110010111011010001
10010111101101100101000001011000011100101100011000
11001111001001011111001010101000101001100101101111
11001111011001000011101110110100010011100001011001
11111010001110001100011011111100011110101101110000
00101000101011001011001000100000100000100111101101
11111000110110101001010110011001010101010010100100
01100000100011100010001111101001001001000010000010
10111000001000110011110011001011101111000000101011
10000100101000110001111011000000111100110001001110
10010111100011100100001011100000111001000101001001
01100100011101111011110001100010100011111101110110
01111111101110100010000101001000111111001001011000
00101000111000011100101000000111100010100011101100
11101111001011101100100001011100111011110101001100
11010010101100111010000000101000010101011000011110
10010010101110000110000000110001110100110111000011
11001011001011110111100000010100101100001111011110
10011101101010110111111100010111001010111110010110
10011100000001100001010011001000001011101011110001
10010111101101110111001101100111000010000010000000
11111010001111111011110010110111100001111101010011
01001111111011101111010100010010111101100100010000
11111100010000011010000010110001001100011000101010
00110010100001111010000001101001100010001111011111
00110110100111011101000101101111111001010111011100
00001001100010111110001000001100101101001100000011
11011111010110111111010110001001110011100101100111
00000101010111101110010100011000011001011000000111
00011000011101000011010001011000010010000010011100
01000001000010011000001000011000011101000011000101
10111010011100010110000010111010010100100111101000
11001010011000011110010110110011111111000101010001
