107 6800
34 762521427
987 306393738
610 1406354849
89 996506663
610 1140217607
1597 107308966
1 1684609842
1 19675213
144 1301242135
3 2023575496
1 1854419329
4181 610337643
233 39977977
55 1842378727
34 1561808456
2584 1879919250
144 169698694
4181 1752454684
8 21963319
987 1655713685
1 1350595180
55 2072713539
610 2047372453
987 1350113213
1 569057301
5 1533033871
4181 660293986
21 1636440207
3 2136736247
55 590501531
6765 1195388804
4181 1370561959
8 605029102
4181 326043139
34 737096976
55 194725320
55 1000218951
8 1044908849
1 1671720606
21 1856197260
21 1872393283
987 760244569
34 364707868
55 192885085
1 1734284217
34 104082510
34 2101105381
3 927072946
1597 1404462100
377 1362052723
3 1679633368
13 220167681
13 324024939
1 1665356321
5 1477780760
13 1529749387
5 1715298157
233 439439506
8 1269790093
610 1050950032
233 392831040
2 1568700534
144 88822295
144 1194739121
89 2138902618
377 108140062
233 678515624
610 918035550
1597 1068450042
377 9710452
1 1776639452
4181 1381520198
1 1576164955
3 1000353407
1 1763523126
2 1867080052
2 894793682
55 453709559
34 254168867
3 1482382755
8 1438197301
2 1658919466
89 389171805
1 2061834330
2584 259463517
144 1891958842
987 1721252621
89 1609244295
34 199194116
8 1840383906
610 1357275044
4181 549221495
2584 1512112916
55 1188328708
3 1711351576
4181 1400045596
8 471864271
377 1440089135
987 1498637865
89 2108182873
377 170265837
55 307131776
8 1747650040
13 578427552
1 1878684063
13 1308362044
1 394603918
