142 855804958
233 809776204
5702887 206731010
2178309 1819306279
1597 441602835
1 1382702842
832040 855465415
2 1587029498
10946 1901018215
1346269 2028156385
1597 1226660355
39088169 1658994930
144 87445644
9227465 1755849476
75025 1236416869
233 1558131400
24157817 1382817151
39088169 418065087
121393 248316265
75025 542125226
75025 1937335259
514229 848452944
3 796722582
196418 423628778
63245986 906823613
2178309 1743994788
17711 251161075
89 1113553637
144 1867662297
39088169 550516579
14930352 151866826
317811 94443312
832040 460618461
46368 915752509
3 1741232800
2 1662457097
1 342770437
196418 1020207222
39088169 241644403
63245986 2047705084
14930352 1813448703
2584 300968623
144 92078133
89 1348753620
1346269 896229120
196418 876686070
2178309 1415844233
89 1949311172
6765 1226729767
102334155 388446481
10946 1407670460
4181 1402225109
13 1365139473
3524578 1956198918
610 1714434054
832040 1725759634
102334155 686237884
34 1457615597
8 1072574209
17711 148792049
28657 1498155168
63245986 1452441338
21 785057641
46368 428488837
196418 1149524235
39088169 1221145797
377 151873046
5702887 1188507618
196418 1169380541
610 1504134876
3524578 847844406
987 399582543
233 1429822404
377 1326279562
832040 1657820366
196418 368842417
28657 2080393624
5702887 1872304104
610 412367474
9227465 820996279
144 570505593
75025 1239489061
2 1717268803
832040 942500162
75025 68703496
14930352 1475288850
1 73873705
2584 122043159
28657 1560873252
63245986 989622000
987 1407454290
987 1076762311
2 231816455
144 191851901
1 1062415850
1 803015901
3 1362192288
2178309 2031626555
987 607526172
610 958870856
9227465 1182277426
8 933758467
28657 838608968
317811 1641838603
34 1603305261
89 1937002186
377 1781406853
5 1579375396
5 2118844491
196418 1248475826
46368 769281369
10946 907215289
6765 1290739438
55 89338196
377 71332022
196418 1637042313
39088169 503278521
233 222976587
34 112921400
514229 1987259281
514229 1598775917
5702887 1501316099
2 502360221
1597 1154113788
46368 1815683845
377 1361128899
63245986 2084396164
5702887 2106676560
34 1263888660
8 1572487417
3524578 22824809
3524578 1065383126
196418 588668253
2178309 696993220
46368 1935088609
14930352 640183881
28657 1911758259
9227465 1180376775
89 951083025
4181 928078530
2178309 1436948242
317811 946542636
75025 2144298868
