165 557285906
317811 1551979986
514229 1772968116
196418 1095438669
144 1814640967
2178309 363151235
13 1544817106
34 1703167738
89 1454834319
63245986 881078920
5702887 1271821043
21 493059699
377 1118919589
317811 651065726
5702887 2058975975
987 1712214131
89 1914505574
1597 1563646729
233 1627479711
13 1171748663
121393 510753633
317811 2055945300
6765 1131896343
14930352 1082597780
5702887 1150310364
102334155 541158342
55 875375238
6765 384394326
14930352 16996137
514229 67375109
144 1498743240
14930352 496657882
24157817 2021358122
121393 984643375
2584 375005963
63245986 923738094
987 143091746
2178309 1685733975
10946 1933510840
34 1021727720
4181 1016168382
1 643443005
1597 1580733348
233 1685130500
1 1126066019
317811 482234962
5 595989367
196418 1786793218
987 1598433465
3524578 862681835
1 932665435
514229 309214976
144 309338999
34 246836163
102334155 794704361
14930352 1148062868
317811 2052219760
1 1910797750
63245986 49233744
5 1461072173
89 522724830
6765 1323135676
5 1985828038
55 1345021867
196418 775100909
55 1796736803
9227465 1154955827
24157817 682561084
24157817 1551181962
13 1170349840
514229 1778456347
28657 1613241464
14930352 1839877997
28657 724591672
55 630218700
3524578 1798440896
196418 461986660
987 562440154
3524578 354973641
2584 1229402579
3 1497107938
28657 447249663
377 7945589
5702887 1305296305
9227465 790395335
28657 392265461
196418 865626883
514229 1751148211
2584 716252016
610 668008456
2584 60455068
89 2019571179
377 518533121
2 1964711043
55 1500933074
610 2008953273
196418 815149042
233 1078947302
46368 1595686981
377 151217070
6765 1798131927
6765 43342440
1597 718362003
3524578 882921637
24157817 1505493620
14930352 446381231
233 80547460
832040 1635532574
5 1613519616
13 859856846
610 588713333
4181 1421567964
39088169 1354254008
5 1333857150
121393 2006923780
5 1154182338
1346269 2041400999
987 664935584
832040 1822194685
28657 1270165995
233 660800180
1 1134585331
89 723998597
514229 1151431943
10946 1450922732
1 2128041234
5 1209554564
89 1621704445
10946 307913744
196418 1626281904
5702887 1931504471
1597 2128743357
317811 1004874593
8 2014067990
102334155 69744822
1597 329794660
63245986 880696746
55 540348379
55 48786146
317811 724133782
17711 691961231
196418 1677927398
5 80350739
46368 1395948568
13 2054362388
3524578 1653494945
377 2097155617
39088169 2017601964
34 2069587568
121393 1720987518
610 1524845424
2 29627441
14930352 102899731
75025 451544751
121393 311324960
317811 967791866
28657 538533877
987 136849441
514229 1807448181
1346269 1262825070
1 708383264
196418 1200583865
610 853280131
39088169 1696945632
832040 1507292800
8 389960657
