199 5604
55 1144593412
21 654116928
8 1762279711
1 2121561424
4181 1518156871
4181 740115254
144 1110706334
2584 1190530372
55 2032950414
55 969176477
987 1899123825
34 1089605220
2584 1173513544
13 1842765638
377 1258238084
144 1796675525
5 476258499
1 1519532203
377 1168338346
5 1303183697
34 830800278
1 1902005205
55 35538049
377 2074020973
1 1086860011
2 1343037465
5 1929854257
5 1251423445
1597 1427444488
1 219109441
144 1053833748
144 898716136
34 1783639855
377 1116764971
6765 1558401207
987 1746758944
1 1596796514
1597 1758684240
34 1209472605
2 888611780
1 1168645857
8 483349562
2 1439322712
4181 688662368
377 2063932988
987 1251549872
1 725637992
55 1125150363
987 1442596568
2 1229611475
4181 1606427680
89 1793612965
55 870976775
1 1434916023
1 1440439943
2 239346225
610 1720536691
233 2144219092
8 1236275873
21 1379337786
3 1594232012
4181 428613119
987 1623921550
34 1539271228
2 847727939
21 1242901241
610 1610025581
4181 2141128113
233 579222012
1 561205796
5 964900018
233 2071027363
3 1295732619
8 506007021
233 1219625455
987 1910462951
2 222372386
8 105394542
89 87687312
5 2053855858
5 302995153
377 2095909146
89 1849643122
8 1235096443
55 1232413096
987 1791645131
2584 963214801
233 1603959984
610 674565903
13 626620752
5 536353699
3 837496823
8 1354463348
2584 1580609985
1597 703674123
1 300169755
89 219619465
89 1505647136
377 212285997
8 1118251449
987 1584416815
3 402357972
2 1549235019
4181 1562271996
3 779289599
21 481626766
377 546979347
89 747133216
13 862593767
2 1272073637
1 2109954086
144 395724956
2584 1851073787
3 596337087
89 1969246779
21 565978354
144 554181821
987 1963616451
987 691805547
3 527202175
89 222054883
377 807344256
55 116351042
2584 1199326754
89 1660224381
2 662114958
4181 1590643867
21 1418287834
3 154150330
34 1244538642
987 289817087
6765 1180184649
2 1519668946
21 2055036293
5 489504729
55 1684950621
89 2067823946
55 147073628
3 925261313
144 1281388645
4181 442178903
377 465529560
34 854800570
89 102458602
233 1115561032
1597 370372516
987 1957972714
6765 1464625326
3 2073248217
89 108939734
1 1246635065
233 831418584
233 897723395
3 1678982865
233 1909076708
987 1301813511
89 1666479089
6765 1743939137
377 1352876488
3 1483099954
89 1144332386
13 1095571952
6765 320035949
144 1195724706
1 2147306641
3 1127810521
987 1916946058
21 2004183203
6765 1834954968
89 140126668
8 161296214
6765 494160268
1 761673790
1 1775907463
377 2006338671
4181 1874086617
144 502681658
987 1098389112
1 1904804566
377 198848983
89 1975075535
4181 1848849790
21 64830352
55 730691795
3 1666998295
21 94570179
5 708848769
34 2018007179
144 2127902314
5 1298546394
4181 694632538
21 1822508513
5 2625258
55 1178009626
233 164066674
1 448278810
3 1965180147
89 1381849950
34 1224610451
