193 994601385
317811 1841171966
196418 565401077
10946 2142126285
102334155 1195202882
39088169 627732764
10946 157511050
46368 1036194921
987 1415270936
34 1887719950
4181 2073654911
46368 86863513
2584 1462263850
13 1205608595
3 2103320230
1 2065838703
21 1537173238
5702887 1892025310
610 283577685
89 2090348728
13 1129910817
75025 1541762613
3 1175003639
317811 825368377
102334155 1454051872
610 658065101
317811 318527960
377 2137877548
3 335355429
102334155 258426341
514229 1901291821
89 1309288956
610 1500276556
24157817 1548181281
196418 2067485538
63245986 1052577600
8 1151559942
34 347297320
6765 83037863
39088169 1310148342
317811 1693860549
317811 93149568
2584 1854635708
28657 78712064
34 465569512
28657 1745960872
63245986 702567164
75025 630805219
6765 1191062248
987 861749878
144 819401640
3 100755646
89 304809155
63245986 1698518195
196418 1742236276
2584 2049271432
34 157090216
5702887 1312517620
832040 680424023
610 58544525
46368 1252000228
377 753363131
1346269 1893472910
377 740506154
610 1905395213
832040 610422477
5702887 1914857713
233 998657479
832040 423565676
2178309 1513107413
2178309 2091919226
4181 810555669
28657 272442799
3 1195269690
832040 59394322
2178309 731149961
1346269 453712846
2178309 137440828
377 878580126
5 960193816
8 1621564989
121393 955388757
317811 1606569289
24157817 565199668
14930352 1567430739
514229 662058958
144 766649107
89 818489862
233 2016898810
1346269 1775332000
55 1514688154
39088169 502818028
1346269 363935384
2178309 595427212
1 1992117543
3524578 28524853
34 1174149692
63245986 99057021
75025 1788889595
28657 69218842
17711 1753636876
2584 1480210204
317811 827610587
8 822412544
196418 1646802670
144 309275061
2178309 265237977
9227465 485368300
24157817 1098987893
121393 1469398601
2584 1049646436
39088169 1201607750
13 1838240269
46368 1532774643
21 1138829202
377 1740330962
55 983067754
34 2129158783
102334155 2051933100
610 196421099
8 19931181
377 819165256
46368 2137278714
2584 1006059265
75025 329859288
34 1552100945
514229 112088528
39088169 173108308
17711 765755123
1597 1957523367
21 1290542552
10946 983840242
987 972228223
610 1697204469
377 664169377
75025 1892550894
832040 179193499
75025 2012768616
28657 1821383016
28657 265767393
1 1603882612
39088169 2039637445
2584 774786342
144 912068518
24157817 1454730097
89 678762951
21 124388313
8 71041616
514229 589591711
514229 1005208510
39088169 1952675862
377 360847983
196418 641822553
610 236533348
13 1931030479
6765 1586576516
17711 1191147836
377 894385410
1597 1751596384
89 1435856065
14930352 595731274
196418 411962819
39088169 88113120
832040 354948869
2584 2029726300
1346269 1263887960
63245986 674066085
55 1682188054
121393 1573402829
24157817 1018179276
317811 1996897304
5 1332243744
5 701242723
89 92487336
13 753949627
8 1057819246
1597 688530304
2584 1645420618
9227465 1486239607
1346269 927687271
24157817 1955100810
21 584412802
13 111878186
102334155 751193034
196418 224545431
196418 544876654
28657 345982320
233 450854445
39088169 371985500
3524578 2134513558
10946 664813745
1597 1192785843
6765 1183648343
233 1298146378
