102 591048335
3524578 1731726829
514229 54556837
63245986 435573145
121393 713253213
4181 2048660405
1 381498911
610 847208645
1597 1785944211
2584 1070486025
1346269 610146134
1 1334051887
2 716668305
377 119621918
63245986 308818669
39088169 649141242
21 569658451
2178309 717376159
4181 1580401479
9227465 1365051989
3524578 1127173309
3524578 44258662
63245986 902629808
34 1762725334
8 1258511085
63245986 1319503225
1597 1204702921
4181 1800816147
46368 1226930882
5 109925447
1 1702718516
34 1891516034
1597 1644626604
5702887 992027939
6765 1394871168
3 53812114
102334155 1157900725
144 1956731393
14930352 1655703127
1 529024521
1597 309019855
10946 980249711
1 881595365
317811 775237792
5 773209952
8 804406997
28657 985542538
832040 2138379228
8 975051531
5702887 1926781424
8 1514218692
39088169 377961519
1346269 903348928
17711 644491915
1346269 1185246294
13 1346258510
75025 2098347269
610 1480938368
21 1944405692
13 818767316
1 596511110
89 709048302
24157817 982007763
63245986 1691357720
102334155 1757296091
317811 1839882684
1 167380932
2 1100887370
196418 1069643160
5702887 462440525
377 1160531249
121393 1355692500
10946 664684954
46368 1452374916
5702887 627704995
610 856101359
1 1337918096
102334155 1639214843
89 1065044274
21 1712067971
17711 1152395975
1 949576062
233 117326453
377 973558340
24157817 555246394
196418 887561421
34 1812151211
832040 34875913
317811 2130149337
5702887 1827932563
102334155 1860720682
610 1276140399
46368 622948120
21 934695841
2178309 1182142728
317811 732123310
832040 754596027
21 32053870
1346269 1950115848
2 1686851770
5702887 477306848
6765 1619093971
832040 1663728583
