165 152991074
1346269 1251372976
5702887 1973901801
2584 999636725
5702887 1255691265
1597 1611602338
610 318131816
5702887 1508401626
317811 1438189372
75025 2131304317
8 1327722190
317811 946277022
89 345247202
10946 487077351
3524578 1096776058
832040 256665158
63245986 1659112435
987 300373887
2178309 547704422
39088169 1464223092
13 1992715911
63245986 157491260
514229 1509629045
17711 1093035368
121393 1372916028
2584 1810514693
5702887 317278714
377 1120434489
987 1950903521
17711 1252357520
75025 1413047435
144 1698918227
13 776561506
1 448949887
514229 1492198407
1 1079193395
4181 731266294
13 1275548088
46368 1032735973
24157817 1325747042
24157817 358505095
6765 110307076
14930352 193101246
17711 161833903
610 1716855137
9227465 469120746
39088169 1559180317
14930352 1894003632
63245986 1293435934
377 2004117965
21 346297477
1346269 1984760186
89 952634577
39088169 429196612
377 1716994499
144 1843994783
144 1809912945
144 1794139065
317811 723799926
24157817 1966087528
39088169 827986823
46368 1916273221
832040 1044716507
987 2066949203
8 268646427
75025 965083337
987 1578310877
121393 1443383759
39088169 404368603
5 1860726864
987 1295871068
3 292836918
8 657341836
4181 204082084
34 809902012
39088169 1658788363
6765 1043874998
1346269 300168750
75025 1665414832
2 1853050484
514229 1173835402
24157817 566517010
514229 1138109768
233 1234583033
6765 1569398038
1597 68949643
196418 728137017
121393 1720332670
9227465 257259948
832040 1689131907
1597 362814059
17711 1432509822
987 135102351
6765 1387689846
10946 791819976
1597 103238537
75025 740576224
8 1345915527
514229 1220892995
196418 2018147328
89 660291271
6765 2089564643
21 1782256678
63245986 55393294
3524578 1386494436
39088169 640051798
14930352 36267679
832040 615345129
21 204998647
34 1336549674
3524578 1838552461
514229 2131898698
2 1576557006
17711 1949263687
832040 1408567175
2178309 1991856681
196418 235406447
1597 382880392
317811 325152813
13 387986365
28657 1974037638
1346269 1769871707
46368 957830835
3524578 770914739
233 978799377
1 385430683
514229 1110983594
75025 1194721709
2178309 1159935817
75025 2083656625
75025 549397008
377 1991522045
2 340926930
4181 1556698857
63245986 1086267290
17711 447183523
3 1127558438
196418 1591673873
10946 165812289
144 61283203
10946 1682575166
55 1511999831
28657 421419274
987 769137386
28657 160721026
987 1175282276
3 783828505
21 2001615171
75025 389495795
514229 1401781172
102334155 209596408
10946 2143487765
2178309 1012364438
28657 2109091896
5702887 1077961764
46368 494745152
1346269 774972451
2 500661550
63245986 378488024
17711 326707063
34 24733422
1597 1321879614
63245986 834237470
3524578 1960538112
317811 1039538453
55 729306073
