549 5929 8
464 331 8580
300 466 4237
343 355 3844
241 164 8918
32 530 2727
211 263 7918
446 291 4800
312 216 9256
460 39 3374
48 356 203
203 458 9572
428 78 8701
478 538 4737
439 440 4615
286 429 6789
65 396 6400
320 79 5374
519 417 5219
59 228 4737
146 103 7743
405 251 2166
313 75 188
178 340 1497
337 123 6170
213 519 9026
375 248 3596
337 240 9024
383 55 603
533 367 6532
369 94 2104
197 71 7507
174 334 3638
179 314 385
241 349 9884
527 57 6528
115 349 1614
547 359 5819
140 228 4664
261 135 6236
88 186 1104
371 361 3173
76 428 1966
522 203 6626
451 8 972
342 461 6737
53 534 9765
483 258 5097
537 31 6049
248 406 200
22 243 2829
538 66 3595
163 265 1188
379 175 8805
228 505 642
120 381 5652
312 475 2654
280 288 9168
52 506 5760
46 511 2778
175 6 6675
463 73 6472
394 462 2895
146 101 3979
322 304 202
91 456 3699
3 81 6779
313 149 7038
404 159 9622
238 137 7562
317 218 5921
492 315 6390
123 490 9528
374 246 4492
465 538 6995
64 164 7671
447 227 3966
371 484 2498
320 172 8818
531 381 5885
399 363 5014
293 525 2306
354 217 4239
340 333 4749
11 259 3016
394 363 2880
160 211 6181
412 236 8785
75 57 2983
51 313 3541
325 303 5744
19 359 9690
359 177 4315
122 493 1413
202 54 4359
541 490 2604
443 295 7039
246 56 996
505 194 7143
258 549 8412
83 497 8682
21 90 5084
338 92 1239
428 466 8650
444 226 5692
77 224 333
38 540 6975
205 249 4201
397 28 8664
201 536 167
470 127 118
420 198 9442
401 412 1717
187 287 4896
30 187 2000
99 11 1710
436 255 2240
481 190 9442
510 334 7045
328 18 7837
91 275 6215
28 317 6991
131 545 9343
147 338 6791
295 475 5900
413 401 9645
172 305 3983
117 116 2225
103 121 9444
313 407 4522
270 533 2275
374 140 853
32 31 4345
268 172 8811
383 537 3778
340 99 5425
14 470 673
409 373 4786
250 372 5366
334 493 7147
544 258 2169
251 365 9065
145 76 207
126 417 8816
176 497 3835
355 323 3247
457 286 6290
1 480 3119
151 234 7981
487 102 6799
524 251 6875
266 119 7888
521 126 7309
484 140 3137
118 526 5183
259 15 7116
114 85 4247
402 206 6463
255 118 2777
103 323 8076
475 411 1176
371 285 2769
73 97 7169
387 218 4632
311 462 1833
113 80 1650
268 69 3557
397 517 305
421 411 7487
51 497 2175
46 412 5522
402 321 457
529 115 2922
158 133 6773
56 35 165
306 511 93
368 458 7852
541 155 7035
322 100 640
282 267 5805
537 433 8766
333 186 2185
528 250 2318
483 522 4923
517 393 7993
267 347 7086
480 274 2931
464 467 1944
340 425 133
535 191 8624
82 429 9819
541 263 7536
274 3 6395
148 203 4105
76 236 8222
164 105 4012
281 67 2244
539 54 4062
474 313 9730
189 528 7889
498 226 7741
198 183 3995
45 166 4073
426 128 9263
73 179 535
524 399 140
7 293 7706
168 81 8829
44 138 897
372 369 8105
135 238 4206
413 306 8297
473 209 7271
54 149 2562
73 325 554
262 166 4880
144 252 4562
289 376 4421
382 469 2836
238 209 8269
100 280 7886
48 32 6601
383 114 7787
466 427 6814
143 98 3739
39 323 97
150 490 3709
74 109 7792
253 508 447
393 440 4909
43 258 5189
485 169 4885
318 228 9595
96 355 4753
20 431 4305
306 280 1599
295 79 6814
357 153 5393
71 179 3927
81 526 1599
103 72 9040
318 299 923
251 500 8821
46 252 8004
398 482 3991
52 497 4264
379 260 6997
319 180 7163
416 15 6361
402 132 7670
89 6 7964
170 527 2329
252 277 5910
524 471 5579
252 54 9519
342 317 8631
451 87 9089
545 448 851
88 52 6289
348 219 9493
35 515 4241
246 143 7277
467 408 334
169 527 1198
196 244 3568
216 9 5319
102 465 4013
295 511 6803
55 335 9454
55 478 921
250 31 3268
48 128 2372
338 461 331
287 9 5131
236 357 681
299 139 325
122 319 2532
424 72 3763
7 270 1155
539 340 2447
535 206 9904
26 225 3101
90 457 6388
444 270 6401
544 203 654
172 430 8019
159 39 2415
376 364 3808
136 349 6659
509 285 8540
233 274 5547
235 158 8226
388 406 4149
246 198 9690
455 200 9250
219 26 7387
128 247 3486
515 448 2573
542 210 9690
383 497 8971
163 67 9921
133 137 2283
59 269 9510
490 129 3582
379 212 584
504 402 1139
485 347 2725
73 209 3743
206 179 7488
374 131 7956
95 277 4493
163 168 8860
461 194 2378
406 276 5554
518 111 6340
302 477 5197
517 192 7508
14 385 1489
532 73 9945
389 249 7091
39 336 2928
369 84 4476
230 383 1313
208 332 1001
211 528 8954
40 532 194
301 538 2749
82 326 2588
493 119 4068
319 304 9758
150 150 4555
533 221 255
137 488 5059
390 171 2778
205 492 5250
15 413 6257
184 181 9242
531 474 1686
27 495 2537
182 245 8893
58 282 3485
281 407 3869
374 292 6224
519 391 8929
113 372 3417
351 372 5484
483 150 5437
82 156 8564
17 349 7104
165 5 4603
205 14 5306
307 507 3612
50 276 4060
85 14 4256
189 498 6223
5 154 9689
116 380 1158
55 317 2898
382 296 6720
398 521 3889
2 125 6472
250 330 9721
324 458 9628
503 10 6673
383 242 8137
377 280 6486
184 16 7909
505 54 5425
243 545 5200
211 381 8067
50 254 2278
454 226 5392
343 488 8870
484 340 3284
74 223 9806
300 479 6217
276 209 9224
298 298 1210
507 374 8299
158 532 430
505 64 361
59 96 3165
214 136 9522
309 165 9064
89 319 8864
329 246 2381
499 319 1603
81 363 3357
242 344 765
199 383 9110
136 483 397
239 33 5177
34 261 9078
102 407 4348
494 103 6726
393 291 5231
168 176 9980
2 199 5974
259 357 3783
3 538 9703
96 365 3280
161 374 2004
35 509 6073
170 263 4033
156 348 2385
489 283 4327
202 510 4566
326 186 4318
533 326 1335
195 54 6571
189 359 5911
452 362 4028
219 21 9993
541 194 4482
397 515 6376
369 447 2667
536 310 8898
526 420 1135
384 150 3355
46 82 7653
35 12 2420
76 238 2607
287 479 7731
99 527 4333
65 179 1071
321 324 9365
410 517 8482
29 514 5963
540 490 3999
429 209 2116
82 420 6850
104 361 8988
474 5 973
50 274 6192
320 210 2416
54 93 9850
472 493 586
149 259 4732
64 264 4571
280 538 9673
233 55 8572
22 65 4838
149 252 4038
130 220 589
369 68 3448
471 392 3997
351 210 3992
13 238 3748
338 364 701
344 452 9140
359 369 7264
178 295 3163
61 458 4051
426 223 2812
177 392 300
309 405 3997
61 292 6064
47 387 6657
349 17 9592
489 57 6822
477 490 292
1 294 9373
222 527 5242
438 201 9921
105 196 192
466 285 7707
463 396 3733
348 123 3074
45 295 854
151 122 87
55 14 2651
80 37 5138
37 123 8563
203 90 552
308 501 7735
486 251 8973
85 183 1996
392 238 4270
291 166 3495
39 430 4219
413 214 9273
89 16 3503
492 53 3926
479 483 6676
380 106 9874
505 417 5797
201 251 5011
353 207 2541
201 303 2610
73 273 2006
375 283 2774
54 288 8519
65 218 1599
128 26 5855
533 411 39
335 99 5791
337 94 814
377 485 9769
396 335 9664
181 279 8027
165 460 5496
228 512 4157
286 515 2673
397 482 330
205 234 14
52 136 9786
175 316 8588
354 252 3645
245 367 3362
314 484 7747
519 495 9919
222 207 8954
531 36 7919
377 371 2311
135 296 2165
425 92 7466
507 397 2941
266 249 1941
272 113 7782
294 464 4379
77 536 4270
166 463 790
450 400 1025
536 86 7821
168 136 754
21 234 4070
60 482 5683
238 136 2841
328 514 1176
424 536 6110
512 2 3918
512 133 6739
138 124 4834
14 22 75
352 510 4084
381 208 7052
445 328 7091
295 524 4556
194 330 8976
360 423 3731
197 367 6217
251 159 851
481 129 1125
45 117 3221
101 336 4031
202 410 7263
290 373 4877
80 1 1681
234 36 636
146 115 3484
512 49 2154
331 472 7144
441 87 1592
188 333 7273
64 365 7279
470 350 5547
446 15 4794
32 503 801
28 284 2929
415 393 323
230 251 1730
453 59 6687
449 300 4732
324 485 8965
403 316 4098
232 206 7030
284 197 8891
535 405 8724
3 87 6942
376 505 341
391 486 1771
464 266 5102
78 71 3590
342 515 2394
507 347 2829
381 187 1063
330 262 9632
322 82 2537
142 111 8736
351 271 7608
494 198 1856
390 293 5874
180 445 3166
113 246 7964
238 147 3574
164 503 9782
402 26 7276
105 160 5209
318 207 7792
133 437 6846
190 368 7709
530 405 8787
78 548 8660
200 243 453
268 179 4484
273 312 1722
342 47 4982
249 476 9327
345 419 4015
172 229 8887
446 383 3482
255 117 2647
33 316 8761
108 505 7413
66 515 3345
362 97 7250
64 91 8999
411 32 4974
539 48 965
213 475 7295
312 318 3680
169 188 9888
416 316 3146
519 361 5598
285 311 4850
29 495 1041
305 338 8269
402 399 2441
22 530 7732
407 120 2381
496 354 430
187 183 7275
55 321 4756
416 451 2515
164 512 1510
546 182 1646
447 282 1404
475 125 3477
38 134 7058
402 217 9776
171 277 7187
216 185 3920
400 437 8152
388 120 3190
535 536 1624
490 160 7010
99 242 3456
114 264 6650
287 414 8537
332 489 4957
121 65 6229
431 62 4916
252 469 3224
75 174 9651
265 270 7299
40 38 2802
483 496 7349
184 97 9701
516 244 5064
202 549 7898
109 257 5350
42 160 8289
167 434 5911
283 507 97
443 75 7240
391 307 5909
507 385 4924
199 480 6294
458 239 2139
228 424 4151
7 18 3229
34 127 8494
279 382 7369
127 54 1182
283 23 9385
264 126 5880
372 493 5929
506 6 3663
262 512 7088
300 25 5741
483 99 5201
64 17 2444
124 69 9537
123 320 5399
60 477 2876
437 251 324
12 384 4117
26 269 9981
134 431 5887
128 414 4902
130 409 6205
462 352 2289
521 74 7783
512 466 6708
270 482 1854
128 547 1287
72 193 4715
139 38 728
519 354 9650
138 395 4503
193 159 2544
506 146 4503
70 484 5259
25 78 5359
174 249 6268
180 400 3002
14 147 4302
110 359 4927
469 190 4754
182 533 663
146 8 136
501 266 4138
141 372 8238
249 128 2007
171 511 7913
68 393 4814
307 51 7050
126 230 6855
3 290 114
302 281 8323
46 34 511
497 531 6513
472 352 1521
17 1 9101
517 16 2784
102 103 8960
380 70 1090
219 146 7601
536 310 6395
402 286 1929
219 227 7746
274 78 2437
532 548 8612
369 340 8838
24 216 7009
508 502 2517
288 87 3543
432 67 9731
415 35 8851
55 56 3179
417 289 171
387 531 9556
338 65 5525
196 163 2663
511 444 2660
90 455 8769
541 425 7834
486 285 9692
37 315 4725
252 241 4851
112 492 4236
115 197 3754
90 352 4414
394 145 564
287 538 352
182 498 2061
449 169 5526
541 468 6686
529 135 1106
111 347 749
548 200 9879
453 332 2755
71 203 5832
419 2 6960
110 227 9562
91 182 8938
351 316 2809
141 521 2368
400 247 3297
222 435 689
60 518 3924
433 122 4966
376 180 1025
100 218 1663
152 133 5064
122 193 7098
388 423 246
200 349 1594
127 354 2688
183 440 9323
525 433 3166
543 454 8874
58 3 6340
34 413 8982
86 66 4261
327 491 3549
57 19 181
46 325 7659
240 463 7987
200 507 2468
165 271 3885
84 267 6170
323 406 9839
387 383 9321
214 331 2638
327 519 7370
75 399 7203
154 509 7973
365 497 4231
428 110 8494
202 466 7069
136 357 8271
510 395 8669
178 449 6747
501 370 2764
441 203 1
209 356 5605
370 367 5775
158 427 195
79 220 3014
170 415 9422
189 488 6037
473 342 6530
164 190 4610
302 376 8153
425 55 6473
440 212 412
18 449 9011
444 6 511
57 345 7833
276 34 1699
487 82 8982
425 31 5677
523 540 5145
540 1 9927
288 66 3806
516 541 2446
144 252 4466
416 52 2037
482 311 376
103 424 1048
153 64 1392
197 386 47
343 234 356
365 214 4017
306 48 3565
35 347 2782
254 93 6464
530 335 1513
111 443 3379
322 167 5693
539 282 2440
534 127 3639
32 433 9485
305 262 3957
543 525 7498
329 19 1190
437 230 9088
430 404 6938
146 504 1455
143 107 7582
546 253 5001
315 548 9551
362 538 9305
474 354 3591
136 488 3151
351 496 4300
507 20 6379
423 54 5022
144 432 1780
411 341 7936
85 166 4409
440 304 5489
126 260 2272
371 147 214
493 57 5647
161 70 9830
113 77 9369
182 205 511
193 182 4700
176 217 9469
186 464 3665
211 476 248
382 457 178
363 527 1524
453 547 9211
56 133 8672
378 162 9768
240 70 7955
410 372 2426
515 281 6212
139 54 6491
486 378 7692
24 391 5493
30 354 3963
314 92 2737
452 122 7006
85 485 7599
531 436 7748
303 546 5324
338 199 372
42 8 9841
188 478 8235
113 476 4249
528 359 652
304 25 2513
502 178 3051
433 307 1625
540 45 4005
282 366 2214
221 128 7682
289 290 4986
131 510 2714
277 142 1964
293 15 7032
47 522 4199
382 284 7812
355 93 4713
206 362 4138
1 377 148
163 441 3033
337 196 7558
445 208 5776
330 42 4692
43 399 3713
54 421 1175
379 447 7080
58 422 9646
158 392 5483
288 299 8862
407 474 9569
426 153 7973
436 430 6600
313 319 7269
426 251 9441
441 21 7436
81 476 7563
510 47 137
284 264 2199
504 151 1700
386 22 302
237 480 4313
245 292 5024
259 297 6980
355 298 3449
298 56 6673
175 287 1682
35 306 8113
175 158 9581
496 531 6423
341 420 6175
172 541 1561
488 358 7651
186 173 4303
201 467 2013
13 268 7944
544 508 9122
278 65 1442
14 218 8987
82 295 1228
110 530 6737
167 354 2667
68 424 2597
291 33 8730
116 549 1324
45 107 1431
377 518 495
117 56 450
74 473 3166
41 165 9619
141 418 7506
223 548 652
294 391 9443
313 218 1514
59 345 4088
361 163 9455
271 252 6571
282 254 9086
514 136 8848
145 386 9302
269 206 1317
424 218 3399
387 120 2849
170 58 5070
499 122 7091
401 338 750
436 304 8357
317 266 3157
484 25 9165
282 150 639
334 466 5266
522 296 2650
515 56 3052
158 540 1967
496 5 4588
490 449 7891
423 167 6779
355 176 9705
108 432 6716
412 463 6077
9 204 6429
321 244 1573
494 21 3215
216 261 1542
283 84 1405
264 392 1770
456 110 580
316 160 4571
21 395 9566
255 367 3074
530 350 5315
265 441 9776
206 137 3539
371 208 9874
362 509 3595
139 495 7195
540 213 305
417 107 1258
62 535 424
83 126 6996
246 190 8370
103 122 3909
272 534 9297
64 367 331
439 438 5510
451 539 4858
324 528 456
345 109 5910
223 458 6013
1 424 1967
227 158 7101
246 434 1238
175 472 9793
393 357 7710
484 51 5560
276 408 1198
424 151 9083
506 83 7727
307 424 4284
414 507 4047
58 48 9826
512 481 6944
41 428 4910
435 394 8234
406 210 9065
514 440 4696
171 119 4985
283 386 6440
77 176 1940
59 265 4569
164 268 8626
424 322 725
192 369 8489
82 442 6812
549 188 8474
464 228 4564
70 129 8407
419 33 9787
193 348 9198
74 528 2044
352 209 6887
273 24 202
283 265 5469
261 187 4359
38 170 2290
526 197 6661
239 433 5910
284 397 3662
175 204 3290
151 11 5470
23 469 2579
22 407 7513
345 431 7698
217 423 7438
471 214 7204
174 538 2355
494 442 5868
16 323 2391
19 166 9986
334 73 4259
407 365 8211
79 205 3435
109 291 988
342 411 2697
249 144 7138
26 503 8228
81 16 9192
198 226 1800
168 276 9431
539 544 4210
110 322 6569
325 59 570
358 396 8274
427 376 7338
230 81 3831
250 216 3972
324 212 8816
38 511 7904
30 3 1817
90 62 6969
107 125 3467
466 279 6017
346 414 7322
124 489 7514
544 459 6629
298 465 275
428 182 3076
325 481 9381
24 120 4
24 151 5960
254 298 6384
224 56 9536
370 47 8019
523 102 350
228 296 5200
520 249 4618
440 61 9606
532 439 4516
43 448 8050
375 37 4058
130 540 1531
361 109 7575
291 12 6717
335 259 9452
527 133 2403
138 419 8502
478 519 5621
204 251 6758
328 503 4289
53 305 4850
229 429 4005
357 382 1266
51 473 1666
340 468 9507
424 331 2815
448 208 9874
509 433 8181
270 338 5885
122 315 443
28 237 3853
370 232 8285
72 469 414
18 3 2442
196 187 2426
104 305 8030
508 422 391
284 239 9830
367 80 843
494 336 1165
203 90 7653
383 136 1096
68 311 1071
231 272 7285
309 495 2188
423 303 8497
395 19 2499
171 6 5155
457 229 8437
127 208 3079
516 520 8268
162 175 3540
329 3 4042
464 65 1549
227 113 8437
141 288 8847
335 114 3599
438 97 8081
313 509 5518
64 525 2173
6 408 8982
108 509 2864
133 92 457
95 467 4816
93 61 3969
177 249 4266
179 14 4266
214 171 942
289 271 401
454 325 8185
84 45 9765
331 355 8346
5 131 391
419 149 8908
420 443 923
59 364 91
303 106 4366
149 98 6162
18 211 5124
387 283 3531
9 85 6426
172 199 8844
265 527 4591
114 383 7885
278 151 3701
488 108 1656
17 366 2262
47 342 9739
142 385 6787
463 515 5667
141 262 7739
342 361 5288
220 258 7064
417 154 1783
165 94 4005
238 233 3208
304 41 3834
464 470 7717
348 299 9140
538 202 727
541 421 7114
147 422 3686
318 121 8792
434 54 1443
429 462 6521
364 462 591
483 446 4649
345 529 9050
447 412 8691
309 8 8366
521 153 2547
301 347 2937
251 532 6118
125 319 158
424 179 5516
276 308 284
325 308 2185
480 376 7048
540 343 9262
525 129 9583
537 453 8302
334 531 4878
536 8 4658
333 345 9891
147 450 2087
187 247 1521
138 431 8527
409 33 9671
159 481 1777
306 55 1013
280 266 8548
173 240 5125
146 166 8822
474 506 8444
278 174 6582
330 34 4302
188 500 3897
103 278 6978
466 533 8096
97 6 2020
86 381 3772
428 282 4906
334 335 1444
117 383 4767
490 62 2238
177 297 2848
544 245 6442
511 52 1813
425 221 5079
338 62 9466
283 74 7553
504 65 811
196 264 824
250 84 2097
29 191 2262
250 250 8653
435 525 6864
285 323 8701
542 334 4637
192 503 1942
185 227 4265
288 219 445
328 81 9321
330 422 2251
458 460 7922
180 523 1049
63 46 8144
515 370 1181
18 78 3989
474 175 2543
57 366 3099
449 62 6072
3 526 8876
390 87 1128
268 307 555
395 446 8020
416 15 8198
395 393 8257
467 411 2974
282 150 4581
24 302 9715
387 169 9230
125 339 683
488 236 7013
444 38 3196
275 429 2865
425 157 9366
196 141 3148
322 318 9295
376 129 2688
75 72 3805
33 500 5758
412 103 375
6 425 9278
249 295 6664
51 391 8430
304 540 6967
247 349 425
375 65 1040
210 416 8856
270 82 1888
453 172 150
341 252 9640
354 104 604
492 338 6468
519 274 1603
204 401 1540
335 67 1852
72 4 2282
6 469 5321
135 518 3565
354 512 7143
264 272 5921
320 455 1264
79 482 5338
418 55 9982
298 164 5944
125 300 1252
200 530 8485
429 170 1664
420 304 4485
228 443 1515
435 89 8209
529 380 3050
417 517 7798
42 413 4609
216 72 1975
3 533 5538
141 63 9804
397 57 6982
455 97 2116
518 457 7211
38 164 8668
390 230 7320
508 188 6423
207 284 3592
312 339 5365
495 76 1732
369 481 1788
16 461 6604
35 228 9545
435 82 7212
86 264 701
354 83 5018
316 446 3570
262 513 5232
202 138 9262
333 33 3030
121 317 8427
94 90 1595
143 229 3713
235 321 2682
216 73 2682
22 268 253
292 150 9625
254 372 7263
106 261 7614
497 539 353
83 100 1623
186 63 5775
160 469 6960
193 183 2680
53 34 6300
451 426 3797
223 314 6669
540 324 16
354 80 4219
428 262 8052
448 423 5872
295 52 9789
17 218 5113
331 300 634
449 226 7305
397 124 2388
436 519 6292
378 129 2876
284 423 2401
46 397 9748
166 28 4968
513 494 2529
543 417 9579
1 423 2543
75 412 4680
293 532 1150
194 217 1595
207 106 5682
302 367 218
462 423 4973
216 216 2234
80 161 8049
441 392 372
225 424 5185
419 366 816
91 457 272
95 175 1365
327 92 4867
2 381 5335
451 203 4885
79 74 8688
467 278 5750
192 407 5328
387 445 9683
94 163 8657
388 322 3657
338 218 5886
127 122 3441
102 521 4774
161 196 2460
133 321 5813
142 471 4734
306 458 9066
127 394 4267
495 336 2018
300 323 9748
195 374 7438
407 247 9670
227 228 1430
196 195 439
367 102 5088
131 286 1836
356 415 2759
295 122 6677
532 451 1379
127 45 3260
387 389 6472
216 204 293
43 239 2796
499 35 4091
544 183 6955
544 238 6445
505 201 5655
57 391 7879
279 389 8265
507 540 2173
227 64 1473
398 221 2034
438 97 2
176 525 8169
364 297 3107
26 269 4639
145 376 4360
296 351 5725
371 124 3228
466 13 5614
208 392 3754
540 227 4282
531 484 9701
4 82 335
502 325 9785
171 141 2483
407 153 1755
175 260 7290
334 313 1796
434 301 8302
406 463 6675
228 347 4213
67 509 9564
364 78 805
337 298 1296
196 297 9875
477 8 6303
337 499 7237
362 159 4554
535 257 8596
117 503 9539
11 171 5699
220 162 298
467 214 6329
65 296 1915
63 434 5403
260 347 8378
525 178 5851
211 532 8322
528 38 6503
451 278 2054
256 360 8904
293 16 7893
63 421 1021
316 416 5807
187 404 6380
336 332 5590
212 274 5316
526 355 2213
517 240 5757
230 338 5866
38 376 9523
123 290 5619
440 506 503
129 232 1109
142 154 2670
304 435 4525
343 242 4398
360 6 9165
530 103 9621
192 120 3852
23 85 5302
489 523 9325
500 549 5847
131 167 718
182 82 8980
451 270 9297
72 196 2485
529 152 7970
68 195 4631
468 503 6411
368 246 725
249 4 9622
152 161 3627
368 427 8043
531 212 3876
255 377 6423
547 323 7457
403 350 8557
43 298 3233
527 502 2812
111 37 8436
212 383 9641
202 420 5292
109 299 9798
393 386 5166
439 74 539
425 397 4063
266 529 7950
156 394 2631
97 184 9188
315 318 8949
212 97 2278
154 431 5817
533 250 7356
246 335 8208
522 508 7116
265 251 6874
177 440 1888
285 480 2944
397 351 9781
322 42 9016
173 29 4065
500 529 5345
325 9 6801
190 149 7244
142 269 3428
539 47 4227
516 180 4052
452 111 5480
189 375 1958
443 141 6715
416 232 2381
69 384 5803
326 493 1451
230 420 9108
469 277 9560
341 527 8330
388 310 2914
50 21 9810
215 135 7332
391 517 5052
63 263 5423
134 261 7222
26 62 6507
544 480 8454
254 294 5233
234 98 2865
67 276 6139
483 394 2751
158 275 4995
129 526 3372
19 105 2359
544 57 5715
452 403 9923
54 88 3662
413 491 2874
47 181 1655
511 344 7126
342 446 8383
250 514 3273
78 76 2594
344 235 6799
1 511 699
69 125 7371
265 301 2516
252 482 7530
179 334 9247
57 536 4192
247 547 2272
422 161 7626
427 507 2734
401 209 8480
263 221 5752
220 547 9571
128 416 3535
259 145 4896
199 10 1009
127 198 4714
488 162 2986
540 205 1156
519 278 7284
6 284 2726
427 124 1232
333 256 8873
65 311 2337
354 78 2800
199 170 3817
274 521 5686
146 300 4725
143 446 1460
448 203 7504
431 159 5962
272 100 1863
129 104 9042
240 218 7386
469 290 9775
487 197 8310
8 18 7278
313 267 6092
488 528 1693
13 134 5312
259 113 1358
30 198 5875
9 425 8018
426 56 303
328 224 2623
25 17 2479
61 106 6993
119 490 3392
31 153 2815
529 219 3525
538 491 4427
100 453 7638
155 34 4682
255 454 56
423 445 2386
522 139 352
302 513 9381
425 66 3589
424 499 7377
163 468 4093
489 54 8835
361 495 297
539 267 3325
376 511 8213
521 83 6482
414 365 7191
197 308 7454
321 331 913
432 330 1536
210 448 8676
398 172 5460
317 143 4266
54 482 4849
140 80 789
419 412 9246
227 451 5891
182 15 1461
523 5 8777
365 343 1877
10 394 3780
316 538 4701
375 422 1610
539 253 1286
531 303 5348
172 14 280
341 17 2713
318 55 830
222 25 5586
95 10 4599
307 275 5113
503 436 4197
233 60 5535
127 408 9455
493 327 3801
196 331 8928
382 166 433
484 440 1212
208 516 6703
515 259 3453
386 10 7244
194 106 1809
364 147 8514
344 130 4431
417 405 6339
350 525 3006
143 178 1543
439 172 5322
142 70 7569
323 403 1380
368 477 2164
71 474 6695
526 493 5317
54 357 5303
275 526 2836
153 158 2811
173 259 1909
521 496 8011
472 149 4617
128 202 1987
516 236 2224
444 304 1524
30 339 1913
260 332 6464
364 222 5810
418 478 3211
546 397 7639
527 256 5793
458 349 1204
289 376 4860
285 93 1781
378 535 6062
186 304 6155
169 483 3945
279 238 1152
361 450 7259
194 172 9831
338 486 3704
469 267 3563
45 416 5787
542 493 5264
524 259 3347
9 94 7003
537 472 7968
136 161 3151
3 275 2643
40 525 897
261 232 2944
144 188 4061
126 250 5654
536 120 9443
383 77 4728
485 88 803
543 279 3978
90 214 3659
244 409 2176
234 529 8070
234 395 5862
518 187 5342
264 441 9041
178 93 3458
436 220 4622
226 142 1033
377 285 2444
54 85 8898
182 34 2929
247 401 2847
421 86 1059
431 422 7150
141 81 2266
348 388 7926
480 425 6073
51 516 6856
366 394 8547
474 286 5081
487 254 1152
530 213 7966
159 307 1493
182 83 8453
244 251 4425
51 500 4550
517 479 191
247 143 144
5 336 8815
547 293 8173
89 339 8305
503 40 8136
469 274 162
325 250 7313
195 465 6490
32 303 7749
195 246 9861
363 236 7647
267 297 6289
88 55 4096
484 43 5661
379 371 9538
507 437 6424
214 40 5843
46 168 5683
298 65 3008
24 406 3837
143 537 9641
302 364 8849
38 249 108
511 548 300
122 395 3126
525 115 4696
510 140 6521
358 277 3820
307 186 3179
197 338 4117
231 248 1993
92 361 6763
206 462 7851
404 229 4196
280 92 7875
391 246 527
531 276 7931
522 454 3515
524 403 3889
514 319 1162
381 335 6735
310 524 4936
159 281 2914
219 504 1357
439 116 2034
31 313 8312
410 9 3531
125 239 8425
316 503 4672
178 414 6828
4 15 4347
516 186 2118
335 83 7760
51 42 6689
87 183 6651
290 406 9828
323 69 9829
313 275 2914
75 308 6863
478 331 6734
325 517 5459
409 516 5103
71 77 732
57 85 3197
135 196 5930
451 337 5036
128 286 4893
548 265 6340
249 321 8036
455 259 1521
417 473 1665
146 293 2917
453 372 1778
67 256 1795
335 533 1848
345 416 2540
44 494 9465
192 258 1548
185 539 1169
64 238 5730
363 412 945
512 169 1101
459 290 6462
73 114 7721
89 113 9045
125 158 9985
99 465 10000
358 170 6406
69 329 4618
523 239 8588
509 336 1343
76 51 3688
52 528 9043
67 247 992
83 17 5939
342 296 3152
109 496 6031
534 187 2647
131 476 5105
201 161 2537
122 328 8798
502 86 1352
155 138 3862
21 151 3023
116 392 7712
57 181 2992
62 304 5409
435 69 9893
197 234 8819
287 203 8730
348 258 5147
118 76 8895
357 401 8561
207 52 4877
414 111 6903
25 476 3233
58 349 3057
156 382 9853
13 56 7341
355 472 5462
249 2 4344
462 153 4075
3 283 1864
399 538 7234
477 438 2666
63 530 9654
202 478 2976
486 84 6512
495 159 9870
387 180 7733
387 126 3354
470 58 4907
216 128 5516
531 68 9226
450 394 4974
297 129 3671
326 485 7933
425 180 7673
386 279 4279
23 530 5583
424 466 3564
279 10 7420
361 260 1979
308 67 462
512 171 10000
494 149 3088
166 250 1650
313 252 7655
476 137 7016
40 465 8598
126 393 7305
424 505 1709
155 260 6907
251 220 5034
160 505 9697
545 192 317
60 102 3886
462 246 876
413 536 9500
387 449 114
512 384 4751
170 395 5015
170 77 696
332 201 2135
384 156 2747
383 473 1989
435 159 1941
48 182 6004
454 132 2440
484 183 5914
189 122 8011
5 21 1168
41 127 5785
304 219 1931
348 375 2665
49 500 3998
418 130 678
441 431 1280
533 67 9425
430 404 3518
68 433 5761
365 157 883
533 534 7175
511 336 8019
382 461 4380
341 205 9201
514 229 3320
491 23 4583
221 430 7904
262 357 6973
529 238 1063
210 501 6521
203 430 4741
45 236 2641
64 324 2478
162 408 5811
13 546 1339
486 14 5777
471 38 6174
452 94 9517
423 71 9669
340 514 1483
506 62 79
202 324 2530
141 405 5647
125 175 8464
85 133 4445
363 272 1748
544 320 424
277 166 5714
468 212 6597
511 454 3106
363 499 7596
411 271 3664
113 252 8101
480 312 1805
77 85 8049
312 527 9817
191 275 2936
338 45 6259
365 379 9590
370 75 8753
267 238 983
520 19 7783
365 151 8677
159 186 3986
481 533 1171
13 131 803
495 239 5086
328 334 9402
21 437 1284
21 31 972
497 85 1348
438 467 3308
193 439 8006
3 201 5608
147 346 937
284 155 8215
259 207 8176
334 249 1151
534 421 5417
70 14 7569
229 175 6889
9 129 4491
384 393 5037
495 15 7626
426 302 5604
196 46 5584
261 486 2873
474 483 97
157 370 9417
85 300 8038
178 464 8136
475 383 2906
228 357 6297
53 428 9745
468 225 8165
300 92 5039
455 350 587
43 110 900
342 43 1147
102 332 4028
170 218 4295
171 174 7683
39 464 5008
52 530 1288
336 11 3001
75 525 3638
214 335 6976
264 349 9724
524 6 9147
373 82 1781
48 235 8097
401 497 578
271 46 6908
420 39 4066
121 486 1494
255 331 6873
109 402 599
276 166 8739
372 335 5779
91 182 4616
458 29 2763
546 144 573
308 152 4783
371 245 2559
86 457 5047
157 143 5858
216 447 7336
448 515 8943
425 534 4057
405 326 5895
410 442 4143
129 198 3920
75 500 7363
544 461 9667
174 203 7836
97 336 2860
431 29 4114
5 411 356
225 369 888
80 303 4768
250 232 2529
504 490 9378
211 454 392
430 210 8376
234 511 8617
311 439 4477
110 460 8391
239 137 2856
188 271 769
199 31 5794
374 276 9234
293 271 416
464 131 7938
182 365 1022
538 329 8022
93 151 1450
434 268 6927
240 220 6371
43 533 2144
23 438 4919
137 448 9979
192 381 4083
262 62 5705
290 336 510
532 166 1618
367 150 7499
390 148 2399
297 479 5237
191 402 1809
214 27 3269
327 66 8253
243 151 3205
504 108 7578
90 34 3299
315 435 5675
431 112 9787
184 231 4583
488 27 9337
83 199 1641
269 209 3396
411 59 8314
221 90 9634
413 452 6708
419 489 1010
532 6 1245
77 45 3889
440 506 1622
74 107 5725
485 295 9390
89 175 7927
463 20 8589
44 333 8459
311 190 5759
541 166 2364
340 495 2436
316 98 3934
227 423 7058
462 342 3127
530 262 6465
371 78 6981
89 165 931
51 105 3912
329 190 8383
50 491 3932
220 314 5586
547 445 7571
172 182 5957
229 96 1182
262 442 1731
311 254 4732
218 250 4333
128 134 2739
75 178 2757
1 132 5415
404 544 7170
181 321 4777
51 484 5663
294 44 5953
10 197 3526
261 133 5188
327 419 9287
480 396 6637
422 247 9509
464 349 2231
318 193 6019
159 476 4270
214 409 7954
93 359 8849
168 308 137
232 116 1313
385 337 5797
175 151 7308
239 536 6612
103 70 369
238 112 4167
311 298 1311
287 204 3678
107 419 7285
37 2 356
23 231 7317
493 532 2776
325 95 742
510 438 1683
15 206 2000
401 261 2610
329 127 4024
219 351 7874
287 501 9073
18 549 1652
401 527 872
326 182 5515
287 447 2623
22 480 139
108 532 2045
455 497 7474
368 86 6167
262 389 9373
119 513 5864
6 379 7525
141 4 8403
541 305 4170
276 535 8615
202 103 2932
11 174 7706
402 122 1997
63 475 2534
325 87 9700
146 542 891
102 265 9558
382 26 9064
16 410 9439
60 529 5352
81 44 4425
315 272 5284
473 4 6280
414 426 6415
267 250 6485
505 404 4527
406 254 18
90 55 6650
200 93 612
170 211 6992
214 169 9203
331 312 9768
388 24 8872
217 243 8998
2 324 2854
518 447 9505
496 455 3516
192 162 268
508 524 3511
113 359 2426
154 366 980
386 276 9591
507 327 6187
242 115 1244
375 471 7684
25 177 8523
308 185 6820
499 89 8507
530 384 4513
12 538 6917
105 309 4838
139 92 5769
6 467 2379
116 222 3397
237 49 8866
428 349 994
239 501 9880
281 338 2733
178 39 6914
449 273 3923
484 486 8966
396 202 842
309 424 2658
452 345 1002
545 368 8326
122 202 3354
53 78 9667
25 214 8576
162 513 3164
397 269 1644
526 1 9867
200 163 5454
193 229 5119
367 5 2784
96 160 9361
4 17 6416
56 465 4207
504 402 5872
148 106 3060
226 168 3577
480 32 2261
8 309 3106
549 390 7285
358 185 7653
421 481 9540
521 206 7982
389 23 759
532 492 3148
53 486 3730
74 298 6557
145 177 6493
436 305 1286
394 279 3542
540 300 7257
446 70 8107
362 393 6714
298 454 6733
163 48 1469
259 465 8602
201 334 4393
517 527 2622
252 53 817
345 363 910
394 430 4673
141 386 5388
218 446 9007
433 424 4960
154 536 4722
274 397 2788
294 167 5200
409 463 4372
359 230 9405
12 150 3053
55 473 1860
442 105 7466
305 13 5120
15 327 3115
111 261 2393
500 32 3847
14 159 3555
314 410 9147
385 406 6654
471 12 1822
521 69 3404
299 239 6974
440 525 916
204 98 3466
179 284 8434
377 377 5661
197 397 9334
209 431 8622
6 101 4503
174 234 7737
130 185 2818
367 375 2878
133 103 7404
166 258 8870
44 254 4066
124 435 3215
71 2 5027
415 103 2257
509 329 5486
14 91 8345
307 103 9586
3 456 3012
187 506 7437
145 377 5035
411 224 4835
162 505 9274
205 434 9626
419 68 5262
512 453 7623
252 525 4652
304 272 9367
131 94 9237
17 143 7007
109 475 2438
493 449 615
422 194 4272
244 8 9263
536 161 1326
378 468 2199
430 337 9381
63 425 7546
182 25 2320
549 208 8015
112 337 7196
422 454 31
355 236 1861
326 21 9763
319 201 4627
533 110 5156
203 39 5415
339 348 8221
262 488 9714
291 26 4449
362 351 9096
35 130 9418
118 132 7623
345 268 6036
545 397 5892
469 507 2527
7 114 1546
410 376 1865
229 525 8360
109 236 5265
392 361 5662
94 66 3860
395 428 7064
165 64 3442
309 113 3357
417 252 2395
233 149 1048
270 87 1918
48 127 1925
509 468 8021
14 148 4317
384 440 3643
56 234 2278
388 400 8055
356 145 5631
96 95 4399
437 139 1415
442 75 1690
437 180 3693
107 172 332
153 321 3250
429 187 8178
383 378 2403
419 179 4436
427 63 9132
150 337 5608
58 511 5416
374 345 1848
173 256 8281
460 430 968
316 44 1451
515 383 8735
492 236 2502
398 527 7844
424 182 3004
240 339 8607
170 8 995
186 453 9708
366 252 6141
223 79 326
208 401 8767
517 90 6978
27 361 1912
512 138 1541
431 58 6482
377 10 737
10 499 5669
376 348 7756
69 493 6105
46 132 3370
185 305 4089
469 64 5560
529 316 9738
315 245 6658
142 398 9586
377 450 1382
398 544 4619
468 226 4727
428 354 5197
147 363 8300
311 330 7122
145 52 8409
208 55 1671
141 133 3375
111 69 5034
255 11 7658
530 224 5190
382 29 1941
375 455 2689
94 59 7013
456 155 1980
449 58 9647
32 427 7286
30 360 394
5 12 2215
514 387 1790
84 470 5768
403 118 6760
247 26 8675
313 167 9733
377 355 4383
159 53 7677
198 267 8413
65 535 8762
464 442 1623
15 190 408
457 104 5539
474 427 1946
428 507 711
281 188 2873
263 69 9453
319 494 8966
233 341 957
239 223 6251
295 404 9044
132 162 2700
170 490 6272
429 278 7265
108 369 1448
286 269 3625
428 216 7789
44 536 8862
211 12 3920
464 1 4556
456 102 6467
343 423 5132
259 352 9202
201 16 7986
64 236 3761
214 47 6264
49 460 5669
49 119 4375
344 260 9294
293 453 3260
137 101 897
126 522 2467
546 228 3745
305 253 3319
80 454 7102
262 232 3059
441 190 5773
544 24 6616
184 225 8086
493 378 7647
348 475 6726
89 333 8025
352 264 6205
38 293 921
417 315 3695
214 261 709
221 240 2093
435 177 2151
31 397 3256
235 215 3287
52 230 2205
350 137 3830
125 293 3503
42 80 6640
402 80 3427
93 68 6966
326 545 1797
497 32 4574
90 167 4200
245 381 5598
353 145 53
397 436 241
185 518 6798
399 18 8731
217 186 197
512 449 9902
103 99 6746
316 153 8668
75 27 9303
426 327 350
489 360 3066
53 456 1005
517 158 3952
206 497 5062
184 38 3247
216 547 9574
523 263 2287
536 460 9460
189 150 9793
448 467 3466
497 355 5737
179 162 1967
109 318 5279
468 369 9571
408 145 1704
374 295 8254
240 117 2083
282 304 9056
152 475 5351
7 110 6242
495 349 3382
545 336 6886
67 297 6301
100 150 2641
526 451 3942
39 334 142
119 336 8615
372 442 8258
135 292 9111
463 23 8253
414 214 4579
50 459 7630
256 530 656
483 125 6333
546 53 3342
326 89 158
443 325 451
458 37 7415
164 339 475
67 547 1729
380 464 5196
325 443 5219
364 115 1733
233 121 5809
477 345 3370
387 246 7483
215 341 521
86 387 5424
297 42 6762
325 153 9795
224 147 1927
216 231 2726
359 307 9447
25 365 9940
289 438 4164
339 58 8127
262 122 1552
472 320 9836
401 349 9465
309 163 4514
218 353 1830
361 482 5554
453 419 7750
195 32 8113
306 349 2351
190 66 1794
430 265 2116
250 275 2947
289 325 2133
3 271 3265
29 357 1
15 484 5766
229 207 9075
416 273 2125
237 452 2960
114 45 6065
171 109 6085
301 419 4737
297 123 7583
321 87 2209
321 280 8827
471 120 8640
125 356 7485
256 446 6694
137 445 3316
435 347 5485
219 169 6241
362 273 190
425 532 8459
182 475 4176
336 301 6126
394 247 1618
16 207 2992
176 35 560
241 250 8495
49 328 8822
371 291 1881
449 144 5956
90 514 8427
45 154 7321
309 375 1412
437 69 5729
191 166 3304
172 181 8877
330 195 3160
447 423 7659
50 281 3248
501 368 3008
332 4 1196
416 242 7648
170 108 6319
448 72 8590
369 361 4639
286 151 6285
411 350 1880
467 84 2294
9 504 8614
522 271 2201
284 58 1148
370 60 1130
184 137 5163
91 385 8584
275 499 8316
173 208 3318
16 255 4262
75 47 7811
177 293 9852
163 471 4820
130 326 3760
189 237 2682
420 81 335
375 22 4423
65 49 6284
334 228 1167
467 74 2841
356 269 8605
389 399 5453
542 174 2450
84 454 5407
328 79 7541
516 264 5399
69 97 8104
396 191 1036
90 424 5334
252 290 1327
144 21 7499
546 197 2744
292 523 5456
276 519 5031
538 50 6896
522 1 7329
440 285 8882
67 540 1757
11 238 8597
199 476 5582
106 42 8385
23 26 5112
39 16 5932
33 530 3764
259 34 3778
212 274 2418
543 104 6639
223 302 1200
435 192 4742
239 275 8301
426 513 4772
170 71 2927
19 312 6432
76 59 3498
488 30 5035
209 9 1142
149 309 5832
353 181 9871
210 108 8935
114 357 9475
137 475 8737
339 462 8415
352 116 2440
480 446 8674
234 137 2800
280 119 9298
139 373 4569
363 339 5598
496 148 8279
538 113 4476
491 171 3448
400 285 6078
182 188 8150
167 61 2146
507 44 2181
344 142 5057
97 129 1157
31 319 190
242 406 8169
104 186 2667
429 8 5864
83 378 8745
259 133 2770
524 5 1644
140 140 5713
477 293 4267
530 148 7113
381 88 513
545 489 3455
463 324 858
69 439 7102
528 511 4921
166 312 8096
374 536 2668
173 357 1511
261 530 4056
343 496 1627
439 320 9347
236 460 635
23 491 6066
459 384 2061
366 459 2720
433 234 7415
22 132 941
21 308 8181
320 433 2013
107 247 2641
260 134 114
288 79 7277
343 154 9929
100 358 7182
66 515 8215
200 237 4833
46 502 5999
425 126 1750
229 113 3183
30 353 2703
237 260 1040
168 119 4714
275 339 7892
512 6 9235
337 342 1159
201 332 2579
460 334 2285
356 273 2680
425 33 1756
195 84 9546
497 124 6947
171 405 2929
464 386 5395
404 269 4444
306 502 7171
399 215 8880
53 468 1356
425 535 3210
29 76 7117
370 519 7003
71 414 7223
446 167 3996
131 205 8527
174 500 4331
191 479 6327
2 97 5501
434 123 8813
315 175 863
359 47 8765
105 9 9851
470 355 5722
237 228 3016
287 319 8241
249 397 4623
276 212 4877
133 494 845
128 377 958
98 373 4255
386 323 5684
81 145 5974
163 199 6171
141 150 5486
275 543 3321
422 281 2853
126 276 1981
223 403 5255
212 380 2326
433 472 9558
221 162 1159
179 389 224
154 165 5653
517 343 8334
529 66 1912
530 157 8880
512 472 7183
508 247 5340
404 534 4134
15 226 5625
86 205 5221
310 145 8984
348 247 3987
125 469 3588
424 245 1480
250 325 3379
392 254 5145
191 63 3006
277 473 4329
464 179 2841
320 490 3249
233 130 3451
405 118 2134
391 443 292
538 330 4413
16 447 2924
93 535 7974
325 529 2931
284 159 2558
69 89 3309
504 248 3246
392 273 5667
238 23 4353
190 421 510
514 516 6368
234 526 5989
105 401 5640
2 377 1057
393 295 7559
331 183 7244
485 63 1318
197 153 7468
258 132 5920
532 163 9745
499 267 4519
72 56 186
450 65 9655
207 191 3382
305 425 5831
313 441 4388
84 78 8413
80 397 7612
20 516 5670
142 16 5287
273 451 5995
443 349 6429
509 24 2971
87 464 8405
249 446 6670
366 444 5773
398 147 7956
365 350 1075
440 524 9091
316 497 735
181 473 9720
311 32 2256
339 26 4953
541 127 4952
294 123 660
317 304 1933
470 145 1410
508 179 3042
347 291 3594
161 228 4169
186 325 4827
419 205 81
80 118 1989
441 44 2647
257 62 8455
183 50 6799
362 359 4203
467 479 9408
200 370 6945
473 220 2627
298 243 7750
175 532 7693
75 411 5291
221 73 6665
17 8 7480
498 540 4229
327 498 725
25 34 836
173 275 3809
122 3 7302
463 375 4686
347 547 8410
486 465 5008
149 345 2209
173 372 3034
61 72 2023
300 489 817
353 246 1965
177 376 7906
103 210 6378
495 120 1896
392 511 9823
326 270 1203
364 276 9994
148 221 7491
446 358 1023
35 7 4176
531 488 6077
224 203 7437
251 63 1055
476 16 5025
416 521 5359
295 494 7693
336 534 4682
401 328 5773
353 202 3375
24 347 4326
187 227 9079
452 123 1893
134 408 7402
21 427 8864
283 367 6848
232 185 2656
127 102 6425
322 289 4103
490 408 4879
498 60 2957
435 357 3703
233 138 428
297 338 1052
200 30 138
340 260 385
51 332 6282
143 290 9655
275 283 9369
425 484 4403
392 517 5776
12 139 9021
5 56 1197
14 176 8371
109 282 5701
3 294 982
214 74 8006
209 402 9272
378 217 5027
348 24 9857
235 175 4992
381 246 8706
3 127 6525
60 142 5086
25 517 5035
478 506 2172
17 519 138
221 323 8551
299 59 158
227 57 5434
460 330 4527
491 69 3207
86 73 6115
260 181 901
15 464 6361
291 18 2290
61 72 1588
325 79 7517
419 213 935
429 82 6743
246 28 1401
396 411 5748
268 505 8797
52 21 1752
470 365 1539
469 509 2085
179 521 5108
488 14 989
401 519 2138
133 504 6265
364 382 2837
182 144 620
94 372 8019
67 241 309
153 411 9529
61 441 8112
322 544 8025
222 66 6461
370 511 3242
504 378 3129
528 15 7804
158 311 1859
410 196 4684
156 154 8431
23 288 6773
72 79 3858
253 366 6668
485 490 4612
335 505 2178
438 261 759
367 447 1954
51 402 9153
420 395 5226
128 472 1691
124 253 5378
357 491 2036
387 526 8069
82 122 8601
315 144 3241
26 362 6039
287 240 6255
168 340 3203
405 373 7989
259 34 4963
521 29 4065
385 94 5152
507 437 7840
299 231 2589
330 70 2262
282 227 9544
221 100 7541
329 238 5763
415 152 7901
438 212 6971
242 281 5208
343 2 6468
108 527 8472
112 418 5494
43 463 6349
66 12 9902
294 418 1615
137 469 9748
338 126 640
474 353 2466
490 450 7338
180 64 9962
366 448 6108
140 347 7612
437 315 3045
128 196 1159
111 244 4572
92 226 8422
47 177 2427
87 66 7215
305 134 1873
377 179 3995
449 214 5719
58 286 14
519 520 4374
5 486 7416
318 375 4054
232 190 5409
496 238 5653
376 139 7213
286 155 2498
467 133 5198
71 464 6894
512 429 4978
178 419 4093
301 436 4211
9 215 3329
321 169 3819
299 437 8949
114 23 2714
463 296 5572
165 323 7089
526 293 1283
48 152 7571
127 121 4689
519 319 4374
400 406 531
432 234 6087
508 133 4626
79 449 7292
62 137 2897
153 404 6449
342 542 4432
289 368 3406
424 19 8976
449 242 6753
353 408 3815
71 509 6035
264 73 4106
57 516 7394
2 441 3320
301 461 1408
248 412 3484
59 323 5840
223 403 3296
392 147 7118
172 21 9242
496 527 4823
55 77 7355
274 362 4968
347 390 329
132 151 2670
410 43 4959
63 14 4183
290 296 8479
494 483 7051
494 545 5274
326 257 9390
135 470 8661
16 440 7962
475 123 2260
521 54 1197
384 113 9132
167 504 31
291 8 6422
351 62 559
152 56 5378
239 484 7591
266 194 5928
487 31 1774
530 124 4925
25 88 8063
187 422 5134
510 77 8571
108 4 9159
349 480 2134
68 32 2790
538 349 2958
143 241 21
260 385 9727
107 273 3250
399 156 2707
84 308 1357
281 80 910
532 473 7269
85 517 4337
314 500 3311
331 90 3851
266 435 4934
37 427 7605
291 475 1949
427 447 2865
82 187 5290
460 24 2262
203 296 6719
307 77 8124
289 9 5389
549 500 1402
257 196 784
369 81 195
152 272 7990
8 141 2542
335 505 784
170 111 9426
340 214 982
312 393 7406
247 458 2796
26 480 3576
370 36 642
534 368 2689
109 230 9203
229 85 3470
339 71 2425
132 518 6179
179 437 5897
463 72 2399
264 105 6089
254 424 4796
306 200 7036
192 472 7317
164 538 3402
8 17 1105
305 132 9716
486 405 8749
545 224 4544
221 411 4440
89 21 4221
476 354 7055
248 177 298
14 174 1817
372 178 3952
163 247 8864
471 437 2694
106 339 9054
465 301 8072
167 132 1302
29 517 2769
37 97 2618
16 461 3044
154 286 4809
358 431 3779
325 113 7133
313 172 7524
109 382 6035
471 92 2639
296 277 8423
269 330 3216
351 377 2760
74 544 8052
162 21 3575
214 212 6074
522 233 6107
360 34 389
208 477 1467
43 77 2878
327 162 3521
7 297 941
341 468 4879
426 119 7380
51 379 3004
41 296 2987
154 4 3918
34 498 379
15 110 828
31 451 169
103 135 8323
439 344 564
61 541 3343
362 528 8669
97 363 4135
427 169 3008
280 142 4344
365 512 5632
454 278 5804
98 184 2307
413 302 5896
226 90 9626
172 304 5684
238 385 9506
176 51 9103
150 225 3464
82 469 2124
421 110 3048
129 480 3837
35 256 4935
298 360 9381
172 313 692
99 142 4554
266 93 3182
501 229 1684
52 336 143
318 482 6232
43 33 2929
159 365 3537
464 507 3213
335 358 8079
260 273 511
219 225 4836
17 433 9642
50 419 9537
187 332 2348
103 220 438
174 71 3708
59 505 4027
223 380 7414
138 87 3851
293 310 4938
447 325 6077
374 102 8611
135 127 3715
210 268 572
486 343 2467
514 510 3962
425 534 3196
329 531 2113
203 291 6795
352 515 6663
434 351 8866
105 89 2084
354 133 800
403 538 4994
384 369 1043
439 436 5641
254 259 796
221 442 5363
20 83 7954
432 316 9128
2 446 4454
452 336 8295
113 97 2362
547 36 6572
368 232 1946
488 473 5824
417 546 930
413 307 3676
227 408 7788
401 364 3130
43 486 9817
78 142 3653
141 350 3048
264 536 6782
442 548 861
43 230 7590
470 449 3493
155 160 2552
352 243 3677
217 89 5079
266 117 8117
272 464 8128
338 485 9992
367 541 2882
132 480 7710
232 101 2319
226 74 100
528 111 880
123 291 9878
111 23 8683
520 107 8382
405 13 1652
76 516 6291
365 193 4152
188 529 6965
288 547 3841
183 90 9231
396 400 5964
465 123 5089
138 293 2204
301 273 5652
26 80 2893
114 405 1538
342 105 8186
366 409 2066
12 483 5696
66 241 9888
199 1 9924
464 361 20
138 432 5329
400 53 6946
410 193 3477
345 93 5995
90 407 153
390 428 2483
401 390 4851
172 168 3856
215 158 8841
406 67 8347
17 137 2158
283 286 7057
5 453 1043
400 384 992
246 376 9487
498 501 4420
152 408 3778
529 505 6940
319 160 3698
249 440 4688
508 467 6735
532 127 5933
450 43 4206
522 384 9941
268 218 9409
454 38 4339
86 382 1946
23 122 8907
130 25 1529
121 381 5678
120 485 2355
150 109 894
219 445 9586
198 202 7437
164 106 686
128 194 3541
128 431 7630
516 62 7873
79 5 2786
444 159 6365
465 439 7913
315 318 287
159 441 3189
42 326 3483
407 297 3841
157 280 7598
488 535 6498
254 295 9528
40 504 1761
450 111 7269
343 11 1082
495 16 5726
198 73 7189
380 381 2719
436 380 6963
45 337 9751
267 37 2085
477 313 3159
350 161 1238
217 311 7726
54 110 5471
246 88 4889
66 499 1132
305 501 6387
329 491 2502
184 40 723
295 433 1449
417 428 3244
273 521 7265
458 218 29
386 59 6847
256 309 9103
465 97 5825
368 318 8681
170 511 9316
361 284 3529
216 200 5417
419 80 8709
146 529 3067
417 283 5588
382 502 2873
518 75 4676
308 521 8547
332 230 4091
262 485 2893
231 445 3604
67 450 1711
536 549 6630
375 178 5481
459 437 9139
548 82 1909
170 435 6171
188 183 7313
340 389 8273
549 77 1119
343 2 6634
411 480 5688
392 380 7890
414 91 4936
73 196 9046
423 91 3802
204 342 7902
491 34 1584
286 5 5460
141 3 7975
216 312 9072
520 235 5479
502 146 3158
421 278 6576
463 451 9815
367 417 4520
189 153 3140
31 32 3080
112 26 7598
237 228 2258
86 387 2976
121 324 815
526 461 9595
33 63 7510
130 511 5990
59 501 5597
539 248 7272
439 226 6235
480 153 4194
1 367 4829
269 491 7795
498 404 1253
215 473 1009
19 523 924
505 531 1819
213 112 708
433 259 7868
26 531 164
548 309 4984
116 528 6220
448 184 7564
73 201 9845
467 138 9192
35 403 2789
355 139 6404
165 86 3557
121 443 2290
33 90 3546
263 57 670
540 158 1440
444 263 9249
264 476 7812
175 150 5294
406 513 264
312 510 2553
55 376 4809
348 96 817
203 423 6421
50 79 6286
159 380 6792
326 464 3733
326 333 5230
304 61 5953
81 445 9582
454 2 7568
266 265 7564
195 116 8783
253 482 4931
447 143 8844
483 217 9252
294 412 5699
5 395 6290
430 128 5622
147 496 1839
124 315 4087
246 32 1936
540 513 8014
132 68 7788
184 14 5344
101 163 8189
65 295 5988
355 123 4289
348 240 6909
69 447 1710
246 505 6984
252 20 4725
347 366 4346
8 445 5327
543 487 2925
230 492 4127
59 249 4524
470 382 6101
474 411 2213
395 271 509
536 537 7373
388 217 5802
274 25 9197
505 268 4696
32 501 2047
230 3 5774
264 491 9735
253 441 1796
23 234 9309
210 62 7309
13 462 2116
7 275 4949
43 147 7814
91 10 6658
120 459 5985
299 226 1938
253 413 6700
287 198 8047
133 530 9183
231 190 3191
263 155 8200
380 348 9719
341 157 6389
254 445 5764
289 524 759
136 366 9617
91 288 8288
400 86 7814
526 91 7104
536 145 9762
114 476 8783
464 127 3263
227 468 4604
488 69 2666
404 94 1077
416 470 5778
292 60 6167
220 456 3320
185 363 9652
231 336 6487
69 439 2878
389 273 6176
376 498 2022
137 235 5076
60 416 1806
123 417 2117
335 376 4523
429 4 8864
37 247 7636
394 52 1710
424 173 7242
348 283 1479
198 525 9003
71 97 7768
470 175 7635
403 367 4048
518 411 9962
495 434 5962
126 90 6850
523 220 5325
68 132 8488
225 184 7211
530 514 8112
498 440 1403
454 479 4082
325 46 4097
547 255 9642
437 257 8448
455 362 4774
33 509 8085
220 15 8787
213 8 4442
188 278 6165
141 470 4191
49 433 747
149 433 8133
311 7 1320
79 263 9254
113 259 7514
28 448 6105
242 251 9679
49 349 3480
143 338 660
345 383 8870
324 271 3432
58 406 1136
22 229 8523
102 105 9210
19 117 8920
207 340 5124
69 182 6276
365 489 6053
322 516 7511
457 492 6030
503 246 1426
338 415 6231
472 148 9832
98 475 5191
375 169 2747
212 171 17
434 375 4144
32 467 7355
259 115 6658
91 525 6006
117 540 2885
232 247 8694
432 34 8201
280 450 6818
180 207 886
72 82 155
86 213 6711
408 307 9906
100 255 4509
162 280 3467
428 51 5826
248 208 6272
522 343 5026
8 473 6338
243 366 150
276 331 9449
441 142 2839
468 388 1743
255 144 3541
113 34 8854
196 436 8088
248 437 3781
463 8 7990
386 421 9650
458 428 8197
128 122 2646
389 233 9965
224 80 2324
404 435 9222
432 358 7065
188 3 6722
504 510 3376
514 16 8663
350 306 7376
314 369 9595
215 364 8612
12 196 2771
296 215 9218
268 400 3037
52 118 7772
391 496 1692
454 51 4768
226 454 8106
42 418 2543
130 476 2669
23 542 3981
41 473 787
245 50 847
178 253 7639
402 489 3164
512 498 2525
517 253 1678
52 52 5563
165 4 4691
253 87 9805
133 78 9333
116 393 2777
329 476 7080
489 2 9453
80 137 6918
249 393 3821
469 328 5856
163 306 8291
219 498 8166
495 468 2632
248 266 3756
296 28 9700
435 241 6731
39 242 6434
278 96 8961
201 482 5181
99 529 8491
88 280 8519
59 11 3115
27 378 4795
491 315 1084
104 335 1851
373 396 2762
170 416 7103
57 285 2397
202 1 458
277 534 2635
209 43 7897
484 185 1987
493 312 722
150 155 5975
289 360 6130
399 354 2958
216 26 6277
471 476 9693
461 487 2523
46 23 7852
132 267 8196
348 362 6118
69 294 1643
371 146 6164
470 317 3980
79 187 8650
124 414 6740
530 532 7918
44 320 5028
504 496 6543
147 171 3391
97 271 6044
77 405 8038
453 139 2853
33 496 6648
318 300 7231
511 444 7827
512 20 2900
291 216 8679
495 11 8345
206 220 8331
257 137 7172
7 34 3406
202 19 2063
503 285 8528
424 232 1300
224 542 9795
257 269 7731
240 194 4005
268 175 9649
189 379 4444
15 508 2320
482 143 7628
527 431 7696
233 373 5829
39 493 8039
182 100 3975
82 146 8689
25 3 163
35 150 9195
517 139 3243
426 488 6572
65 62 6747
437 181 2074
490 382 6978
210 188 5448
268 520 2347
143 17 3011
36 161 8118
204 407 5767
366 440 9132
491 139 612
10 357 9147
326 542 6010
92 436 6619
515 56 7483
31 95 3627
525 56 8653
62 165 4940
68 291 8060
217 537 6651
70 542 6514
463 6 7642
20 229 7852
182 448 5714
192 170 4480
94 428 8683
471 67 2762
541 431 2594
111 405 4474
34 395 8032
377 284 5023
532 368 4924
28 427 2883
128 119 3483
45 433 2077
480 473 1065
493 380 5332
539 266 9469
255 201 9591
165 517 1346
119 543 950
423 30 6259
197 287 4176
443 136 6517
506 268 8372
243 409 3786
266 533 8865
503 519 3339
488 36 2614
86 475 5962
193 398 1233
474 409 9098
445 514 9868
537 265 7790
138 403 654
187 227 9289
318 76 4965
300 90 4521
204 489 9180
353 253 3852
282 52 4720
159 212 5081
34 217 2292
522 275 5974
321 389 4782
328 200 4052
442 34 6948
18 520 6538
16 382 7441
99 34 6336
160 6 9172
245 426 2792
364 485 3997
170 28 3908
143 88 4809
72 233 3418
252 412 304
38 348 596
248 446 168
288 516 8598
109 337 1696
44 415 1739
192 243 6116
104 4 8657
237 539 249
340 116 6489
107 489 9710
373 167 3855
461 132 4208
225 474 9669
364 45 71
57 62 6625
18 332 905
405 121 9010
432 283 7337
193 135 5204
215 96 8595
495 40 6824
311 478 1151
167 546 8938
243 84 9153
204 84 716
544 336 594
134 33 2343
452 546 7766
132 137 5125
136 339 4727
532 519 9438
344 226 8326
62 477 1941
74 6 5789
1 542 7771
53 196 4436
356 420 5633
544 483 1198
316 223 1102
414 483 5941
397 483 3076
57 415 5426
216 335 8611
448 273 8457
333 261 738
332 458 79
270 379 1383
9 28 6471
199 278 9670
524 461 1631
337 211 4826
471 529 5141
525 448 5128
279 85 6825
293 484 3778
31 403 8809
228 99 217
415 448 5659
434 183 6381
527 450 8415
24 157 7562
112 250 3590
75 183 946
88 379 9375
357 488 972
481 299 4558
511 434 7958
198 529 8606
440 498 6552
296 501 4762
370 293 5003
131 51 919
228 213 1873
431 480 6818
236 462 4805
248 420 1243
471 287 3879
22 216 4309
78 111 4577
464 149 1290
92 261 5002
212 218 8454
382 309 6345
261 158 5962
489 128 5913
287 153 3501
55 60 7734
435 246 3608
511 154 9912
1 415 381
17 139 7444
181 402 6992
261 203 5542
438 413 5872
151 193 3766
87 530 14
6 211 5772
224 290 3639
524 441 8195
53 366 1150
259 129 8475
283 139 7260
406 497 1396
147 521 1278
342 280 1952
165 357 9845
379 22 4879
105 200 7536
391 213 1700
309 199 8155
160 367 1410
332 368 6819
366 36 8907
54 209 6076
48 202 3915
547 250 8207
73 509 9198
100 10 6248
196 16 3583
404 538 423
129 371 5819
117 506 5912
153 152 5265
13 423 6856
105 247 9772
398 39 563
273 292 6184
30 108 1439
356 431 2262
126 110 934
255 78 9040
78 455 8439
259 324 9268
435 246 2573
393 344 4864
494 299 5340
452 479 7101
120 230 9670
450 44 7538
418 443 2018
160 65 7860
307 231 3171
273 123 2975
242 143 9885
24 348 4527
153 30 9860
407 154 6433
396 165 2634
41 426 2165
354 24 5728
497 252 4146
134 328 6095
181 481 5249
18 301 7327
396 484 4853
339 163 2585
180 193 9270
412 427 3669
181 5 6688
58 423 2854
101 216 7023
201 322 8065
290 122 4131
226 545 8143
443 436 1039
113 182 3641
293 86 7882
50 390 5542
182 176 8826
283 297 5880
470 333 8897
517 343 2347
80 494 6076
29 10 304
350 60 2003
354 473 5303
48 90 2928
82 2 5295
502 527 8708
101 129 2592
66 67 5342
327 287 9268
256 131 5080
260 332 9077
522 389 9087
291 386 6394
496 402 6494
400 404 4850
338 155 3748
114 237 9187
313 32 2446
186 43 6901
383 330 4879
238 131 1043
242 77 323
383 262 4837
349 187 6490
206 116 4287
204 375 4836
330 526 705
204 87 4557
39 547 346
50 427 35
468 115 4162
47 532 8924
475 275 8604
436 202 9161
524 525 7490
172 195 2457
488 328 42
307 314 8996
286 244 818
545 474 7472
155 478 3764
328 261 7362
449 478 5950
435 310 5467
199 505 2797
113 263 2415
141 353 3396
476 242 1416
464 322 9306
472 456 4495
289 189 7116
483 185 9343
253 357 9405
485 195 3243
95 318 4721
404 359 3861
70 281 1222
549 167 2671
499 116 6747
99 122 2350
332 145 6603
236 288 7570
417 295 248
468 105 36
531 517 4978
94 43 3988
170 460 18
355 319 1168
549 502 5901
468 335 4198
180 201 2371
403 279 5675
494 10 98
22 313 7990
236 225 6212
72 462 8931
247 399 2177
206 207 1349
83 28 849
352 207 6259
344 408 2629
356 503 4496
379 64 6864
204 380 6085
1 289 8131
161 504 2358
11 168 5983
36 372 6864
108 194 8383
167 344 5370
124 339 9672
6 119 6971
373 382 4739
243 398 5808
54 277 9526
9 113 1160
121 337 5541
155 193 224
243 489 371
503 129 5774
425 254 9023
78 129 9305
425 381 290
208 25 2557
216 206 1480
509 92 2166
345 124 8582
230 428 3773
185 244 8753
332 462 8937
288 516 4759
517 33 56
83 471 855
320 290 4012
372 353 6188
313 480 2049
362 47 8298
106 78 2275
95 324 9185
156 195 5263
120 248 9121
297 533 1860
351 470 3884
404 378 772
9 489 1448
190 203 9703
457 421 3044
301 32 8256
208 495 2413
119 31 5197
220 271 3515
438 403 9573
35 276 3791
308 188 4233
356 274 8880
293 79 7582
449 541 6098
454 17 9512
422 81 5377
92 440 3969
225 233 6656
527 110 7637
106 523 3403
188 286 5905
394 485 6669
183 451 1737
235 145 9126
146 60 8997
103 430 6838
302 140 5465
91 89 8865
182 38 2082
545 230 8626
313 477 1681
346 450 2249
261 439 2115
30 342 5822
19 242 4576
412 36 238
386 213 5363
262 338 1524
46 228 2259
500 230 4687
459 139 5243
293 235 609
185 162 2317
431 26 6420
132 14 2866
313 433 2174
440 536 3770
431 14 1280
259 212 8986
269 401 1824
43 387 6790
462 325 45
467 74 4720
156 134 9842
471 223 7650
94 362 1210
16 495 4087
445 77 6194
254 297 9034
427 99 3182
227 352 3318
405 17 5757
90 93 4379
542 438 8112
142 270 6173
341 217 7601
316 252 4453
406 410 7730
195 252 9570
104 279 5978
98 305 6651
275 214 586
29 427 3195
296 466 4307
266 448 4068
109 501 2717
345 352 3499
215 305 3031
233 140 3220
267 333 7756
539 443 3846
435 29 8857
198 28 2230
540 187 4265
279 106 732
533 51 8252
309 511 8691
288 256 7478
103 286 9278
297 355 9516
348 406 7974
312 284 3928
493 91 3025
64 514 2997
117 381 1610
106 156 1315
160 43 4726
465 61 2412
491 111 9574
215 71 6295
350 322 6339
508 159 6820
494 309 6548
391 140 6638
325 422 2961
315 87 8073
191 495 5383
383 357 3577
458 154 6721
350 165 6315
183 14 5554
411 463 2219
288 30 7609
85 314 6568
354 288 8564
465 242 1063
383 456 8340
358 357 2150
35 405 4860
407 327 1081
160 147 6081
351 497 3806
332 421 190
295 284 8570
158 61 5370
403 400 4647
67 286 346
156 548 2691
97 105 8672
205 150 2390
316 105 3387
529 105 4475
258 373 7894
206 423 5698
397 275 8874
337 135 7228
210 365 1943
419 179 1464
125 52 397
187 510 4819
425 124 3079
425 355 7196
2 502 7625
401 292 1072
71 366 3868
227 60 2597
298 331 2812
166 376 5309
510 317 420
291 184 107
258 192 7247
434 100 3469
116 280 1494
191 104 1993
151 110 9929
412 23 6280
148 512 4214
232 513 6366
150 258 3474
261 280 8541
37 250 901
510 102 6206
144 47 5186
38 294 9824
419 220 4505
323 387 4316
389 88 9621
69 182 2127
198 333 6958
301 205 3286
455 25 898
178 382 3984
86 416 5506
405 278 2215
373 125 5615
345 298 6518
281 309 7787
62 148 2858
89 18 127
419 73 8066
355 506 7211
49 346 9063
38 505 7727
548 284 7779
132 145 5866
146 229 6883
383 374 4957
363 20 3532
354 286 7114
166 356 5968
503 425 3332
384 126 4326
281 289 8069
425 378 2329
234 122 1676
267 93 4942
240 13 8974
320 234 4178
514 317 4685
503 21 3332
144 60 120
114 110 3066
253 475 4748
302 544 9951
77 157 5868
38 62 3012
194 545 6575
408 313 9151
182 327 6712
152 376 9545
119 126 3943
219 223 2934
484 354 6505
230 385 9572
96 532 9874
54 170 9284
279 439 1094
392 136 3628
92 374 7807
446 509 8305
372 443 7933
176 91 1851
242 299 1031
140 508 7850
377 25 1011
234 406 7786
167 45 9204
378 35 2311
171 70 8526
170 57 194
151 346 1748
183 490 9938
264 54 8561
492 180 4980
368 65 1007
471 237 1111
142 355 2718
135 66 4492
214 315 1726
505 376 2846
285 213 4584
110 480 3437
102 70 6993
301 102 5593
346 343 391
127 19 4324
228 23 9932
23 81 3095
414 269 5739
381 155 7587
422 221 2954
415 93 7277
107 348 1884
78 417 2873
291 294 6536
447 491 4034
93 531 4224
366 374 3131
193 309 6617
206 198 9120
99 27 5341
126 9 966
212 443 6854
105 146 7429
399 309 4931
456 158 9950
237 85 657
83 265 6363
225 20 4612
449 57 3767
16 220 1315
315 171 3421
60 165 7674
113 475 7189
320 422 6280
334 528 2361
303 382 8687
87 400 8783
305 246 5115
262 17 2042
164 338 2372
541 161 5892
366 359 5161
159 223 3259
359 108 1794
283 130 1480
265 340 7058
256 60 6244
465 39 7574
486 353 3786
244 114 8143
275 209 9299
109 382 1977
187 502 3039
326 364 2411
49 128 3655
264 263 5600
418 493 3256
141 435 6602
430 399 195
485 105 8754
359 314 4961
180 16 2893
198 378 6258
438 545 4114
114 398 1528
53 201 1218
303 229 6645
398 199 9149
126 370 53
99 101 4201
55 150 2422
38 178 8258
44 189 4059
285 93 5767
320 506 3779
56 352 9725
427 245 848
286 210 9915
537 97 24
404 252 6831
258 124 8238
531 160 366
427 363 23
480 270 4004
176 244 8082
37 222 2633
39 394 7084
540 8 3451
184 82 4984
51 408 1804
172 61 1041
456 454 3835
6 219 8732
464 59 7421
70 290 1663
275 82 6966
437 323 8110
104 94 1258
62 223 5725
272 385 823
307 295 277
532 421 6983
393 79 7173
313 114 8045
39 189 9973
236 263 23
399 478 965
259 278 2536
277 109 1229
235 194 2235
490 493 6903
125 402 4025
483 78 3103
66 434 2378
53 2 5776
329 294 2223
237 237 2092
444 235 4158
464 421 7308
391 242 8617
532 218 7853
408 25 5632
413 286 7186
148 28 5086
509 31 4671
64 132 4776
247 164 8338
496 138 9539
502 483 648
23 50 8194
330 253 5098
26 369 1180
24 437 2603
266 387 5900
190 12 3047
21 451 4283
438 278 7450
88 345 3716
524 2 211
74 84 250
253 484 2807
34 162 5606
539 322 443
3 15 6123
514 466 1601
317 24 1857
252 303 8819
384 169 6842
512 337 8653
211 154 1215
240 40 9238
336 68 3626
34 2 1888
83 124 6980
99 417 318
320 394 6051
89 151 4554
269 67 9380
201 212 3975
335 502 3653
388 247 9062
430 269 3921
93 241 4097
158 326 8223
298 167 8964
402 326 9276
141 422 9526
478 96 1418
262 222 8877
15 390 5227
294 549 6879
296 241 8617
218 544 6279
182 405 4282
515 301 8366
401 528 5098
64 102 9895
276 110 7213
45 414 6569
230 370 6083
535 546 7711
186 216 1109
330 78 6095
444 421 6387
320 202 3865
30 375 978
132 319 3496
314 40 5590
449 375 710
469 165 5417
509 258 5595
488 120 7891
546 280 8808
44 38 2925
127 472 6423
340 110 522
295 412 1659
258 370 138
292 360 9695
103 74 890
292 145 3118
127 337 7297
112 466 9254
294 241 3396
238 414 7864
419 499 2792
272 21 7713
470 80 861
139 243 6930
237 509 3799
65 205 1344
445 536 557
51 463 429
480 292 7573
124 349 2977
389 340 6712
193 383 9957
311 126 3304
476 535 8753
324 241 2801
548 347 2829
402 50 9143
312 446 75
339 261 8811
460 362 4198
79 112 3011
141 82 9139
58 364 6011
89 105 4632
509 338 5858
278 140 7851
306 4 7082
155 258 5746
497 296 5708
58 310 1753
116 414 874
294 422 6400
289 449 4266
321 430 3140
221 288 5878
72 63 2721
542 360 1644
23 93 9
242 488 2586
530 346 9057
8 119 5292
415 448 4565
522 39 7399
437 103 8082
368 397 6789
548 270 9922
420 99 7734
437 388 6599
142 399 9265
545 26 8367
534 215 5318
515 359 8752
457 388 1626
515 493 4623
6 392 9298
3 226 5686
547 398 2308
211 366 8680
467 267 224
156 14 5495
19 498 60
375 118 9501
442 246 2205
362 196 6284
26 132 3062
409 44 680
157 316 5753
98 145 1884
344 538 6534
212 318 5197
246 366 2623
274 81 7259
254 15 6152
372 63 3244
119 483 1792
79 127 307
65 34 4210
287 177 2153
335 414 9038
31 329 2349
100 456 1114
26 360 7877
451 62 3222
463 281 7841
432 121 169
221 383 4581
280 217 7265
116 479 2262
272 380 8559
84 7 2820
346 35 9870
120 162 379
398 384 2245
223 535 3777
244 267 6769
144 279 3604
45 325 7970
124 134 4620
154 316 305
76 305 3070
296 304 1841
221 398 7160
26 127 7844
259 546 8211
88 79 3148
492 161 4473
300 264 1001
350 276 5419
493 452 4467
103 371 1300
456 145 6670
548 171 989
180 292 6625
425 93 8326
24 526 250
547 201 5523
417 133 7290
286 246 7361
157 262 510
150 8 8221
7 456 5698
303 495 6016
470 282 1766
430 188 8871
131 2 3947
535 199 3442
261 220 9820
202 433 8444
504 405 58
99 285 4081
476 2 7152
441 167 2363
379 46 5573
363 390 2191
261 302 9581
89 546 7902
540 540 5114
60 455 8415
518 269 8781
29 294 5214
547 265 2893
490 529 3404
170 416 5758
73 38 3886
483 297 6021
100 219 1978
36 135 7294
408 238 9435
429 70 7788
301 468 1472
245 30 809
22 332 4290
381 234 4191
365 470 3900
494 127 9261
53 474 5712
469 120 7307
208 219 176
110 137 3090
358 66 1232
363 364 678
473 203 8694
93 87 2659
257 455 8946
328 401 2135
476 160 3869
52 274 515
492 263 4291
303 368 5969
234 412 7081
108 337 5219
243 293 5491
109 329 5232
483 403 6769
57 392 7398
533 272 677
161 103 2240
175 222 9461
220 126 2806
311 365 1178
208 149 1309
152 323 7085
96 60 1179
416 508 3036
223 403 6132
202 47 4265
175 70 7069
59 197 5419
418 350 5711
51 138 1395
534 18 3325
90 239 2226
86 380 1943
36 430 6875
477 223 6015
79 524 9824
432 277 4448
162 189 556
2 173 9315
337 475 2458
460 313 2313
153 482 445
136 227 9588
196 426 2459
305 291 4079
214 142 9500
227 342 5123
197 186 2144
12 366 1459
506 84 6272
506 456 4285
376 367 9472
296 224 1992
425 97 5092
468 28 2771
8 415 4252
327 363 2297
474 337 327
208 518 4102
486 409 8737
189 353 8550
257 483 8040
272 114 5909
161 532 1727
198 548 4047
106 149 7008
106 254 2119
19 273 813
142 511 4162
409 509 5461
437 115 8914
4 328 7727
235 172 8415
118 167 1724
373 445 1800
341 325 6414
218 509 3750
490 254 6805
514 528 792
126 171 197
102 507 6157
146 194 9732
200 123 4627
153 128 9095
518 447 9231
54 35 5755
279 87 1757
40 547 6124
402 43 9461
260 471 6146
354 516 9538
506 238 6075
219 276 1522
358 436 9250
509 545 7403
19 166 9696
292 441 3220
42 103 8002
362 364 7244
498 359 4578
17 277 9160
460 199 4838
338 289 8154
135 305 3305
467 158 4068
26 196 5831
335 463 3416
423 111 2466
165 322 3642
270 238 8166
180 195 1727
21 343 8873
329 368 1801
100 197 2058
388 219 8225
262 216 3304
280 284 3968
490 514 6300
488 203 9565
473 163 6958
121 326 9753
284 359 879
144 326 170
219 247 5504
532 69 2235
432 230 5120
214 457 5518
114 335 9381
416 318 9055
42 253 3138
534 540 6295
337 5 4198
344 503 3174
199 343 7472
259 81 8941
383 235 4915
165 234 362
128 15 9875
484 68 5606
112 242 3775
416 72 7110
514 478 9104
482 241 4004
271 329 621
508 461 419
429 44 3933
369 262 6916
362 161 4656
289 150 9
164 155 5174
331 546 3768
269 269 558
513 516 560
168 279 399
320 40 6613
94 410 6342
82 203 9231
504 228 7933
269 177 6620
542 292 6665
232 10 6727
255 369 9104
123 163 4258
509 11 6154
252 321 8909
201 353 9570
491 237 73
349 425 6371
432 354 3931
169 201 8648
505 326 5393
214 250 3223
184 63 6457
336 431 7827
498 232 631
503 424 1256
419 268 5823
353 129 5697
377 489 3724
376 164 8251
202 364 3871
189 392 2726
469 193 3336
225 75 8269
323 391 4878
454 313 9252
98 448 4350
529 439 9499
183 177 4578
216 97 5753
473 380 5472
256 178 7878
109 347 5015
328 15 1454
293 95 6662
172 53 9625
166 42 7599
528 240 4772
337 240 8999
465 122 8315
260 74 2538
446 39 5108
548 178 5243
60 494 5923
282 429 7949
487 130 9717
253 68 4194
218 20 487
453 350 410
488 122 6873
354 214 846
418 222 9967
514 1 5751
455 286 3263
70 411 3221
131 385 2019
98 445 5005
422 269 8113
106 416 4609
53 1 8829
43 208 4763
121 478 5676
11 190 7905
390 160 6947
509 467 9291
546 125 7996
44 78 4464
419 118 5669
26 310 6129
186 184 1608
276 96 3713
32 476 8054
412 409 7533
471 136 7042
57 93 1208
405 296 5579
446 60 8891
497 180 9024
250 345 431
231 53 2380
313 54 8108
443 283 9668
356 8 7433
264 456 1061
274 230 2832
319 73 4292
387 10 7672
543 179 9259
221 425 6888
220 493 6895
346 390 8947
187 485 397
404 342 5861
521 135 7478
41 126 3147
306 472 3903
353 301 4402
398 410 4868
369 501 7966
380 509 3524
237 337 8683
251 2 7921
390 5 3841
322 320 235
270 538 5925
279 335 2788
154 61 2777
188 71 6341
315 535 593
52 527 2103
172 153 1796
421 234 790
383 492 629
121 110 7181
374 418 8599
491 199 2076
98 398 4100
194 99 3883
534 280 3824
73 303 3588
116 517 9080
100 282 3152
324 444 8877
138 92 1648
88 105 719
542 513 4134
215 218 2959
416 141 628
476 94 9806
396 366 3197
440 386 6333
13 237 5904
402 299 8687
80 321 1188
401 510 7300
278 36 500
366 82 6799
370 298 4768
166 329 2904
252 331 9256
463 454 2656
539 420 9393
275 401 3577
29 418 9992
277 260 9513
34 296 9915
122 314 1433
252 42 198
245 236 6370
101 163 7190
151 5 7832
293 539 438
278 393 9563
524 36 434
309 57 9046
284 280 9825
275 226 5798
338 208 7617
286 510 1402
98 400 9115
10 344 2165
443 521 2956
250 275 5721
115 409 8547
80 113 9931
302 232 4180
1 28 7951
227 44 7844
259 291 2343
168 91 4455
120 426 6702
367 326 1110
36 292 7331
110 298 9785
49 406 4106
45 366 2483
105 43 6792
204 147 8227
420 37 302
91 336 2675
534 343 1759
536 490 8228
334 111 5941
390 357 5564
545 270 883
499 90 5882
337 76 8104
91 23 9220
488 45 1563
76 308 6532
421 124 6636
454 419 4161
161 265 8601
71 142 282
392 417 1068
41 513 6402
155 296 1280
285 69 2997
434 416 7828
220 370 1513
537 31 9715
189 399 6081
462 121 7764
408 43 1088
347 260 4140
295 269 8211
122 65 295
1 494 5338
507 83 7412
314 409 330
458 270 3119
215 451 1563
372 257 7876
262 469 679
489 372 212
502 254 6135
521 345 5770
411 394 9361
184 540 928
271 317 9451
235 198 251
400 53 9368
255 9 4993
506 273 8851
163 113 5643
225 269 1230
137 411 6308
427 420 8810
34 243 1825
346 391 8437
221 52 5856
66 289 8178
94 243 6072
441 64 2
444 64 5012
203 38 3977
542 458 4505
280 385 9180
80 234 1448
37 86 4580
84 226 1383
302 542 6399
194 33 1919
340 234 1323
276 238 4607
490 251 1339
396 115 6755
233 180 604
102 158 6994
43 180 4771
537 315 7300
412 212 9233
549 241 1342
345 178 601
291 261 1241
478 330 5923
397 206 4223
49 351 4986
480 505 9591
41 229 5309
397 235 7698
417 389 1512
294 94 1719
394 148 6800
327 285 3705
3 507 8557
92 543 2929
367 48 9333
312 417 2564
376 504 3513
195 44 2630
18 485 4506
198 253 1738
213 514 300
4 110 7820
75 544 128
91 340 3052
55 313 1484
174 55 5432
420 497 8834
154 66 7773
339 313 6197
519 155 3925
324 528 4333
529 60 7995
527 54 6787
131 524 603
83 107 7942
209 231 6065
511 212 6870
227 81 4001
18 38 1257
481 392 6595
6 185 4783
330 304 5265
446 209 4466
77 4 7728
121 42 476
107 539 647
351 156 20
416 22 9477
124 492 7789
295 220 5008
278 542 8726
277 490 7524
235 522 7602
4 129 719
97 288 9763
3 351 6527
361 487 8779
506 15 131
157 484 7192
374 250 7423
518 304 4506
113 70 6885
499 185 52
323 417 3484
5 299 4633
68 113 638
523 30 3968
539 17 7325
427 503 3166
173 352 5578
223 291 4386
47 145 1900
433 336 4638
337 22 3530
519 544 4970
316 267 6589
191 457 6352
233 221 2518
412 245 8766
243 269 5311
359 257 2956
395 344 6360
349 76 5120
122 88 7303
399 238 3197
285 214 1437
468 78 6812
134 46 9839
311 394 870
151 355 6448
217 378 8130
491 429 4416
549 144 2992
162 97 1885
102 502 5990
357 184 8735
498 492 794
369 420 8321
269 85 6375
293 323 5668
292 40 6984
186 300 9471
507 223 5517
93 505 1245
443 76 8476
387 493 1490
112 476 3426
292 494 5371
82 166 4902
450 58 1612
84 436 5889
542 218 4814
233 260 5082
538 363 1744
275 319 3418
298 106 4164
255 124 3756
123 448 6681
9 265 5704
24 340 4068
543 355 8854
396 285 4056
159 299 102
242 133 315
466 283 9733
305 385 5238
332 477 6063
428 357 3927
1 242 3700
230 181 3829
537 427 8
490 405 9375
223 264 648
184 199 8909
71 455 374
231 376 2151
14 245 120
471 234 9349
72 340 4462
517 201 5205
57 522 6398
410 357 6762
354 266 8647
281 4 926
16 276 5232
30 256 3865
544 531 3576
520 214 9245
459 85 6231
283 40 2578
32 303 5286
70 218 5954
404 217 6281
251 1 7281
10 451 8398
303 91 9387
313 140 9405
548 531 6930
464 52 8890
61 497 1712
43 471 8573
433 229 5745
24 107 5332
382 65 8424
44 279 4676
382 173 1130
484 404 3156
542 452 2499
3 404 9493
514 30 2489
145 321 249
438 527 1384
29 84 3491
169 365 6081
177 331 75
171 133 8050
393 140 3783
74 451 3959
406 436 5860
323 52 4937
540 337 5207
486 143 4908
331 74 7068
321 257 5980
353 157 1081
107 480 3893
374 289 7730
327 63 3842
286 112 6926
478 287 4349
55 465 607
465 339 5609
438 427 9967
290 312 8468
126 285 4051
36 59 5098
228 481 8402
250 215 7964
29 4 1660
521 368 7664
380 65 1981
373 445 1495
155 444 5558
39 169 1930
381 301 3757
210 419 3555
266 192 6403
40 509 1575
240 222 5507
273 104 377
381 485 2128
273 379 239
507 301 9414
396 441 2953
296 450 8373
428 252 8857
207 313 7024
204 114 3368
41 14 3661
7 188 451
67 157 8546
430 367 882
15 201 5402
282 85 3117
281 144 7713
129 227 8905
328 156 5465
302 318 1763
263 282 1671
454 133 3065
491 13 7383
291 540 7799
30 467 3166
339 527 3214
242 402 6044
545 313 5254
78 29 7312
483 33 4814
296 25 5527
442 111 4134
412 323 8962
90 538 4582
15 133 3098
164 508 385
28 540 2721
243 293 9039
407 176 2281
343 165 5064
107 538 4431
162 277 9120
494 530 7708
433 393 4282
315 458 3286
140 39 7134
143 403 1947
317 126 9752
125 176 4306
217 210 1649
186 391 8813
370 112 1649
90 34 761
461 508 7858
107 242 5723
418 206 6245
305 496 6426
40 462 2817
279 430 3273
446 100 9464
334 511 1321
50 470 5888
16 516 8453
174 121 4587
268 228 7306
548 431 4895
221 261 4995
535 17 9850
189 23 2616
358 215 8902
166 294 1598
284 518 7241
236 454 6379
507 509 991
315 423 1270
215 433 606
426 387 4047
53 297 8052
234 113 2243
64 419 6665
409 480 6471
386 251 4270
256 367 2985
150 146 8177
467 11 8594
349 9 6548
396 511 3300
285 505 7139
133 474 3355
158 411 6558
41 415 7081
110 371 8436
167 316 7128
308 496 3578
442 53 5179
380 73 3713
490 288 4898
539 224 2784
301 73 2136
77 185 3737
404 505 5635
191 419 479
419 386 7536
403 80 7990
357 284 4802
316 35 5504
459 246 2198
302 8 6140
354 7 1722
541 34 4299
513 330 1485
103 286 7406
202 221 448
215 173 6315
193 16 4935
141 388 8886
549 406 5186
369 518 4300
290 156 5937
451 77 6921
314 336 2606
6 151 2061
239 133 6538
13 339 3943
169 423 288
205 134 5104
249 225 9096
106 336 8520
482 522 5941
435 244 3837
181 459 9701
468 263 2152
198 150 9078
184 446 7244
324 138 5661
243 274 301
53 248 6875
88 207 1430
10 144 7261
409 71 4287
439 369 2596
501 322 6182
313 302 1769
291 242 6137
450 490 9720
418 10 6891
81 135 6175
239 2 4185
417 542 5831
7 370 8162
343 297 5991
508 57 6414
130 149 4640
51 184 6354
430 450 6753
18 171 2633
523 352 6443
495 465 4033
497 67 1977
357 219 1638
34 495 1479
485 323 736
284 414 4376
187 394 30
146 289 4145
435 516 2275
312 284 6815
17 410 2031
246 143 4309
58 259 8434
474 315 3637
436 487 2187
23 155 2529
394 493 2635
513 392 2077
405 120 935
415 408 3615
17 113 7777
125 50 3042
26 458 5340
251 264 1271
422 204 2317
178 510 762
451 452 4075
402 526 4356
146 386 2516
186 160 9359
341 275 1950
62 485 4752
333 198 9473
19 492 3498
273 537 3179
143 494 7241
530 85 8650
93 403 2965
213 9 5830
266 514 9699
367 155 2960
368 293 8443
533 516 2802
14 422 8452
463 45 5294
173 12 7427
521 203 6785
32 438 7433
425 306 7058
256 278 4136
30 345 9761
504 346 4205
413 213 2490
199 37 1992
99 458 3725
127 15 5545
208 429 729
15 349 5036
172 221 6793
40 326 8188
147 222 3945
205 388 6735
332 244 1853
205 329 5625
242 199 8705
414 6 7583
481 415 7038
434 246 5435
401 451 1443
148 287 9144
420 221 9126
292 393 1663
168 20 7190
51 426 22
237 424 5936
418 4 4168
148 335 8581
83 394 8446
470 341 8983
194 294 8563
459 391 928
230 208 3632
418 111 732
96 420 4515
529 204 3519
34 479 3102
266 74 1225
441 48 4783
220 102 6227
89 474 8187
248 306 4749
277 493 4480
66 409 9634
303 428 1194
141 39 5496
148 63 9733
489 45 9541
296 248 9209
364 43 148
105 356 6210
293 8 3870
509 369 1074
229 34 3840
106 321 6104
484 517 1048
264 406 5353
68 244 3525
295 458 2694
370 382 3327
390 423 5209
3 472 8834
363 244 4935
543 463 6083
321 122 761
491 441 5644
465 53 481
218 423 9480
539 92 7908
95 219 6371
395 301 2922
22 362 1581
285 506 6623
25 228 4957
85 462 4211
409 263 2078
373 108 2846
442 355 2903
129 153 7650
465 397 2413
65 151 5927
376 49 5649
533 102 3393
83 12 4725
277 345 1219
281 358 3016
402 5 8593
377 488 8310
170 381 3578
444 535 103
239 67 4048
484 509 5962
103 87 4741
194 267 3498
408 471 4355
23 474 6394
368 18 9310
35 144 6007
447 476 1168
438 441 8256
466 121 4066
94 385 6958
532 316 1850
125 340 29
27 42 3387
525 78 3891
295 311 6033
418 544 2551
531 530 8827
407 312 7092
487 425 3550
26 111 1049
289 370 5313
64 500 7102
4 61 8556
98 334 4787
516 269 7453
151 202 3832
349 307 3698
174 506 3443
11 288 5548
444 279 6637
105 91 4282
116 163 1075
369 427 7532
439 424 6361
217 218 1914
447 162 6387
294 177 6154
198 437 1206
396 125 1744
382 409 1656
64 128 9178
111 379 2214
62 430 8366
226 373 3503
391 507 4875
154 332 416
236 392 5676
233 434 4347
110 233 8759
250 168 8349
82 285 6346
172 288 921
161 314 6282
37 393 5268
150 46 1167
329 281 4104
156 8 3253
282 272 4266
402 116 150
303 263 1203
68 136 8533
508 143 136
222 43 475
300 82 8586
1 325 3601
117 446 5618
317 413 8400
315 97 4846
372 178 7459
350 189 3477
63 43 7423
390 287 2165
258 21 8372
338 271 5231
162 535 7485
56 149 4291
152 275 2088
108 57 7109
441 179 7007
502 211 839
399 134 9613
117 256 1082
269 94 5291
245 147 7961
137 246 4884
445 275 8195
159 129 5824
504 424 4105
379 453 1472
444 353 8485
2 27 3927
463 254 4581
437 240 8801
408 395 7202
426 337 9317
325 267 3069
154 414 3702
382 236 2529
174 376 3038
368 540 1554
545 414 6430
394 445 7904
396 426 6822
111 81 5700
76 186 8859
405 8 4018
374 232 8048
367 395 8900
80 70 6406
49 68 9937
254 265 6549
260 205 8448
284 539 9470
150 171 3381
97 378 9076
471 266 2682
273 8 9536
423 148 5009
438 78 5602
94 379 5101
259 59 3839
432 80 4385
543 221 7273
50 250 3251
271 297 3
106 17 2752
444 150 462
344 424 1654
392 164 6794
459 299 1769
191 154 9726
473 500 2424
261 261 1755
153 129 3497
8 489 8723
295 200 6797
267 529 5265
445 436 1603
338 47 693
374 208 6935
251 490 7183
471 431 4145
3 25 5987
528 17 1211
459 466 2401
297 183 1496
128 428 8678
362 166 8887
408 395 6130
544 474 5140
109 548 5173
113 458 9916
336 381 123
437 140 4242
376 30 6116
150 493 1484
509 325 8004
72 101 155
205 471 9647
496 266 3853
184 399 9620
524 385 7536
383 288 4124
25 52 3233
540 94 849
219 366 6856
29 164 144
253 6 4856
518 372 4622
125 331 5454
78 147 4878
353 285 4614
84 61 4581
517 487 8502
316 227 1860
452 525 2344
491 510 9271
269 429 2362
309 188 7758
247 341 4476
4 487 1163
378 61 6347
305 461 6958
424 516 4314
495 49 5979
405 314 460
38 81 7713
155 147 2646
504 72 2213
65 383 6455
62 165 4939
246 82 4796
463 499 6141
195 537 4603
78 375 8562
375 404 9448
213 289 180
29 405 543
54 404 8090
403 439 494
119 70 9660
81 436 745
332 463 7350
544 258 1028
51 57 6370
311 229 8250
538 87 634
194 89 1916
495 127 4870
60 107 4183
172 75 763
243 349 3893
506 176 5702
211 353 6719
161 66 7085
321 503 1428
26 189 2173
366 515 5508
442 110 703
195 128 1483
201 390 3193
500 29 1708
94 338 2824
266 85 3742
455 292 5205
67 122 5391
466 362 7607
511 213 8743
462 96 6375
6 343 6240
58 388 4083
470 40 4430
221 32 595
164 106 7888
251 331 6181
360 100 6616
46 280 8738
393 46 1262
313 454 7913
204 92 2871
355 398 7307
241 389 770
29 423 6416
545 87 3013
166 468 9289
58 29 2043
474 4 5513
105 18 6604
414 161 8576
23 252 125
435 167 9105
132 312 3882
504 198 4170
70 446 3375
429 423 7190
37 226 2208
258 120 2094
43 153 8470
375 463 3255
307 398 5106
343 1 3565
142 93 8867
176 369 3653
181 355 860
34 519 8662
295 344 8045
30 521 2515
275 83 9822
320 484 5691
369 200 2064
418 104 618
138 455 6793
488 68 1859
88 517 582
403 518 8935
426 435 3085
38 322 2469
82 468 4527
27 143 7093
116 375 9103
244 28 5749
119 144 8622
325 509 6881
412 212 6656
82 292 9450
234 544 4381
39 405 557
214 200 1601
516 485 3800
202 126 4252
536 404 2336
29 376 2663
62 169 6322
363 80 6033
154 472 4365
163 420 619
305 350 1801
486 415 815
351 283 193
245 37 3667
51 355 2496
195 152 7428
372 37 6504
229 479 4561
448 475 7886
110 324 5722
