71 5
1 41 80 28 69 9
2 69 78 2 73 58
3 29 36 40 29 95
4 87 58 96 68 42
5 95 45 94 13 64
6 49 14 15 23 41
7 94 86 26 97 71
8 83 37 85 30 68
9 15 48 79 32 85
10 46 62 25 43 11
11 90 50 73 70 9
12 3 92 49 55 16
13 95 81 49 69 32
14 20 51 63 88 1
15 44 13 86 32 65
16 24 99 93 81 61
17 82 32 71 16 81
18 60 33 97 74 81
19 39 68 55 4 36
20 86 50 46 2 64
21 70 36 64 41 43
22 5 51 74 25 32
23 75 54 9 76 10
24 78 63 69 1 58
25 65 86 51 64 91
26 26 87 32 78 24
27 51 49 38 54 76
28 83 55 4 47 20
29 53 33 55 11 7
30 3 69 23 16 94
31 84 91 78 69 7
32 69 76 76 35 21
33 47 37 13 66 10
34 55 1 80 33 42
35 2 93 9 62 60
36 57 46 4 75 19
37 20 55 60 18 73
38 96 23 61 89 63
39 77 10 76 92 12
40 84 16 8 57 18
41 87 47 85 15 60
42 31 2 92 62 63
43 75 7 27 77 41
44 1 85 27 57 96
45 78 68 91 63 96
46 33 75 42 37 72
47 72 95 72 15 99
48 57 38 59 42 86
49 57 23 27 38 69
50 63 47 71 47 90
51 62 43 36 39 10
52 21 97 98 57 59
53 2 82 52 58 92
54 92 11 25 28 72
55 72 84 58 65 37
56 57 68 2 74 39
57 94 78 54 12 96
58 10 71 74 38 49
59 67 77 38 34 7
60 28 18 55 82 86
61 97 16 39 32 61
62 70 81 99 4 29
63 27 45 70 94 52
64 8 46 96 48 15
65 74 22 8 90 32
66 61 95 43 69 15
67 66 38 2 61 32
68 87 45 20 79 98
69 70 95 51 24 83
70 19 32 16 84 65
71 93 25 64 37 56
