42 3
1 66 92 67
2 90 43 59
3 47 22 77
4 62 19 71
5 19 88 17
6 61 16 13
7 92 36 85
8 19 30 70
9 35 86 36
10 51 44 38
11 64 18 11
12 93 40 90
13 19 21 19
14 89 48 76
15 87 5 66
16 55 67 35
17 13 48 69
18 58 61 7
19 78 92 13
20 55 4 12
21 2 13 41
22 82 16 94
23 20 77 26
24 11 11 59
25 13 28 3
26 19 37 48
27 94 43 8
28 48 9 95
29 33 97 85
30 43 5 79
31 57 99 98
32 77 82 81
33 13 67 13
34 52 90 27
35 2 45 33
36 71 52 64
37 79 65 62
38 81 91 60
39 42 69 14
40 93 21 1
41 51 27 67
42 41 37 66
