85 2
1 12 78
2 15 29
3 28 82
4 35 69
5 36 57
6 97 97
7 13 27
8 52 80
9 50 91
10 21 68
11 61 4
12 6 67
13 9 77
14 32 50
15 48 13
16 8 28
17 4 41
18 86 8
19 63 77
20 92 66
21 71 16
22 48 29
23 31 77
24 47 42
25 85 4
26 1 3
27 12 36
28 90 30
29 7 23
30 33 97
31 21 80
32 86 53
33 31 51
34 21 6
35 91 43
36 94 65
37 15 68
38 59 36
39 12 87
40 22 41
41 16 83
42 33 32
43 17 52
44 10 72
45 51 38
46 83 15
47 2 17
48 96 34
49 95 54
50 56 93
51 86 38
52 13 53
53 43 46
54 10 56
55 22 28
56 82 37
57 3 34
58 96 27
59 90 4
60 98 43
61 9 15
62 5 46
63 35 90
64 73 60
65 82 88
66 68 60
67 36 10
68 96 6
69 27 74
70 73 10
71 53 58
72 20 45
73 92 53
74 49 58
75 27 55
76 99 12
77 40 89
78 20 56
79 94 84
80 20 14
81 29 26
82 96 97
83 65 77
84 100 34
85 22 63
