82 5
1 16 44 37 43 90
2 82 55 45 60 28
3 42 11 32 92 80
4 82 4 13 72 6
5 16 63 54 17 60
6 19 95 31 72 14
7 83 6 77 43 24
8 100 54 75 48 92
9 5 98 3 67 44
10 43 92 83 6 82
11 28 74 15 95 84
12 73 40 79 53 83
13 64 30 48 86 74
14 86 44 5 56 51
15 55 78 64 46 82
16 37 16 63 14 54
17 88 53 13 4 6
18 46 13 21 70 34
19 79 92 21 29 6
20 36 68 57 31 87
21 53 45 66 33 72
22 27 19 12 94 69
23 64 74 89 73 33
24 38 10 79 33 54
25 14 30 12 62 69
26 83 33 77 27 8
27 1 71 33 75 62
28 56 94 49 59 78
29 14 12 95 54 21
30 28 9 93 5 52
31 29 18 95 59 5
32 19 80 97 69 2
33 71 62 60 100 31
34 93 84 61 21 7
35 25 25 27 24 42
36 48 94 77 27 47
37 15 77 95 18 94
38 5 57 95 15 3
39 70 71 52 40 34
40 39 52 71 63 77
41 81 64 39 18 88
42 84 89 70 9 18
43 53 71 71 30 20
44 50 60 2 52 29
45 63 39 17 31 64
46 76 62 87 7 78
47 73 100 47 31 39
48 27 41 4 46 33
49 53 57 86 33 4
50 70 75 53 78 24
51 82 77 89 38 90
52 77 93 25 56 64
53 26 50 41 93 100
54 38 56 47 95 4
55 44 89 30 92 94
56 63 9 97 49 22
57 61 33 70 47 41
58 53 70 94 18 87
59 61 82 31 18 76
60 44 69 93 55 65
61 23 77 33 99 81
62 92 5 58 79 3
63 24 6 10 52 36
64 6 73 46 85 49
65 22 36 10 42 79
66 8 8 21 29 28
67 62 42 27 16 66
68 74 87 83 65 35
69 60 47 1 81 44
70 53 20 38 34 78
71 9 51 13 53 21
72 78 73 23 91 61
73 62 42 56 46 54
74 2 83 21 75 29
75 31 62 63 95 74
76 86 70 4 6 66
77 15 45 28 5 31
78 87 5 4 16 35
79 15 77 18 100 48
80 38 90 29 41 6
81 64 78 85 25 49
82 38 56 72 54 3
