158 3
1 34 77 37
2 78 87 94
3 64 79 54
4 94 60 7
5 17 31 30
6 91 90 13
7 63 6 40
8 4 1 70
9 40 21 72
10 84 18 90
11 51 81 84
12 12 50 45
13 56 56 48
14 57 35 21
15 47 18 45
16 6 15 47
17 18 67 42
18 53 88 27
19 60 28 19
20 71 50 18
21 24 75 84
22 88 35 21
23 9 11 54
24 62 93 71
25 55 22 22
26 100 5 47
27 93 4 36
28 27 77 58
29 23 77 85
30 82 62 72
31 53 68 32
32 55 83 56
33 89 56 7
34 57 94 50
35 33 59 16
36 74 84 76
37 9 96 92
38 49 9 83
39 21 74 100
40 89 94 61
41 20 7 34
42 2 79 24
43 10 86 13
44 65 88 47
45 60 18 64
46 86 69 53
47 3 3 69
48 47 56 63
49 86 45 61
50 17 63 19
51 78 5 70
52 54 15 60
53 84 85 65
54 98 7 19
55 37 73 91
56 64 32 35
57 68 39 29
58 73 14 65
59 86 78 27
60 63 99 16
61 15 78 15
62 57 47 64
63 6 16 54
64 42 27 20
65 89 70 17
66 98 100 32
67 3 23 93
68 98 54 91
69 66 8 78
70 71 82 88
71 87 56 56
72 39 50 3
73 69 5 48
74 7 73 3
75 68 31 7
76 64 97 83
77 12 65 41
78 87 70 1
79 52 12 78
80 18 30 58
81 63 62 14
82 24 63 66
83 40 57 87
84 49 39 44
85 12 45 80
86 100 36 35
87 70 96 59
88 37 54 40
89 61 77 72
90 11 40 81
91 94 98 54
92 86 33 68
93 72 54 28
94 65 28 61
95 18 42 87
96 76 16 41
97 48 74 70
98 26 17 37
99 35 41 81
100 50 23 55
101 12 20 39
102 34 91 31
103 64 29 49
104 73 99 53
105 51 11 69
106 89 95 14
107 70 55 22
108 87 20 60
109 71 77 81
110 3 41 24
111 59 59 65
112 3 92 46
113 39 38 41
114 87 51 8
115 89 30 28
116 10 55 66
117 62 83 25
118 8 47 77
119 10 77 24
120 94 34 89
121 89 51 29
122 31 25 73
123 8 26 62
124 66 38 19
125 59 7 84
126 83 80 22
127 83 90 46
128 47 54 56
129 77 54 89
130 11 99 92
131 66 24 9
132 94 50 72
133 88 31 16
134 64 58 57
135 17 58 25
136 45 22 74
137 31 12 32
138 28 77 93
139 37 54 70
140 96 81 64
141 13 56 24
142 41 33 65
143 90 100 66
144 9 64 83
145 8 14 27
146 1 2 44
147 14 49 18
148 40 90 65
149 39 75 18
150 48 50 28
151 6 11 77
152 7 86 46
153 95 72 86
154 21 27 28
155 2 4 62
156 42 93 63
157 37 72 10
158 83 51 53
