5 1
25 26 27 28 29
52 29
26 27 31 28 30 27 26 25 32 26 30 32 29 25 27 32 25 27 32 29 31 28 30 29 30 30 27 25 30 25 26 32 28 27 26 32 26 30 28 30 26 26 25 25 28 27 27 26 30 28 27 30
95 58
26 31 31 28 28 26 30 30 32 29 32 31 27 25 30 28 31 32 28 25 30 25 30 29 26 25 26 26 27 28 31 32 26 29 28 25 31 26 29 32 30 28 25 30 31 29 31 29 30 27 27 25 32 28 27 28 31 26 30 25 31 25 31 27 26 30 31 31 25 27 25 30 29 32 26 32 29 28 25 30 32 29 27 30 29 28 25 28 25 28 30 31 25 28 28
24 5
28 28 26 26 26 26 26 29 31 31 29 25 28 28 28 27 31 31 30 25 31 28 31 31
57 31
27 25 32 32 27 28 30 28 25 29 26 27 30 26 28 28 28 32 27 26 32 25 28 26 28 30 31 31 27 31 26 32 31 32 26 32 31 30 31 30 29 27 32 30 32 30 31 32 28 31 30 31 27 25 25 29 30
5 1
27 29 32 27 29
54 17
28 27 29 31 25 28 28 32 26 32 30 28 29 25 31 26 27 26 28 25 31 26 26 25 25 32 25 25 27 32 26 27 27 28 31 28 27 31 27 32 29 30 26 30 27 32 25 31 30 31 25 29 30 32
53 47
25 30 28 32 25 28 27 29 26 30 26 31 26 28 32 32 26 29 30 31 28 26 27 30 28 27 32 26 25 30 29 26 30 29 28 28 28 32 27 29 27 27 32 32 32 32 25 32 25 32 25 25 31
94 65
31 25 31 26 29 28 26 30 26 30 27 29 31 29 27 28 31 32 32 31 29 31 27 30 30 32 25 26 32 28 32 25 27 25 27 32 32 25 30 25 31 27 29 30 29 32 27 28 29 25 31 27 30 31 28 29 30 28 32 29 30 32 29 26 30 30 31 28 25 32 29 31 29 31 27 29 28 32 31 25 30 27 27 25 27 30 26 27 27 26 30 28 32 29
85 22
27 25 31 30 30 30 29 30 27 26 30 27 28 32 26 29 32 27 32 30 30 27 25 32 29 30 25 28 27 32 28 29 28 30 29 31 30 32 29 26 26 29 26 28 30 27 30 29 25 31 26 28 30 26 26 27 29 29 26 31 30 30 25 26 32 27 29 28 25 30 32 31 30 26 26 26 29 29 30 25 25 31 25 26 31
96 96
29 27 31 31 25 32 29 30 29 30 32 26 29 25 31 32 28 30 32 29 28 27 26 28 28 32 28 31 25 30 30 25 25 31 30 28 28 31 30 30 27 25 27 26 30 29 26 28 32 32 30 29 30 28 29 32 32 26 27 27 31 29 31 26 32 25 29 32 31 28 28 32 31 27 25 28 25 32 27 27 28 27 32 32 28 31 32 25 30 31 25 29 26 32 26 25
96 49
25 28 26 30 30 29 32 26 32 30 27 26 32 27 25 31 30 31 26 27 27 30 28 32 30 31 25 31 30 25 28 26 31 25 25 27 32 32 29 31 29 25 30 29 32 28 28 27 29 28 25 27 29 32 28 26 28 32 28 26 31 30 27 32 32 32 25 32 29 27 27 31 29 26 28 26 28 31 26 29 25 32 28 31 30 30 27 28 25 26 30 26 25 25 26 32
98 64
25 28 28 29 27 28 32 31 27 31 30 27 28 30 27 27 27 29 30 31 30 30 29 28 29 31 28 25 32 26 30 31 26 31 30 31 28 29 32 32 29 30 28 25 25 28 27 28 31 30 29 27 31 32 26 31 27 26 31 31 30 31 28 30 27 32 27 32 31 26 28 30 25 30 31 32 25 32 25 27 31 26 26 27 29 26 30 27 32 25 28 26 27 29 27 32 28 25
83 32
27 27 27 25 32 31 31 25 28 26 28 25 27 26 31 31 25 28 26 31 27 29 25 27 31 29 29 28 30 25 30 26 32 32 30 32 25 25 27 28 27 27 29 30 28 28 26 30 25 30 30 27 28 31 31 25 26 32 32 27 31 32 27 26 30 26 29 28 28 28 29 32 29 25 29 25 25 26 28 25 32 32 26
92 52
29 30 29 29 28 29 28 26 30 28 25 30 31 32 28 25 32 27 30 26 30 26 27 26 26 28 31 27 27 30 30 32 25 29 31 31 27 28 32 28 27 31 32 31 32 30 25 25 29 30 29 27 32 28 27 32 30 28 25 28 29 25 28 28 26 30 30 32 27 28 31 31 32 29 31 25 30 32 27 27 27 30 30 31 25 29 26 26 29 26 31 26
91 38
27 31 31 31 26 32 30 31 32 26 27 29 29 29 31 31 25 32 27 27 32 30 32 27 31 32 31 31 32 29 26 32 26 31 26 25 29 32 27 27 28 29 29 25 27 26 29 25 27 30 27 28 28 25 28 31 27 27 27 27 29 30 28 26 26 30 26 28 28 32 26 25 26 25 30 31 25 32 30 30 26 31 28 26 26 30 31 25 30 25 27
86 55
28 31 29 26 27 31 32 26 30 27 25 27 29 31 25 30 32 28 32 30 27 31 30 25 32 32 25 31 29 30 32 32 31 26 32 27 31 25 28 29 28 29 27 30 25 30 29 26 25 29 29 30 32 26 29 26 28 31 31 30 28 28 32 32 32 28 26 29 25 32 26 29 25 26 30 28 30 29 27 30 27 27 31 27 32 31
86 48
28 28 26 29 32 29 31 27 29 31 28 31 25 28 32 27 30 25 28 29 27 27 29 26 31 29 28 29 27 29 28 32 31 31 27 25 32 26 29 25 25 26 30 26 31 29 31 31 25 27 27 32 32 31 25 29 28 27 28 27 31 27 26 29 30 32 26 29 28 25 26 27 25 29 32 29 28 28 31 32 29 30 28 29 30 27
85 52
26 29 25 29 30 27 29 28 31 32 31 31 29 27 30 25 31 32 25 25 31 31 31 30 31 27 30 30 28 30 27 26 25 27 26 28 31 28 29 28 28 29 26 31 26 32 32 26 26 27 27 29 32 31 25 27 25 26 27 32 26 32 32 28 26 29 30 32 27 30 26 30 29 32 26 30 28 25 26 30 27 30 28 26 32
93 32
29 26 28 25 30 32 25 31 30 28 27 30 32 25 25 28 26 25 26 25 28 25 28 26 31 32 25 29 32 30 31 30 28 26 31 26 30 31 25 26 31 32 29 26 29 25 29 26 31 32 25 29 32 27 27 25 26 27 28 30 30 26 31 26 25 26 29 28 32 30 32 31 31 29 28 26 30 27 26 30 30 26 31 31 27 26 28 30 26 28 32 30 28
0 0
