100 100
58 14 32 56 31 38 11 97 11 44 66 86 37 91 26 87 98 95 71 35 95 48 28 19 4 73 30 56 46 41 21 28 85 91 16 86 92 25 66 85 10 83 42 64 48 62 65 90 80 83 5 38 84 12 37 39 55 85 87 42 48 74 10 77 99 76 84 12 10 88 82 86 19 13 88 25 90 66 41 67 49 80 79 88 8 38 21 79 92 42 99 45 7 29 61 56 14 60 76 65 
51 26 97 88 30 9 18 39 33 28 58 9 31 39 69 33 11 17 13 24 71 97 11 91 28 43 26 83 77 51 87 45 76 74 14 49 98 51 29 65 92 76 64 41 29 47 60 96 88 32 50 63 60 32 13 69 80 86 74 62 30 75 55 9 50 53 92 4 66 93 55 89 77 7 1 74 45 93 74 36 99 31 10 4 56 82 2 6 39 93 44 45 82 30 13 39 58 87 37 18 
8 54 19 51 35 99 41 31 72 32 28 63 66 23 75 44 57 80 99 14 31 79 47 70 29 53 63 30 91 33 29 62 25 94 39 54 46 91 12 72 38 52 29 7 17 70 89 1 41 34 37 94 70 8 84 96 85 4 53 60 41 17 48 85 8 95 63 29 67 17 78 82 86 60 97 91 41 41 99 96 81 30 94 37 4 98 85 68 56 24 27 55 60 40 41 74 66 71 83 3 
62 81 86 53 44 14 14 28 0 97 95 66 40 17 60 7 25 73 30 83 12 14 91 42 72 37 10 52 3 18 81 89 17 66 3 25 84 31 66 36 88 74 42 79 72 15 76 17 30 51 97 81 85 87 38 10 67 24 21 38 13 45 51 38 28 79 54 7 64 78 52 25 74 63 37 34 89 89 72 28 78 18 78 50 22 13 92 48 56 54 45 81 65 10 38 7 41 72 53 51 
67 88 43 21 92 85 6 61 42 56 53 21 19 72 52 37 75 70 42 2 56 36 8 33 48 29 37 71 85 85 77 56 63 14 59 45 88 68 27 26 76 72 46 86 6 25 28 0 27 82 67 4 78 10 29 29 19 47 95 39 88 54 57 36 99 48 90 38 60 6 29 25 64 9 92 48 96 33 48 38 63 4 61 74 45 5 51 84 1 91 35 81 36 55 17 12 50 9 68 60 
70 28 71 87 24 75 11 34 56 26 89 6 51 74 38 12 3 99 61 39 35 47 39 55 9 85 69 44 26 83 21 9 15 45 18 72 95 52 23 88 70 97 8 49 74 84 36 40 91 56 75 6 51 30 65 80 41 27 55 91 46 20 54 63 97 88 80 56 73 53 39 45 67 26 61 15 16 72 93 53 86 97 12 16 22 54 37 58 56 8 0 7 18 11 39 68 9 2 50 44 
43 6 66 1 75 89 75 1 80 24 70 55 98 25 89 67 63 15 74 27 78 47 7 26 28 13 90 42 87 38 62 72 89 44 81 89 46 47 66 59 86 25 21 35 59 14 7 41 37 98 17 63 81 42 6 59 3 7 14 38 78 88 59 15 59 40 51 82 69 99 62 50 91 39 36 22 44 51 86 59 39 74 0 4 47 8 10 34 26 97 68 30 5 45 43 31 89 59 43 65 
29 50 66 97 20 30 13 71 20 57 65 18 4 85 76 85 10 49 5 99 0 75 79 76 25 93 78 83 21 42 57 98 92 93 88 89 16 76 60 6 34 0 80 50 28 30 26 49 45 26 83 49 35 28 66 96 36 71 49 89 98 5 11 85 67 50 69 14 41 33 88 64 53 5 8 19 99 24 99 44 66 72 38 33 65 22 19 48 67 42 21 25 53 75 54 58 99 35 15 64 
17 71 71 63 51 42 68 93 70 61 26 1 18 48 78 82 63 39 15 97 6 11 27 55 4 5 19 23 19 75 64 64 89 35 28 44 50 5 56 72 4 3 22 15 8 31 63 83 3 46 4 88 40 79 2 74 68 27 59 4 93 51 16 88 68 48 35 56 11 36 29 10 88 52 9 48 53 78 82 45 87 1 95 78 90 65 79 47 34 51 1 16 16 90 5 59 98 5 5 8 
75 81 13 45 41 51 81 43 45 24 9 17 89 71 3 21 33 36 79 77 89 6 53 33 46 94 40 80 80 78 86 6 65 97 43 97 12 6 83 16 26 65 99 46 87 11 28 81 24 20 46 39 8 38 97 54 46 73 24 61 99 11 20 10 81 68 2 54 12 99 17 81 24 76 79 16 53 26 85 40 93 38 42 40 13 22 18 67 44 11 53 83 61 53 89 75 63 10 61 44 
88 53 97 29 32 96 83 70 15 63 1 58 54 51 81 31 71 17 3 67 17 27 20 59 74 9 28 75 77 56 57 1 75 9 51 48 7 56 39 99 0 64 51 81 25 18 26 78 33 38 95 11 70 10 65 58 98 26 96 14 21 65 60 13 88 21 78 42 70 31 17 37 5 66 28 84 89 75 48 92 73 28 36 16 91 74 36 78 8 18 54 44 45 13 82 33 13 49 6 47 
27 5 15 17 33 33 71 73 31 4 71 4 7 12 85 12 70 47 72 75 32 70 98 81 58 2 54 36 13 9 62 8 96 62 38 70 68 84 22 99 95 74 51 60 73 11 59 6 4 90 54 92 83 16 9 74 14 53 2 75 55 47 0 37 29 5 68 10 14 96 37 56 55 73 46 40 42 61 84 68 38 39 55 84 32 86 14 2 97 11 92 88 55 79 90 91 96 79 87 39 
89 34 59 33 38 1 23 69 13 21 33 30 81 49 12 34 44 59 90 20 19 26 87 92 62 16 39 62 57 27 13 49 98 11 24 75 89 50 41 80 59 48 32 10 25 24 48 10 62 67 28 84 61 33 80 84 50 68 88 67 7 60 71 70 61 47 85 57 48 47 52 10 6 59 59 85 81 21 96 2 26 19 39 31 37 81 38 29 15 39 29 18 86 8 28 97 34 27 39 91 
31 82 47 21 65 92 20 99 16 66 85 83 65 0 39 80 84 55 1 47 66 29 48 14 27 40 99 71 95 53 78 21 20 98 25 99 30 31 49 74 49 21 20 43 55 91 75 12 9 17 42 13 91 30 66 77 45 14 56 32 21 7 29 77 45 72 52 46 93 44 96 9 61 62 32 35 76 59 87 65 3 16 5 72 37 28 86 93 39 17 69 69 80 43 88 5 26 41 37 66 
70 3 6 31 23 87 82 28 33 65 22 48 96 41 5 42 81 59 6 45 42 31 40 97 39 63 40 22 12 37 65 40 35 33 25 0 59 99 82 77 55 26 4 81 3 71 43 86 87 65 44 29 54 25 93 0 45 72 6 18 6 6 88 0 68 10 39 55 29 22 17 45 65 1 23 64 91 17 3 21 71 93 28 24 7 33 84 66 94 7 5 34 50 7 34 86 77 49 68 69 
74 89 89 0 12 59 95 19 67 92 16 57 8 78 57 18 32 66 70 25 46 28 81 23 53 78 84 79 89 54 54 10 10 26 70 81 1 88 1 29 54 53 84 18 49 93 84 81 81 34 39 53 95 89 98 86 37 30 38 78 53 11 82 5 15 28 30 12 40 46 10 29 23 92 35 93 99 82 43 37 20 61 83 80 77 42 77 63 44 87 36 57 22 33 26 82 77 80 15 46 
75 50 53 63 14 12 70 97 2 49 55 36 22 71 93 79 56 43 32 86 84 62 44 80 44 62 71 29 81 99 24 66 95 14 66 87 42 85 38 48 26 71 61 2 67 71 36 11 58 58 42 78 82 95 11 53 54 39 93 3 61 57 54 40 34 96 72 77 23 25 99 65 90 18 72 15 68 34 93 6 26 95 49 89 11 54 14 39 92 36 79 20 27 10 49 36 56 61 42 62 
42 34 44 63 82 29 15 45 92 77 33 3 54 28 59 43 28 75 93 18 6 55 58 33 33 31 24 57 85 3 61 20 32 50 22 99 87 2 92 27 7 30 0 17 29 13 78 67 89 9 59 56 47 84 75 77 11 4 18 70 98 57 31 44 18 58 78 32 56 57 6 9 13 13 99 89 74 69 33 33 69 33 14 81 78 4 62 38 44 7 88 48 59 6 28 48 71 93 85 50 
26 95 56 68 23 79 60 65 48 54 12 6 71 19 96 4 74 95 89 17 27 75 7 83 16 18 81 2 23 24 10 50 76 5 58 30 57 42 25 39 47 42 98 49 49 29 86 5 79 2 33 81 11 26 49 64 5 9 37 91 31 30 56 63 42 47 87 65 32 19 34 46 51 69 34 99 93 42 45 57 37 93 40 72 45 90 97 87 62 65 38 90 65 35 67 10 50 90 10 18 
52 13 99 44 38 63 27 83 20 38 27 53 91 48 48 18 32 3 5 37 84 84 9 48 58 9 54 41 12 56 86 83 29 52 75 51 54 70 62 73 34 31 47 39 4 71 49 62 39 7 96 58 70 14 50 31 42 13 26 22 50 12 33 27 21 7 64 82 37 90 12 93 75 85 8 62 50 73 43 45 15 78 26 29 37 57 83 35 9 82 73 74 76 57 97 77 27 20 28 41 
81 42 89 73 24 62 99 22 98 8 37 65 71 44 43 24 67 93 5 32 83 91 9 32 34 27 96 61 0 24 98 2 74 8 16 97 83 86 43 85 30 41 90 62 95 5 14 71 26 8 1 9 58 23 41 95 8 28 88 54 56 84 68 81 85 65 32 14 25 88 5 86 97 7 99 8 68 18 41 37 31 24 1 73 60 56 36 39 58 71 3 47 48 87 74 60 27 39 52 41 
77 27 65 22 75 88 91 55 64 56 63 31 98 2 40 3 6 43 95 51 75 81 34 86 36 0 34 19 36 97 22 38 69 19 25 75 17 95 95 36 72 33 8 85 75 33 72 96 7 78 36 2 1 67 5 65 42 57 34 90 48 58 27 12 90 76 45 54 86 20 55 38 22 70 95 14 7 91 36 98 67 75 32 75 17 21 92 76 60 25 83 4 64 20 0 44 72 94 95 58 
78 62 44 12 94 93 99 77 40 1 68 6 78 77 38 47 7 81 12 66 10 0 77 79 47 0 34 55 77 31 21 53 93 83 94 68 32 70 75 21 67 67 63 28 83 28 62 24 6 67 22 46 76 16 72 10 70 91 87 73 75 43 50 92 9 65 45 41 56 27 44 14 87 52 72 67 82 9 84 85 30 73 66 29 73 43 64 83 40 28 99 26 50 42 15 64 13 25 30 99 
98 71 17 85 99 87 77 16 72 71 87 15 15 41 84 6 70 33 52 22 19 51 74 58 99 98 29 90 53 51 30 34 95 94 24 89 46 21 6 94 77 83 19 86 30 49 26 70 32 85 5 22 17 1 46 33 44 70 55 2 91 22 65 74 43 68 43 91 41 42 82 62 72 79 26 11 38 77 59 71 46 66 51 25 0 41 27 9 31 26 81 44 12 48 80 86 19 19 10 65 
4 92 18 77 22 1 56 33 56 44 89 5 54 43 66 69 50 94 13 66 6 31 8 67 62 66 15 21 99 29 24 32 32 46 75 9 61 47 56 41 45 74 16 51 11 83 29 92 48 91 87 8 42 48 46 34 57 60 2 23 92 16 61 31 61 54 96 90 94 13 17 2 31 49 25 99 17 92 92 27 92 18 73 29 73 20 18 75 42 0 14 99 56 54 37 48 86 31 82 48 
62 98 54 51 29 19 95 93 61 35 93 6 54 48 70 37 9 61 83 64 19 61 67 75 1 22 99 48 2 35 73 61 85 69 55 86 68 85 10 85 83 96 22 26 48 22 34 3 5 50 87 78 4 21 32 49 65 51 12 17 20 23 62 64 57 81 17 7 0 33 56 96 48 4 7 34 79 75 92 9 82 75 69 40 19 59 19 54 74 69 38 58 60 85 95 80 65 13 98 9 
25 26 19 87 48 91 19 99 68 70 83 52 90 86 62 3 82 59 39 57 79 30 61 64 82 65 5 97 93 11 94 8 4 65 84 92 29 52 89 71 66 85 41 27 43 4 62 66 99 63 17 66 9 76 2 22 48 49 60 7 38 6 64 47 91 21 14 12 34 27 12 52 57 76 8 17 62 57 59 24 86 76 50 91 0 75 61 50 91 24 29 37 33 85 91 34 5 36 63 53 
69 72 71 33 73 60 50 59 90 20 47 82 43 65 8 51 6 92 46 82 11 67 94 92 20 33 37 10 98 63 31 50 7 43 81 64 67 80 24 31 34 85 80 37 94 9 65 22 95 96 54 31 95 34 57 2 78 75 75 3 47 87 8 21 86 52 41 85 44 59 7 76 65 59 94 19 61 87 97 44 37 2 85 54 74 15 3 2 68 16 55 20 46 89 32 42 25 36 11 63 
97 75 62 24 74 40 53 39 42 9 62 86 4 43 21 7 65 38 66 33 61 21 45 38 23 23 87 33 74 6 8 74 69 70 59 70 9 93 0 6 74 72 40 54 8 73 22 7 28 62 70 10 18 83 37 3 65 72 4 67 42 28 18 39 83 89 1 26 69 40 89 29 14 98 29 4 6 12 86 81 25 96 3 99 31 54 11 54 88 78 67 5 2 94 3 41 9 63 11 44 
8 37 41 12 77 51 40 21 88 8 3 49 92 79 46 2 5 46 30 22 0 22 78 84 77 0 34 1 15 5 69 50 99 77 48 78 95 96 69 24 75 44 43 90 48 16 73 56 83 86 14 24 80 53 85 75 58 12 5 57 96 70 68 60 82 38 96 71 27 75 54 17 14 11 99 79 86 48 37 30 31 48 86 23 82 93 3 7 12 80 24 83 17 85 41 16 56 83 91 40 
31 18 93 63 91 29 7 32 69 90 86 19 91 48 17 11 17 51 13 71 37 36 38 5 87 36 70 41 66 91 1 78 31 7 75 42 43 97 27 21 24 35 26 78 84 79 28 45 11 93 81 55 53 27 92 51 65 70 53 22 69 55 12 50 10 92 38 40 27 52 44 71 18 47 96 53 87 66 12 38 24 65 45 96 91 31 74 24 49 73 40 9 4 91 13 23 85 7 15 9 
72 19 17 64 82 5 52 67 83 49 97 1 85 89 24 20 56 29 9 29 58 43 40 42 74 66 18 68 83 31 50 51 56 31 21 41 97 4 12 51 26 4 66 51 9 58 69 93 78 71 85 89 71 9 83 58 17 96 32 24 17 69 98 58 64 88 73 33 83 57 99 60 20 83 43 18 73 11 68 19 40 9 30 55 26 31 58 87 80 53 35 37 57 44 32 68 38 15 64 20 
4 11 48 46 73 56 64 1 15 59 7 37 17 59 74 66 82 69 23 96 69 98 57 45 76 63 74 49 42 85 61 14 60 12 65 93 22 93 73 26 66 56 85 89 19 8 84 57 94 48 60 62 12 55 98 48 82 74 40 75 5 42 44 49 12 40 76 56 59 74 6 53 3 98 28 26 61 35 6 33 97 78 68 3 7 73 40 23 52 29 11 50 87 80 3 60 24 18 25 15 
57 60 86 51 30 22 79 79 24 87 75 89 57 56 0 68 25 57 41 19 90 38 32 70 61 21 90 59 63 64 94 41 3 69 67 76 77 42 71 42 10 7 64 5 24 76 85 56 78 83 92 9 27 66 6 76 74 5 8 0 22 81 62 79 27 39 12 10 23 12 78 54 62 89 13 98 59 72 70 5 23 92 20 28 22 48 76 9 53 61 72 20 70 10 45 33 7 25 92 73 
33 9 38 93 15 94 75 44 69 42 35 23 0 91 51 3 62 7 9 57 62 85 54 60 27 75 68 22 96 8 48 19 35 73 20 38 72 8 57 43 83 27 13 52 28 76 57 4 89 18 43 2 10 66 51 95 51 81 26 43 26 24 48 50 38 58 57 98 28 33 83 24 27 17 18 9 80 5 74 25 38 36 76 17 31 49 84 58 43 30 26 77 29 89 81 8 62 33 9 87 
63 41 29 4 94 3 89 81 12 42 19 62 56 19 14 87 94 34 70 74 48 9 29 38 72 86 48 69 39 94 37 43 5 57 39 54 32 13 17 32 85 60 73 56 44 20 47 4 72 68 71 90 71 81 67 38 87 8 99 10 71 53 33 24 34 99 2 96 93 40 19 33 54 14 92 20 23 28 29 9 61 77 82 29 52 20 67 97 72 36 65 81 0 20 27 87 82 92 12 36 
42 12 77 47 99 30 21 74 71 18 96 58 92 89 72 11 4 70 95 60 28 94 89 38 49 86 1 60 17 9 77 66 86 25 46 40 1 56 4 20 65 67 39 37 55 87 73 85 90 58 57 73 58 95 14 76 89 81 87 27 3 3 25 15 98 21 53 4 46 4 58 77 78 56 11 55 50 79 80 42 43 14 10 38 70 81 25 18 84 83 72 24 64 3 58 54 98 39 55 26 
62 47 7 46 17 49 43 46 82 2 26 25 67 87 65 78 54 43 45 41 23 5 37 4 4 82 94 74 61 80 93 92 6 91 73 3 87 34 64 62 46 52 31 46 79 58 88 11 65 27 40 30 43 52 95 46 8 81 56 2 95 12 37 76 56 88 40 4 79 38 58 6 57 81 30 38 91 58 16 72 61 66 80 95 69 7 15 9 72 17 14 49 99 59 8 44 27 96 2 17 
85 56 34 39 93 12 86 3 27 52 85 15 39 39 15 40 29 92 62 0 4 51 13 96 39 42 86 9 51 33 6 60 23 5 75 63 58 70 45 93 93 95 91 93 40 43 64 98 34 62 89 90 88 93 83 1 90 31 9 41 59 72 65 44 35 24 42 20 59 22 31 20 80 20 88 90 25 31 80 73 55 99 97 34 6 76 83 4 28 47 31 77 8 7 54 65 34 47 45 8 
97 21 43 31 24 29 72 65 88 50 76 47 24 24 34 43 11 83 65 72 16 36 57 39 17 11 51 14 85 55 1 99 11 0 94 87 47 77 97 89 35 38 5 40 5 54 83 34 33 68 71 77 33 63 39 50 10 91 47 67 66 67 58 14 62 93 85 90 86 61 18 45 92 44 76 65 26 85 57 70 32 70 12 4 51 24 74 38 2 70 45 81 63 71 72 86 72 62 48 99 
29 84 39 42 6 83 43 75 40 45 38 51 24 84 38 24 40 99 22 50 40 46 78 41 69 84 16 7 59 56 80 78 93 47 92 22 7 61 61 59 20 79 60 43 8 52 19 69 36 81 7 20 65 61 31 74 97 23 16 65 33 28 54 24 58 27 32 96 12 82 63 45 95 87 16 91 30 0 84 22 46 76 19 60 53 61 35 95 6 68 95 46 59 6 25 31 58 38 58 94 
64 30 18 45 86 70 15 52 87 82 52 18 92 63 19 30 21 82 46 4 89 75 70 25 29 90 79 3 24 66 47 91 93 13 21 96 96 3 88 91 27 70 47 64 28 21 99 54 73 26 4 95 35 74 54 36 45 13 45 72 45 29 12 30 5 15 61 19 80 8 9 50 63 7 13 34 15 16 45 73 15 95 33 81 27 55 88 77 19 64 88 34 71 87 18 38 68 39 36 10 
66 95 19 73 26 69 87 80 1 18 56 42 33 62 95 8 24 99 41 15 57 14 37 3 40 39 25 7 4 25 65 64 60 80 1 63 20 36 52 25 32 88 27 62 48 6 35 68 31 54 90 26 47 30 84 61 34 16 89 32 70 84 2 68 88 79 35 76 68 92 82 71 51 66 47 36 78 60 6 45 25 82 26 48 84 82 92 93 96 55 11 49 88 25 15 29 12 53 96 70 
96 68 82 91 19 94 16 5 77 86 76 5 80 8 27 92 10 53 50 10 88 73 79 2 67 74 96 69 44 38 17 29 82 19 1 66 21 59 74 33 27 57 4 33 4 15 20 99 24 86 29 68 72 7 43 93 74 92 8 60 95 58 39 38 46 78 66 34 61 47 34 93 36 53 32 37 80 29 20 76 52 91 86 48 41 84 29 7 11 80 15 75 89 89 76 53 83 73 95 9 
87 38 64 28 94 61 75 62 16 45 56 8 16 44 63 44 55 42 70 89 48 44 40 11 77 66 66 3 3 66 84 61 16 97 92 6 4 87 23 43 76 61 79 69 88 54 54 58 97 34 89 47 49 61 58 56 14 20 33 75 54 25 81 77 74 83 38 38 40 32 2 67 35 93 86 43 59 50 37 92 12 88 99 9 65 19 93 60 4 93 44 3 33 85 9 77 83 49 24 15 
80 28 72 91 70 0 8 27 97 47 18 87 45 14 49 73 47 86 58 68 69 63 13 56 38 87 46 18 96 90 44 94 28 74 63 92 47 3 68 13 39 99 42 48 92 29 12 44 49 67 84 60 72 72 38 46 32 43 76 12 3 52 5 28 68 30 46 65 94 23 54 52 98 54 41 15 72 13 22 5 93 43 94 97 22 51 12 77 7 1 96 9 62 50 17 66 74 79 60 1 
75 59 25 70 37 60 73 14 88 98 6 46 12 44 77 32 45 41 52 11 25 41 2 50 90 4 2 46 86 12 67 54 45 66 59 32 95 44 14 80 53 4 64 7 13 47 17 58 67 14 47 56 79 86 15 20 69 68 80 88 73 80 93 4 83 74 75 44 52 51 18 8 60 6 46 62 53 56 91 46 91 46 11 84 26 2 60 79 3 94 78 1 1 75 97 4 3 88 99 66 
86 75 69 75 99 95 11 53 69 64 67 42 44 25 26 13 73 29 7 80 87 68 52 51 82 24 64 82 32 2 12 82 90 21 88 5 5 67 67 66 29 67 87 59 72 41 96 50 85 58 28 34 84 18 33 43 31 18 98 78 14 88 54 12 12 2 51 96 8 57 83 29 11 68 16 98 43 60 77 80 46 55 91 70 25 32 5 93 74 40 29 23 28 8 93 82 13 92 41 73 
59 47 27 63 11 77 39 40 23 73 56 3 48 13 29 54 97 74 29 36 63 23 91 92 53 57 15 50 52 16 1 89 81 61 66 43 12 74 72 25 80 96 53 65 14 55 84 91 20 50 54 55 94 57 11 69 22 2 12 5 21 60 41 61 62 99 65 0 13 23 7 47 58 42 77 68 13 94 10 68 1 43 72 63 94 22 88 30 47 79 42 49 98 52 80 79 98 44 32 74 
14 95 66 5 95 37 49 78 53 21 55 75 52 2 99 19 85 57 63 85 8 77 96 19 37 34 69 61 12 20 16 2 16 2 9 71 49 63 79 86 1 77 15 25 10 94 41 84 24 92 5 65 98 54 62 49 80 56 88 77 15 77 90 36 40 20 4 46 69 31 66 10 41 30 58 33 73 55 82 19 24 77 17 23 74 46 60 44 48 17 94 13 43 78 26 93 64 43 4 17 
66 69 86 83 58 84 45 27 21 52 52 97 84 98 12 23 57 84 58 22 73 25 41 85 96 39 82 22 19 16 74 16 37 75 70 93 87 99 15 79 43 34 83 17 82 55 47 27 91 86 60 18 69 99 77 78 83 31 98 91 59 13 88 30 4 88 36 65 86 87 3 96 8 57 91 74 96 19 87 85 38 10 58 77 45 29 72 69 95 49 40 7 18 95 80 24 69 80 80 88 
86 56 60 44 65 81 77 81 76 54 87 67 97 79 35 2 48 32 88 97 96 0 55 16 85 70 4 26 29 73 29 77 47 0 29 81 80 0 76 67 31 92 57 6 90 60 28 92 98 8 65 57 96 42 13 5 82 11 28 22 13 57 44 54 59 94 24 44 67 19 82 75 57 36 45 35 22 5 9 26 66 71 3 23 27 78 45 54 78 56 95 68 92 64 26 7 18 23 63 15 
13 50 1 62 97 65 97 0 87 77 47 30 89 43 63 4 28 79 49 15 87 51 44 78 68 50 15 68 1 71 38 39 88 73 19 6 84 79 37 12 14 62 3 30 46 38 6 89 13 39 46 29 80 26 30 87 93 0 25 29 64 95 31 25 51 7 23 7 68 64 16 15 71 54 82 40 57 31 51 86 88 90 48 81 23 51 94 15 51 41 84 22 66 71 20 74 76 48 19 22 
37 91 57 41 95 92 55 85 28 0 3 13 17 54 46 12 71 89 81 30 23 35 21 64 16 83 66 95 25 77 0 57 34 24 18 76 11 59 0 88 80 29 59 45 42 65 27 38 20 75 99 80 5 81 5 7 67 40 70 29 96 17 59 53 44 99 71 25 86 24 0 78 90 60 21 49 64 27 50 84 32 24 78 62 10 80 12 1 72 50 89 46 48 74 11 7 70 55 14 59 
71 99 29 49 36 68 45 93 80 56 59 15 40 29 91 72 49 23 86 70 64 31 8 39 93 53 83 25 19 81 42 87 82 20 91 39 28 47 37 69 53 65 48 72 71 81 28 7 32 44 19 70 81 12 21 81 50 84 84 38 44 86 85 24 3 76 33 93 60 21 30 63 55 90 74 67 26 98 80 9 40 29 2 28 26 76 39 43 0 5 91 82 26 40 36 14 83 89 74 68 
20 31 9 20 97 94 49 35 61 93 60 24 3 97 9 41 63 88 63 56 54 20 30 39 95 64 75 1 0 61 35 11 31 26 36 9 47 76 12 44 64 82 82 47 45 90 85 83 89 75 86 79 22 93 90 89 2 31 18 43 67 25 3 37 54 13 86 70 41 54 91 21 50 80 47 19 77 15 86 99 23 21 4 98 45 39 34 9 48 26 80 38 16 60 72 70 81 87 56 34 
48 43 53 92 40 51 43 0 88 86 51 15 80 48 6 29 45 66 67 82 7 65 33 23 16 1 54 4 76 18 65 19 7 9 72 45 93 8 29 20 44 0 62 52 5 91 97 22 98 20 76 62 52 46 65 33 93 27 43 14 60 56 84 23 1 79 54 55 32 45 36 16 67 89 58 40 69 85 83 63 60 58 93 69 86 74 50 3 14 17 41 5 4 82 45 71 99 0 37 26 
87 30 90 81 86 1 28 56 21 11 63 53 77 43 43 59 99 86 93 73 45 81 69 85 42 93 2 71 68 16 3 97 57 79 0 0 76 74 98 66 92 49 50 5 5 23 73 55 84 55 8 34 84 70 13 11 28 35 19 56 29 61 18 93 80 23 22 76 67 17 96 68 9 26 61 63 35 44 89 18 8 70 52 93 81 36 20 26 6 4 38 60 9 41 4 11 72 10 27 96 
26 27 44 76 98 99 11 51 82 61 70 68 11 24 7 87 20 86 16 12 91 55 36 57 70 72 5 5 39 30 19 30 6 94 55 29 86 88 48 9 15 58 27 51 26 29 10 8 0 3 56 81 46 66 4 97 76 59 52 91 31 22 11 88 23 80 25 4 14 95 67 26 75 25 63 43 41 59 59 68 68 82 0 21 33 7 97 64 87 89 85 41 11 13 30 25 98 39 44 53 
55 29 3 43 14 60 92 44 63 29 71 0 29 60 98 71 73 78 5 84 46 92 94 74 62 40 13 28 88 96 74 41 43 92 61 10 50 5 31 17 12 52 10 21 94 85 87 69 7 66 14 89 91 74 93 81 98 90 57 30 24 28 83 83 91 69 88 57 11 3 77 83 97 66 82 14 3 25 8 64 29 34 14 13 27 78 62 49 17 46 15 71 71 25 8 56 47 19 72 95 
90 56 28 58 4 42 58 27 55 50 93 84 7 76 86 68 45 41 4 45 72 95 46 65 28 49 92 10 31 22 44 77 87 0 44 78 10 95 66 62 33 49 84 80 9 16 24 5 66 74 16 98 88 17 37 34 75 17 38 97 46 17 9 83 93 98 45 89 89 74 35 41 23 68 91 73 9 35 5 20 10 84 78 17 23 24 17 21 16 85 95 39 93 69 97 64 34 48 15 61 
60 75 10 76 60 65 99 35 52 6 27 18 65 46 9 10 36 3 20 18 31 80 20 38 99 81 52 18 5 52 26 42 54 53 82 51 87 12 52 39 83 1 61 80 3 87 59 38 88 35 46 55 11 45 26 81 2 32 70 76 46 84 48 65 5 36 6 28 90 7 89 42 34 20 1 46 61 23 20 29 35 23 39 19 94 9 98 11 6 53 46 5 27 62 6 47 0 29 80 73 
47 7 60 27 0 21 21 63 94 55 30 36 85 49 79 45 3 0 2 83 6 64 12 69 47 15 38 86 74 67 88 35 62 17 49 6 59 25 27 43 72 17 87 28 38 55 35 45 71 80 53 95 28 11 91 87 56 49 57 3 10 28 6 4 26 71 37 53 71 37 23 65 11 14 39 75 13 85 23 72 94 52 57 89 68 77 63 46 21 69 94 91 12 64 5 41 20 22 39 30 
64 86 14 53 80 17 14 52 93 86 10 66 71 86 99 90 80 59 3 70 55 67 9 89 35 28 42 96 93 60 19 44 42 66 92 94 17 15 77 79 30 94 83 34 78 73 22 52 18 50 36 75 60 26 82 18 31 40 39 11 33 61 14 90 74 55 28 5 29 64 15 33 49 63 96 28 35 95 33 56 94 33 35 92 61 19 71 31 42 81 40 47 3 21 29 77 50 64 11 51 
65 12 50 59 32 33 59 2 31 70 59 5 98 81 61 35 27 49 6 7 33 58 88 95 70 87 16 36 19 63 39 8 38 88 24 14 44 62 1 11 61 70 42 98 13 63 88 12 78 99 84 83 47 19 93 9 23 51 11 39 47 57 26 9 59 8 62 99 7 41 86 29 27 87 49 29 44 97 89 89 17 92 48 22 44 43 96 1 88 24 22 71 84 59 97 27 48 97 77 14 
99 86 13 34 51 15 42 15 41 62 3 27 87 99 43 70 33 37 76 65 50 79 21 34 64 87 69 98 91 39 9 36 94 97 50 72 42 95 91 38 43 83 1 23 48 15 87 91 16 67 19 14 90 75 86 79 61 84 77 79 93 19 52 66 22 61 41 34 29 71 71 80 97 10 36 29 11 17 85 79 11 62 71 39 85 79 95 63 25 37 59 97 63 93 28 37 71 35 61 80 
91 61 30 71 96 6 50 76 74 96 34 63 96 95 0 82 65 29 94 34 28 88 4 97 68 93 48 56 78 8 18 8 31 79 86 24 51 94 7 10 59 11 11 70 12 67 14 0 27 50 64 26 57 17 64 72 89 98 59 47 36 71 96 89 53 84 18 99 99 21 34 58 95 40 66 11 49 17 28 29 23 13 83 53 29 14 40 80 84 8 10 77 34 47 4 37 56 99 14 8 
82 83 64 69 37 61 89 32 7 6 13 58 92 41 75 51 90 46 96 52 15 13 88 9 74 42 82 16 15 59 85 7 60 40 21 32 61 22 54 91 28 6 47 74 48 66 74 87 48 67 36 68 72 97 72 53 53 12 44 33 20 82 7 74 29 8 23 91 70 97 67 86 98 65 34 79 57 90 81 73 4 37 74 33 48 32 17 27 92 12 1 73 63 15 85 93 13 87 0 6 
17 8 8 92 44 21 57 18 32 33 11 18 59 74 73 12 61 77 17 19 33 54 79 17 57 52 84 6 75 32 19 55 85 85 30 53 98 5 43 77 76 59 66 0 78 24 57 9 69 78 8 58 21 18 84 35 32 10 27 53 77 28 29 7 41 1 83 85 44 29 28 81 15 10 46 50 68 70 48 61 35 12 47 55 81 48 3 74 96 25 70 42 80 37 55 67 64 92 29 39 
41 63 91 40 84 59 6 64 57 48 24 19 95 9 62 53 6 29 64 95 93 72 21 46 66 83 49 28 17 8 27 12 26 5 45 2 90 55 16 26 24 14 32 22 54 25 61 6 72 9 39 91 82 97 75 60 10 25 71 50 33 40 86 23 83 88 13 53 40 76 60 72 26 78 92 70 6 31 10 18 41 61 1 77 63 61 99 12 92 47 31 9 70 27 16 20 74 32 97 7 
91 49 49 27 17 51 19 94 61 51 5 34 12 35 32 72 95 46 16 3 37 38 19 29 56 0 5 31 49 55 15 32 71 51 71 19 70 33 38 69 77 80 71 90 28 60 87 28 30 41 11 23 97 73 79 93 6 18 20 8 28 25 43 1 42 85 37 16 94 17 36 64 13 71 0 61 46 78 53 47 80 49 79 16 7 75 2 13 46 7 62 7 17 69 45 27 16 65 21 43 
88 86 73 20 83 70 4 18 64 99 28 97 60 28 87 34 80 22 68 64 50 11 89 42 34 22 20 65 49 18 14 28 53 64 64 67 89 89 30 2 31 92 88 34 28 93 68 60 80 17 79 32 33 14 9 44 51 91 74 29 18 80 75 61 18 34 67 45 80 83 38 22 16 74 50 12 99 81 68 78 38 66 85 14 5 56 90 26 12 43 55 29 75 5 54 48 87 29 32 30 
37 56 48 53 68 66 96 91 15 35 44 84 90 26 15 90 22 2 46 91 35 25 42 9 69 77 43 46 21 12 93 23 28 85 42 89 32 13 38 13 3 73 38 84 81 35 56 64 78 53 44 40 32 20 91 24 81 88 53 96 32 27 66 33 75 49 4 65 6 96 48 88 82 30 56 82 78 10 87 61 76 56 51 63 98 99 49 40 51 60 34 10 61 11 90 42 86 85 19 96 
34 56 15 56 99 31 42 28 97 47 65 32 44 91 11 35 56 35 6 43 41 14 65 14 71 12 7 52 97 42 16 39 79 26 5 72 29 33 89 60 42 46 53 28 28 64 1 48 17 58 39 61 59 67 29 19 80 52 11 50 64 90 14 57 6 12 32 97 13 80 2 66 80 36 6 83 53 26 93 54 62 54 74 21 10 70 63 72 52 19 28 65 97 19 65 23 64 89 91 85 
90 91 0 54 28 29 94 68 94 98 43 19 36 83 47 63 16 81 86 33 71 41 80 84 7 85 97 98 9 4 66 48 11 17 83 84 11 81 85 96 40 96 5 45 46 85 37 16 33 88 36 36 25 47 64 50 65 23 7 53 36 86 35 66 8 46 48 82 90 86 96 83 53 76 90 92 1 71 96 45 53 10 41 14 36 5 23 84 95 40 79 35 61 9 97 19 24 24 53 45 
66 95 66 44 46 63 88 83 1 41 16 85 60 95 15 12 29 11 79 92 31 78 49 48 3 11 68 39 59 56 6 71 84 86 88 21 53 70 72 3 22 87 38 34 76 2 60 5 86 65 80 81 55 56 36 19 83 79 67 16 74 56 77 33 23 81 85 68 8 37 19 16 28 73 8 92 23 7 87 55 92 48 15 5 15 96 83 90 97 15 58 87 39 77 20 68 33 92 34 26 
11 67 31 13 94 87 83 42 42 25 57 11 80 94 30 60 16 30 70 76 75 31 2 85 81 18 31 63 59 71 45 31 65 31 92 22 96 7 89 60 20 60 60 89 18 19 57 97 48 23 97 48 44 85 71 37 4 39 74 83 65 64 68 19 55 44 90 24 90 48 29 25 31 16 28 12 16 17 43 67 19 39 38 23 89 46 51 10 34 37 86 60 39 80 25 15 30 28 89 21 
51 29 18 43 70 17 4 54 20 16 18 74 65 13 93 55 83 26 45 37 98 22 31 94 30 69 99 16 74 92 49 50 16 72 73 0 29 61 79 41 53 90 33 12 53 25 69 90 15 91 62 92 51 26 92 10 84 5 44 53 83 32 25 33 30 27 62 9 82 51 78 68 40 18 28 28 66 93 5 48 96 22 59 85 42 62 66 45 89 94 18 94 47 26 59 12 80 16 47 88 
25 81 57 76 82 45 87 94 49 37 38 25 13 14 27 34 85 71 60 69 48 40 81 18 15 39 44 2 47 52 48 83 13 15 54 96 75 86 44 97 5 72 54 86 5 39 80 36 39 16 87 21 82 54 52 68 70 95 80 54 52 12 8 83 93 18 17 63 24 55 62 98 27 85 76 87 93 74 46 30 81 1 19 34 72 0 30 66 46 25 55 24 15 9 49 23 81 84 82 98 
80 96 45 81 24 60 63 41 36 97 48 57 70 20 77 76 8 4 44 57 74 28 3 23 41 15 44 68 10 30 4 56 77 61 17 28 91 94 89 32 91 19 8 31 81 7 18 85 20 53 97 51 95 40 44 38 74 8 82 80 18 16 10 5 25 65 36 37 6 41 79 57 74 7 30 50 95 76 31 15 44 0 39 67 2 91 95 5 31 1 70 98 22 4 32 17 90 77 44 39 
98 74 9 56 43 0 40 8 62 82 38 1 58 83 51 48 64 19 21 81 80 25 85 43 34 71 79 52 3 91 42 73 79 94 1 53 69 89 81 40 94 14 74 39 69 80 7 82 95 93 54 36 1 34 22 2 97 73 49 26 94 48 74 47 13 29 78 77 52 67 38 11 27 42 56 83 70 13 4 3 1 93 54 92 49 52 42 9 52 30 90 75 1 10 81 86 72 2 86 73 
60 12 61 22 2 47 97 49 41 80 67 26 88 81 67 80 33 3 74 51 18 79 16 90 20 63 49 14 94 88 22 59 73 81 89 36 18 65 83 93 25 58 87 65 26 9 27 19 14 68 61 42 37 88 61 16 60 15 64 33 39 78 12 44 82 2 35 85 95 50 86 68 56 53 47 40 71 51 89 87 52 65 58 24 60 29 28 17 25 19 52 13 22 69 65 80 20 41 1 47 
36 88 91 11 30 39 78 62 56 89 35 46 99 87 86 32 22 84 63 88 68 52 88 61 98 83 43 22 76 67 52 94 20 86 99 35 30 35 79 48 32 41 90 78 38 14 34 73 4 31 87 57 19 36 47 39 70 53 42 49 27 94 42 61 24 90 23 21 77 51 25 7 98 97 87 80 54 38 9 21 7 50 90 57 10 62 92 5 93 34 17 39 86 74 43 86 98 9 61 11 
45 57 8 49 30 36 66 31 9 73 76 78 72 40 7 99 33 16 67 87 6 54 75 66 94 36 90 78 60 7 74 9 54 67 18 53 24 21 39 61 59 1 42 1 84 90 74 70 20 10 9 14 30 26 42 20 8 48 71 46 73 9 6 12 90 18 17 79 26 49 41 47 39 37 9 17 0 0 15 21 63 92 82 46 79 61 62 85 1 53 56 29 83 64 37 55 23 9 89 28 
70 3 97 19 83 9 40 3 24 35 22 75 26 28 26 89 25 8 62 62 12 94 59 26 43 41 55 1 84 35 7 13 62 40 32 15 73 91 53 78 92 92 49 60 98 25 88 43 28 99 78 43 5 4 28 93 63 88 91 76 21 56 49 26 21 43 96 39 55 58 51 62 78 41 81 43 78 50 8 36 10 80 97 92 92 12 25 86 77 84 68 41 29 71 40 35 68 74 5 74 
32 53 73 31 98 81 74 16 97 59 14 86 3 22 19 2 12 7 32 77 92 50 74 21 54 38 25 74 29 30 17 76 50 81 5 26 88 21 7 30 85 97 73 55 30 1 36 78 70 57 28 21 4 5 20 35 57 92 55 74 87 63 87 25 43 72 16 62 64 97 7 74 25 56 38 6 85 92 84 9 47 24 94 53 90 35 5 89 91 35 14 0 83 83 81 29 56 65 41 7 
6 90 57 35 84 45 14 78 13 29 14 0 67 30 50 63 39 6 40 43 56 89 90 68 0 1 96 78 68 99 70 21 56 73 74 34 92 65 96 57 72 7 2 97 38 83 96 87 65 62 76 18 9 15 87 25 81 8 88 29 41 7 63 39 71 65 49 46 99 65 6 94 24 94 64 63 76 40 79 13 32 13 46 10 83 3 70 8 38 57 75 94 21 31 62 22 60 28 39 78 
57 57 72 73 28 24 69 17 54 52 91 77 14 18 17 76 21 31 22 12 99 59 77 65 66 46 62 30 69 2 83 48 51 43 1 34 21 28 97 17 22 46 7 47 59 88 34 70 42 3 31 13 84 79 41 0 22 75 33 32 22 37 60 23 24 16 9 10 70 0 54 63 40 44 23 65 77 28 59 66 80 36 91 26 45 87 48 91 58 78 15 35 59 87 46 71 91 91 27 4 
8 25 80 42 18 84 70 24 47 54 22 30 58 55 93 31 91 59 90 51 43 47 50 0 78 12 26 46 59 83 37 23 85 71 56 65 61 30 55 47 72 42 36 47 11 89 96 36 40 74 45 6 10 42 37 9 66 63 69 20 57 65 7 22 80 50 58 28 32 95 69 86 41 21 46 40 61 33 51 16 54 92 33 45 73 40 32 50 31 22 67 66 26 6 98 43 79 35 72 52 
7 22 94 24 40 19 19 79 44 91 79 44 17 12 95 26 86 85 50 3 10 97 95 99 34 37 20 70 56 0 86 89 94 57 64 92 77 16 88 21 20 82 28 25 4 98 83 78 53 79 11 74 41 37 31 86 45 78 8 61 89 20 72 74 15 57 90 87 66 0 2 87 5 0 60 15 77 37 11 63 92 25 23 42 5 55 78 52 27 6 77 19 28 48 5 86 45 35 31 87 
90 15 1 68 85 97 73 57 98 37 68 56 72 95 15 36 91 31 83 27 10 22 67 99 38 38 38 55 55 80 86 30 33 23 44 51 56 97 67 77 62 60 43 83 38 46 73 25 52 90 94 34 19 98 86 15 73 34 54 67 48 65 99 61 9 29 36 92 41 53 52 17 66 47 11 28 24 45 32 0 37 35 63 7 36 51 83 51 50 54 92 2 78 49 7 90 89 92 37 3 
41 9 16 50 37 63 3 35 52 70 32 58 11 52 37 94 37 19 95 30 74 76 95 16 72 79 13 80 74 46 60 41 43 0 62 15 91 72 25 35 65 97 40 59 42 60 28 54 67 85 42 21 86 87 73 89 30 97 77 84 58 85 80 94 71 71 16 54 33 6 53 77 65 18 69 27 79 39 30 76 1 46 41 82 92 50 54 82 37 12 89 55 43 53 33 80 64 20 51 12 
51 93 68 4 99 71 52 26 57 73 20 53 9 87 18 18 2 98 47 33 3 29 34 29 86 96 31 84 15 31 79 31 51 42 19 0 64 18 72 88 38 42 99 81 85 12 70 80 82 1 99 2 93 80 89 14 38 39 97 75 87 31 25 37 79 20 46 73 53 72 2 63 60 76 46 1 11 87 32 0 59 69 70 62 20 48 23 55 70 25 34 41 17 44 80 57 33 65 90 5 
98 51 54 34 21 98 47 24 47 44 87 3 47 70 84 66 31 84 82 26 70 20 40 36 28 52 41 43 64 68 25 26 59 49 28 72 52 51 40 6 81 39 33 56 48 6 17 34 90 48 73 75 19 83 4 91 62 65 0 61 30 17 33 50 95 79 4 60 4 36 73 39 83 46 60 30 25 57 56 7 99 44 49 14 24 32 13 82 82 66 74 56 80 19 54 12 23 84 28 75 
49 41 44 3 41 1 6 99 91 75 97 85 4 55 45 84 80 22 37 22 74 43 30 32 83 91 78 77 81 79 30 12 79 86 69 14 38 72 87 78 94 10 32 91 59 5 47 10 62 29 46 21 11 28 55 48 36 75 78 51 97 60 60 65 91 84 35 63 23 21 79 50 76 65 52 25 60 78 93 42 99 65 35 24 34 28 63 75 48 44 47 76 42 73 5 15 15 34 14 36 
4 90 3 18 90 9 52 42 85 16 8 41 70 9 88 49 55 38 92 92 37 93 30 35 25 62 48 10 78 32 32 4 57 59 59 82 61 54 53 66 40 71 65 37 69 3 44 7 81 30 2 26 77 0 14 43 3 94 49 46 48 8 6 33 73 80 40 3 92 75 33 54 29 14 21 25 78 62 57 33 82 10 30 85 1 91 1 94 38 12 27 58 18 20 22 32 59 89 99 43 
53 0 67 36 6 73 1 38 34 23 61 14 42 0 80 12 32 95 44 94 74 49 73 62 72 64 54 1 6 93 51 16 23 82 78 49 11 55 2 8 15 33 46 45 44 30 6 39 75 49 28 12 32 31 78 64 95 70 83 11 20 35 23 71 65 9 9 0 29 7 91 31 5 62 54 89 44 23 46 37 24 40 85 57 66 35 91 58 73 39 86 85 84 44 20 47 47 54 11 75 
32 0 57 72 41 58 60 87 73 36 84 45 43 90 71 44 44 42 40 29 16 42 74 43 95 10 43 11 45 12 9 66 55 88 41 58 0 12 64 18 18 76 68 31 24 2 74 81 25 57 94 60 1 91 76 31 95 48 20 80 95 40 71 19 67 15 13 26 6 80 23 26 17 54 31 9 69 25 49 34 82 70 45 28 31 58 52 50 69 80 46 24 9 93 91 60 87 17 31 57 
45 65 65 57 27 77 79 8 64 85 31 33 51 92 16 51 51 21 27 67 53 55 30 54 20 38 9 74 83 46 35 32 67 1 22 97 49 78 80 23 85 92 78 2 31 17 58 42 75 52 2 18 17 26 26 95 2 39 58 72 78 68 38 88 66 74 69 0 68 45 9 71 42 30 86 23 48 39 28 13 62 80 85 2 98 20 18 92 8 17 27 4 16 22 44 83 21 46 57 48 
91 58 95 26 29 17 87 19 92 44 48 37 28 25 43 73 80 83 41 14 99 76 14 11 98 36 66 71 10 30 69 76 24 28 39 88 65 95 13 98 10 81 53 82 93 58 9 73 23 51 50 81 4 3 31 8 13 20 68 98 11 80 39 11 55 55 95 19 57 70 1 74 22 87 12 54 93 19 42 2 48 11 18 34 57 83 7 77 51 39 86 14 93 48 98 79 10 24 94 46 
4 94 52 55 68 3 42 18 94 38 52 27 52 91 90 57 3 35 45 40 4 21 62 74 14 65 15 90 71 50 59 46 66 12 12 19 60 98 47 71 46 92 25 78 35 88 72 74 36 49 36 70 12 45 74 66 59 54 96 99 85 46 3 29 38 58 40 27 0 94 23 11 48 94 80 67 16 31 5 24 20 16 64 82 78 73 9 96 20 89 79 59 91 2 79 86 46 53 39 75 
33 24 41 5 93 40 99 95 73 82 95 58 2 78 13 23 36 65 28 91 82 61 14 39 5 71 5 96 93 84 5 71 88 1 69 85 47 18 43 48 38 85 46 92 10 37 47 80 33 39 76 24 37 83 12 31 75 36 38 63 53 88 91 97 60 47 99 39 5 49 99 92 84 84 76 90 55 96 92 4 50 80 94 60 92 61 10 47 27 33 67 24 94 80 85 90 25 14 77 71 
45 52 76 88 21 49 99 64 52 3 66 46 94 77 47 1 6 41 29 14 52 5 75 19 83 42 38 92 4 53 23 27 88 28 68 47 6 75 49 20 75 16 50 53 54 5 96 24 66 51 70 87 55 22 9 71 3 59 37 72 90 31 94 83 89 68 40 8 12 53 55 76 33 73 60 48 58 23 77 18 7 96 27 3 5 27 2 98 75 21 24 65 62 76 29 36 7 55 84 22 
89 34 57 54 33 6 22 73 77 40 49 5 39 4 36 59 65 55 6 92 78 12 51 93 28 62 53 41 81 12 66 48 41 21 27 91 26 65 51 16 71 39 1 26 58 6 93 88 86 53 64 58 11 6 5 13 58 17 96 18 48 1 33 99 84 58 51 98 86 5 35 29 30 49 83 86 45 19 94 31 37 27 96 86 40 90 79 87 82 58 69 24 39 22 18 78 15 30 45 98 
3 85 25 31 99 50 59 44 20 94 1 81 96 66 28 39 72 57 72 60 27 10 72 67 84 25 85 61 27 78 70 21 92 22 70 55 52 0 55 74 94 6 10 76 63 4 77 7 99 55 47 72 17 55 67 25 34 3 20 31 61 73 57 10 79 65 55 19 55 84 49 51 27 47 2 68 60 74 4 34 31 94 73 90 46 12 31 39 92 59 40 64 9 95 62 2 93 32 40 42 
80 69 85 53 81 41 87 37 62 87 50 90 31 19 27 94 25 66 65 59 90 77 92 13 30 13 18 50 76 50 3 15 38 4 86 22 24 20 35 97 88 11 73 68 11 67 5 85 61 4 61 72 78 44 42 12 99 81 88 36 96 90 21 34 60 76 45 10 94 69 10 89 87 16 60 37 96 65 41 35 20 69 71 8 98 90 41 57 31 43 56 36 47 13 85 59 47 88 87 3 
65 14 86 74 15 83 76 71 38 25 22 2 56 78 64 75 47 47 39 16 58 48 65 23 88 9 20 85 78 42 39 76 42 6 69 56 15 59 42 11 22 53 67 51 37 9 28 96 82 13 77 77 21 74 42 50 24 73 12 50 32 75 87 15 10 25 64 94 97 60 70 65 50 37 9 55 38 39 47 64 49 24 46 70 67 48 31 92 65 9 80 58 96 86 86 8 87 76 52 55 
99 84 17 51 19 7 89 16 5 4 28 0 30 78 32 52 0 82 79 36 81 4 38 43 95 60 47 84 35 11 61 53 41 69 32 10 20 68 42 28 62 77 73 37 18 35 87 82 44 22 98 77 17 63 65 78 96 31 29 83 10 57 10 72 16 60 81 10 46 74 42 91 11 66 9 32 38 79 60 19 98 92 7 76 95 21 92 9 51 58 78 29 88 99 88 24 3 74 8 28 
26 73 18 1 69 37 94 19 1 96 74 48 92 35 56 19 25 42 49 79 70 72 28 10 75 19 93 65 70 38 30 32 22 87 37 84 32 8 66 55 92 97 68 56 72 21 54 31 96 57 97 64 35 15 31 5 99 8 94 36 19 98 32 99 84 62 38 98 38 0 96 52 78 67 2 9 53 50 90 70 25 19 92 2 75 95 40 8 7 14 48 19 40 54 77 77 62 25 87 6 
38 98 90 73 91 53 89 75 49 63 95 30 87 71 33 19 56 29 66 13 74 94 92 97 19 13 16 47 60 10 74 46 82 63 60 35 72 98 28 67 12 85 70 13 78 18 12 12 70 84 36 91 28 51 39 5 38 55 31 8 82 43 83 45 49 76 59 9 52 10 73 8 34 14 18 20 10 64 24 61 18 47 39 61 34 24 99 76 73 77 68 39 47 7 35 98 11 8 29 63 
21 36 16 66 17 61 6 59 65 64 46 42 0 75 45 2 92 29 85 91 2 59 14 16 57 47 28 54 42 44 98 49 22 37 77 53 0 16 79 86 83 85 54 54 83 95 11 40 33 43 48 63 17 83 51 64 98 62 19 7 58 44 37 92 89 63 45 16 80 72 13 22 57 62 39 40 20 65 24 66 25 1 6 74 83 96 45 94 52 29 14 97 40 45 66 26 63 3 18 49 
90 19 38 76 13 52 5 61 8 19 74 89 61 13 21 22 93 90 45 55 47 43 89 5 85 59 59 27 69 83 17 52 71 16 98 39 63 68 34 75 61 4 92 66 4 35 15 13 52 73 77 13 81 77 17 72 67 94 37 56 51 0 55 76 19 92 65 21 60 88 79 86 59 8 72 45 22 26 81 26 29 66 21 59 33 37 79 25 74 66 12 93 77 35 76 63 84 59 55 44 
45 34 70 52 76 90 32 87 36 36 11 66 23 17 12 46 82 13 76 98 61 76 20 35 93 76 74 89 72 97 94 55 66 43 24 69 14 30 56 74 24 86 83 37 94 1 71 34 69 42 85 94 37 50 43 42 0 31 67 79 79 54 6 97 86 4 76 34 78 94 75 46 33 31 28 52 56 31 2 98 61 24 12 30 82 73 83 5 5 31 50 44 78 95 35 20 92 62 61 77 
97 2 38 29 58 53 26 92 89 28 54 63 96 41 48 48 81 66 35 51 76 90 87 2 43 11 10 12 66 5 88 7 85 29 74 36 43 63 0 53 80 51 0 5 83 17 72 43 10 90 11 71 11 72 43 75 35 77 66 7 16 62 82 37 70 32 11 32 85 18 82 88 32 28 97 54 18 24 81 17 31 74 99 14 35 78 45 27 13 3 18 40 38 86 57 24 2 40 19 57 
83 88 4 3 31 86 16 44 5 43 14 90 91 76 10 92 60 12 50 0 73 77 86 5 69 88 72 97 51 74 80 3 2 59 60 69 61 6 77 17 11 24 56 47 88 74 28 64 30 77 97 36 61 71 82 91 7 63 97 39 32 47 21 26 69 40 26 55 45 94 46 73 32 58 18 32 46 36 71 33 51 71 71 23 60 65 17 12 1 40 93 50 28 18 15 80 74 59 75 49 
73 63 13 42 89 76 21 61 27 72 47 92 59 27 36 56 18 78 45 63 41 97 67 26 86 88 89 73 61 83 98 3 46 48 93 90 41 27 2 31 94 66 35 47 99 89 33 73 59 68 24 97 48 74 90 90 96 76 3 26 12 64 15 99 69 2 24 38 90 26 0 47 87 74 61 27 13 96 73 82 16 78 82 91 21 85 32 7 64 99 17 13 54 44 44 4 47 25 95 96 
76 43 9 75 72 32 87 60 83 22 94 1 39 69 74 83 22 39 62 27 12 30 45 61 72 91 78 96 25 21 94 72 64 67 7 2 38 19 76 86 78 40 24 85 3 87 65 13 50 22 25 70 50 38 55 6 29 40 85 86 93 42 92 3 73 49 19 2 3 42 3 29 15 20 42 17 47 5 52 17 0 34 7 97 77 12 91 73 29 39 56 29 32 49 92 47 93 96 29 10 
19 48 75 17 17 17 95 29 56 18 82 89 89 92 98 83 32 57 32 72 5 25 90 45 26 37 84 62 7 15 66 66 50 14 61 57 29 38 45 83 42 94 13 25 97 44 10 35 34 50 92 86 38 70 35 74 51 50 54 49 87 89 10 84 23 73 48 75 92 54 15 7 29 77 86 77 92 38 25 79 62 24 19 85 2 17 24 14 65 67 90 71 31 20 49 84 51 65 96 27 
42 2 43 82 86 44 73 43 91 56 1 7 96 91 4 10 0 23 60 63 62 77 33 0 81 63 63 23 29 38 62 99 24 77 44 40 62 71 97 55 42 36 25 39 23 59 97 24 35 21 42 40 3 24 88 48 86 2 86 5 2 48 8 89 7 38 29 17 2 18 76 54 60 27 43 37 64 69 64 59 60 56 30 21 18 5 80 87 40 69 95 6 55 45 86 89 53 10 8 29 
52 45 80 68 75 95 21 5 25 17 21 81 61 54 33 90 84 1 25 93 42 0 74 33 87 84 22 86 15 88 73 17 51 41 29 91 46 10 29 45 14 55 16 15 66 51 20 85 59 48 63 74 63 26 92 22 99 59 62 75 50 37 96 16 69 94 95 82 26 86 44 83 65 9 29 16 88 93 60 17 77 34 81 35 66 39 87 25 25 88 38 19 91 97 28 48 63 50 81 84 
86 51 61 21 0 14 79 60 32 78 35 43 42 84 29 22 24 11 46 5 31 21 45 19 0 78 28 14 93 77 43 49 22 61 65 85 52 78 57 2 95 59 37 43 26 56 61 89 85 79 80 66 4 70 10 99 6 49 47 46 14 41 29 4 47 93 38 30 82 91 10 64 55 11 43 16 3 16 90 33 38 71 97 84 93 30 11 80 88 73 82 46 34 40 59 69 89 61 64 82 
56 71 7 91 9 99 86 79 7 68 28 99 74 7 66 22 25 98 15 75 47 59 62 46 96 71 46 24 42 94 54 99 25 65 55 97 86 21 50 64 36 18 93 65 30 42 60 35 97 25 66 1 40 35 96 3 63 60 19 45 56 73 51 55 12 64 69 88 86 52 15 7 69 82 26 33 54 85 96 71 15 50 30 3 18 43 82 5 29 42 94 61 2 68 61 70 37 12 99 77 
15 17 82 46 91 81 7 60 60 86 45 53 8 85 45 55 70 20 99 13 82 66 75 39 58 44 19 87 20 99 67 82 43 98 26 37 81 84 4 65 33 42 22 3 63 64 33 54 56 84 70 52 0 9 44 68 68 68 63 1 90 53 78 4 17 53 84 88 56 77 21 18 74 66 16 15 92 99 84 24 68 90 63 58 43 7 60 68 8 59 94 63 79 3 87 63 23 12 58 63 
65 90 43 30 18 36 34 44 69 74 56 24 54 5 54 79 76 67 64 69 16 97 89 88 87 90 71 82 3 4 10 87 38 56 52 93 84 5 5 72 58 16 39 7 86 64 74 32 98 78 52 86 18 30 98 85 47 66 52 71 36 14 55 62 56 65 12 74 14 44 44 0 77 67 64 97 74 90 79 27 89 3 59 57 53 31 77 26 70 93 46 28 32 80 32 8 64 73 59 40 
15 49 31 37 81 99 58 31 38 50 19 7 72 76 79 94 22 47 45 70 54 0 83 91 42 55 65 53 61 38 58 25 40 42 59 56 48 29 78 95 81 24 68 3 75 81 87 48 13 32 89 88 0 82 68 18 47 46 6 62 48 99 1 7 43 27 70 91 81 92 54 93 43 75 87 78 95 11 37 62 65 28 35 32 90 81 44 15 72 12 65 92 45 3 81 2 11 92 70 28 
36 0 31 32 83 32 25 55 28 89 41 28 71 9 50 6 4 68 86 64 80 59 40 26 54 74 84 35 62 58 45 20 28 1 9 79 73 94 76 93 43 73 58 88 64 91 0 4 46 77 28 74 15 70 99 94 43 31 28 0 89 69 90 17 55 20 36 46 11 94 10 61 40 69 61 33 92 10 50 96 12 70 79 67 15 21 57 95 39 33 66 16 39 95 18 89 88 62 82 93 
83 12 46 9 16 16 13 3 70 11 92 20 6 16 78 17 59 84 26 45 77 59 39 34 41 72 43 55 20 22 59 68 92 78 39 96 84 87 98 35 72 1 72 53 54 66 8 65 32 71 66 92 32 93 17 31 86 7 8 15 50 46 69 68 36 93 63 46 38 80 10 67 19 68 62 11 22 29 5 70 51 93 93 9 73 22 23 51 0 97 45 12 2 18 64 82 63 88 2 98 
22 86 46 94 13 38 15 70 10 27 58 26 33 47 56 54 57 54 58 70 57 22 83 59 60 49 77 30 53 15 18 55 95 3 31 20 24 21 86 22 2 12 99 13 88 72 86 61 6 34 91 39 47 31 88 4 38 74 30 85 64 32 70 46 93 73 97 81 88 89 99 12 19 78 19 63 34 12 57 63 22 63 2 15 31 34 19 30 21 14 24 5 45 33 89 79 95 23 55 69 
70 55 84 98 37 46 77 12 4 50 84 75 35 25 71 7 61 30 1 94 97 54 96 83 56 28 12 15 92 29 89 47 73 65 6 19 97 41 82 9 61 4 20 16 56 78 98 31 35 95 13 75 95 23 24 64 89 88 84 28 30 83 80 32 92 74 51 66 4 65 66 45 49 48 9 75 35 48 38 45 7 89 24 13 88 76 74 24 24 1 21 90 57 94 38 91 8 52 80 2 
77 68 15 26 66 84 21 70 9 60 5 12 73 91 18 75 69 79 14 22 99 43 29 90 66 29 60 50 16 36 74 7 36 51 67 91 12 74 60 29 63 97 13 7 46 82 70 94 63 50 67 30 69 72 67 81 78 22 67 58 25 92 4 30 2 42 55 93 80 94 48 74 55 54 9 66 70 15 43 0 77 36 39 9 34 60 67 90 58 57 95 92 39 91 55 54 44 85 87 65 
16 60 42 88 14 18 39 54 66 67 63 14 46 46 68 87 67 82 89 90 30 74 97 42 17 21 67 11 77 5 93 10 21 55 59 7 59 60 74 39 36 2 76 68 24 85 11 30 35 46 47 61 92 90 85 49 49 54 69 67 47 65 56 17 95 6 64 96 2 50 57 30 78 6 88 2 63 32 57 57 79 74 38 70 94 47 25 92 18 87 78 80 93 83 63 6 36 5 73 31 
76 42 63 25 67 1 67 50 73 64 79 68 36 73 36 6 34 53 37 62 42 50 30 42 1 23 26 84 32 65 2 44 42 81 0 38 23 54 84 75 89 39 47 39 93 0 14 6 17 43 22 54 0 99 7 74 76 66 81 89 84 41 83 38 79 83 4 76 9 70 77 18 73 30 74 83 76 58 78 61 95 9 31 2 3 43 34 51 36 59 51 97 56 62 84 63 91 99 94 79 
24 36 79 9 71 42 51 3 22 4 61 82 24 31 60 20 22 1 59 63 4 18 83 46 9 77 98 49 46 49 2 68 66 38 64 31 17 16 28 24 78 22 6 71 32 74 54 43 72 49 13 4 99 10 79 13 1 18 64 66 98 43 4 93 7 0 40 76 32 53 61 56 65 90 69 34 58 10 46 95 66 50 29 57 33 86 67 80 30 78 91 30 50 84 29 76 60 38 25 53 
47 87 65 86 89 31 12 10 8 11 41 91 79 18 70 65 9 5 45 67 70 30 84 39 39 11 81 41 37 28 75 24 95 15 87 81 42 63 19 0 62 97 61 75 85 96 84 7 79 49 95 67 48 82 13 25 26 15 84 77 33 23 60 14 48 24 66 90 18 72 61 79 99 34 35 71 10 88 83 91 84 9 99 11 53 12 19 7 38 67 21 78 99 49 16 42 44 1 32 43 
70 52 73 6 91 36 47 84 46 16 54 1 36 32 70 88 79 71 20 38 72 9 90 50 21 57 76 37 43 68 77 49 76 48 88 59 77 55 46 17 79 90 16 67 23 42 4 63 98 30 43 37 59 90 30 30 90 68 70 83 39 15 89 84 24 8 57 86 10 32 82 76 31 41 22 8 68 51 75 75 62 53 86 83 12 44 54 11 36 0 33 31 28 68 71 16 1 44 5 34 
40 79 8 25 33 88 30 96 18 49 19 36 78 83 75 62 19 92 48 17 93 85 86 1 93 96 18 53 28 65 20 61 54 21 98 29 81 60 9 81 26 15 14 78 19 69 24 91 5 19 34 64 14 92 14 59 3 81 37 86 71 24 53 24 86 10 98 16 12 62 40 70 32 54 95 71 47 38 11 26 0 82 21 11 87 90 51 5 89 54 72 62 42 5 6 33 69 57 82 25 
51 47 22 88 35 69 18 53 90 14 60 67 44 13 24 90 37 26 65 45 50 26 84 60 89 81 1 25 28 17 93 52 50 47 47 47 10 71 93 79 9 68 11 13 59 93 2 87 80 41 93 43 70 38 66 17 34 89 48 43 17 89 37 34 71 68 84 78 99 52 28 57 65 42 65 16 49 75 54 88 53 1 84 80 7 22 64 14 98 26 21 6 3 35 82 4 71 42 20 61 
62 54 14 77 18 12 50 74 1 82 56 74 3 22 82 83 59 47 68 83 6 91 2 6 81 54 96 94 93 86 68 98 44 33 5 22 56 11 32 84 89 66 73 73 16 49 85 35 44 31 50 31 39 8 17 7 78 81 74 64 64 53 52 20 30 32 23 76 41 25 99 68 59 62 81 65 4 37 92 68 18 63 24 79 32 95 85 13 99 91 80 74 85 14 37 29 75 64 20 7 
24 2 47 19 43 6 60 47 17 86 64 51 24 71 39 15 26 44 48 20 39 2 36 4 65 70 90 16 60 99 0 60 12 82 16 7 64 84 12 55 32 44 10 13 67 44 61 19 98 7 1 43 20 48 43 31 4 71 44 85 47 91 46 70 55 19 91 82 99 43 44 62 24 23 52 72 73 35 81 3 82 84 4 90 49 81 94 25 35 48 9 79 79 49 61 69 17 85 72 30 
46 9 37 99 30 91 88 60 24 59 65 13 91 93 20 11 5 78 11 38 62 6 59 15 8 81 41 32 13 18 19 87 34 43 92 3 72 74 34 15 0 34 70 74 45 32 17 91 15 81 18 49 22 41 68 51 96 87 89 81 80 47 96 62 5 8 38 59 62 99 13 87 83 99 23 85 18 47 80 63 27 58 2 83 38 10 80 21 5 88 74 69 52 94 48 43 4 0 74 85 
55 84 65 60 44 83 41 60 3 39 47 54 7 7 58 76 33 14 33 69 62 31 10 92 67 60 88 19 19 48 69 75 2 45 1 25 8 57 18 93 28 68 16 43 92 91 9 20 93 62 35 79 23 52 92 82 32 88 95 16 40 80 11 65 77 19 11 73 17 1 98 49 92 38 42 46 26 57 56 23 52 77 59 42 55 66 70 65 49 55 74 53 23 35 64 85 24 24 20 16 
29 79 17 18 63 88 42 41 4 2 76 7 56 9 62 62 87 25 40 50 82 6 68 46 5 23 4 84 14 55 87 53 15 38 83 65 83 99 88 51 19 21 25 55 59 42 7 50 83 35 41 63 73 42 63 9 7 29 34 95 16 95 59 49 48 58 50 43 40 71 23 82 38 69 65 44 55 85 3 57 19 2 93 70 84 39 0 54 47 28 3 18 11 52 74 4 19 56 0 65 
28 32 10 38 8 3 16 9 42 84 73 50 76 5 57 28 86 33 81 78 18 9 48 59 56 36 12 34 22 21 18 88 51 0 1 94 92 76 79 20 65 65 29 55 81 6 56 2 10 12 91 85 16 40 15 40 4 89 32 40 44 24 93 44 6 26 1 56 45 42 55 16 11 62 12 26 8 17 40 42 3 90 38 30 65 31 1 91 0 82 24 30 56 91 90 94 41 23 66 24 
61 20 28 31 79 56 70 1 55 53 25 33 90 23 96 39 64 18 95 79 11 97 14 73 67 4 24 21 80 70 70 0 63 55 79 87 86 21 0 36 94 56 9 22 13 55 52 55 94 57 59 37 40 87 81 58 19 63 75 12 40 60 12 54 86 83 67 5 20 59 77 26 36 99 92 38 57 92 35 86 72 77 86 32 46 57 90 17 21 7 57 41 13 16 73 54 34 97 33 91 
91 69 68 68 40 70 60 25 35 76 41 84 82 29 32 43 69 64 97 67 87 88 84 48 19 5 67 2 43 71 18 45 50 81 45 5 4 19 91 95 31 26 15 58 96 77 74 40 15 51 31 71 46 78 86 63 27 82 52 42 22 57 66 51 91 43 98 60 35 84 69 96 43 86 70 87 96 49 92 35 75 36 27 95 11 93 17 24 9 6 49 95 22 60 76 12 80 37 52 50 
24 12 84 83 0 79 65 65 64 79 32 9 75 18 49 63 26 16 94 98 59 41 49 9 6 61 93 34 81 72 15 12 79 87 10 73 48 92 56 54 33 53 84 49 33 90 47 64 67 16 63 77 61 22 45 13 32 9 41 25 93 73 48 14 66 73 96 2 78 68 85 49 4 93 12 99 91 18 81 91 2 12 35 76 36 61 33 74 98 92 78 13 7 2 41 91 98 98 5 3 
22 70 81 30 57 0 17 68 89 8 86 13 15 52 31 50 2 33 84 57 32 12 48 66 6 51 31 72 96 93 57 23 99 80 56 93 69 76 89 37 70 56 4 35 83 96 49 50 27 74 43 5 30 17 3 33 2 30 24 37 77 97 44 12 4 30 25 7 80 59 14 4 22 7 42 0 47 88 9 59 16 89 84 75 70 21 44 5 1 45 47 46 70 70 29 96 59 57 82 56 
6 48 10 33 73 46 28 47 53 73 89 10 42 11 51 16 83 61 24 99 36 72 2 27 31 28 51 14 65 58 56 27 21 97 35 52 29 69 5 13 12 54 32 2 90 58 22 81 31 80 40 70 93 15 89 46 30 57 11 99 20 21 9 74 31 37 32 8 64 49 27 91 61 27 63 76 77 94 94 78 48 53 34 0 62 3 4 46 48 61 87 85 55 20 48 22 68 81 97 25 
45 77 8 33 12 32 47 34 11 39 61 12 26 38 82 56 79 88 32 76 53 92 60 8 86 55 28 12 63 34 72 73 12 97 33 14 43 41 42 87 96 40 54 43 1 22 45 74 44 79 41 52 77 90 84 90 19 27 61 27 27 24 49 46 33 14 52 62 41 1 35 82 85 86 30 3 32 80 61 63 69 50 67 67 96 81 36 12 50 8 77 54 47 24 81 11 4 21 49 14 
51 23 20 52 62 76 45 60 82 20 26 61 34 68 81 91 70 24 29 87 1 17 51 65 32 98 77 42 53 74 59 62 51 41 11 7 1 53 36 80 88 57 60 45 2 86 77 92 23 26 34 98 7 6 77 5 56 2 71 88 37 53 38 15 90 48 2 65 96 96 92 84 70 77 77 40 46 10 80 80 9 67 30 68 95 31 40 48 42 79 45 7 87 68 48 25 88 1 15 57 
71 6 63 0 17 52 85 91 39 23 51 51 9 89 49 82 97 65 84 10 33 90 93 96 36 7 15 66 84 8 5 95 50 21 71 32 83 62 81 58 38 91 93 29 91 43 71 18 65 35 29 97 12 79 0 21 34 79 21 61 3 62 74 10 22 8 90 14 63 14 94 8 61 2 36 74 95 90 35 64 49 96 94 96 33 59 44 64 63 43 51 64 31 93 10 8 28 5 3 95 
25 47 10 22 44 38 68 8 77 85 58 48 49 34 53 55 30 67 21 75 38 80 95 25 78 78 40 59 5 6 75 69 17 89 38 98 43 92 48 77 10 24 20 6 2 0 99 84 46 36 91 62 37 46 31 62 24 0 9 97 95 88 61 84 69 36 74 55 26 33 53 87 49 63 54 44 40 4 93 48 22 71 2 26 19 70 16 50 47 17 48 60 97 73 16 27 55 28 42 42 
12 71 17 25 22 49 53 96 74 10 80 40 94 92 7 99 79 93 42 1 69 68 35 46 74 58 41 7 34 7 48 42 14 45 38 51 58 51 73 31 44 20 72 21 2 26 53 43 45 8 75 2 67 1 86 69 82 20 94 62 40 36 9 57 53 89 95 38 95 31 30 68 64 75 50 28 50 95 40 23 76 85 56 81 31 17 91 19 43 42 60 56 58 24 76 82 43 90 6 67 
55 61 87 23 57 93 25 16 66 49 82 16 47 68 74 70 72 84 39 1 11 78 27 86 78 30 7 91 96 28 37 67 78 75 7 10 28 85 50 27 38 45 65 44 90 59 13 29 40 0 13 49 40 31 91 14 97 17 2 51 61 95 45 26 22 24 95 97 75 59 22 64 33 27 40 71 34 2 95 3 0 77 54 1 75 63 21 83 64 44 29 84 36 97 36 58 43 20 69 70 
46 51 57 47 3 42 85 74 34 77 62 34 6 17 11 14 36 76 21 15 62 2 27 34 56 27 96 36 45 10 3 15 23 41 4 70 23 41 89 16 26 84 97 34 73 87 76 53 3 31 13 76 96 88 68 48 21 14 19 22 70 93 25 13 28 73 50 22 90 8 8 88 18 21 83 40 66 70 41 35 45 91 5 99 47 39 67 51 51 11 3 47 92 41 10 40 63 68 48 29 
90 71 55 15 57 55 91 10 55 70 91 10 24 98 15 23 29 15 80 85 41 67 97 1 41 42 40 2 52 27 31 42 45 52 46 67 98 68 80 65 67 66 36 63 32 65 9 22 19 21 39 69 31 80 39 15 93 16 70 74 25 86 66 40 97 91 9 92 68 35 76 77 71 28 29 6 34 77 15 59 21 69 47 66 44 69 3 58 31 25 78 17 67 70 19 39 8 12 44 16 
44 83 5 12 32 86 10 29 24 12 12 40 33 32 9 86 63 81 58 98 76 7 39 84 82 57 95 34 42 44 55 35 46 33 45 91 89 42 74 50 92 48 86 75 19 42 50 30 12 92 9 28 0 25 65 82 47 73 69 88 31 73 80 42 62 9 64 93 26 68 72 54 49 20 26 28 20 69 24 78 9 21 34 34 90 37 74 13 74 11 91 82 20 43 27 18 27 56 0 32 
19 95 11 1 98 43 95 50 94 63 31 58 65 55 20 3 77 54 89 15 97 98 59 82 49 80 90 33 73 90 68 47 84 77 66 5 13 27 11 33 40 18 80 8 11 11 62 36 70 4 57 90 38 70 34 14 80 59 46 67 90 33 23 97 0 78 14 98 18 41 97 46 18 26 11 53 27 9 67 11 14 87 45 67 25 23 52 25 97 74 91 29 49 76 72 53 8 52 98 63 
33 49 58 49 40 97 45 76 60 84 47 41 29 73 55 22 80 80 61 72 15 8 21 52 95 19 2 19 83 19 68 20 9 20 40 4 59 14 35 54 89 46 45 72 27 38 4 91 19 35 22 3 72 17 57 4 54 76 48 25 13 61 71 74 64 71 48 32 34 91 29 48 1 85 2 81 12 45 92 39 5 80 76 91 84 7 28 0 47 95 8 81 88 33 24 50 68 80 57 49 
4 43 4 99 5 30 53 85 64 43 91 67 17 62 20 75 78 55 4 11 93 95 55 38 5 26 72 70 15 25 17 70 92 85 60 39 51 16 27 5 51 29 65 62 28 54 35 33 22 83 63 72 61 74 87 47 44 81 46 81 78 63 47 68 6 13 68 49 76 45 67 3 45 47 34 52 52 94 46 76 31 1 38 79 80 81 18 26 89 33 34 16 2 36 54 4 39 88 43 9 
68 64 20 90 78 72 36 66 65 17 2 95 50 1 2 35 49 59 84 4 81 90 42 94 69 15 39 55 46 72 54 19 16 31 25 38 82 58 97 41 28 26 29 9 31 61 91 96 46 5 60 36 72 86 11 9 88 99 69 0 24 20 43 73 42 98 38 47 36 17 17 71 52 3 84 75 69 27 60 71 96 25 52 8 18 29 17 87 33 68 14 10 12 5 77 80 57 9 53 20 
66 39 91 31 70 1 5 2 70 23 94 25 77 85 18 65 4 95 51 32 43 85 42 99 58 10 62 55 38 91 13 93 26 19 32 27 85 97 62 82 18 49 36 8 10 54 60 29 83 95 86 73 19 70 45 28 43 26 78 55 90 87 73 76 49 26 2 3 86 93 23 23 23 69 59 80 64 9 90 51 27 67 32 76 25 4 51 8 14 96 43 24 2 2 34 69 6 69 19 87 
7 94 24 94 29 6 59 6 38 38 41 54 56 28 49 97 20 14 66 45 28 78 13 54 77 94 4 22 10 27 87 51 39 10 34 51 47 96 83 43 97 15 13 41 43 60 24 41 95 72 8 30 9 62 57 57 20 18 87 31 64 45 96 14 94 7 33 95 44 99 98 57 84 17 40 35 30 35 5 52 47 27 21 6 61 12 74 35 85 71 58 80 30 12 4 37 14 81 89 16 
73 84 93 86 81 20 64 89 6 98 90 75 37 32 41 87 64 89 60 43 82 38 41 4 98 96 79 90 45 8 99 78 53 75 89 52 29 5 57 46 96 0 71 15 6 14 15 48 13 26 12 70 78 98 81 23 30 9 57 32 8 64 7 53 71 47 85 42 94 36 7 68 80 70 11 44 81 35 71 27 78 56 42 44 98 12 12 26 92 92 47 19 62 17 73 74 9 88 84 76 
42 24 82 54 13 41 76 24 59 49 72 88 75 76 91 2 97 65 64 38 28 5 34 23 12 19 71 42 51 92 62 1 97 74 60 32 89 59 73 18 54 25 14 92 38 87 66 83 64 53 61 24 3 67 83 0 42 86 0 1 42 62 95 6 1 89 94 68 77 9 91 70 8 96 85 52 50 78 61 81 47 57 24 25 94 48 41 65 33 69 42 43 72 28 2 79 61 51 43 15 
77 92 66 57 61 50 27 19 74 89 78 60 45 46 52 72 52 12 40 43 82 30 0 55 85 84 9 39 99 6 85 46 99 11 19 31 22 31 38 98 52 77 55 59 53 75 81 31 5 95 55 79 98 30 99 71 16 54 29 62 97 46 93 95 64 48 3 40 83 68 38 44 15 88 3 38 54 54 37 2 24 68 14 6 79 70 96 23 61 30 11 96 18 43 37 7 14 17 87 42 
35 53 96 38 82 83 31 56 26 26 50 84 74 98 23 53 32 10 27 61 59 65 43 67 24 12 92 64 35 60 81 79 74 31 56 63 79 36 2 91 69 63 40 61 17 54 54 21 9 82 31 3 13 31 73 26 62 0 20 10 52 38 69 56 38 77 13 86 15 66 29 33 97 76 0 29 0 81 11 8 30 73 47 40 51 6 77 63 26 50 57 7 65 86 23 15 0 82 63 82 
48 10 65 28 72 7 6 61 22 33 91 25 38 8 81 4 45 23 62 39 90 81 4 65 88 74 62 9 88 49 32 58 85 26 87 21 19 79 25 58 46 40 16 87 31 35 86 40 42 60 55 65 29 21 72 18 4 69 46 6 23 2 28 24 86 45 96 56 95 60 82 2 51 70 32 56 5 2 63 62 85 59 18 4 16 16 97 69 40 26 61 93 46 40 54 18 49 0 53 25 
33 63 41 69 18 9 67 69 21 33 74 77 12 28 92 18 78 26 39 94 2 88 18 94 5 20 3 77 28 70 35 72 67 7 30 64 58 69 89 70 37 2 29 79 50 65 47 45 41 74 16 18 16 8 85 43 86 3 71 21 57 9 68 97 79 31 47 47 30 82 65 28 48 95 90 31 76 35 64 98 40 39 71 13 31 53 25 27 8 17 7 69 98 48 6 92 19 99 62 20 
52 44 11 89 61 67 57 59 70 86 26 47 0 71 62 73 62 45 14 86 22 93 71 5 80 58 15 12 3 92 37 71 9 65 92 46 88 4 43 55 39 96 38 50 69 12 57 18 6 85 59 88 64 62 86 85 36 79 33 90 69 44 51 83 8 93 48 33 85 12 83 2 69 0 16 50 58 43 86 71 96 53 51 68 80 85 2 42 49 12 43 11 40 0 51 15 31 51 15 49 
89 5 74 47 82 41 64 94 94 70 78 12 94 92 34 86 19 36 42 5 75 45 28 39 62 1 55 84 9 25 49 21 44 10 58 70 17 86 96 31 87 65 48 59 28 18 3 87 45 43 19 73 40 28 43 20 99 98 25 64 38 54 21 39 42 32 70 27 64 86 14 71 36 96 73 12 37 16 53 0 24 38 49 87 83 89 96 60 47 4 2 62 68 67 99 82 92 77 36 4 
60 61 24 13 81 26 86 31 9 56 1 21 10 0 27 63 12 71 84 9 67 24 55 43 83 80 22 12 16 35 42 19 1 94 72 96 84 88 72 79 32 28 72 66 93 32 27 79 24 58 18 30 84 0 79 73 24 69 6 63 59 8 32 89 40 8 96 51 2 98 78 33 0 18 25 55 34 77 98 48 72 51 6 21 87 79 11 12 33 6 97 56 65 95 5 92 62 63 16 36 
36 87 64 57 57 95 0 84 59 6 93 63 60 85 30 25 79 39 4 15 13 90 68 35 48 36 44 36 5 5 63 99 13 47 7 69 93 57 88 80 45 33 23 9 3 96 54 61 83 47 15 87 88 47 24 21 83 13 24 92 24 5 81 96 53 65 37 57 16 20 91 27 21 62 80 39 57 51 36 91 82 72 78 95 1 46 44 21 77 17 32 49 49 68 54 13 81 35 6 28 
73 96 43 19 16 18 4 98 4 77 0 25 82 53 8 2 85 51 46 92 91 15 30 20 8 89 24 54 37 96 54 8 61 3 52 57 91 72 24 77 92 46 94 83 68 56 17 34 27 30 69 84 29 18 64 45 50 5 75 16 4 90 93 17 1 11 11 57 67 3 75 34 56 54 22 20 45 48 17 27 38 26 80 94 6 53 16 16 82 25 66 67 25 10 68 19 0 96 87 76 
29 28 53 27 96 19 87 50 73 77 2 62 62 64 38 21 71 16 12 20 36 71 58 81 63 83 30 93 13 78 79 64 26 75 57 89 49 60 25 20 43 0 61 56 77 44 7 22 15 1 28 54 81 31 20 84 48 27 87 0 78 69 53 65 35 66 56 38 21 80 34 32 38 38 5 15 30 64 9 70 80 84 0 12 44 65 75 90 1 64 28 74 61 34 41 63 82 47 53 30 
75 86 88 14 74 18 39 61 83 50 6 80 7 55 58 39 45 95 37 60 85 71 54 26 61 24 3 45 44 5 41 79 84 22 28 91 84 9 18 1 74 71 53 3 8 32 78 32 24 48 19 54 12 15 99 81 60 89 63 18 46 3 18 61 84 44 95 80 32 82 98 85 59 83 3 19 43 78 4 77 28 94 30 21 63 80 59 63 89 95 30 50 24 9 77 45 50 37 25 95 
6 57 23 43 0 84 1 13 12 88 76 61 85 56 18 52 92 83 71 41 79 67 44 4 69 9 65 23 69 85 95 83 8 99 8 90 36 83 50 68 96 33 50 53 86 63 49 25 95 58 9 32 31 80 20 99 79 30 37 30 25 90 75 47 10 46 49 78 18 67 49 47 82 9 47 76 27 41 15 38 85 4 96 82 19 99 75 63 23 12 89 28 30 39 32 1 14 50 84 28 
93 47 26 57 8 6 55 30 20 22 23 92 47 20 56 59 93 10 9 61 22 82 87 82 98 96 70 55 34 56 4 3 8 15 54 29 78 80 34 27 50 95 57 90 43 23 70 42 1 81 19 16 38 1 26 45 49 95 76 31 56 1 0 56 17 42 69 20 60 46 46 42 20 59 71 61 87 73 20 78 0 78 13 49 99 61 86 91 74 41 61 55 66 85 63 37 90 35 49 79 
42 4 73 66 26 8 33 42 42 5 34 71 18 69 73 74 25 25 50 36 24 61 30 71 35 98 89 38 97 73 71 47 27 38 87 89 63 50 69 16 43 41 0 55 24 15 51 62 6 33 50 10 14 69 45 19 5 59 88 37 81 79 97 64 24 1 39 61 60 70 98 42 39 32 26 93 60 83 84 60 43 42 95 50 3 24 10 58 45 87 66 33 84 53 56 12 76 43 73 70 
97 39 44 29 21 6 77 84 36 12 22 15 50 64 49 69 34 30 97 42 35 77 91 19 6 90 70 21 20 12 26 33 52 97 44 0 16 88 95 34 19 65 26 17 90 20 69 23 62 2 33 4 88 46 52 9 35 54 56 95 22 10 55 30 19 51 77 67 17 86 34 64 59 12 1 9 62 2 71 80 70 2 22 51 25 20 22 25 55 49 77 43 94 58 94 88 44 15 69 2 
80 72 54 88 74 53 44 99 74 14 29 88 80 46 90 82 41 94 99 92 82 9 65 56 55 41 86 49 52 12 70 51 46 11 37 32 66 64 3 52 21 30 5 34 23 35 82 75 18 95 35 28 50 84 40 83 47 46 74 15 57 54 30 45 91 2 50 71 79 84 71 14 61 49 27 44 52 75 48 92 43 41 12 98 61 89 35 0 21 85 1 42 27 76 31 34 97 57 48 38 
32 47 74 57 3 42 31 72 60 67 25 49 1 70 78 63 99 31 69 92 27 65 51 4 85 61 39 23 63 44 95 55 89 40 48 59 14 70 98 99 99 68 17 98 21 91 22 26 21 91 41 24 86 30 80 61 13 84 17 88 63 90 64 76 85 3 54 88 21 59 7 2 9 27 90 44 32 0 52 78 16 82 34 68 54 48 36 18 78 44 26 48 16 44 84 99 47 0 28 39 
89 53 12 87 72 91 15 12 15 82 8 85 87 50 70 2 81 13 15 57 72 72 20 66 10 90 28 57 2 58 70 56 72 32 5 42 50 40 72 6 58 45 62 33 62 39 74 12 18 91 48 5 40 28 82 46 75 2 25 22 73 53 98 67 66 99 8 1 1 77 33 82 81 15 24 99 49 62 96 83 27 7 87 69 73 14 51 22 22 18 88 73 21 59 82 46 92 87 10 58 
94 49 9 67 10 47 92 23 11 0 9 60 49 28 66 49 80 67 30 3 64 98 21 19 44 45 74 40 39 38 14 65 54 75 79 41 55 48 34 13 74 18 60 46 87 87 78 30 91 48 35 59 44 19 14 11 29 13 86 25 70 69 43 17 38 22 91 68 88 71 48 54 91 39 6 6 39 96 0 17 59 19 34 68 2 1 87 73 94 88 20 14 28 40 34 84 24 75 61 72 
1 3 78 55 27 4 27 18 69 87 48 63 9 4 70 34 56 45 67 40 82 85 69 45 66 45 47 16 84 15 84 17 19 26 7 31 2 39 47 55 13 76 33 53 25 43 37 99 70 48 56 24 69 48 45 24 24 78 7 95 12 53 82 52 74 75 95 32 91 64 64 70 11 24 79 7 28 38 21 13 44 24 4 36 36 3 24 30 42 16 81 51 77 94 45 7 71 5 63 27 
89 38 26 74 92 48 50 91 85 35 91 13 4 71 54 32 99 64 62 89 46 40 34 22 93 36 93 51 67 47 36 30 74 57 85 8 44 66 85 11 44 91 94 58 55 75 44 96 34 69 71 30 10 79 70 64 85 50 18 68 99 46 67 85 85 88 79 67 72 26 7 65 95 29 56 27 46 81 24 52 82 60 44 14 22 17 30 80 83 42 22 99 33 64 76 81 37 83 23 39 
81 87 1 49 9 81 98 6 69 58 91 26 73 77 39 47 96 26 66 53 20 57 29 31 9 66 60 18 87 79 75 39 17 10 96 21 71 16 37 53 46 80 73 60 55 59 99 39 96 64 27 87 50 61 42 31 83 82 70 51 4 97 55 15 90 27 33 51 98 90 60 53 36 5 16 71 10 26 97 33 44 66 52 82 52 59 6 22 29 25 21 90 83 72 44 10 96 97 26 98 
23 22 65 12 61 0 87 57 42 48 86 52 76 76 66 72 23 73 10 18 6 0 91 88 98 60 0 92 96 37 67 37 38 76 77 7 2 38 43 99 82 47 18 39 10 67 13 72 73 23 93 83 12 35 23 92 17 51 20 49 24 7 21 28 25 37 70 70 5 23 29 96 64 95 5 8 26 61 1 83 93 66 33 68 99 23 49 24 59 65 0 71 78 54 92 54 95 37 13 23 
26 81 74 37 2 65 67 2 3 68 16 24 9 40 92 48 21 94 59 25 3 27 8 22 2 99 93 1 35 90 43 75 69 25 22 19 98 99 89 1 1 73 79 9 81 11 47 6 96 54 71 89 73 43 57 33 56 50 13 29 51 22 68 81 63 7 92 14 1 14 32 9 91 67 41 3 85 82 28 67 87 37 83 63 38 0 66 85 0 40 17 26 78 9 13 87 57 47 44 17 
25 55 77 3 92 21 68 76 23 84 7 30 80 3 85 18 75 34 46 75 20 47 27 10 69 98 88 34 41 99 29 31 5 57 66 1 22 26 91 14 0 79 63 23 94 67 22 19 44 95 50 74 10 55 80 44 3 62 75 15 74 84 34 73 98 95 40 46 56 48 33 15 88 37 24 13 60 78 50 11 68 47 22 16 95 36 86 15 84 54 70 54 48 3 64 50 90 30 99 54 
80 83 87 79 92 21 44 84 74 70 29 42 43 47 43 79 63 54 62 11 78 7 96 41 17 72 29 20 75 87 37 28 66 39 98 58 71 52 62 90 39 85 88 21 26 39 21 26 70 39 64 18 19 80 1 25 61 56 40 47 79 63 82 99 13 57 12 63 82 84 30 16 70 50 53 82 6 92 47 74 83 19 38 28 28 22 41 60 84 12 36 56 38 60 28 8 54 69 67 57 
16 19 93 11 37 41 94 97 26 91 28 71 5 42 53 61 71 3 84 34 7 80 70 74 5 92 73 88 97 66 91 75 68 83 29 56 89 73 34 12 34 96 30 40 2 77 78 1 61 18 33 3 86 38 35 86 55 54 46 55 31 97 49 56 5 57 1 37 22 27 77 5 89 65 79 88 55 15 51 96 56 23 57 49 13 5 77 84 59 9 44 66 88 82 87 4 76 23 6 22 
33 67 56 70 11 78 23 75 90 63 1 95 11 71 25 46 38 72 79 46 73 69 38 74 91 38 94 32 93 27 28 21 8 65 35 17 24 11 11 51 32 48 16 4 88 45 48 87 97 9 7 6 3 40 17 88 9 65 32 1 51 26 57 88 85 57 53 86 4 76 22 16 40 62 5 37 33 79 19 23 96 15 51 15 93 79 54 47 39 74 69 22 58 65 71 25 85 83 98 60 
20 60 86 56 84 93 5 17 57 27 72 74 56 73 44 36 82 92 29 5 99 51 57 23 39 40 72 92 44 43 39 72 90 1 32 69 23 56 57 0 14 26 1 81 97 48 80 78 82 33 13 4 51 86 33 61 22 54 10 91 8 77 42 90 96 39 63 94 61 42 18 23 81 18 12 24 16 62 61 28 58 5 99 60 40 10 29 91 35 44 42 68 97 94 68 89 54 13 46 90 
21 25 27 76 70 16 64 91 48 25 78 72 79 59 84 39 59 33 80 19 11 21 9 14 73 10 17 69 9 36 72 21 90 14 68 47 49 67 9 90 81 31 78 73 78 85 46 40 63 49 4 11 25 96 55 9 4 92 62 29 69 51 78 76 6 16 61 3 54 74 62 45 66 50 28 7 1 28 23 50 89 11 90 19 13 96 56 72 97 14 59 73 82 38 27 30 40 65 26 0 
45 26 24 63 94 62 17 40 91 46 7 42 62 18 11 65 65 25 76 75 78 2 34 82 14 68 1 78 37 95 59 55 83 4 17 80 42 57 23 59 23 93 80 30 64 53 43 33 33 75 46 55 64 59 74 76 9 99 95 42 24 79 34 8 93 84 96 12 78 95 90 20 77 91 8 43 69 53 10 19 80 84 13 50 43 18 51 80 19 2 62 11 61 36 35 3 36 38 40 97 
46 72 62 78 84 48 92 17 30 66 93 16 19 56 60 1 5 50 41 84 19 40 68 97 80 68 69 42 39 98 31 26 12 89 56 81 12 78 29 32 75 89 4 46 43 27 21 62 56 60 76 65 44 83 24 16 49 5 77 16 20 65 38 41 12 36 51 64 23 63 1 88 13 14 83 84 34 21 70 75 16 62 68 61 44 5 81 34 34 87 30 46 47 45 84 82 42 86 27 74 
94 31 11 83 19 50 74 37 84 47 52 57 28 83 11 33 53 85 86 43 12 67 40 20 5 50 81 42 32 54 83 96 56 91 61 71 96 59 57 11 90 20 91 51 14 72 99 9 76 35 74 14 30 90 59 57 92 24 1 57 39 44 27 81 86 47 9 8 1 42 41 88 40 92 98 96 35 3 48 12 91 78 13 85 56 2 61 65 33 46 21 65 94 89 35 68 42 83 14 60 
44 9 29 38 79 68 7 64 74 67 45 13 20 45 10 97 76 0 37 98 82 99 21 5 1 70 85 90 48 85 3 17 24 69 91 9 97 53 27 20 94 56 76 93 9 50 36 2 67 12 43 91 4 80 85 70 99 46 93 56 15 22 18 90 20 84 43 62 97 63 2 94 85 37 68 15 56 98 81 89 26 65 50 14 83 28 17 61 93 50 75 41 6 65 58 32 24 10 45 94 
50 95 0 61 18 50 21 9 63 19 66 0 87 40 90 98 9 2 81 30 78 67 39 72 33 92 82 63 52 9 52 29 44 26 1 19 26 32 12 20 50 17 44 39 79 66 62 65 89 94 25 31 1 51 90 75 73 10 28 47 44 72 51 1 37 0 88 84 84 11 62 60 98 39 2 97 3 85 57 13 99 37 25 30 46 39 6 99 28 11 22 19 43 32 97 58 33 73 5 16 
