29 29
24 50 38 61 25 79 73 73 23 81 93 76 22 1 71 24 5 9 79 81 18 2 7 8 38 73 43 32 68 
40 19 55 42 2 7 35 18 71 11 61 49 25 53 49 40 42 58 70 20 34 6 48 72 84 61 59 64 90 
48 54 73 5 20 2 37 45 93 36 40 50 44 74 7 25 9 35 68 83 30 54 5 88 75 3 50 25 26 
58 70 25 33 58 26 45 15 73 69 70 18 49 54 26 99 87 27 14 4 30 78 3 11 61 44 19 16 71 
38 48 40 75 58 14 66 12 20 57 60 90 46 31 12 49 56 53 71 51 50 19 37 47 26 62 9 0 7 
71 67 85 95 87 79 87 88 62 73 52 75 73 59 16 10 55 70 85 15 5 60 65 94 59 21 92 43 55 
12 79 11 78 56 75 35 85 27 49 61 30 17 57 34 26 93 5 7 51 59 18 97 97 71 70 80 43 13 
49 62 59 13 12 70 14 60 66 42 8 56 77 33 63 62 14 96 23 44 70 18 42 29 49 70 23 30 88 
11 49 70 29 98 34 66 14 8 63 78 60 79 76 50 11 86 21 49 47 36 31 11 26 29 4 82 13 29 
35 56 27 89 42 79 55 87 38 40 53 76 75 66 65 6 71 71 95 1 76 19 88 20 49 23 78 33 47 
67 34 98 97 82 14 71 13 76 53 56 21 31 52 32 41 6 59 51 12 43 95 73 98 8 20 34 30 41 
47 22 74 93 97 0 96 23 5 3 8 53 31 57 98 18 62 52 48 17 68 37 24 99 18 5 35 50 65 
95 55 65 20 87 81 66 13 73 21 68 96 66 11 75 29 26 60 12 9 85 34 53 52 59 24 52 60 76 
37 33 87 27 4 3 13 23 2 63 38 95 86 29 81 8 98 40 44 36 89 52 42 39 4 19 82 30 20 
19 62 28 18 76 96 29 69 15 27 84 82 38 62 99 38 56 30 96 80 73 20 81 35 55 46 14 14 66 
31 6 41 5 68 20 8 68 95 85 1 42 80 46 4 68 74 80 81 78 77 64 83 80 8 20 41 42 60 
24 6 77 66 9 48 82 40 98 31 51 84 37 58 18 46 99 36 41 85 32 89 48 98 46 18 43 93 17 
25 98 44 75 42 55 65 17 53 14 55 81 9 64 71 61 75 2 55 76 50 1 48 42 97 68 8 40 4 
74 99 86 77 28 70 76 15 38 78 51 89 50 20 55 91 37 67 90 68 58 25 61 66 84 93 41 3 13 
42 95 44 87 73 68 75 71 68 45 60 35 74 6 74 57 8 12 39 5 28 21 10 12 80 8 76 7 18 
6 50 39 71 68 24 40 34 12 72 93 61 73 14 53 47 60 59 88 14 97 34 92 28 27 97 9 39 87 
90 41 44 17 23 35 4 16 66 94 24 43 26 70 4 54 58 65 81 53 59 25 82 83 7 9 35 58 16 
42 15 54 57 80 16 94 11 35 16 98 33 71 72 79 45 29 2 46 32 92 16 79 86 18 65 17 41 95 
75 21 26 12 75 14 60 85 98 38 44 82 38 2 15 55 9 21 45 17 84 62 91 28 44 14 33 6 31 
65 95 6 12 17 63 44 49 68 68 98 81 43 66 53 48 23 84 78 84 63 57 30 35 42 10 49 56 47 
17 31 11 32 80 78 98 76 55 15 43 69 42 5 73 93 54 63 40 65 5 65 74 40 69 40 51 23 51 
64 28 81 69 72 33 7 80 75 72 63 93 50 72 73 86 77 31 96 20 24 93 94 10 49 29 52 39 71 
34 18 16 16 38 97 30 14 61 69 50 74 93 42 95 77 32 49 89 4 50 6 54 34 28 47 97 94 64 
8 4 50 11 23 90 78 28 32 64 12 1 88 6 44 55 8 78 37 61 69 84 1 76 10 17 85 70 85 
9 21 48 20 22 9 0 48 69 4 30 90 68 52 72 92 67 3 13 19 14 57 98 89 48 32 3 64 97 
13 8 25 2 36 10 83 45 83 59 32 33 52 59 84 71 49 99 14 85 15 5 70 44 87 84 71 10 60 
36 95 32 8 46 68 97 84 11 49 85 55 89 38 50 67 41 92 37 36 22 61 32 97 13 63 34 29 3 
88 87 97 63 84 26 15 3 84 27 5 72 1 93 96 8 55 90 50 96 80 14 63 99 69 84 16 71 15 
19 81 6 9 56 12 94 82 9 31 86 8 55 62 6 46 20 82 36 22 48 70 59 72 38 69 40 72 68 
20 65 13 42 98 65 40 26 52 86 57 99 32 52 87 0 74 98 48 44 27 36 78 16 34 29 80 35 83 
53 38 79 48 54 72 62 3 69 48 15 82 29 6 28 89 36 58 80 94 70 37 45 76 61 67 4 39 71 
22 40 53 4 62 81 49 60 65 47 95 58 8 49 61 3 50 62 25 37 36 39 19 23 69 75 80 58 29 
79 96 75 31 15 90 59 74 32 84 69 51 38 20 54 24 17 61 36 12 76 18 9 12 33 99 84 35 67 
9 60 85 44 63 24 80 2 90 0 33 81 54 52 56 45 21 47 39 58 99 85 26 9 78 83 24 18 78 
42 84 87 56 58 77 32 2 22 34 62 53 23 10 49 5 92 78 93 15 13 35 70 70 4 10 57 3 99 
73 77 99 99 67 45 41 25 94 60 10 9 3 4 37 81 99 44 19 83 7 73 68 74 30 28 21 79 98 
64 60 57 58 37 2 61 17 9 44 28 57 38 0 47 8 64 92 47 85 17 20 92 4 69 42 17 85 34 
36 52 82 84 94 12 17 31 39 68 57 50 74 16 11 65 51 81 87 60 99 59 69 23 47 91 89 21 59 
30 41 86 79 84 60 91 36 92 57 69 98 19 52 81 34 24 52 83 50 40 14 94 1 71 1 92 47 41 
34 96 17 97 24 43 89 51 10 55 43 57 56 46 75 46 7 42 38 65 26 17 53 93 91 79 22 67 46 
46 40 91 48 29 24 84 11 30 21 14 48 25 20 35 95 49 56 2 24 66 44 46 3 6 71 10 4 81 
52 60 36 67 96 95 78 5 13 62 77 29 10 17 43 98 31 19 56 90 61 81 12 44 63 42 47 46 48 
75 27 51 81 38 64 90 42 7 57 94 15 54 88 99 18 55 69 55 21 42 81 2 56 94 8 22 54 25 
74 68 21 95 6 17 65 15 85 97 1 4 30 13 78 27 89 66 27 15 38 75 58 90 94 91 42 37 48 
85 33 64 64 13 41 94 67 65 95 49 17 76 49 14 63 20 53 15 42 49 46 17 43 10 2 47 55 33 
83 54 87 1 13 41 79 8 91 66 81 6 5 69 39 8 20 19 22 30 67 78 58 68 95 69 99 33 79 
58 65 3 80 25 59 46 1 63 59 84 86 69 68 81 5 44 62 48 22 50 76 61 62 14 75 41 98 47 
57 24 98 96 62 15 28 82 90 47 94 10 32 98 64 88 96 71 27 5 55 11 63 11 57 11 51 88 62 
50 83 56 53 95 61 36 94 22 23 49 28 32 82 22 6 95 19 76 6 50 77 39 60 11 28 12 62 83 
91 87 84 98 58 52 13 10 84 59 76 14 50 96 90 11 34 32 36 69 94 27 9 72 58 4 80 13 29 
70 89 0 78 30 27 98 89 83 86 48 63 48 17 72 46 26 54 64 80 83 60 28 61 82 76 14 41 93 
79 23 50 83 31 51 44 14 45 48 59 70 47 57 83 60 84 51 21 37 27 99 63 70 17 24 36 8 84 
5 60 53 46 47 88 61 92 74 90 34 32 17 51 24 17 18 96 54 81 52 12 17 2 68 42 96 83 48 
