10000 3853
1 3200 5239
1 9270 9937
1 8931 9700
1 6808 8922
1 3599 9554
2 5785 8490
1 8895 9664
1 3197 7419
1 5705 9120
2 215 2653
2 171 6696
1 7689 8111
2 9937 9950
1 4483 5742
1 643 7275
1 9475 9852
1 8975 8982
1 728 5898
1 256 7842
1 3524 8360
1 5004 5602
1 8676 9107
1 9146 9412
1 2463 9323
2 1508 3922
2 7262 8311
1 6249 9943
1 3600 7866
1 4944 9447
2 4126 5272
2 702 4667
1 1790 8797
2 8425 9045
1 8937 9587
1 5082 5173
2 225 9217
2 4234 7851
1 2712 2722
1 3212 4199
2 2170 8673
1 8545 9471
2 2573 7667
1 8428 8813
1 2255 7572
1 6653 8747
1 9178 9521
1 5225 7206
1 4336 6845
2 6845 7656
1 888 8824
2 7838 9306
1 9233 9489
2 2520 2660
1 740 2288
1 9181 9901
1 6650 8216
2 4301 8038
1 2657 3254
1 5742 7925
1 2479 7354
1 5287 6071
1 697 6864
2 5294 6010
1 4833 9552
1 2326 3020
1 4254 4891
1 4787 5660
2 3593 7984
1 2429 3527
2 2926 8143
1 2821 6688
1 6260 8757
2 7340 8884
1 5516 7249
1 7994 8163
1 8002 8324
1 787 4168
1 2962 9534
2 5138 8479
1 9782 9997
1 5879 7137
1 5034 8654
1 1538 7456
1 7499 9670
2 446 5384
1 8809 9800
2 293 7859
1 4816 6103
2 638 9203
1 7128 9264
1 1541 2691
1 7240 9985
1 2761 4984
1 8912 9541
1 6257 8671
1 3472 6759
1 9485 9505
1 3011 6672
1 1717 4496
2 1823 9076
2 235 9160
1 3122 5055
2 6818 9139
1 8596 9589
1 3873 7663
1 7076 9956
1 8046 9594
1 7513 9543
1 4705 9361
1 2531 9135
1 9695 9856
2 6639 9941
1 6466 8204
1 8632 9085
1 316 8967
1 297 2713
1 5061 7986
1 1236 4065
1 4516 9712
2 5758 6046
1 9213 9532
1 8779 8893
1 4472 5900
2 4383 5709
1 367 1430
1 3039 7682
1 277 6673
1 3341 6192
1 7822 7960
1 5230 7917
1 8915 9943
1 5960 9143
1 3311 4808
1 2633 3653
2 806 4295
2 6377 7152
1 794 5265
2 2774 9209
1 3795 7295
1 2602 9251
1 4650 9648
1 9000 9784
2 2040 2891
1 2969 6147
2 6338 6411
1 9296 9971
1 3616 8369
1 952 9215
1 5741 9131
1 7771 9172
2 6700 7019
1 7670 9457
1 2403 3005
1 9572 9800
1 7716 9071
2 1129 7275
2 697 6299
2 8729 9771
1 7384 7868
1 9918 9955
1 6447 6962
1 8559 8869
1 8995 9463
1 9838 9910
1 7675 8606
1 9951 9992
1 7814 9046
1 1678 7111
1 7003 7134
2 766 2308
1 8470 9731
1 8175 8862
1 4112 8167
1 3387 7135
1 8025 9837
2 1858 6719
2 1631 5146
1 9777 9870
1 6158 6957
1 3922 5332
2 63 3060
1 1167 3619
1 730 3264
1 4880 6866
1 5881 6995
2 4468 9649
1 6904 8986
1 8136 9622
1 6633 8913
1 802 8893
1 9055 9681
2 5735 8695
2 6014 9300
1 2158 4195
1 3349 8426
1 4604 8048
1 5668 7464
1 7740 9083
1 9691 9692
1 1746 7068
2 7085 7242
2 2961 3045
2 5555 7104
2 1591 1812
2 5369 7721
2 9811 9981
1 9704 9951
1 568 8082
1 3676 8232
1 4701 9714
1 3463 4801
1 2437 6490
1 433 2175
2 5879 6427
1 4131 7383
1 172 3046
1 4107 6510
1 4053 5217
1 2005 4119
1 5458 6528
2 1169 4290
1 1435 1639
1 8524 8607
1 1785 2840
2 5769 8830
2 5884 9031
2 4039 4667
1 1864 5144
1 4558 8505
2 1070 1501
2 936 4338
1 5330 8888
1 4426 6785
1 6427 6897
2 5753 9860
1 7330 8732
2 7265 9115
2 541 4729
1 2109 9431
1 3553 5860
1 7252 7330
2 1739 6432
1 8814 8926
2 1093 1492
2 5474 8093
1 5952 7345
1 3915 4351
1 1493 2131
1 3185 7644
1 2252 8545
2 952 9404
1 2808 4621
2 6278 6428
1 1674 8653
1 6799 8612
1 3788 3869
1 9463 9748
2 8462 9917
1 6137 9323
1 9392 9474
1 7561 7934
2 4802 4812
2 9486 9597
1 8118 9184
1 4235 7033
1 507 8593
2 4328 8657
1 1296 8241
1 3443 8527
1 5491 5615
1 1310 4162
2 872 6874
1 7387 7479
1 928 4265
1 5777 5918
1 1170 4297
1 3617 4059
1 4675 5213
1 3926 5315
1 3802 8501
1 6240 7664
1 4101 6902
1 8164 8797
2 2539 9124
2 1080 2772
1 1533 8779
1 2148 3568
2 983 7920
2 5952 6757
1 5417 5666
1 342 7895
1 8323 9150
1 1090 7856
2 3080 9790
1 5643 7866
1 5438 9650
1 6645 7056
1 5716 7601
1 1717 6758
1 6011 8109
2 9350 9535
1 1500 5526
1 5950 8829
1 3938 7700
2 5387 6653
1 3770 4603
1 2066 7383
1 3438 4121
1 274 8176
2 9466 9568
1 1328 5136
2 7037 8305
1 2104 6476
2 1058 2189
1 6898 8367
1 798 5595
2 8405 8643
1 4179 5486
1 8232 9671
1 1861 7330
1 3306 3470
1 2964 8938
1 7810 8898
2 3718 4046
1 1096 6027
1 5787 6352
1 185 5959
2 7452 8389
1 5014 5239
1 191 6040
1 5358 9213
1 2763 7274
2 2211 8880
2 8257 8470
2 6625 7191
2 474 9196
1 7670 8147
2 4580 8191
1 174 7063
2 4711 5480
2 4830 8778
1 6343 9110
2 6931 9664
1 8345 8561
2 896 2826
1 2569 4141
1 9783 9999
2 4864 5579
2 3820 7062
1 750 6301
1 2916 5338
2 1477 2765
1 7811 9797
1 2769 3806
2 4196 7471
1 8594 9612
1 2454 5089
1 6439 6971
1 8574 9793
1 807 4695
1 5662 5694
1 1376 6270
1 3172 4213
1 1182 4040
2 5679 5713
2 2541 5165
1 5436 7819
2 6650 8032
1 1413 7655
1 8845 9038
1 2045 9422
1 3961 6403
1 8554 9100
1 3178 4688
1 6084 6730
1 4118 9858
1 1833 5150
1 5387 9188
1 9158 9190
1 8571 8847
2 1226 2593
1 2854 9968
1 1928 6226
2 6391 8137
1 780 5183
1 2429 6110
1 7941 9386
1 8569 9103
1 5850 9434
1 3471 3632
1 8356 8860
1 1316 6907
1 3219 7551
2 687 1246
1 8175 9472
1 8430 9411
1 4963 6006
2 6499 8615
1 8768 9454
1 4863 9355
2 8274 9307
1 3474 6281
2 7409 9613
2 7514 7707
2 4692 8258
1 9538 9816
1 9430 9630
1 5176 9865
2 8146 8809
1 8197 9034
2 4426 5067
1 910 9791
1 6225 8166
1 6026 9627
2 2525 8221
1 1612 8358
1 2377 7697
1 5098 7223
1 6915 7005
1 7353 9556
1 8904 9207
1 2523 5300
1 1299 1321
2 4081 8098
2 4103 8913
1 7750 8119
1 9758 9829
1 5782 8024
1 9202 9599
2 2307 5091
2 8942 9109
1 2317 4543
2 7312 8378
2 8631 9028
1 1369 4303
2 2552 6301
1 3724 5191
1 9472 9522
2 6224 6909
2 2779 8469
2 2157 5675
2 8248 9741
1 4293 7486
2 8414 9708
2 8086 9596
1 8094 8970
1 7358 8001
1 6818 7945
2 241 8807
1 5174 6374
1 2602 5556
1 2123 7166
1 3277 8293
1 454 8020
1 976 4206
1 5315 5538
1 9309 9709
2 8368 9668
1 9149 9269
1 7908 8854
2 9413 9867
1 6899 8970
1 8838 9348
1 5412 5960
1 4527 4868
1 1955 3516
1 4008 6055
1 5331 9694
2 9024 9837
2 2570 9905
2 4201 5703
1 754 2917
2 729 7270
2 637 4594
1 8151 8617
2 8957 9234
1 7187 9195
2 4747 7660
2 4810 6481
1 9815 9946
1 6106 6390
1 4735 6168
1 5528 7185
1 9699 9781
1 9767 9868
2 3449 7122
1 9331 9612
1 9591 9670
2 1388 6718
1 7115 8173
1 3241 4046
1 7885 9102
1 5476 5758
2 5555 9203
1 6304 6520
1 5748 6620
1 7957 7996
1 5326 8677
1 7885 8805
2 5700 9967
2 7401 7789
1 148 1991
2 7459 9527
2 4783 5745
2 9514 9887
2 9992 9997
1 2129 7723
1 1664 9791
1 8016 8813
1 4878 8414
1 8734 9412
1 2020 2214
1 66 1967
1 8293 9981
1 5656 9626
2 6421 9835
2 7112 9237
1 9582 9891
1 8853 9639
1 4972 9448
1 2243 7902
1 3439 4856
1 4376 4675
1 4564 5227
1 5655 8381
2 3890 8712
1 7993 8108
1 5997 7336
1 9968 9999
1 2348 8158
1 8413 8480
1 5596 8371
2 1822 8150
1 5190 5402
2 5587 8514
1 1854 2804
1 7873 8884
1 3478 7329
1 3325 5337
1 2147 9878
2 8718 8749
1 9423 9910
2 3611 4283
2 5503 6072
2 8532 8990
1 868 8955
1 9776 9947
1 8215 9719
1 2554 6829
1 4544 5317
1 4868 7931
2 6169 7199
2 4436 5736
1 2613 4606
1 6970 9044
1 4184 6403
2 6214 9619
1 381 952
1 1445 9268
2 1337 2239
1 3201 3208
1 165 2766
1 4234 9492
1 930 5547
1 4632 8901
2 5222 5868
2 5053 5917
1 274 332
1 5151 7228
1 7860 9393
2 9100 9276
1 7669 8054
2 578 8959
1 7961 9505
2 8216 9025
2 1342 1934
1 3413 7967
1 8430 9510
1 3610 6693
2 8870 9845
2 509 6380
2 2553 5470
1 350 5833
1 607 3595
2 1608 1708
1 7622 8643
2 9756 9762
1 7596 7730
1 5236 5257
1 7031 7687
2 5472 8447
1 5844 5923
1 8790 9558
2 8999 9426
1 1620 3525
1 8543 9906
1 428 2001
1 6214 7171
2 7727 9747
2 6189 7901
1 3130 3677
1 4571 5464
2 7341 8161
2 7122 8763
1 4224 4747
1 2585 4383
1 8773 9563
1 525 7366
1 6449 7737
1 5553 8930
2 1310 2283
1 2576 8710
2 4602 4677
1 402 4617
1 7633 7711
1 3217 6328
1 4386 8770
1 3333 6314
1 566 5702
2 2587 4592
2 4206 4785
2 316 4435
1 7933 9464
1 4482 6397
1 406 4342
1 7052 9231
1 1409 5434
1 7154 7583
2 2348 5920
1 5282 9970
1 6300 6364
1 3999 6911
1 7369 8265
1 6354 6806
1 3117 4036
1 8545 9914
1 3348 7027
1 479 9801
1 5036 9985
1 958 2551
1 527 3833
2 2424 7636
1 2926 7805
1 4698 5124
1 7371 8039
1 1413 3607
1 3416 9480
2 2490 8992
1 2462 7147
1 4851 5446
1 6766 7690
1 8004 9943
1 5374 7725
2 5095 9984
2 9676 9987
1 9837 9908
1 931 9210
1 2575 3592
1 3744 5141
1 3973 6675
2 5148 7756
1 5711 5815
1 4026 8442
1 4204 4816
2 1347 6516
2 8092 8958
1 692 7685
1 7001 8608
1 7184 7506
1 6446 7806
1 5734 9242
1 1689 5060
2 2179 6044
2 2784 6284
2 5583 6657
1 7623 8978
2 692 5147
1 4509 9403
1 55 9278
1 8841 9760
1 1677 3053
2 5264 9396
1 475 5048
2 1048 2638
2 1021 1657
2 6571 7724
1 5294 8046
1 9470 9603
1 7095 7444
2 3326 6929
2 5823 7703
1 1158 5819
1 1827 3129
1 786 4730
2 1576 8261
1 3005 3964
1 4102 6137
1 7856 9322
1 3811 8642
1 3083 8514
2 5613 5768
1 7752 8482
1 5419 8779
2 3000 4299
1 8531 9742
2 8772 9377
1 9845 9904
1 9478 9491
2 7191 9129
1 1368 5806
1 790 7687
2 9255 9596
1 8852 9931
1 7505 8726
1 1097 9286
1 79 9163
2 1629 6386
1 59 1417
1 5390 9374
1 6543 7255
1 8227 9712
2 8826 9143
1 5485 6860
2 2737 7468
1 9393 9796
1 5226 9897
1 287 7137
1 5770 8525
1 9222 9282
1 2702 9430
2 1257 9121
1 7807 8848
2 7263 8786
1 7577 9364
1 1846 6397
1 7789 9330
2 2854 3359
1 2976 3733
1 3885 8905
2 8966 9932
1 7586 8210
1 2514 5124
1 4847 9883
1 178 7173
2 4354 6488
1 1090 5679
1 6948 7202
1 953 3835
1 4481 8306
1 3732 9526
1 3717 8872
1 4704 6495
2 5742 9425
1 969 1578
1 7244 9745
1 7355 8076
1 3212 5440
1 5812 6012
1 6775 7543
1 2379 3403
1 5014 6925
1 7858 9664
1 1206 8492
2 7658 7839
1 2054 8558
1 9672 9675
1 1867 9103
1 6732 7923
1 2886 6661
1 7117 8575
2 7876 9159
1 812 6910
1 3232 8325
2 1532 7208
2 899 3625
1 4670 6510
1 8977 9060
1 1157 1198
1 4423 9841
1 7942 9886
2 3884 7120
1 298 8130
1 453 8185
1 5456 9938
1 8418 9571
1 6504 8401
1 4145 8742
1 519 6239
1 8729 9348
1 7852 9191
1 8326 8529
1 4510 5939
1 7374 7384
1 5244 7242
2 5282 5601
2 9585 9700
1 2229 5699
1 8196 8679
1 4449 4762
1 452 8763
1 8990 9175
1 2859 4315
1 6385 7154
1 1873 5485
2 6689 8296
1 7360 7951
1 6362 6690
1 1024 4830
1 3650 5701
1 4725 7865
1 5664 8022
1 2119 8271
1 6306 6981
1 8582 9507
2 9707 9872
1 4406 8319
1 6210 9281
1 4632 8270
2 4704 6540
1 4842 7076
2 2853 4266
1 1729 2435
2 5628 8711
1 5774 6213
2 3849 7886
1 3392 5822
2 1321 9507
1 4091 7173
2 6303 8284
1 981 2291
1 1927 8382
2 1166 4252
1 1954 2193
1 3325 5399
1 4260 5975
2 5057 7301
1 8146 8405
2 7748 8443
1 9805 9965
1 9613 9740
1 7971 8843
1 4505 7526
2 8116 8287
1 1626 5682
1 72 7122
1 9096 9656
1 8366 9396
1 3854 8857
1 2486 6765
1 1107 1328
1 5633 7514
1 507 9554
2 6762 9526
1 547 5941
1 9247 9687
1 8698 8746
1 2650 3094
2 3688 4827
1 4876 5194
1 2498 4058
1 7516 7776
1 464 4235
1 4149 9376
1 3421 9428
2 1993 7840
1 1737 5575
1 3042 7070
1 6361 9479
1 6895 7115
1 3119 8867
1 1804 8352
1 9771 9800
2 8329 9801
1 4524 9197
1 8374 9476
2 2107 6327
1 2622 6702
1 1929 9153
2 2731 8867
1 5753 6981
2 4643 8994
1 4164 6383
2 5722 6123
2 5733 9806
1 5848 6759
2 3970 7131
1 5274 8901
1 9520 9806
1 4519 7628
2 5497 9984
1 953 7646
1 2739 8589
2 8483 9814
2 9584 9791
2 4682 8276
1 7865 8113
2 2696 9474
1 8594 8968
2 2936 7168
2 3760 8410
1 6946 7028
1 3830 8799
1 6549 6863
2 6812 7649
1 4786 9219
2 8035 8299
1 9431 9480
1 7191 9003
1 9844 9863
1 5348 5455
1 1141 3299
1 874 9986
1 6189 8554
1 4069 6756
1 5044 7998
1 665 7303
1 2922 3808
2 3958 6619
1 4046 5379
1 4421 5542
2 5884 8521
1 9496 9714
1 942 6179
1 4391 9626
1 4926 8740
2 6031 9317
1 3010 6870
2 2591 3464
1 3099 6219
1 4734 4959
1 2371 5444
1 5217 5666
1 6794 7096
1 2526 8689
2 6712 9352
1 7601 7925
1 6295 7323
2 7792 8209
1 6439 9799
2 8605 8654
1 9636 9979
2 8638 9236
1 6026 7266
1 6384 9190
1 1326 8234
1 4479 7399
2 9176 9554
1 168 489
1 1164 7914
1 9578 9929
1 5593 5889
2 6380 8348
1 4182 7358
1 2577 3286
1 2191 2885
1 3838 6197
1 8703 8774
2 8103 9935
2 1636 4130
2 3277 5521
1 8042 8644
1 8938 9618
1 9061 9098
1 5821 6181
2 6162 7764
1 1177 6168
1 5914 6033
1 7900 8654
2 4428 9684
1 8805 9921
1 3691 9053
1 4497 6387
2 9876 9953
1 2048 3657
1 3869 8402
1 7375 9112
1 9862 9912
1 2867 7900
2 3749 4785
2 6845 7019
2 319 726
1 6938 9897
1 2342 8006
1 7976 8964
1 8390 9405
1 7968 9582
1 3718 4299
1 5492 6910
1 4907 6967
2 6535 7639
2 840 7048
1 9633 9904
1 7036 8084
2 884 8811
1 7239 9914
2 7131 8327
1 9829 9990
1 6651 6917
1 7797 9194
1 220 5767
2 6498 8040
2 1524 9575
2 9072 9670
1 7709 8930
1 2386 8174
1 2499 6198
1 2350 2616
1 7597 8879
1 8458 8554
2 3990 8869
1 6893 9458
1 1476 9314
1 3043 3309
2 1024 3438
1 8834 9083
1 8102 9786
1 9519 9671
1 5932 7098
1 9152 9929
2 2658 6411
2 3802 9463
2 5914 8195
1 4095 4903
1 7039 9261
2 6589 9641
1 5613 6431
1 1189 7542
1 8330 9353
1 9834 9930
1 2969 6147
1 4219 9342
1 5249 5687
1 6271 8423
1 3177 5026
1 7536 9164
2 6216 7157
2 619 975
2 9533 9920
2 2468 5201
1 8535 9125
1 6283 8938
1 2063 8254
2 7910 8036
2 2579 7821
1 5954 8489
1 3173 4182
1 8261 9117
1 4868 8904
1 6298 9047
1 6982 7192
1 1145 5319
1 1195 6265
2 3924 6980
1 9272 9578
1 1699 6973
1 6117 9184
2 599 9212
1 2415 4086
2 2401 9562
1 6255 8510
2 4767 7779
2 4254 6699
1 7829 8154
1 9218 9623
1 7955 9421
2 5410 6918
2 2784 6428
1 2971 7980
1 4485 5949
1 1536 2060
1 543 9264
1 6360 7541
1 5930 6272
1 6086 9837
1 8141 8371
2 5459 9165
1 5324 9640
1 3753 4217
1 6487 6968
1 477 7200
1 5182 6292
1 2122 4983
1 1302 5480
1 1904 3497
1 9243 9465
1 7216 8882
2 8316 8980
1 802 6642
1 808 1339
1 4374 5350
1 8054 8774
1 5398 7824
1 3461 9638
2 2607 4685
1 4221 7229
1 9585 9800
2 4231 9405
1 2490 2962
1 8302 9674
2 8649 9015
1 8688 9895
1 6308 7607
1 310 5097
1 5009 7692
1 6239 6429
1 7784 9780
1 1486 7915
1 2675 8515
1 7161 9395
1 1605 5676
2 3926 9340
1 8057 8057
2 7686 9642
2 173 850
1 5053 6153
1 3577 4118
1 8939 9963
1 6857 9984
1 3921 7702
1 8463 9928
1 7362 9581
1 6997 8416
1 9775 9802
1 1910 7983
1 63 3139
1 1999 8436
1 8708 9464
1 4377 9405
1 6158 7090
2 4701 6921
1 1403 4355
1 290 6444
1 6731 8530
2 5256 7520
1 7814 8721
1 3901 4308
1 3054 5554
1 5467 5980
2 7436 7660
1 3607 9609
1 316 9612
1 6781 7348
1 7904 8111
1 8880 8939
1 6190 9754
1 5508 8717
1 7032 7504
1 4877 6832
1 4616 7393
1 9885 9908
1 9469 9682
1 4070 7772
1 6872 7946
1 4575 8576
1 7033 9632
1 6079 9926
2 3194 8985
2 3564 8087
1 3711 6961
1 4732 5311
1 9622 9700
1 558 8414
1 6470 8618
1 6868 9160
2 6726 7367
1 5481 6161
2 3087 8098
1 4751 6835
2 9320 9557
2 2281 8743
1 8511 8996
1 5606 7476
2 7080 7755
1 708 7193
1 6092 6822
1 9110 9611
1 6666 7904
2 5188 8858
1 2141 6008
1 3274 6068
1 7238 8586
2 391 2302
1 5973 6535
1 2330 6443
1 2513 6698
2 4850 9413
1 9022 9292
1 5863 7751
1 5952 7755
1 734 2159
1 1425 4746
2 7941 9147
1 6232 6727
1 448 6066
1 9217 9571
1 8855 9098
1 4787 7055
1 8771 9345
1 6198 8210
1 6996 7614
1 8184 8227
1 9601 9657
2 762 2808
2 203 5659
2 7102 8970
1 8781 9374
2 3404 9439
1 4013 8380
1 3422 5571
1 2257 7440
2 8199 8383
2 8174 9927
1 1518 9467
1 5456 8715
1 2643 5946
1 7845 8984
1 993 1896
1 3465 3818
1 4653 6463
1 3135 6885
2 7941 9762
1 8488 9804
1 6984 8128
1 7624 9096
2 5438 6767
1 5309 8826
2 3637 8962
2 6237 7407
1 145 4379
1 3301 3715
1 7264 7340
2 5625 7754
1 609 9824
1 5978 6512
1 1066 6138
2 3660 5607
1 3860 8592
2 815 3779
1 2890 5025
2 9971 9995
2 7603 8543
2 5437 8001
1 6157 6644
2 2065 9684
2 5531 7858
1 5105 7132
1 2891 9789
1 3286 3919
2 3774 6346
1 3773 5096
1 7315 9231
1 7297 9666
2 4906 9848
1 9547 9860
2 7000 8965
1 4989 8477
2 7796 9115
2 3416 7393
1 4479 8486
1 3359 8278
1 3304 5132
1 4244 9783
1 1582 5584
1 2311 5620
2 5763 5969
1 2376 6955
1 3876 9606
2 8358 9568
2 4818 5910
1 421 3272
1 6873 9609
1 5954 9861
1 1593 9397
1 4136 4820
1 1083 6017
2 3999 4240
1 6117 7657
2 614 6882
1 7253 8347
1 4178 9263
1 8580 9630
2 1102 7287
2 8449 8861
1 1630 8455
1 8401 9126
2 5256 9263
1 5604 6641
1 3977 5620
1 1371 1473
1 3436 4719
1 2939 7119
1 155 4866
1 9096 9678
1 181 3592
1 592 5129
1 4242 6445
2 5788 9135
1 4033 7410
1 7650 8971
1 1228 9427
1 7740 9054
1 4487 7385
2 7929 8429
1 3978 6452
1 7701 9120
1 2121 4819
1 1240 1535
1 652 6002
1 3469 8961
1 6403 7511
1 108 8364
1 4503 8438
1 3218 5208
1 7756 7829
1 7680 8359
2 5097 5842
1 8296 8616
1 5056 8859
1 5945 8570
2 3873 8932
1 6478 7305
1 3575 6339
2 1728 3266
1 1769 9414
1 4671 6110
2 3565 7152
1 973 8627
1 5962 7107
2 1320 5372
1 424 2220
1 4671 9550
1 8638 9116
1 1683 4871
1 2302 6693
1 1885 3317
1 3691 9382
2 7881 8550
1 980 4155
1 5519 6807
1 7848 7876
1 120 5041
1 5606 8274
1 4732 5825
1 830 4763
1 1434 4175
1 2296 6289
2 7413 9503
1 9342 9555
1 8321 8577
2 4066 7752
1 5867 6321
1 6050 8723
1 3783 7129
2 7448 8319
1 5855 9118
2 9091 9925
2 2983 7579
2 2314 7318
1 2563 7563
1 4482 4947
2 4653 9676
1 486 8148
2 5341 8594
1 7702 8950
1 3149 7237
2 1436 8461
1 9059 9250
1 3739 7408
1 9218 9482
1 2777 9523
1 1898 8536
2 6691 7610
2 8370 9934
1 4675 6558
2 9604 9713
1 300 656
1 2553 9494
1 4982 6771
1 8538 9578
2 6003 7042
1 488 2914
2 3442 8834
1 3424 7882
2 8375 9714
1 3297 5068
1 690 748
1 4675 9019
2 8290 9225
1 9020 9435
1 976 1727
2 9223 9621
1 7421 8062
1 2744 4890
1 7111 9847
1 4382 7897
1 8300 8792
1 6578 7859
1 981 7112
1 7080 7543
1 7851 7887
1 8900 9206
1 7277 8049
1 6580 7228
1 8369 9432
2 4209 6794
2 5486 6203
1 1176 3663
1 7483 9789
1 1241 5733
1 606 972
1 7597 9510
1 1623 5762
2 9197 9897
1 552 8428
1 3024 3794
1 3463 7743
2 9773 9831
1 8541 9501
1 5048 9193
1 3807 7738
1 107 7850
2 8056 8483
1 5802 8528
2 2262 9355
1 6596 9197
1 5302 7101
1 989 2711
2 8599 8956
1 2451 5287
1 5728 8654
2 6125 8213
1 9935 9993
2 1209 3631
1 8723 9267
1 6951 7571
1 770 6216
1 8630 9737
1 5007 8351
1 9736 9914
1 5067 8953
1 2605 7293
1 4946 5172
1 9328 9731
1 294 1092
1 9194 9956
2 4591 9092
1 3032 9578
1 4541 8584
2 8857 9363
1 9555 9748
1 3689 7340
1 9880 9913
1 9139 9793
2 1793 4635
1 1266 5957
2 2764 3137
1 9103 9869
1 2966 8816
1 9560 9698
2 7345 7898
1 9000 9595
1 3985 7932
1 2132 6887
1 3377 8084
2 5742 6611
1 972 5044
2 8428 8760
1 8726 9485
1 7895 9566
2 6540 9233
1 3539 8634
1 8340 8503
1 7623 8046
2 7284 9446
1 3060 7163
2 7822 8691
1 2425 2505
1 2452 8060
1 3787 9274
2 502 4670
1 7602 8238
2 2194 4037
1 3778 5350
1 2931 4117
1 9892 9942
1 3181 9955
1 7425 9840
1 868 1986
2 2129 3257
1 7329 9462
1 5288 8635
1 2177 2434
1 1250 1925
1 5353 9563
2 7106 7833
1 6568 7361
1 8183 9542
1 2112 6353
1 8580 9314
1 3927 8684
1 1491 8184
1 151 6006
1 1868 8416
1 7386 8733
1 9886 9925
1 5172 5427
1 4333 9885
2 8412 8958
2 3436 7446
1 9441 9783
2 7927 8867
1 6824 7118
1 4539 7579
1 5256 8685
1 6867 9006
1 9533 9932
2 3079 5888
1 6776 7676
1 9663 9716
2 1259 1610
1 2542 7081
1 2205 8568
1 5577 6576
1 4682 7647
1 4279 7697
1 5779 5994
2 7597 9924
1 9974 9999
1 758 4679
2 3401 9260
1 6134 7136
1 1959 2307
1 4313 7790
1 4372 8701
1 3221 3733
1 4042 9125
1 5620 7441
1 206 6332
1 7528 9208
1 4382 6024
2 100 2370
1 6536 9724
1 8885 9720
1 8900 9711
2 2786 3760
1 7426 9511
1 8042 9692
1 5283 8952
1 9129 9490
2 8162 9673
1 1696 2764
1 363 569
1 5809 8883
2 9069 9786
1 1318 6903
1 559 1756
1 835 3746
1 5756 6978
1 2381 4038
1 1260 6493
1 2534 4807
1 9503 9936
1 1712 9145
1 3081 9728
1 5927 9675
1 5842 6768
1 4343 8948
1 733 3802
1 675 8879
2 9323 9397
1 2056 2451
1 3281 3583
1 4498 9838
1 6978 9315
1 4983 8030
1 2795 5915
1 3396 5251
1 5131 9149
1 4265 4587
1 3975 7336
1 539 4796
1 2861 9198
2 1131 5572
1 3994 7561
1 8154 8206
1 6744 6828
1 9612 9660
1 699 2489
1 5628 9678
2 3192 6770
1 1782 4503
2 5054 9327
2 8885 8899
1 4833 8811
1 5062 6184
2 730 5173
1 7837 8967
1 2399 3203
1 2716 8469
2 4193 7531
1 924 5306
2 7584 9355
1 3997 9182
1 1178 4099
1 1751 4905
1 2407 9278
1 9508 9643
2 9633 9715
1 3298 7694
1 7750 9741
1 990 4764
1 363 2049
1 4103 8167
2 1787 7118
2 8587 8748
2 9984 9986
1 4637 8141
2 9733 9875
1 3425 5102
1 8059 9321
2 7519 9294
2 2051 3014
1 5449 9060
2 7619 8441
1 1837 5121
1 1406 3241
1 4441 7013
1 8413 9929
1 5135 8137
1 4057 8265
1 2048 9113
1 9793 9979
1 9440 9909
1 1348 4506
2 1269 8892
1 8315 8348
1 4816 6229
1 9750 9884
2 9434 9437
1 964 9663
1 1965 7167
1 8592 8938
1 2186 7360
1 2062 7787
1 9110 9748
1 2583 7698
1 6043 6683
1 1650 6474
1 6425 6602
1 6151 7866
2 5340 6945
2 8543 9364
2 2516 8204
1 4370 7322
1 6904 9020
2 8427 8803
1 7794 8955
2 9864 9995
1 1090 9761
1 4072 7508
2 8600 9640
1 9897 9937
1 2344 8371
1 5544 8614
2 9605 9887
2 6895 6991
1 7342 9392
1 6198 9164
1 7466 8111
1 3138 5931
1 6114 6474
1 6934 7174
1 3084 4090
1 4742 5813
1 9854 9960
1 6220 8359
1 3638 5333
1 1485 8802
2 3717 9491
1 924 3478
1 9574 9739
1 3805 7198
1 1683 4885
2 2783 6272
1 3993 7470
1 1677 3406
1 4214 4842
1 6817 7281
1 8969 9958
1 110 683
2 9062 9111
1 9955 9955
1 8453 8845
2 9939 9968
2 5438 8505
1 8585 8814
1 2928 6329
1 214 9587
2 7843 8472
1 7666 8505
1 8485 9771
2 8498 9173
1 2251 2454
1 4930 8685
1 8152 8301
1 6368 6759
1 5490 7549
1 6885 9559
1 7185 9060
1 4895 4990
1 5343 8020
1 4207 6548
2 5151 6740
1 2645 3760
1 9102 9981
1 8409 9219
1 1403 3381
1 6314 8652
1 4156 6580
1 1747 4162
1 6099 7019
2 7541 8417
1 7000 8908
1 1423 4298
1 5556 9918
1 4415 5955
2 4404 9935
1 4818 8213
1 9673 9875
1 289 5608
1 7623 8607
1 2586 3565
1 4574 9097
1 9830 9837
1 1542 8796
1 8420 9029
2 931 8849
1 5471 8075
1 1359 9118
1 8676 9061
1 7546 9852
1 4629 8731
1 1101 8345
1 6976 7483
1 7999 9900
2 2251 4975
2 571 2168
1 2677 2988
2 7723 8467
1 3107 4888
1 6365 8823
1 2724 4560
2 461 848
1 2130 4294
1 2568 9106
1 910 3153
1 2116 8395
2 6978 9612
1 1185 2112
1 9484 9619
1 5055 5102
2 5028 6089
1 6283 9262
2 7547 9728
1 9978 9995
2 1004 2093
1 602 1495
1 5382 7058
1 712 5510
2 4554 5723
1 4111 8365
1 8380 9878
1 5236 6002
2 2085 6927
1 1318 7984
1 8369 9169
1 6213 6272
1 7802 8133
1 9359 9815
1 5920 5963
1 9556 9567
1 6788 9674
2 2363 5913
1 1349 6574
2 3196 3811
2 7792 8011
1 2653 6885
2 9942 9943
1 800 2123
1 7739 9699
1 5500 8875
1 8414 9739
1 576 7285
2 687 8169
1 1342 2859
1 2740 9454
1 7613 7919
1 1909 3334
2 7417 7478
2 2153 8082
2 7581 8006
1 5858 7327
1 7340 8899
1 6895 8345
1 2736 4714
1 5626 9009
2 5911 8339
1 7411 7676
2 3074 7783
1 5492 9605
1 9671 9784
1 8282 9307
1 7200 9878
1 5086 7453
1 530 8029
1 1549 9772
1 5773 8386
1 9726 9939
2 5317 9627
2 1249 7349
2 2550 7044
2 4367 5199
2 6941 9686
2 9836 9892
1 2859 4654
1 3220 7740
1 4414 4887
1 4090 7196
2 8539 9285
1 3410 5838
2 3151 6100
2 3245 4790
1 509 6853
1 1146 5606
1 3625 7104
1 8162 9879
1 3926 5775
1 9241 9535
1 5010 6897
1 8142 9637
1 5265 6797
1 1626 6257
1 75 6670
1 8129 8872
1 1851 7856
1 2052 9480
1 8340 9178
2 153 4564
2 3667 9643
1 6323 6719
1 9469 9928
1 1558 2743
1 5780 6540
2 8595 9199
1 5023 8320
1 213 3356
1 7609 8042
1 532 1052
1 3261 5405
1 6237 9433
1 292 4161
2 1274 5298
1 2510 5758
1 1331 6668
1 5149 6930
1 7500 7825
2 1058 2430
1 8462 9974
1 1216 5816
1 3346 9774
1 2455 6237
1 2677 7232
1 9293 9953
2 4830 6130
1 9040 9369
1 5564 8279
1 1935 7247
2 6706 7981
1 5354 8837
1 5300 8081
1 1860 4324
2 8916 9042
2 2426 3957
1 229 2130
1 9024 9844
1 634 9689
1 7901 9152
1 1942 6843
1 8820 9234
2 9306 9387
2 1647 7565
1 2673 6412
1 4546 8772
2 2995 8848
2 5089 7137
1 7162 8221
1 9233 9802
1 2866 7674
2 9740 9943
1 9381 9800
2 4416 8596
1 8875 9018
2 5426 5937
1 1716 6584
1 8849 9345
2 6583 9492
1 6042 7513
1 3768 8987
1 5519 9125
1 7742 8588
1 8262 9270
1 3498 6391
1 4858 5526
1 7206 9095
2 9527 9799
1 4762 5160
1 5782 7424
1 1554 7437
1 1207 6202
2 8308 8940
1 8762 8909
2 3248 5846
1 6085 9159
1 5737 7442
2 6728 9873
1 9548 9666
1 3945 5469
2 5338 6150
2 6010 9474
2 3025 5053
1 5006 5935
1 7250 9161
2 8618 9034
2 7473 8558
2 3268 6552
1 8799 9603
1 900 1916
2 5420 5841
1 8092 8999
1 8014 8987
2 2500 9123
1 1052 5640
1 7500 7787
2 5454 8242
2 8057 8723
1 6077 9387
1 7291 7608
1 792 6723
2 6864 7248
2 2397 6810
2 9041 9466
2 8250 9211
2 1631 6319
1 8350 8918
1 6384 8883
1 5832 5997
1 6678 6909
1 508 9510
1 2964 9988
1 5154 5415
2 9398 9613
1 975 4028
1 1007 4656
1 8504 8681
2 569 5942
1 7697 8816
2 1572 2569
2 8714 8757
2 4922 5554
1 7119 7180
1 1356 3932
1 2800 8835
1 1275 6109
1 5639 9162
1 3371 8168
1 5375 8900
1 635 9575
2 8754 9309
2 9837 9875
1 2043 5760
1 3616 9834
1 5047 7694
1 1640 5019
1 7404 8748
1 6935 7516
1 188 3369
1 4277 7565
1 2846 7793
2 4838 9557
1 6318 9606
1 6060 6807
1 9179 9190
2 487 4104
1 4546 9588
1 8610 9161
1 8113 9286
1 6870 9584
1 8162 8444
1 6812 9845
1 8892 9058
1 7840 8748
2 8656 9576
1 7513 7800
1 8484 9600
1 1975 5585
1 1914 6340
1 8027 9515
1 1160 4579
1 1988 5634
2 2386 4781
1 9252 9330
1 2133 3969
1 6675 8564
1 5383 6758
1 1258 8325
1 1239 7484
1 7910 9402
1 1849 4909
1 4045 6616
1 9002 9247
2 7001 9207
1 8367 8803
2 7738 9182
1 7348 8519
1 9525 9954
1 9553 9676
1 3743 9791
1 3477 9513
1 3609 7056
2 8565 8659
1 1326 9333
2 7155 9373
1 9081 9489
2 9214 9310
1 6995 7373
2 1350 6703
1 9183 9213
2 8544 8597
1 2382 7894
2 4407 4824
1 2597 3831
1 7545 7996
1 5570 7817
1 2718 7594
2 236 4193
1 3806 8489
2 3352 8684
1 1945 6738
1 9081 9683
1 4833 7334
1 8061 9385
1 6314 9724
1 5192 8501
1 4768 9505
2 5456 7163
2 5726 6069
1 2954 8817
1 8665 9917
1 9181 9716
1 7447 7915
1 5770 8028
1 1890 6512
1 4034 5990
1 1386 1693
1 8745 9772
1 9557 9743
1 340 4294
1 4806 7831
1 5453 8987
1 1425 9163
1 342 4197
1 6863 7776
1 5424 8712
2 3860 4202
1 8600 8853
2 8146 9163
1 7265 8197
1 6230 8302
1 9853 9998
1 8190 8996
1 7537 7744
2 9327 9885
1 9594 9717
1 4305 7302
1 2397 4756
1 8046 9981
2 3333 5576
2 4833 8191
2 6129 6239
1 5325 7855
1 4292 8232
1 3698 4788
1 8403 8999
1 3564 6081
1 1831 3593
1 9687 9818
1 6109 8335
1 7278 9592
1 8357 8513
1 8276 9280
2 5996 8110
1 3356 7246
1 6610 8511
1 4394 7777
2 2109 6535
2 4017 9870
2 9026 9895
1 2381 2872
1 6777 8534
1 4403 6917
1 5883 8728
2 685 5424
1 6521 6741
2 5002 6675
2 1037 9137
1 5025 7986
1 6198 6683
1 856 8849
1 9273 9292
1 6391 7724
1 715 3202
2 3190 9639
2 2310 9838
1 9895 9961
1 7193 7535
2 1916 6083
1 106 3289
1 9005 9604
1 985 4635
1 6531 9825
1 9899 9978
1 549 4687
1 1996 3146
2 4788 9022
1 4480 8649
2 6552 9694
1 4843 5194
1 5981 7328
1 792 7311
1 1581 9043
1 5603 9932
1 1498 5894
1 3301 5035
1 9464 9479
1 9639 9876
1 1006 3942
1 4864 8776
1 158 7435
1 1331 5670
1 6529 8055
1 9794 9881
1 7018 7406
1 8107 9040
2 3998 5806
1 6370 8311
1 2230 9682
1 5023 8116
1 8766 9716
1 1817 6721
2 6193 9497
1 4450 7395
1 4773 7133
1 9790 9834
1 4053 9600
1 8266 9125
1 8833 9184
2 8852 9408
1 5584 7757
1 6197 8093
1 3036 6421
1 2545 6735
1 5721 7325
1 991 9071
1 2311 6108
1 4184 4923
2 2705 3809
1 4282 6510
1 3212 5315
1 5670 8110
1 7368 8940
1 5956 6145
1 6491 8158
1 8424 9851
1 1407 4433
1 5691 8573
1 516 9097
1 7242 9506
2 3848 7171
1 4285 7763
2 6762 9129
1 6213 7345
2 4816 9882
1 6213 6221
2 2245 8214
1 5943 9628
2 8023 9565
2 7895 9527
1 6350 7507
1 5415 5975
2 4911 6155
2 5280 8430
1 8573 9993
1 2406 2967
2 9460 9797
1 8901 9543
1 8936 9923
2 5087 5733
2 456 5557
2 979 4090
2 4340 8758
2 1465 9235
2 7243 9132
1 8844 9842
2 2809 8654
1 7378 8084
1 4076 4620
1 8717 9396
1 5489 6146
2 9531 9840
2 9119 9924
1 808 2703
1 7818 9671
1 499 639
1 510 1881
1 82 8469
1 3050 5636
1 2007 4543
1 431 1049
1 6446 6628
2 8392 9138
1 3673 8223
1 8772 9716
2 3176 8996
1 9924 9939
1 367 3286
1 1567 4475
1 7155 7757
1 7572 8943
1 2219 7735
1 7993 9901
1 2680 4144
2 4814 5633
1 614 2024
1 2560 9400
1 2158 3351
1 496 5475
1 2546 7673
1 9901 9920
2 5485 5921
1 2386 8882
1 4664 8458
1 3353 4846
1 1190 1302
1 7944 9472
2 5641 9212
1 1199 6648
1 6390 6922
2 6509 8104
1 5927 6113
2 7643 9912
1 9069 9450
1 9264 9708
1 6019 7241
1 7724 8599
1 3521 9608
1 9242 9244
1 6647 8381
1 7260 8030
1 4676 6115
1 6160 8892
1 8407 9260
2 5743 8736
1 5028 6373
1 6860 7928
1 4537 5403
1 8635 9543
2 1217 9423
1 7082 7379
1 5311 9511
2 8746 9474
2 4702 6801
1 7874 8246
1 7841 7871
2 6012 6851
1 8859 8874
1 1539 3401
1 557 7170
1 2721 9255
1 8844 9438
2 9119 9820
1 3202 8120
1 1458 9666
1 4136 7755
1 2004 6179
1 3543 8441
2 6545 7553
1 5419 9451
1 6171 8016
1 2425 5086
1 578 6921
1 4036 6101
1 5654 9978
1 7393 9387
1 8823 9144
1 2838 4650
2 5436 7033
1 7295 8339
1 9710 9711
1 8408 9368
1 3583 7366
2 8950 9772
1 8090 9924
2 3075 8826
1 2317 3248
1 4598 7871
1 9010 9195
1 4450 6616
1 5106 6886
2 4125 9571
1 5887 6804
2 9382 9830
1 8664 9409
1 290 5947
1 3975 4330
1 3242 9031
1 1612 2015
2 2267 7299
2 4666 7850
2 4277 7409
1 6514 7179
1 3711 6437
1 1614 8710
1 4742 7670
1 226 3446
1 4996 9516
1 6269 7799
1 2536 2603
1 7114 7175
1 3393 6724
2 740 8006
1 4038 4748
1 8942 9265
1 421 8064
1 1660 6129
1 9958 9996
1 7958 9724
1 5267 5910
1 8593 8953
1 3387 4334
1 4607 9589
1 3010 3967
2 3598 9510
2 2714 8224
1 6963 8585
1 9752 9858
2 482 6539
2 1392 2958
2 7924 9654
1 2607 4978
2 2328 9682
1 4295 5680
1 743 2002
1 9020 9541
1 9710 9711
2 5766 7831
1 5558 8699
1 6343 7487
2 188 9802
1 8893 8965
1 1353 4002
1 1875 6931
1 2359 4410
2 3859 7175
2 9147 9338
1 6141 8008
2 6474 7655
1 9336 9639
1 6792 7575
1 2199 5615
2 5430 8273
2 7077 8852
1 224 7592
1 7607 8110
2 6832 7745
1 3645 7258
1 4394 8223
2 7146 9994
1 4050 9654
1 9679 9869
1 9916 9927
1 8850 8918
1 6022 7267
1 9762 9813
1 830 2688
1 9066 9249
1 6427 7892
1 2573 4697
1 8377 8919
1 7554 8113
2 6742 8805
1 9032 9173
1 464 3395
2 295 415
1 4156 4356
2 6355 9951
1 9608 9909
1 2036 5368
2 6118 9933
1 8573 9699
1 6791 8803
1 8646 9624
1 561 5787
2 7000 9404
1 6674 8444
1 1126 1682
2 7869 8516
1 1200 5472
1 4173 5394
2 2938 7325
1 7453 9696
2 2702 9588
1 5421 6054
1 9973 9976
1 2851 6886
1 6479 8860
1 9434 9548
1 8054 8812
1 1091 1349
1 9313 9351
2 2392 3576
1 1059 9280
1 5909 8570
1 9476 9755
2 5950 7677
1 9570 9605
1 1114 5672
1 9627 9674
1 1687 8169
1 1240 2006
2 7512 9046
1 5515 8796
1 5280 5328
2 6558 6645
2 9537 9639
1 5125 9948
1 4928 5349
1 7056 9554
2 8023 9935
1 1295 1312
2 6162 9216
2 151 1113
1 9921 9996
1 549 9360
1 5329 5365
1 5735 8678
1 9463 9909
1 1014 9819
1 7041 8785
1 103 3710
1 4131 6984
1 2913 4837
1 7584 8394
1 4077 4736
1 6169 7269
1 8726 9294
1 4439 4817
2 4221 7317
1 4524 7664
1 2583 9283
2 2681 8206
1 4418 6608
1 765 9047
1 5641 8259
1 3312 7952
2 8563 9745
2 8679 9840
1 8082 8762
1 7232 8756
1 9224 9717
1 5109 7647
1 8621 9812
1 7376 9537
1 4227 5047
1 4328 9825
1 7772 9962
1 7534 9669
1 1375 2777
1 5404 7441
1 6586 9874
1 4055 7132
1 2908 5518
1 9124 9199
1 4060 5138
1 4287 7703
1 391 5391
1 309 1617
1 1527 6871
1 1692 4828
1 7905 9268
1 8942 9731
1 882 8731
1 4028 5531
2 4185 6722
2 4885 8101
1 8455 8488
1 6852 9295
1 4321 8344
2 3967 6912
1 806 2682
1 7982 8300
1 9710 9767
2 80 1622
2 6251 7870
1 2527 8573
1 1216 5174
2 506 7194
1 6274 9912
2 4852 7645
2 3793 4585
1 7140 7662
1 115 551
2 5697 9707
1 4203 6532
2 9794 9820
1 2423 9162
2 9867 9968
1 7011 7322
1 9153 9559
1 3177 9816
1 5016 6090
1 8802 8841
1 891 7365
2 3322 6246
1 7573 9742
1 7902 7994
1 4239 9560
1 9356 9935
1 3362 4122
1 6307 8763
1 4002 9999
2 5214 8469
2 4843 9171
1 9973 9999
1 4096 9661
1 3891 4742
1 5217 6376
1 7358 7941
2 3286 5722
2 9584 9850
2 7778 8791
1 9812 9834
1 2539 8946
1 4350 7464
1 4364 7421
1 3257 9933
1 1360 7225
2 5278 7340
1 239 7601
1 1455 5480
1 9837 9858
2 6963 9772
1 280 2136
1 4140 7428
1 6561 9877
2 4851 6448
1 5586 6313
1 8269 9481
1 6836 9104
1 4190 8637
1 6619 7353
2 6791 6958
1 9821 9951
2 4449 9946
1 900 6512
1 1388 1857
2 7246 8253
2 3772 8903
2 2390 3164
1 2626 6660
1 58 9477
1 6859 9343
1 5213 7521
2 5037 5625
1 9976 9978
1 4053 5925
1 547 9877
1 4013 8316
1 9163 9904
1 1182 8007
2 9170 9770
1 4391 5995
1 9612 9722
2 5806 7447
2 9565 9946
2 8328 9639
2 6492 6674
1 6550 8155
1 2664 9333
2 8114 9585
1 993 8343
1 3887 6125
1 4635 7169
1 9656 9823
2 7722 9374
1 5146 9321
1 4467 8982
1 8462 8984
1 8389 9771
1 2128 4264
2 4643 7491
1 5947 7413
1 726 2088
1 4398 6579
1 7382 8011
1 9570 9610
1 3598 4418
1 7526 8465
1 1893 2752
2 9756 9848
1 6946 9281
1 3481 6028
1 2873 9144
1 3537 3730
1 6312 9284
1 5446 8553
1 9173 9205
1 2568 5075
1 1002 3031
1 8877 9483
1 1825 2283
1 737 2380
1 2701 9143
1 253 5720
1 5526 7610
1 9158 9355
1 8382 9461
1 6196 7424
2 7406 9282
1 7132 8782
1 5758 7082
1 7946 8538
2 6241 8277
1 3514 6387
1 6138 6737
1 6722 6916
2 8107 8110
1 6619 8754
2 247 8890
1 8103 8971
2 8956 9158
1 5917 6404
1 6571 7895
1 5294 9046
1 6690 9415
2 7867 9978
1 5573 9420
2 1389 4919
1 7020 8426
1 3294 6207
1 8552 8651
1 5742 9497
2 5517 9926
2 8913 9358
1 1277 5287
2 5665 9334
1 2841 5292
1 9525 9844
1 6821 9085
1 1478 8657
1 6687 8297
1 3718 7709
1 9550 9823
1 4273 8653
1 4979 5131
1 5079 7333
1 5851 6763
2 7947 8261
2 9053 9900
1 7574 8871
1 1385 9646
1 7467 9833
1 2506 7830
1 7230 8784
1 2701 6387
2 6234 8188
1 5461 5674
2 3526 9641
1 3280 5491
1 9820 9920
1 7010 9558
1 4698 8132
1 9885 9991
1 8364 8872
2 6681 9624
1 1700 2916
1 1065 7735
1 8329 9746
1 2936 9987
2 5797 6549
1 7275 7452
1 7753 8860
2 9248 9614
1 408 5672
1 3483 4469
2 2491 5859
1 1754 8312
1 727 2269
1 3863 9590
2 6488 9191
2 4145 4514
1 870 1391
2 8384 9569
1 5202 6101
1 3081 5158
2 2371 7184
1 2468 9042
1 7768 9229
1 2304 4486
1 3355 7185
1 5881 6421
2 5091 7770
2 6528 7177
1 460 8248
1 4723 8675
1 8225 8589
1 3515 4271
1 1129 9066
1 5122 9891
1 6776 9113
2 8999 9865
1 314 1558
1 5441 7426
2 5205 7960
1 8817 9387
1 4570 7323
1 1224 9730
1 8987 9024
2 8809 9720
2 3118 7015
2 8644 9411
1 4834 4842
1 3921 9932
1 6651 8049
1 9686 9929
2 8900 8935
2 8150 9031
1 7690 8171
2 9216 9406
1 5746 8327
1 9837 9982
1 8780 9773
2 4024 4650
1 358 6531
1 8193 8557
1 6604 8450
2 5188 5809
1 6643 6686
1 8514 8698
2 1809 5571
1 9936 9997
1 8036 8832
1 2631 4129
1 9369 9673
1 8631 9353
2 5141 7211
1 1733 6600
1 4492 5043
1 92 8886
1 6674 8644
2 860 9642
1 7464 9323
1 4687 9955
1 1464 3634
1 4962 5755
1 9200 9816
1 2870 3546
1 1627 9304
1 7184 7229
1 6238 9924
1 8772 9964
1 3280 4244
1 3866 7575
1 672 8775
1 6998 8528
1 2032 4655
1 119 6802
1 775 8024
2 3551 8054
1 8836 9264
1 6915 7544
1 3110 4950
1 7808 8515
1 5204 6146
1 507 9454
2 6044 8258
1 8601 8784
1 7825 8675
2 1036 3623
2 7870 8759
1 2733 3354
1 2927 4259
1 2908 7449
1 5716 7644
2 9579 9771
1 2839 3300
1 1775 3997
2 2704 5286
1 9973 9994
1 446 1283
1 4038 8174
1 8500 9962
2 6294 8866
1 2627 4193
2 245 6230
1 1208 4831
1 1960 5747
2 7658 9436
1 5303 9248
1 6784 7454
1 7129 9270
1 8079 9879
1 8598 9046
2 7435 8009
1 5906 8744
1 3036 4819
1 6025 7525
2 7765 8361
1 6868 8146
2 2362 3845
1 3370 7212
1 3690 7020
1 1399 8764
1 8730 9263
1 8260 9760
1 2922 6987
1 7282 7372
1 9296 9547
1 9904 9937
1 5584 6684
2 9711 9717
1 5608 8766
2 4191 5664
1 4515 9024
1 9751 9762
2 7602 7881
1 4290 8193
1 8661 8758
2 2947 9991
1 3075 6774
1 9256 9372
1 4046 7250
1 2937 4592
1 6858 9063
1 222 9787
1 2310 2767
1 2262 4133
1 4789 8656
1 2945 5695
1 8450 9035
2 7844 9415
1 2993 3082
2 5978 7265
1 799 1754
1 1674 7492
2 9941 9942
1 4500 7163
1 9595 9949
1 7151 8252
2 6947 8800
1 2851 3545
1 190 3841
1 9967 9985
2 3454 9961
1 4536 5889
1 9312 9522
2 7148 7921
2 2955 3560
1 7237 9628
1 8193 8302
1 4503 8260
2 1072 3139
2 9641 9986
1 4008 8258
1 3240 9191
1 8147 8853
1 329 1679
1 4039 7269
2 4955 9718
1 9694 9802
2 6583 9332
1 7211 9203
1 7551 7793
2 3934 9745
1 1243 3160
1 1507 6781
1 5866 7257
1 6249 9705
2 7580 8493
1 9762 9934
1 7377 7917
2 1325 6806
2 9495 9742
1 4654 9490
1 3713 4406
2 1039 6081
1 717 8177
1 1053 9391
1 2315 7581
1 2836 7929
1 2839 5500
1 4741 6629
2 6184 8354
1 3941 4448
1 6291 8576
1 9649 9864
1 5740 7411
1 6121 7639
1 1534 4752
2 3218 6120
2 3571 4878
1 3288 8782
1 3492 4455
1 2461 9172
1 2533 9455
1 630 8037
2 9464 9494
1 8351 8453
1 8506 8931
1 1255 3998
1 1609 7377
2 1020 6248
1 7254 7393
2 1186 8925
2 8086 9784
1 3191 7843
2 3205 3462
1 2815 4915
1 3541 7884
1 2442 4995
2 6666 6708
1 3632 9797
1 8927 9514
1 9439 9582
1 2834 3791
1 9188 9690
1 1141 2103
2 6869 8722
1 471 5261
1 9028 9161
2 3062 9339
2 4018 7678
1 4820 5214
1 5468 9167
1 1743 8384
1 6647 8336
1 2941 7614
1 2598 3560
1 9560 9907
2 7864 9112
1 7595 9951
1 6504 7420
2 6034 6955
2 1930 8276
1 5337 7504
1 4845 6189
1 3299 7155
1 2177 9503
1 7937 8204
2 6489 7555
1 5736 6156
1 8953 9706
1 4265 5202
1 4455 9922
2 2310 7147
1 6986 7485
1 2289 4882
1 8784 8871
1 8615 8962
1 5925 7907
1 866 9468
1 8403 9134
1 3526 8277
1 6537 7788
2 7715 8110
1 2282 5984
2 2612 4389
1 9477 9964
1 5701 8396
1 6000 6659
1 534 4957
1 6433 7226
1 1215 4494
1 2217 7513
1 9169 9831
2 7956 8238
2 5112 9377
1 7657 9782
1 3112 7435
1 9849 9916
1 4606 9906
1 9388 9504
1 2998 4738
1 8687 9685
1 7938 9015
1 3921 8700
1 447 7554
1 6098 8837
1 9844 9958
1 6305 7939
1 1535 6932
2 1170 7561
2 4862 6778
1 9064 9102
1 4159 4483
1 7035 9619
1 8352 9175
1 8445 9362
1 8764 9254
1 5395 7284
1 2880 5047
1 2792 7977
1 2500 6057
1 4052 9361
1 3844 7218
2 6330 7284
2 3111 7886
1 9743 9999
1 9508 9577
1 8329 9755
1 4362 8847
1 7523 9884
1 7118 9447
1 2608 5537
2 6844 7505
1 8539 9640
1 378 3729
1 292 8283
1 1839 5564
1 4356 5277
1 3267 9123
1 528 3405
1 3216 7699
1 4661 8270
1 6585 9417
2 878 5957
1 6779 8019
1 6096 9070
1 7775 8695
2 3259 6779
2 9195 9976
1 9662 9668
1 8308 9631
1 4631 9206
1 3662 7875
1 101 5184
1 4907 7045
2 1003 7621
1 9828 9931
2 6647 7785
1 7122 8822
1 4478 4676
1 8748 9714
1 8984 9441
1 9385 9809
1 840 7495
1 1249 5009
1 1286 9075
1 4715 8475
2 3013 7141
2 4430 5534
1 5199 5586
1 9972 9987
1 8905 9029
2 7511 8110
1 502 2594
2 6504 9241
2 5733 5877
2 8870 9257
2 6585 8180
1 9178 9964
1 7264 7795
1 7340 8076
1 3981 9536
2 5831 8062
2 6600 7096
1 1294 9613
1 9940 9988
1 9544 9553
1 7030 7559
1 3975 4027
1 9241 9726
2 3303 4833
2 1810 8817
2 3086 6268
2 8837 9064
1 4132 5675
1 3791 4813
1 7947 8947
1 6702 9026
1 6503 7075
1 6998 7780
1 260 5725
2 1419 8107
1 52 4701
2 255 5150
1 9472 9633
1 4182 7826
2 5931 7241
1 8949 9777
1 681 8281
1 3502 6690
1 1530 9146
2 537 8356
1 8706 9617
1 7661 9066
1 995 5298
1 9051 9581
2 6698 9227
1 8386 9133
1 5586 7561
1 5337 6403
1 7644 8598
1 920 5239
1 6588 9590
1 4512 8677
1 3444 7478
2 8579 8611
2 2614 4374
2 1554 6040
1 4106 8313
1 5455 9260
1 7297 9552
1 1897 7773
1 133 9398
2 7767 8862
1 1178 6821
1 786 4821
1 5539 9367
1 607 3498
2 3033 3889
1 3638 9920
1 922 6684
1 1053 1250
1 3495 8625
1 9121 9367
1 8249 9894
1 3859 5520
1 6428 7824
1 4697 5218
1 7743 8512
2 8797 9729
2 8062 9008
2 658 7111
1 7700 8706
2 3446 4036
1 3785 4831
2 6138 7287
1 1637 4765
2 3178 8991
2 4122 5083
1 8591 9583
2 7227 9698
2 6244 9690
1 2200 6998
2 5453 7132
1 3188 4515
1 7624 9683
1 5950 8800
1 3190 7145
1 9868 9893
1 3151 5170
1 2584 6990
2 871 4826
1 7820 9234
1 8938 9328
1 498 1557
2 1470 3548
1 8330 9944
2 1746 7700
1 7293 8768
1 9775 9974
2 6202 8526
1 8769 9727
1 2196 8829
1 2575 7431
1 4329 7199
1 7147 8305
1 4697 6421
2 2442 2575
1 3319 5771
1 5297 5931
1 9524 9549
1 3302 4605
2 7846 7937
1 1953 6987
1 884 8750
1 5290 7769
1 787 7585
1 1793 2696
1 1443 7009
1 9993 9994
1 3070 3194
1 2848 9347
1 2545 7705
1 5917 6518
1 4227 9851
1 3166 9197
1 8549 8738
2 7377 9051
1 7277 8392
2 1725 5462
1 2558 4469
1 7539 8581
1 3025 5022
1 473 2145
1 6451 7152
2 9092 9475
1 8327 9526
2 6862 9522
1 2937 5096
2 4012 4194
1 1910 4568
1 8511 9609
1 6442 7523
1 1378 5032
1 5198 5816
1 7299 7370
2 3347 7295
1 4623 8693
1 757 2983
1 1856 1903
1 6465 6897
1 4343 5605
1 7954 8442
1 6973 7369
2 6547 7820
1 6057 8779
2 4142 4965
1 5829 7984
1 5534 6851
2 188 4964
2 6981 8662
1 3163 7884
1 3161 4931
2 5932 9564
1 151 2620
1 644 8908
1 3216 6908
1 4458 9506
2 8224 8962
1 6833 9006
2 7176 8137
1 5618 6369
1 3059 6380
1 9380 9815
2 7334 8285
1 2286 7623
1 8665 8940
1 4366 5576
1 1361 1529
1 3099 4875
1 8224 9399
2 907 9057
2 8884 9944
1 2181 3344
1 1687 4537
1 3505 6036
1 5094 9908
2 5815 6644
1 5684 9758
1 6935 7297
1 693 2134
1 6756 7275
2 241 4715
1 2578 4571
1 3041 3476
1 4936 5968
1 4854 5892
1 5150 9169
1 4807 6058
1 3504 6277
1 657 1793
2 639 8071
1 2943 3505
1 4256 9016
1 9101 9549
1 7220 8708
1 7353 7650
1 2868 3465
2 9522 9648
1 9891 9991
1 8820 9131
1 2373 2987
1 8552 9768
1 1621 8466
2 4366 8143
1 2365 8504
1 6115 9608
1 927 1161
2 6060 6599
2 6531 8763
1 3366 9485
2 9730 9746
1 3951 6437
2 9060 9857
1 5962 8347
1 6762 6848
1 6762 7723
1 8760 9572
1 8616 9852
1 4299 7821
1 5688 7562
1 4256 4474
1 3808 7243
1 7827 8158
1 9236 9977
1 1353 8158
1 7799 9636
1 4122 7216
1 3828 4015
1 732 6784
1 3311 6051
1 922 9386
2 8086 9782
2 8023 8534
1 6869 9082
2 4853 7866
1 5673 6395
1 641 8158
2 4036 8515
1 1206 3368
1 1985 5660
1 2595 2791
1 2928 3673
2 4063 6456
1 1698 2228
1 3745 8273
1 6187 7765
1 8664 9847
1 7971 8790
1 884 7820
1 7361 8772
1 344 1608
1 5967 8453
1 659 5056
1 5033 6544
2 1255 3931
1 2373 9734
2 6003 9668
2 3250 7545
1 3183 7192
2 2694 9020
1 2751 2960
1 7479 8343
1 4868 7686
1 2674 6223
1 9649 9669
2 1563 4214
1 5415 9373
1 3165 4133
1 3408 3632
2 8336 9590
1 8824 9398
1 7543 9095
1 6810 8247
2 1125 9859
2 7619 7726
1 1810 6083
1 1920 6537
1 8662 9568
1 1501 3428
1 5248 9739
1 4305 7851
1 800 5047
1 3706 8005
1 2840 7856
2 3754 8612
1 5289 7029
1 5870 6074
1 2481 8170
1 7747 8450
1 7692 8781
1 9727 9975
1 7686 8830
1 6144 6798
1 1650 9684
1 1252 4019
1 3072 6108
1 5015 6187
1 1718 6627
1 1848 4229
1 4755 7996
2 4360 7776
1 4378 8006
2 5914 9421
2 1724 9875
1 8372 8894
1 731 2547
2 8014 9147
1 5858 9100
1 9065 9236
1 9435 9798
2 1626 5469
1 5054 9990
1 1320 1622
2 1364 5394
1 2946 4493
1 8060 9610
2 5766 7209
2 5047 8319
1 475 4189
1 8514 8728
2 3118 7840
1 871 1377
1 365 7871
2 6171 9533
1 5274 8285
1 8798 9749
1 7817 9291
2 7993 9487
1 7094 9619
1 9126 9778
1 2530 9303
1 4187 6416
1 2231 5932
2 2216 5142
1 7739 8657
1 5852 6118
1 218 5424
2 1426 2303
1 687 7229
1 8845 9218
1 8690 8876
1 5811 7267
2 6670 7252
1 6358 8664
2 323 7365
1 6403 9140
2 4840 8478
2 1920 5037
2 6923 9115
1 5996 7350
1 1885 7098
1 7957 9497
1 2751 4360
1 2330 7545
1 6571 9428
1 6957 6969
1 3949 5909
1 2143 8908
1 353 8126
2 2636 4045
2 317 4925
1 433 7932
1 6255 8320
1 8097 8967
1 3902 4269
1 5221 6441
2 3268 6245
1 8548 9913
1 9676 9708
1 8100 8494
1 4197 5180
1 844 3835
2 917 4425
1 9619 9879
1 3300 8920
1 5276 7544
1 5633 6739
1 1061 2989
2 4350 8895
1 1004 2222
2 307 3052
1 2187 2571
1 1485 8641
1 4628 5495
1 6446 6710
2 173 329
1 4128 8971
1 1143 3051
1 1383 5965
1 3869 9973
1 6450 9592
2 1612 4845
1 335 7378
1 1659 2586
2 3995 6795
1 4146 8491
1 7881 9346
1 3450 9085
1 1822 2940
1 5789 8272
1 7600 7660
1 9380 9629
1 1440 4990
1 1475 4163
1 4569 4725
1 1909 7196
1 1096 4197
1 4873 8788
2 3501 6718
1 3922 8619
1 3247 6625
1 9941 9965
2 5736 8168
2 4410 5632
1 8413 9938
1 5605 8023
2 1599 2786
1 1723 9515
1 3291 8172
1 1742 3754
1 666 6345
1 2294 7434
1 8087 8808
2 2667 4247
1 544 8894
1 9132 9638
1 4074 4937
1 5025 7137
1 3177 8389
2 893 2685
1 3560 5329
1 3602 9538
1 3281 5519
1 5118 8998
1 5591 8301
2 2008 4793
2 8399 8742
1 8070 8636
2 8087 9961
2 9656 9724
2 9666 9969
2 2808 6801
1 971 1012
1 1421 2751
2 5527 7718
1 4669 5242
2 438 1608
1 9432 9509
2 5742 9420
1 7154 7547
2 9745 9795
1 7352 7537
1 1822 5161
2 9877 9940
2 6909 8584
1 3496 7949
1 5046 8205
2 3165 4344
1 1474 5992
1 2737 7606
1 5120 9057
1 2037 9162
2 7473 7778
1 2623 6982
1 7501 8452
2 4412 7504
1 9330 9370
1 203 7419
1 4323 9116
1 1381 7894
1 6694 7939
1 657 9783
1 8754 9293
1 9425 9686
1 1304 6313
1 4004 8627
1 3123 7247
2 4042 7546
1 4223 8370
1 2012 7953
1 4322 6775
1 9671 9728
2 867 3947
1 1985 5242
2 8008 9169
1 6549 8508
1 3716 8025
1 8071 8448
2 4101 6893
1 9645 9700
2 2627 9158
1 771 6994
1 461 513
1 4566 5670
1 84 2244
1 4534 5218
1 1291 9188
1 5574 5861
1 4088 5909
1 5824 7751
1 7967 9670
1 2578 6094
1 7826 7828
2 4959 8833
2 9905 9958
1 8500 9795
1 6125 9649
1 5205 5511
1 1283 6048
1 2873 9567
1 3065 7093
1 4019 8070
1 742 3521
1 1677 5210
2 3032 7702
1 2260 9767
2 9670 9883
2 5471 6769
1 897 6295
1 4160 4608
2 3665 9599
1 7654 9551
2 2125 3041
1 9280 9721
1 6490 7794
1 1390 4575
1 6171 7976
1 3693 5264
1 8066 9976
1 2906 5973
1 1697 7667
1 1579 2459
1 7367 9290
2 1968 6048
1 2312 5553
1 2693 8305
1 8271 9315
1 5208 5241
2 5728 6819
2 1801 8847
1 6069 7795
1 7756 8280
1 4168 8662
1 4180 6732
1 9631 9784
2 7004 9151
2 619 7926
1 7931 9476
2 4692 6574
1 7995 9362
1 432 7054
1 813 8273
1 2544 9690
1 9854 9958
2 5383 9027
2 9738 9922
1 7182 9209
1 8201 9029
1 7530 8826
1 6375 8665
2 3203 5836
1 6648 9585
1 6459 7406
1 2956 6449
1 9334 9988
1 8639 9654
1 9850 9875
2 6518 6690
1 3544 5884
1 5621 7872
1 1713 6499
2 8258 9137
1 6659 8387
1 2900 4670
1 2793 7246
1 8166 8242
1 9879 9978
1 3397 4372
1 4495 6693
1 6925 8636
1 3114 7030
1 2689 6731
2 4492 5060
1 5206 9252
1 2831 9984
1 8600 8996
1 5856 6053
1 6255 9666
2 7113 7329
1 9025 9488
1 5286 7867
1 7358 8737
1 4357 8483
1 8158 8540
2 6580 8676
2 6547 7255
1 6224 9336
1 1450 2793
1 3206 5838
1 3454 6842
1 6499 7248
1 5325 6560
1 3399 5587
2 4743 7314
1 1010 6464
1 844 4330
1 7910 8569
1 546 8652
1 5898 7512
2 4377 4491
1 7251 8735
2 3373 8352
2 1682 6670
1 861 2777
2 7431 9733
1 8019 8065
2 1077 1280
1 3568 8199
1 794 4797
1 4644 8188
2 882 4350
1 6193 7584
1 450 8055
1 787 3977
2 7652 9137
1 5255 9227
2 6846 8583
1 7427 7448
1 4530 6345
1 9899 9978
1 4262 9686
2 6294 9256
1 4453 5512
1 314 8850
1 1437 9849
1 3546 6905
1 9565 9888
2 215 7683
2 6226 7300
2 5770 7784
1 3818 7183
1 8918 9704
2 5683 6909
1 2736 2911
2 389 8115
1 8049 9458
1 7567 8693
1 9157 9601
2 2232 8812
2 6279 8882
1 5389 6941
2 6311 9391
1 2639 7787
1 2289 8947
1 8979 9386
2 7958 8535
1 7806 9132
1 9132 9161
2 3724 6080
1 1022 6009
1 7140 7449
1 9667 9769
1 8789 8873
1 7082 9890
2 5094 6561
1 4299 5558
1 8751 9613
1 7862 8485
1 1493 8910
1 6205 6226
2 7654 8599
2 1730 2224
2 4667 9294
2 8028 8832
1 5952 7651
1 4139 6484
2 7337 8074
1 8007 8898
2 8024 9414
1 498 4163
1 1993 4474
1 880 6682
2 7032 7246
1 354 4686
1 6908 9309
1 3316 9603
1 1394 4540
1 7609 9892
1 7556 8376
2 7664 8915
1 3919 6608
1 5586 8581
1 4302 4590
1 5231 8232
1 5158 6565
2 8990 8992
1 6651 7219
1 1972 7083
1 5381 7175
1 820 6885
1 4226 4278
2 836 4794
1 1474 4625
2 5019 8922
1 3108 5755
1 5621 8300
1 7450 9660
1 7308 7730
1 7265 9347
1 67 3638
2 4257 9794
1 9720 9913
1 3538 8120
1 7145 7525
2 6809 8064
1 8079 9496
1 1157 4850
1 535 3671
2 9572 9618
1 2772 6561
1 393 1725
1 7424 8313
1 8570 9634
1 6972 8438
1 800 8155
1 3934 6660
1 1949 2183
1 2263 8704
1 1511 9639
1 2019 8798
2 9549 9562
1 1569 1631
1 1158 8698
2 9092 9313
1 1409 2444
1 4610 9011
1 4412 5466
2 3008 7914
1 7779 9034
1 7799 8991
1 7692 7798
2 3993 7644
1 9485 9857
1 7624 8609
2 5634 6202
2 7817 8938
2 4182 4853
2 2262 9298
1 5907 8347
1 3032 7001
2 9887 9968
1 8745 8910
1 1409 2504
1 3944 5917
1 5481 5741
1 7370 8249
2 1480 6517
1 6525 6609
1 8276 9028
1 362 1298
2 1188 8975
