500 500
1 475 495
1 142 282
1 467 479
1 366 411
1 360 376
1 406 474
1 234 384
1 206 369
1 127 444
1 331 433
1 390 409
1 135 186
2 400 497
2 432 499
2 408 498
1 425 426
1 461 461
1 404 447
1 241 360
1 125 171
2 412 472
1 52 336
2 267 324
1 306 392
2 287 476
1 212 219
1 276 383
1 250 341
1 152 272
1 494 494
1 320 472
1 379 430
1 411 477
1 164 285
2 367 407
1 316 322
1 205 482
1 496 498
2 401 422
1 102 453
1 273 283
2 184 246
1 179 464
1 419 459
2 228 444
2 443 450
1 422 468
2 151 337
1 178 356
2 406 421
2 367 489
1 95 149
1 454 463
2 256 420
2 217 386
1 60 122
2 402 493
2 373 415
1 280 367
1 367 399
2 297 402
1 68 136
1 469 475
1 290 411
2 437 485
1 406 437
1 144 238
2 417 438
1 99 206
1 147 222
1 203 214
1 416 484
1 100 478
2 143 305
1 89 378
2 254 407
1 288 375
1 154 282
1 351 474
1 136 213
1 438 490
1 236 262
1 255 308
1 358 407
1 163 393
1 454 485
1 323 380
1 440 466
1 315 488
1 479 485
1 155 356
1 209 389
1 403 421
1 261 392
1 250 404
1 353 429
1 200 393
2 235 282
2 210 467
1 153 278
1 210 273
1 194 436
2 319 374
2 252 388
1 195 407
1 349 371
1 221 498
1 448 495
2 54 362
2 444 494
1 353 397
2 93 459
1 78 350
1 322 471
1 365 365
1 344 363
2 447 488
1 456 482
1 459 480
1 453 492
1 291 403
1 125 492
1 200 213
1 53 330
1 261 303
1 325 332
2 81 486
1 76 401
2 309 346
1 442 447
1 117 458
1 358 428
2 475 487
1 448 450
2 210 421
2 237 383
1 373 423
1 307 371
1 195 229
1 51 377
1 91 166
1 393 443
1 142 208
2 182 455
1 222 244
2 99 357
2 273 458
1 382 492
2 132 426
1 398 407
2 459 459
1 369 412
2 326 446
1 69 261
1 72 369
1 253 466
2 59 79
1 297 319
2 229 402
1 376 454
1 422 468
1 348 377
1 255 452
1 372 499
1 57 213
1 291 382
1 276 306
1 401 421
1 470 486
2 222 371
2 114 331
1 82 344
1 366 417
1 129 178
1 437 440
1 352 410
1 239 242
1 74 274
1 149 407
2 193 212
1 236 464
1 117 349
1 308 458
1 455 485
1 295 383
1 438 494
1 342 452
1 180 495
1 409 493
2 326 421
1 235 394
1 386 443
1 180 231
1 336 423
1 337 393
1 202 359
1 421 490
2 367 452
2 124 212
2 126 220
2 426 497
1 335 375
2 156 353
1 464 470
1 455 462
1 238 444
1 294 359
1 401 485
2 409 499
1 60 319
1 260 418
2 334 435
1 399 486
1 217 450
2 367 419
1 352 461
2 125 149
1 367 397
1 487 489
1 168 471
1 292 430
1 95 306
1 318 379
1 87 152
1 225 347
1 390 443
1 281 359
1 492 497
2 126 278
1 157 244
2 181 496
1 97 152
1 363 384
1 349 490
1 71 437
1 217 485
1 359 430
1 417 451
1 192 383
1 457 470
1 174 308
1 363 496
1 154 323
1 333 464
1 425 467
1 225 232
1 103 225
1 165 214
1 146 349
1 422 436
1 405 423
2 97 122
2 135 152
1 417 497
2 474 489
1 310 440
1 264 401
1 316 392
1 432 476
1 306 388
1 220 441
1 217 355
1 278 345
2 62 150
2 50 324
1 177 366
1 155 318
1 242 454
1 83 175
1 308 385
1 234 349
1 192 233
1 168 211
2 216 238
1 478 490
2 314 353
2 480 489
1 273 425
1 199 379
1 186 187
1 200 429
1 425 490
1 444 481
1 279 388
1 429 443
1 320 333
1 270 441
1 265 266
1 187 295
1 417 470
1 433 443
1 94 268
1 448 458
1 90 490
1 462 463
1 249 289
1 123 225
1 86 141
1 133 250
1 138 490
1 271 332
1 424 438
1 286 368
2 477 488
2 436 466
1 125 221
1 327 464
2 273 348
1 404 477
1 430 452
1 324 470
1 439 447
1 411 464
1 286 381
1 261 312
1 203 419
1 228 228
1 439 452
1 403 450
1 119 330
1 121 212
1 498 499
2 208 493
1 326 391
1 67 400
1 176 497
1 74 380
2 243 445
1 242 351
1 182 203
2 461 467
1 461 498
1 172 385
1 64 441
1 337 338
1 223 239
2 293 324
1 472 482
2 214 317
1 472 484
1 178 455
2 65 435
2 345 401
1 238 288
1 171 262
2 365 397
1 444 487
1 383 493
1 465 473
1 252 262
1 448 458
1 267 320
1 251 388
1 62 83
2 383 391
1 379 488
1 214 399
1 468 474
1 166 185
1 426 488
1 256 465
1 70 224
2 371 427
1 241 365
1 488 493
1 376 470
1 367 476
1 374 427
1 382 422
2 342 494
1 407 494
1 437 447
1 245 428
2 90 225
2 295 472
1 291 294
1 85 232
1 119 352
1 382 485
1 62 479
2 190 351
1 477 477
1 280 406
1 384 494
1 144 259
1 419 461
1 184 377
1 266 329
1 327 401
1 481 483
1 159 237
1 389 489
1 205 454
1 441 499
2 61 239
2 258 307
1 399 479
2 412 416
1 425 468
2 446 456
2 77 245
1 210 393
2 104 191
1 322 386
1 255 422
1 76 243
1 303 361
1 410 486
2 379 469
1 213 485
2 339 448
1 367 456
1 309 326
1 67 273
1 84 88
2 341 357
1 426 446
2 271 401
1 68 68
1 404 497
1 145 418
1 465 488
1 484 492
1 215 435
1 400 497
1 125 165
2 325 356
1 337 465
1 402 410
1 207 475
1 383 457
1 185 493
1 448 482
2 172 387
1 408 462
1 114 418
1 368 428
2 415 490
1 54 173
1 228 321
1 452 480
1 81 358
1 347 406
1 398 496
2 424 462
2 142 148
2 253 272
1 225 390
1 119 396
1 363 478
1 192 342
1 69 420
1 492 498
2 420 446
2 211 466
2 398 446
1 476 480
1 405 497
2 138 421
1 133 139
1 168 171
2 215 429
2 301 406
1 486 495
1 209 428
2 156 192
1 455 466
1 233 262
1 142 416
1 52 350
1 390 480
2 164 340
2 157 454
1 134 450
1 235 477
1 306 360
1 365 481
2 213 281
1 404 486
1 231 459
1 357 420
2 102 387
1 233 236
1 293 297
2 158 202
2 327 375
2 228 308
1 200 472
1 451 498
1 498 499
1 445 496
1 243 373
1 490 499
1 93 316
2 192 467
1 342 472
1 321 387
1 52 175
1 477 482
2 307 486
