100 100
1 75 78
1 55 76
1 52 63
1 75 95
1 70 95
1 85 97
1 91 99
2 70 86
1 78 83
1 92 99
2 85 95
1 62 94
1 95 96
1 84 96
1 93 98
1 82 99
1 88 93
1 80 88
1 58 90
2 87 88
2 58 75
1 66 90
2 53 85
1 57 71
2 63 86
1 59 91
1 71 93
1 59 97
2 75 77
2 79 87
2 76 88
1 50 83
1 83 96
1 58 86
2 60 91
1 97 98
1 53 66
1 93 96
1 85 85
1 83 94
1 78 83
1 82 98
1 53 54
1 64 87
2 60 92
2 71 88
1 65 70
2 74 85
2 51 57
1 84 94
1 81 85
1 65 93
1 85 92
1 93 97
2 81 85
1 93 93
1 97 99
1 51 96
2 89 96
1 77 87
2 99 99
1 50 73
1 92 97
2 76 96
1 95 99
1 74 86
1 76 88
1 69 82
1 55 63
1 81 98
1 99 99
1 63 67
1 54 75
2 62 67
1 93 96
2 88 89
1 76 90
1 53 72
1 96 99
1 91 96
1 73 91
2 95 96
1 51 76
1 71 83
1 57 78
1 63 79
1 94 96
1 76 90
1 66 93
1 72 93
1 90 92
1 70 97
1 94 97
1 97 97
1 92 98
2 89 89
1 55 94
1 57 74
1 71 87
2 89 97
