1000 1000
1 552 585
2 151 537
1 648 831
1 796 940
1 436 579
2 361 651
1 677 692
1 657 972
2 682 692
1 850 941
1 286 837
1 779 796
1 963 983
1 298 770
1 918 995
1 101 874
1 882 901
2 587 988
1 868 876
1 120 826
1 908 965
1 934 938
2 695 784
2 130 425
1 647 938
1 123 533
1 70 218
1 603 868
1 854 955
1 781 809
1 877 981
1 119 326
1 73 614
1 726 837
1 486 692
1 216 283
1 792 935
1 784 792
2 896 919
1 683 783
1 326 973
2 394 591
1 929 932
2 985 995
1 447 812
2 620 812
1 781 810
1 427 590
2 971 996
1 509 656
1 372 395
2 87 934
2 785 799
1 522 863
1 973 981
1 759 786
2 788 999
1 224 827
1 258 640
1 809 981
1 152 990
1 650 802
2 389 517
1 497 891
1 502 993
2 448 785
2 210 995
1 625 957
1 874 987
1 375 723
1 258 268
1 775 996
1 334 741
2 151 338
1 332 702
1 94 376
1 204 568
2 178 654
1 496 935
1 492 679
1 247 506
1 909 968
2 80 464
1 738 747
1 898 983
1 968 996
1 198 417
1 298 888
1 226 417
1 946 966
1 63 942
1 968 971
1 482 776
2 981 996
1 179 783
2 417 665
1 818 889
2 880 928
1 315 634
1 437 677
1 885 932
1 596 652
1 175 807
2 317 570
2 518 771
2 702 842
2 201 525
2 837 986
1 977 997
1 880 889
1 834 912
1 387 519
2 367 898
1 426 656
1 785 903
1 733 895
1 842 996
1 93 128
1 373 904
1 474 834
1 566 596
1 476 620
1 368 664
2 380 764
1 856 967
1 385 832
1 219 235
1 338 925
1 735 986
1 876 985
1 601 832
2 917 957
1 893 898
2 169 739
1 464 845
1 410 972
1 696 808
2 363 716
1 292 422
2 509 803
1 199 393
1 399 850
1 184 858
1 740 771
2 677 903
1 515 790
1 342 625
1 332 635
2 782 906
2 233 413
1 111 287
1 171 215
1 98 765
1 743 827
1 139 932
2 351 513
1 489 711
1 224 521
1 419 586
1 210 480
1 745 789
2 326 732
2 599 987
2 670 941
1 191 259
1 886 989
1 793 997
1 171 246
1 243 804
1 958 968
1 794 962
2 556 867
1 627 834
1 954 993
1 436 969
2 928 997
1 130 627
2 415 976
1 953 978
1 696 813
1 89 291
1 998 999
2 64 185
1 438 918
1 383 444
1 432 716
1 506 720
1 594 618
1 623 644
1 971 999
1 644 716
2 845 943
1 540 719
1 887 903
1 347 622
1 156 724
2 978 982
1 257 388
1 446 906
1 714 888
1 560 734
1 584 622
1 509 764
1 535 758
1 159 202
2 130 291
1 925 960
1 981 981
2 882 901
1 486 858
1 939 981
1 241 587
1 646 689
1 646 873
1 955 961
2 945 986
2 207 766
1 566 714
1 67 174
2 449 694
1 785 953
1 146 611
1 484 966
1 165 637
1 646 928
1 740 942
1 789 847
1 237 618
1 804 927
1 445 564
1 448 987
1 353 871
1 300 445
1 488 844
1 650 759
1 453 904
2 61 649
1 52 780
1 325 749
1 240 877
1 319 870
2 802 978
2 538 895
1 930 992
1 417 998
2 591 787
2 53 890
1 103 122
1 547 699
1 970 975
1 132 160
1 286 292
1 710 822
2 95 471
2 218 736
1 441 802
1 267 977
1 149 530
1 228 596
2 950 974
1 572 846
1 221 815
1 568 570
2 619 933
1 118 344
1 443 976
1 242 259
1 296 526
1 245 787
1 462 848
1 446 666
2 120 490
1 800 810
2 428 706
1 384 779
1 222 781
1 567 902
1 733 760
1 625 917
2 103 660
1 495 951
1 335 701
2 615 927
1 767 813
1 350 423
1 300 398
1 777 967
2 132 462
1 503 620
2 612 811
1 374 440
2 73 519
1 786 969
1 540 611
2 850 959
1 610 864
1 87 807
2 834 999
1 910 981
1 566 699
1 758 801
1 872 923
2 653 986
1 706 939
1 970 973
1 673 776
1 55 634
1 756 993
1 331 435
2 341 784
1 194 574
1 521 994
1 936 957
2 618 704
1 144 380
1 667 799
2 69 590
2 631 769
1 92 280
1 423 479
1 187 498
2 839 939
1 496 899
1 190 706
1 900 966
1 131 720
1 260 881
1 919 921
1 630 706
1 336 847
1 693 972
2 927 982
2 869 872
2 544 743
1 439 704
1 741 888
1 318 386
1 85 623
1 471 722
1 983 989
2 574 914
1 699 817
1 823 877
1 719 963
1 444 803
1 299 984
2 112 739
2 277 579
1 511 992
1 311 371
1 103 129
1 750 867
1 124 357
2 225 510
1 239 855
1 229 452
2 276 906
2 82 169
1 493 779
2 621 659
1 127 209
1 51 578
1 136 231
1 601 925
1 117 599
1 898 979
2 591 834
1 68 201
1 116 810
1 192 828
1 303 625
1 268 771
1 252 554
2 743 855
1 361 399
2 573 724
1 409 771
2 703 936
2 229 532
1 564 822
1 394 872
2 191 480
1 723 736
1 998 999
2 50 855
2 127 457
1 509 767
1 554 997
1 815 959
1 228 863
1 708 976
1 712 727
1 321 506
1 583 743
1 829 851
2 730 849
1 232 592
1 386 597
1 236 246
1 922 927
1 892 991
1 172 852
1 952 988
1 864 944
2 54 115
2 647 840
1 611 647
2 487 553
1 852 964
1 896 948
1 438 559
1 285 721
1 346 437
1 751 993
1 919 924
1 485 554
1 495 808
1 173 257
1 774 795
1 741 743
1 220 857
2 994 998
1 881 950
1 869 880
2 299 662
1 544 642
2 428 460
1 818 878
2 918 963
1 761 950
1 578 623
1 919 922
1 221 714
1 192 220
1 67 541
1 217 451
1 259 858
1 604 975
2 234 311
1 85 560
1 585 717
1 172 808
1 981 990
1 674 681
2 886 973
1 482 568
1 566 658
1 482 665
1 203 803
1 852 870
1 343 425
1 599 972
2 857 992
1 434 554
1 60 825
2 866 907
1 174 181
1 436 768
1 154 942
1 818 913
2 916 948
1 488 863
1 922 927
1 740 824
1 333 804
2 270 561
1 588 993
1 534 960
1 608 711
1 685 986
1 723 761
1 603 858
1 363 550
1 357 795
1 689 729
1 925 927
2 953 982
1 126 194
1 737 744
1 892 998
2 989 993
1 685 980
2 401 822
2 815 831
2 261 734
1 857 930
1 644 721
2 155 676
1 668 789
2 360 491
1 432 865
1 494 521
1 685 899
1 404 764
1 762 913
1 258 432
1 715 834
1 793 817
2 128 500
1 79 228
1 670 861
2 58 397
1 342 964
1 184 377
1 124 136
2 219 390
1 432 631
1 184 768
1 249 349
1 439 482
1 562 779
1 674 873
1 164 954
1 720 932
2 720 916
1 891 902
2 179 693
2 225 675
1 362 988
1 372 688
2 479 951
1 284 796
1 137 680
1 401 588
1 292 722
2 412 567
1 501 982
1 693 703
1 649 808
1 459 731
2 792 792
2 675 800
2 542 662
1 479 936
2 252 901
1 273 769
2 709 783
1 868 875
1 801 874
2 663 943
2 399 754
1 408 514
1 289 386
1 473 941
2 461 470
1 86 766
1 132 940
1 912 913
1 91 282
1 205 618
2 83 861
1 86 565
1 736 932
1 365 825
1 120 763
1 648 716
2 602 806
1 321 476
1 524 750
1 57 318
1 567 621
1 686 985
1 104 771
1 505 911
1 520 607
1 802 920
1 788 810
1 470 703
1 515 605
1 441 537
1 692 801
1 903 975
2 634 795
1 262 627
1 886 968
1 852 888
1 705 869
1 427 898
1 229 355
1 339 393
2 186 465
1 760 947
1 418 600
1 826 989
1 270 707
1 83 940
1 668 692
1 95 909
1 786 863
1 752 793
1 431 651
1 322 444
1 537 962
1 992 999
1 173 884
1 519 850
1 77 911
2 310 705
1 584 754
2 246 714
1 866 951
1 676 701
1 591 698
1 644 703
1 383 598
1 811 870
1 697 863
1 650 811
2 995 996
1 761 995
1 441 534
1 204 686
1 995 999
2 812 905
1 593 657
1 875 895
2 493 703
2 589 930
2 350 464
1 626 738
1 235 871
1 218 582
1 152 640
1 427 599
1 501 602
2 219 975
2 850 974
1 446 987
1 549 625
2 495 986
2 444 728
2 296 668
1 671 895
1 902 907
1 735 992
1 632 712
1 358 553
2 855 869
2 373 907
1 886 901
2 245 638
2 257 458
2 102 968
1 329 893
1 485 971
1 466 653
1 253 902
2 94 205
1 697 943
2 918 967
1 301 632
1 672 675
1 703 972
1 590 785
1 867 882
1 811 940
1 893 960
2 278 840
2 281 701
2 948 954
1 410 925
2 153 602
1 109 422
1 953 967
2 732 871
1 512 701
2 798 862
1 712 974
1 988 994
1 256 639
1 886 923
1 343 522
1 966 989
1 813 945
2 435 553
1 371 951
1 724 802
1 369 513
2 150 255
1 607 702
2 433 826
2 851 942
1 759 938
1 246 421
2 980 986
1 892 955
1 985 987
1 372 577
1 323 487
2 450 592
1 656 756
1 641 738
2 781 941
1 280 386
1 68 775
1 91 266
1 636 690
1 295 473
2 976 988
1 352 865
1 635 933
1 484 926
2 586 681
1 734 898
2 771 860
1 74 389
1 599 688
1 776 781
1 572 704
1 58 575
2 860 999
1 486 511
1 780 854
1 178 646
1 154 913
1 773 921
1 965 972
1 634 776
1 520 719
1 319 624
1 549 761
2 393 979
2 146 880
1 989 991
1 719 978
1 165 818
2 918 997
1 822 963
1 764 875
1 202 368
1 453 822
1 690 999
1 493 652
1 586 760
1 596 946
2 535 979
2 950 998
1 656 980
1 236 869
1 917 928
1 300 620
1 126 847
1 938 948
1 951 985
1 606 743
1 321 585
1 666 726
1 739 760
1 589 654
2 653 696
1 518 930
1 746 992
1 978 990
1 646 788
1 320 517
2 718 938
1 336 481
2 438 834
2 187 767
1 198 496
1 647 684
2 610 625
1 971 987
2 808 864
1 559 957
1 673 969
1 151 437
2 164 397
2 531 844
1 545 582
1 701 995
1 308 321
1 242 717
1 368 936
1 337 574
1 606 863
2 243 798
2 575 983
2 190 210
1 892 930
2 414 665
2 604 876
1 547 717
1 965 998
1 651 965
1 735 980
1 294 721
1 257 365
2 196 545
1 550 702
2 761 987
1 967 997
1 841 893
1 689 985
1 620 874
1 799 959
2 858 868
1 108 769
1 305 361
1 487 930
1 657 668
1 312 734
1 729 738
1 982 987
2 153 866
2 60 419
1 277 857
1 125 472
1 338 763
1 745 781
2 947 977
1 211 554
1 640 936
1 197 665
1 525 853
1 166 523
1 851 992
1 630 957
1 673 909
2 941 957
1 705 960
1 243 896
1 455 600
1 405 926
1 906 964
1 81 216
1 269 737
1 970 970
1 903 947
1 575 661
1 591 860
1 885 993
2 498 711
2 934 978
1 262 766
2 670 779
2 989 999
2 117 795
1 482 599
1 698 970
2 929 996
1 390 983
1 75 90
1 694 853
1 80 638
1 955 995
1 427 736
1 366 958
2 720 737
2 731 814
1 603 795
1 687 722
1 945 986
1 784 833
2 431 738
2 502 605
1 158 515
1 439 480
2 832 897
1 682 720
1 272 792
1 982 995
2 852 926
1 764 834
1 719 876
1 253 769
1 340 941
1 386 715
1 288 532
1 366 854
1 293 768
2 470 727
1 817 983
1 797 933
1 681 847
1 591 595
1 275 627
2 284 902
1 776 872
1 985 989
1 249 686
1 763 830
2 86 146
1 449 943
1 888 900
1 420 515
1 813 985
1 216 278
2 218 813
1 671 755
1 640 887
2 114 565
1 781 830
1 581 900
1 730 931
2 742 985
1 148 430
1 354 927
1 585 635
1 532 562
1 648 739
1 167 433
2 169 452
1 683 747
1 398 933
1 113 666
1 834 948
1 142 679
2 77 552
2 96 286
2 858 860
1 504 739
1 930 933
1 857 906
1 802 944
1 207 860
1 237 815
1 707 868
2 166 815
1 843 950
1 909 962
1 724 875
1 561 835
2 929 940
1 705 994
1 121 896
1 276 846
2 869 955
1 388 862
1 573 661
1 688 997
1 416 473
1 643 694
1 124 930
1 665 690
1 112 906
1 839 899
1 287 568
1 170 405
1 932 949
2 832 961
2 218 985
1 945 985
1 357 555
1 482 726
2 437 885
1 341 434
1 640 844
1 779 894
1 646 883
1 255 538
1 617 735
1 760 868
2 703 727
1 801 895
1 853 930
1 937 960
2 263 790
1 208 223
2 366 897
1 255 925
1 759 963
2 92 166
1 226 996
1 503 770
1 312 897
1 365 446
1 606 802
1 722 988
2 686 937
2 746 870
1 938 997
1 769 915
2 180 215
1 203 301
1 169 866
2 442 930
2 629 948
1 641 927
1 392 905
1 613 789
1 371 907
2 131 631
1 70 864
1 879 949
1 567 926
1 729 984
1 136 946
1 484 798
1 631 728
1 492 861
2 455 806
2 278 570
2 366 900
2 324 418
1 799 920
1 85 978
1 260 682
1 949 983
2 465 585
