7449
3918
837 1059 4538
879 1384 7237
858 2059 3727
301 1249 827
3790 4635 623
4686 7010 7232
2001 4854 6098
4755 5129 6026
3648 4947 2614
1393 6629 5832
560 5601 5990
1707 5921 1600
93 7444 1159
2150 6238 667
3341 3609 1185
3369 3813 2459
3505 7389 5979
1361 5880 5026
606 5294 3823
1689 4230 1599
253 4260 4183
675 1098 1874
505 3365 3880
4508 6781 6370
1678 6371 1213
1616 3497 4159
2267 7324 1297
3520 6617 6670
1939 5922 2884
72 6033 7184
3389 4267 3245
468 2608 2902
699 4813 339
3938 5727 3111
4176 5681 244
4111 6600 2909
1077 5444 4951
2146 6298 1287
4176 5393 2228
1777 2458 4596
2211 2956 4596
2684 6059 1008
127 2711 7422
5592 5703 7203
3541 6239 64
811 1643 5290
2056 3029 1865
944 4581 4409
5873 6727 3545
1474 5356 1461
4254 6401 4962
1165 6830 4830
875 2856 3040
830 3088 1100
2996 4796 2943
588 5464 6824
2210 2756 1837
2905 5720 6023
406 3787 95
5181 5947 5713
2408 4766 7287
2431 3178 475
3650 4594 1615
898 7425 128
2297 6173 1620
410 4629 5427
666 5484 2469
67 5838 1778
5934 7427 6692
366 3037 2703
870 4783 254
3784 6456 2369
592 844 5916
206 3094 2800
406 2081 56
296 3777 380
5273 5596 3207
704 4086 1223
3418 6571 6378
3664 4006 3995
157 6015 4336
4521 7074 7162
4211 5703 6657
2299 4414 5303
2404 4534 3595
3685 7155 2985
257 3760 7029
3635 4860 1433
902 6243 2382
904 6792 1748
3933 7403 3546
957 2963 2510
938 1962 4001
1866 2672 5098
2277 4267 3921
311 4484 1660
473 6419 1819
3106 4539 915
383 6178 5889
3670 4344 3256
2144 6058 6596
6327 6490 5768
2954 6251 3708
1811 2650 3971
4959 6056 5345
531 3210 7439
3580 5981 3290
2781 3462 1065
897 5027 1990
1088 2825 7026
2055 4235 5500
175 3534 1738
753 2002 476
328 1611 6575
821 2670 985
843 7086 6411
234 1304 5484
5926 6051 4621
6085 6819 5817
2075 7055 6971
2339 3065 6594
4184 5887 741
3950 6091 1160
628 4058 6849
2973 3512 1541
1901 5519 4993
5957 7348 5944
523 6467 6225
1331 6907 6247
4094 4543 6606
6640 6687 2141
4121 7402 4980
2658 5896 329
2937 5079 881
141 1970 5142
2657 5492 3569
9 7323 2704
5489 6996 2178
3838 6727 2009
2079 6615 4635
3841 6167 166
5886 6891 3924
2170 3062 1983
1148 6068 4868
5738 7434 6904
678 5351 6872
763 2428 2697
1415 5864 4561
4031 5581 1719
2758 2846 7129
1260 5868 4786
3244 7095 1178
638 7104 2583
3915 4826 3307
5376 6402 5976
231 5575 880
6198 6212 2893
1319 4353 5953
1099 7385 6484
1711 6745 7272
4440 5652 7249
5407 7113 4890
789 4094 7061
3244 4961 2341
4506 7101 2614
2720 3727 2034
3754 4069 7261
5294 7104 4392
2922 3991 2412
973 1960 6000
2805 5657 6685
6140 6233 5433
4889 7137 6033
2090 3826 5966
4442 4844 5336
4699 4789 3416
148 3180 3969
3395 4925 4616
4815 5135 5478
3039 4177 2793
1949 2163 6010
2837 2994 3444
6815 7071 222
3933 4862 2333
3788 4627 6994
3007 6519 6197
4177 6094 5695
2367 3609 3345
2639 5039 1571
3784 4827 1702
4757 5014 2583
2575 3288 2987
2626 3356 3826
2011 5958 2969
1427 4093 2606
1581 7232 287
1723 3523 1425
1904 7162 6617
3784 6907 3385
1225 6634 6293
5660 6141 4963
188 4998 6071
4608 7311 6682
3500 6760 4276
2731 6731 5493
277 2483 5007
1837 3979 428
3487 3734 2959
2562 4926 628
3238 7416 1343
722 2084 1772
332 5639 5257
224 665 7294
1528 4904 5021
1444 2114 1648
1836 6878 7144
632 935 548
4536 4732 3162
6685 7344 4721
2642 6096 5603
5478 5690 3257
5401 6363 5570
1164 3308 6894
599 2067 6702
3881 5752 3067
452 3964 1963
2684 3307 7049
6229 6304 6864
1239 6379 2577
754 5988 6001
1729 3785 4758
5627 5810 206
4302 5523 4145
1930 3787 3112
1088 4891 2798
1969 6791 7088
6604 6675 4421
726 4150 474
3646 6125 5729
5618 5804 7086
2524 3946 6787
223 3740 4221
2324 4625 1697
71 4271 6008
3008 7095 3745
290 7000 6416
2480 4805 3327
2077 6918 1071
623 5903 5621
5495 6952 4835
830 5593 2347
4459 6657 6126
121 5307 2423
2516 4288 6226
548 7295 925
5561 7375 1793
3749 6081 4143
6111 7181 3775
944 3530 2499
5652 6654 3850
250 5620 5249
2019 5164 6408
598 658 843
534 5898 1743
251 4690 3441
3461 3525 4280
803 4791 2769
5131 5239 1788
2148 4058 5996
649 6066 1002
1951 4086 7387
2228 4720 3058
4776 7359 5845
5067 6815 4200
497 1285 371
1135 4359 5496
5238 6414 5658
2863 4468 5304
4897 7141 5461
2280 3157 682
3531 5394 4545
5969 6877 3711
1564 7179 5214
1175 3910 6097
3663 6363 1933
4789 4943 1283
3766 4772 5455
793 3164 5696
5179 6609 6079
1322 2810 2808
1929 5760 5975
2278 2774 5961
2105 6835 6648
2828 6920 3080
5434 6384 3138
91 6924 2908
192 1272 98
1020 2766 4970
3547 6921 3678
227 1420 1604
4839 4975 921
2436 4180 6266
3142 4730 7364
1086 2104 6673
430 2615 4165
633 4251 5181
1057 2032 3031
3086 3989 1617
2480 2787 2247
798 1733 7360
2672 4453 7127
1926 4402 2750
5835 6828 7332
4275 7216 1984
133 3493 4358
130 3146 1376
3750 5482 4268
1505 6276 4673
2169 5960 6947
2448 3865 576
261 5262 1420
3993 4117 6036
582 768 7350
6294 6556 2000
4047 4086 1477
3095 3779 2047
3649 4591 2389
5615 5664 5736
3763 4062 7394
3459 4196 6717
19 357 489
2391 2649 3533
1867 6444 798
724 6114 2812
2690 4517 1505
1626 2037 5686
4062 4828 585
5420 6637 6271
1237 4764 4774
2089 5318 5512
577 2552 6242
166 2774 5340
3929 4313 5960
817 3560 3287
2576 5613 3881
4126 6904 7365
1682 6274 780
220 4928 3221
198 4745 1677
458 7347 872
3619 4341 6063
373 5184 3615
54 6268 2172
4388 6487 5650
1404 6180 47
283 3319 4361
5465 6685 2342
291 5623 145
2797 3741 632
2026 3815 3160
1091 3510 6947
135 4172 1552
1374 1853 1833
6276 7190 3960
2919 6942 335
2648 5262 7390
4093 7008 5477
149 2271 5336
5282 6646 3163
2583 4188 2370
2377 5899 6971
3833 6167 7171
5841 6563 3834
857 1500 4536
4500 5568 5068
1738 4675 1721
654 6752 6482
1216 4097 7404
2354 5068 4702
1835 5341 5932
1645 2515 1875
2207 2976 3443
479 5840 5062
699 2804 4676
2902 4528 721
849 7395 5292
2078 5606 6493
2353 4378 7174
2349 2907 2577
384 6163 2361
6138 7336 292
4845 5304 3658
222 2772 5624
1703 2433 6858
528 1502 6744
829 2613 4575
4920 5274 4097
820 6610 2366
5386 6843 2621
1247 6486 4691
2181 2873 2887
3993 6229 4774
5068 5332 1715
2756 2784 1422
4183 5904 6930
2600 6757 5159
847 6843 4768
531 1848 4904
4993 5804 4421
2934 5763 1500
544 6595 2746
299 4498 978
2582 5054 2407
2560 5382 2848
3392 4212 4152
5897 5922 3456
3402 6155 392
1527 1672 7020
878 1655 702
787 7314 5711
674 3691 2295
2173 5905 7340
4486 6582 6411
1023 2362 6860
3231 5294 7080
2897 3434 3287
4163 4665 5663
7384 7389 1174
3946 6988 713
736 6404 5945
267 7173 1303
71 5879 499
2513 5669 5398
2405 6970 2329
1535 6420 2833
4940 6269 1215
5638 6386 3175
483 1826 6003
3740 5385 1847
666 3389 443
3123 5189 384
4507 6395 1950
3179 3408 7030
5648 7292 3725
4415 6708 3962
701 1091 1330
2643 3513 7068
150 4726 7448
3774 5686 4068
629 6082 3121
1907 3459 1351
2834 5535 2447
4290 5123 5202
985 6482 1804
4552 5689 4440
2544 3911 5947
1166 4432 1355
2301 2530 1483
3371 4617 1190
1061 4408 3174
4298 6837 873
4214 4411 3585
24 4037 4760
1244 5914 5252
2708 6485 288
3844 4188 1296
589 1464 5896
3732 4649 818
5122 7402 6863
2980 3817 2828
5017 6138 2394
807 4069 5967
3504 5840 3595
298 2174 2095
5598 6570 2193
54 1727 6390
1014 7401 2367
2859 3819 6226
695 4096 6942
2071 7102 3972
2592 2731 6701
3941 5021 1013
4010 5359 5956
5384 7272 4507
2945 4933 2152
2651 6867 2681
1251 2579 1772
867 2788 967
3456 4475 2063
3708 4442 4935
3952 4395 4527
4086 6320 4364
1201 2043 5486
6 3673 65
767 5994 3862
2683 4553 6261
1343 1557 6953
2797 5532 3051
2357 6153 1444
3269 7022 1851
1134 1235 5335
1333 2382 589
329 3879 6241
756 2678 3250
2827 3586 6811
2915 5076 3247
5375 6007 7190
1073 5824 792
3942 7285 5208
428 2877 5036
1644 5182 7128
6144 7293 3123
1179 1202 4014
4566 7045 1324
54 2658 2065
2109 6885 2799
4850 5805 7347
4840 6466 3808
797 3670 1463
22 5844 6268
1077 2503 5603
496 1783 6241
3247 4958 2035
1499 6240 3967
6478 7125 5102
822 5009 838
85 5655 5354
470 5127 2567
568 3790 6005
2869 4023 7263
7016 7302 3104
3654 5620 4985
1512 5967 2404
5915 6058 6452
2612 3420 6794
368 2309 4704
951 3466 1185
33 1517 2418
15 5497 4628
225 6191 2727
985 2100 4266
5742 6112 5805
6333 6346 695
1989 5762 5270
2162 2811 1266
4692 6021 2760
1463 2327 6871
1053 5577 1829
1488 4009 18
925 6879 5690
230 2484 4819
1039 4465 389
5317 6769 3669
4826 5289 3651
5963 6270 2874
577 3320 863
2799 6073 2681
4913 6189 3559
310 1158 2099
5286 5944 4915
2419 5848 2683
250 5124 1556
5558 5980 3641
6263 6977 1425
1284 4010 4758
3606 7311 7022
2446 5932 6953
6581 7356 1303
820 4279 3512
34 4901 1286
789 1121 2
1450 2931 7025
2047 3385 165
123 3365 740
1482 3605 2304
1801 6041 7381
2290 5783 2019
4589 5991 2071
4405 5941 6938
6426 6966 3841
2175 4026 6452
3738 5976 1800
1732 1821 7093
4288 5810 178
548 3352 1677
1557 6486 1704
4198 6809 1746
1778 2032 4628
2014 5721 4765
3069 7307 2495
2971 6088 3845
3011 3305 2633
4484 7178 3052
1859 6946 822
1671 5258 3607
2677 7264 4188
1730 5129 7117
3732 7290 6778
1115 4584 1770
5060 5602 1396
2472 6484 2417
957 2264 4079
1879 6027 2640
184 302 1718
2994 4319 3649
113 3262 5182
635 4222 514
2121 2388 7192
1691 6488 5627
1000 5499 3549
1164 5027 4931
1787 2854 1133
95 6729 6244
284 2680 719
1603 2072 342
2826 5158 3506
3675 7266 6665
1953 4014 6043
6235 7331 2348
4375 5602 2166
1641 4345 3127
552 5377 5305
5579 5997 4386
226 3819 6200
1946 2192 1484
994 6144 6756
3831 4930 2056
2740 5054 6804
5581 6526 632
3770 3884 3600
5348 7285 5688
3321 6712 2990
4159 4949 728
3231 5527 5643
5823 6896 1595
1168 6513 1792
970 4976 29
2065 4667 4415
3808 4422 4669
4201 5998 5632
6643 7377 6810
2856 6408 5349
699 3927 3493
947 4530 6002
5151 6523 5645
3172 6356 820
6185 7015 4485
6966 7263 1746
2788 3766 535
3484 5118 6706
837 6835 5353
626 969 969
5698 7019 3559
3917 5662 6028
3767 4263 5158
288 525 3113
3455 6456 397
142 1823 7251
1219 3136 4649
1353 5150 5049
2642 2762 2528
5988 6145 211
6856 7312 729
539 3025 790
1130 2964 4171
2995 3229 4964
843 4025 6561
1448 2825 3873
5775 6114 3505
2413 2962 1378
2814 3620 6672
3821 5661 386
1584 6429 7294
5699 6686 2492
3514 5415 5605
868 2454 2521
2019 3441 6956
4651 6566 5656
846 3241 1792
1652 5613 2059
2372 4845 2323
4339 5846 4557
1151 7340 6797
5555 6508 5086
4255 6388 6726
2410 7233 820
1600 3552 6028
5253 6195 2717
582 7284 2780
1514 4437 1257
1871 4178 3145
1 264 2486
1969 7345 4874
663 5948 1689
609 727 2772
3566 6028 1285
1075 6157 5869
47 4241 6766
2956 6267 904
1333 7235 4076
448 3721 557
703 6809 1533
2481 2573 1504
984 2545 774
5005 5972 4631
2506 4084 5605
1583 5900 3677
3482 6035 6013
3230 6869 7022
1441 4012 1226
2506 4085 5477
3891 6776 1190
581 1045 3101
2516 6387 5351
3063 7409 1566
1876 4940 68
2781 4451 1253
5662 6487 241
4892 6857 2179
352 1984 3040
1367 7055 4250
513 2205 2625
3117 5509 5067
926 2691 6637
1190 1965 4964
832 1478 4653
66 2593 2308
4221 6794 642
1883 6371 5547
823 4156 1430
496 2048 1899
348 971 4877
5744 7077 7307
921 1290 6298
3276 5929 6209
1066 2506 7161
1602 6036 6983
6144 6762 223
129 6462 5382
1066 5445 4530
4495 7102 7147
184 4640 6909
1451 4708 1889
2258 6449 3647
1696 5066 5637
3075 3709 4144
1014 6555 624
1387 2262 4913
1122 6340 5377
2347 6749 1108
1726 5872 3889
651 3231 3540
692 1445 3008
1053 6195 3173
4837 4988 3593
4 6884 4588
4815 5291 6327
4403 6231 6170
1294 1326 6317
217 251 1691
3721 4797 1422
3730 4829 4651
2925 6280 4077
328 850 1395
4615 6885 1473
4290 5964 3748
1075 4164 7402
2354 3646 5477
302 7042 4983
877 5085 872
3445 3445 1808
1435 3116 5427
3847 4515 6703
3055 7327 4640
311 6701 7277
3816 5169 3875
534 2077 1999
5971 6289 5407
4131 6014 2982
3438 5476 39
3580 5305 1320
346 1770 6404
2406 6278 1769
850 7100 2300
565 2331 1523
2955 3551 5826
1207 3673 2557
2066 3756 2915
4116 6205 3795
4998 6262 1203
3509 6864 3104
2907 6235 5684
5963 6894 592
5068 7435 2427
1263 6546 645
1561 6265 2639
2421 5698 164
3824 6504 5667
3591 6967 4197
720 6830 4945
1753 6828 4123
3548 3642 3098
4917 6470 2910
731 2794 846
2145 3465 1893
3998 4149 5356
731 3833 3106
3948 4900 5674
2253 3386 3403
6045 6846 1604
4357 6872 5465
540 3518 285
2615 4919 5400
1337 5765 1994
1667 5818 4925
20 6478 5602
5630 6726 2564
4613 5910 1216
2283 6029 4787
465 6470 6308
692 7080 58
3864 6393 3762
7115 7331 1109
1267 2422 1303
2823 6275 5653
4537 6797 5832
6659 7392 5586
3970 4882 880
5105 6996 367
3284 7299 6201
872 2105 7216
732 5414 4368
526 6655 6246
7015 7374 5685
2534 5267 173
363 6999 5089
2574 3200 5830
1305 4974 7191
669 4701 5444
718 3665 999
1560 4690 5791
2573 7198 3282
73 2187 802
1894 6678 4072
2905 4082 5961
394 3437 6871
3596 5749 3798
1126 1160 1288
2616 4697 6982
1851 4413 3048
4501 5715 7127
42 2416 2227
2084 2191 2956
1516 3471 4881
361 2277 3797
1904 4963 244
5478 6890 2632
2757 5178 566
1331 4031 6146
1519 6027 6137
1569 6412 203
1057 2563 5266
2491 6868 896
115 5403 2149
2097 5066 1446
732 4607 3320
6145 7117 5671
32 1847 5599
3878 6157 3942
2932 5904 1324
950 4709 984
2337 7181 2463
2360 5286 94
3660 6273 4973
256 4605 6867
5463 5575 2287
3952 5124 1386
495 2356 2888
552 5279 510
4521 4570 3580
5348 5780 385
4883 6593 2806
2995 6971 5160
5168 7389 1119
2545 5583 3245
3078 4408 1136
2022 7432 6524
4118 6276 5389
5232 7323 3313
1371 1441 1248
2760 6098 3379
228 4162 2928
2516 3179 4762
1871 6674 2337
1874 6274 4583
2314 2571 5188
941 2167 3108
3408 7260 536
5859 6334 6650
1175 6558 7275
3486 6218 6201
6997 7215 4693
739 3331 1208
4517 6654 2580
3043 4796 5704
5504 6141 727
2537 4975 2094
5820 7159 1099
670 5766 3404
4296 7183 5341
3264 6433 2116
712 3968 6718
233 6967 5293
211 3240 3912
4050 6302 4824
2443 5822 2901
2868 6185 5562
2577 3731 4856
4020 5215 3273
4808 6802 5927
1765 6657 3802
3439 5993 4911
4857 6411 1612
1402 6404 5808
5816 6098 6990
3601 6495 1025
959 3151 4873
1639 4359 6424
3086 3562 3667
3355 3987 2083
1526 4079 7238
67 2840 1849
882 2870 3887
448 2376 697
1715 3538 2294
2786 5485 3886
261 2875 4873
4740 6173 588
3881 5268 977
1476 2466 3341
368 4294 2311
2382 5154 4592
1413 4313 3644
1395 1502 539
4704 6704 5622
31 302 7201
4430 6134 3655
2267 4626 1640
1625 7087 1118
4778 7376 3826
3008 6126 4612
3562 4827 4237
377 2237 6734
4379 5355 321
1306 2851 2825
824 3685 6550
2053 4933 2382
4494 6160 1606
2942 4675 6344
3164 3726 3172
1326 7388 4610
1196 3335 7274
1204 7414 5384
1603 4591 5405
1181 4128 3551
83 1441 1469
4381 4424 4512
2112 6499 3003
1695 1920 1611
5352 7429 7385
4734 5931 6560
806 6820 7302
3259 6394 198
2675 4371 6665
2166 2613 6164
1644 3069 1591
1259 4340 1016
3950 7256 7190
2777 4567 4629
3573 4782 774
5340 6998 6423
616 7020 4512
1891 6278 4933
1274 1729 1735
973 5833 7156
3987 6725 876
912 4635 61
799 1595 3630
1855 5760 2683
3052 5329 1781
1480 3519 3258
852 3680 580
195 7027 3980
6732 6880 6840
606 5027 3360
1505 2768 4416
2326 3244 393
1931 4928 221
609 2261 3819
2498 3537 1376
4489 4723 5702
2631 6030 4220
666 803 753
1729 6936 5102
1259 4797 5925
1813 5085 5806
5273 5770 5683
890 5973 6077
1563 7303 1596
3274 5901 1475
1653 6609 1979
305 1816 6306
228 1427 55
1714 5082 2923
2090 7185 277
767 2459 1998
2628 4820 2180
5064 5686 2197
1594 6432 6862
3664 5155 5612
1684 6284 4424
2835 6291 2186
947 4129 4839
2010 3733 1248
6187 7315 1275
4809 6437 4145
803 3865 4517
787 6502 4006
2168 4274 2642
2633 3343 904
6043 7417 6362
5175 5526 3051
3687 4284 4823
2099 5476 4005
4855 5570 3602
261 7327 4405
6862 7343 820
2956 3795 3102
1779 3946 657
3655 4424 1022
6714 6805 1599
320 3152 3198
2640 4195 6630
3475 5974 3911
359 1757 4652
3559 6190 5417
2785 2961 4023
6612 6894 6929
523 7175 3565
518 3562 1212
219 6545 7080
2315 6035 1144
2275 3660 6446
3971 5609 1303
29 2849 257
1421 7235 3143
4603 6991 5752
2286 2637 5529
1971 4350 2757
3571 6589 3164
3556 7309 890
1599 3120 3569
660 7442 3026
695 4605 4867
2937 4933 4784
798 3743 2060
3565 5642 1627
231 2192 1679
3449 4367 3461
2561 2743 3727
5345 5859 1883
3163 6181 4841
1093 2656 3864
5199 6442 1012
2302 4304 3444
1962 6401 4830
1050 1470 5607
2960 6777 929
4853 5571 4716
3152 5033 4027
3295 3747 4981
338 4020 5365
664 5862 7273
3281 7238 4315
4171 6389 6494
714 4050 6299
2716 5478 2536
3551 4370 1957
1359 6869 535
2155 4144 878
3850 4222 2982
607 6903 3873
3981 5411 3063
82 6985 88
2341 7266 2825
2101 5876 3940
1686 2004 6935
3606 6085 2972
107 1560 5727
755 1931 5845
1989 6961 4444
3553 4236 3833
946 5510 6563
182 4679 817
4320 4831 1384
4255 5411 1895
6639 7229 3185
1937 4079 7341
4565 6594 404
297 5119 5519
2245 3512 7330
4063 5721 5830
327 4941 5419
4951 5498 4957
2994 4442 3751
4985 5765 3679
2771 6293 5252
1177 6023 4434
57 7214 5216
577 2592 6177
1207 2944 3264
2201 2363 575
4230 4590 5698
4611 5366 3942
1858 7295 5932
1453 2366 2776
3449 6186 1454
1385 5310 3635
1769 3450 1188
1375 4536 6818
865 5441 2037
2110 5523 1158
4945 4979 6492
2385 2482 2628
1434 4184 4981
1938 2059 2491
1076 1127 5479
6111 6530 3121
1448 3569 2792
5155 5298 4573
2384 6581 6831
1138 3111 2931
526 4583 5054
4699 6099 497
1685 4492 2041
1638 3871 6296
3824 5809 4246
752 4508 7393
1065 5455 6067
2378 3338 4709
4574 5467 3876
1948 5791 1029
3927 4085 3835
2154 2246 2946
4464 4950 6021
4405 5905 3789
6257 6322 4967
4795 6310 4969
3172 5599 4494
1117 6692 1089
1863 4995 3940
3811 6407 923
2692 6809 1337
5236 5648 1381
687 7221 1519
1067 2091 4526
1 3902 5743
840 1698 5375
2457 3820 3429
3249 3557 871
1610 1760 2503
3311 5004 980
1571 4705 191
4407 6309 4990
972 1692 6380
206 231 236
753 3267 4174
6015 6793 2523
28 1730 1897
1026 2448 1737
911 4338 6562
2575 7367 171
1868 4978 2107
2437 5449 353
3538 6944 1125
727 3171 809
549 1269 4539
1129 2169 266
3040 3992 7095
3420 4290 4280
3539 6203 5139
4842 6227 6927
4053 7158 7173
527 3665 6423
4117 6562 1897
1262 7065 3338
207 1916 7312
4222 4260 7274
983 2546 6213
3319 7333 5553
2925 5777 6777
1377 4763 6426
2676 2999 5507
3840 5885 6304
502 613 3287
2676 5490 5953
6121 6464 2726
2797 6342 4207
2828 2978 2408
933 3856 504
4163 5261 7209
1597 5493 2113
3291 4527 4055
3702 6584 3890
2490 2809 6754
1078 2290 5508
2054 2635 3297
4493 5511 4301
1324 6102 6644
3389 5190 2111
212 1227 6880
3721 6568 1352
5960 6150 4176
1440 5155 3779
1069 1968 647
41 7180 2124
363 4651 6917
327 4476 4206
1244 3683 1424
4423 7274 5837
3424 6195 6679
3869 7283 5731
278 4201 5638
1695 5348 5233
3236 6796 508
4402 4849 5186
2527 7084 3249
6681 7356 4715
1348 7179 2618
1433 5583 3009
1789 6536 2920
3144 6613 145
2784 7295 7225
5219 6661 3840
1060 2342 150
340 5425 2252
1749 5172 7362
443 1475 6229
267 1901 4574
3964 6900 7222
1519 2577 5876
3566 5408 5215
105 187 686
3336 3915 6113
1456 2962 6966
562 7319 2029
2227 3125 1268
84 1589 4589
1469 5846 1695
2995 4731 5524
3349 5464 377
1417 3096 4645
1510 6294 952
1155 2197 2935
2035 5519 1195
6278 7347 3747
2245 2910 3134
2852 4789 4143
6544 6894 3621
2962 4709 5532
1265 6741 2152
2873 5614 3759
4210 5121 5334
2754 2995 6780
1196 3310 7016
1276 7217 2916
6172 7311 1034
286 1128 2904
326 4564 1130
1488 4650 5738
162 1882 312
221 1468 3389
5471 6535 5298
231 4010 2528
2257 5961 4646
2976 3521 7057
4692 6687 7073
3738 6595 1235
1188 2983 2628
6964 7080 4844
1124 6938 3411
3573 6255 592
1534 2832 380
1484 3978 5707
2973 4592 7321
1883 3776 5791
1402 2408 7384
408 1741 1249
4355 5655 2742
5094 7378 1872
3246 3793 4431
18 1266 3383
4414 6924 3594
1311 7279 4721
3655 7138 5705
4791 7256 1956
3428 5554 6851
1336 7261 4727
1672 1739 2699
4767 4786 4823
2674 6186 6106
701 3964 7157
2995 4246 7093
1817 5447 6869
942 3334 5413
1260 4257 4289
1286 1346 2802
1873 2372 3205
1611 6793 3353
4047 5188 1558
3636 7272 5598
3054 3957 6865
22 3930 4827
1602 7234 592
1186 2667 1318
1508 2449 325
5415 5983 5849
1521 5987 3281
344 6370 3987
5264 5721 586
813 6928 6193
26 7218 4812
977 6436 1688
474 4183 4473
535 6133 1448
718 6058 4049
959 2573 735
800 7116 3871
1331 6735 2682
1850 7280 3874
2249 2462 1137
5313 7014 5600
4631 6969 7425
684 1477 53
624 7075 2580
2386 5039 2606
1614 7122 4194
981 4980 1358
3186 3370 2550
86 4001 6554
640 7071 7083
5240 6377 5012
3291 6786 6026
1755 5748 6297
923 5696 5946
1901 4570 6725
1325 7448 4938
1206 4903 2417
369 2570 4470
203 4332 98
2446 2485 114
2507 7247 4347
460 5431 882
5838 7341 3549
108 6120 6442
2596 2847 3703
767 3298 4917
1247 5612 1613
5505 5854 1005
3664 4049 6319
2002 3998 5383
322 4764 3186
1207 1895 5245
1758 3437 2119
4891 6924 6549
5419 6746 5776
5262 5690 1625
354 6765 2775
5363 6917 2678
2530 7339 1546
746 6432 2846
128 3706 7425
5396 7167 3118
3363 6307 120
571 3023 4494
2487 5779 4428
6668 6951 4304
3844 7295 4974
1222 4464 3591
2403 2710 184
2811 3873 2120
3428 5295 6556
565 4270 2061
2778 5450 3699
6331 6738 5839
2711 2984 2663
3269 5268 5703
831 1543 5705
2912 7159 866
3260 4883 3473
3174 4971 905
4842 4963 3907
3445 4674 6556
3206 6738 1343
3357 3686 4413
1222 3174 6478
48 1360 1407
3198 6705 2695
1218 1989 601
4120 6951 1378
2570 5470 2830
3695 6563 4168
6776 7383 5658
1113 3061 841
631 6590 6692
31 5036 1299
360 5980 638
4544 7110 4643
4873 5769 5482
3447 6185 4079
3953 4383 444
1076 3152 3718
1728 3325 2252
121 6142 1058
2597 3639 3770
1095 6884 7377
561 1632 1259
2159 6359 4372
3329 7348 2493
1810 2299 3259
3281 4642 1821
4031 5735 1116
3968 5295 499
704 1438 4762
56 1163 1760
1312 3127 5878
1810 5793 80
4957 5499 1414
1051 2191 2987
2284 5964 6801
2844 6599 3794
2534 6755 4778
1590 7214 6823
3986 5570 3103
4339 5506 3978
65 1356 556
128 2085 5036
64 5103 5645
1873 4978 7303
2182 5801 4329
2884 5360 4309
1810 2498 2441
1220 2397 586
1601 5338 5816
4704 6745 1409
3312 3726 7313
2088 2301 4250
2368 4710 5685
1889 6216 1636
2537 4086 4447
2112 4571 2855
1246 3182 4641
1867 6178 7423
2145 5800 7221
1369 2809 97
3859 5841 380
336 1676 5364
4757 5522 976
3897 5917 6429
1704 6460 5071
4031 4709 6129
4039 4622 3968
3396 4516 1015
1363 3572 5721
1264 5745 6016
3085 7357 6559
181 3791 3541
5612 6640 6669
3922 7131 601
435 4596 6370
1774 5643 5980
2183 6290 2931
2521 4450 6876
3264 4418 3902
2845 3020 2614
718 6610 6832
3759 3823 1173
1689 2862 1194
857 6143 455
2878 6318 1860
1365 7414 6921
2397 6900 1059
2923 4390 2848
4625 7076 223
4990 5030 6663
1822 3020 5287
1040 5140 4734
3823 7419 2157
1359 5367 1706
1114 2198 3972
2767 3156 7173
1773 2818 1477
1815 5852 2483
4959 6779 6646
4087 4854 4553
3206 5724 4813
1328 2658 6325
1493 4717 4624
2408 5069 6731
1900 6766 6260
1059 3257 729
2063 5896 984
1974 6369 616
424 3416 2864
2260 5461 2646
3337 4921 3133
3624 7022 3442
2395 4005 1099
1275 1766 196
3928 7001 7101
6882 7160 282
2006 4418 3250
2902 6154 3347
715 6553 6206
3256 6533 5899
1863 3453 5590
1549 3387 7388
1948 4890 7363
523 3996 2360
1051 4386 2455
4996 5378 4929
5407 6490 3495
4938 5427 2991
134 2938 5742
1026 5351 367
827 1022 6273
447 7169 4083
1057 5315 4994
1535 4848 1975
707 3975 5015
841 5903 3241
4036 5979 4511
3555 6867 931
1209 2116 3620
2716 3700 2817
121 522 4941
1827 6715 160
1905 2551 6629
133 1152 4128
1573 6014 5212
2728 6552 5242
279 2100 1151
3919 6978 7185
2743 6326 2253
4125 5459 3502
337 3510 3937
1083 6312 5065
3839 6238 2576
3999 5419 2950
6006 7354 3764
4258 5584 2546
1174 5713 206
1905 4885 4333
1332 1799 4855
4553 5112 6543
612 3056 634
257 2428 4702
1237 2314 511
663 2407 5644
2845 2886 4186
3211 6460 3204
6278 7107 5132
2005 7014 431
2175 4063 6080
1020 6894 5242
1259 4826 5654
4198 7446 5718
3658 3777 4353
2240 3233 7269
754 1832 4907
5743 6910 2586
1716 2844 3552
1792 5856 4933
2192 2210 1018
2244 7093 5700
7097 7326 5859
652 4469 6333
767 7234 6923
2654 5070 5664
1738 5527 4703
5 3883 5873
2541 4640 4705
3671 6201 6368
65 6966 1763
2556 3140 4199
911 5921 1624
2814 5536 853
1089 2491 35
192 5045 2943
867 1352 2872
2949 6169 115
3724 4365 5985
422 475 1401
3690 5756 3424
221 2533 5606
83 4900 5975
2843 5104 3842
4554 7259 3638
296 4303 5450
3485 7001 6018
5367 5987 1503
1170 2077 2557
2043 7345 7071
2228 7117 4750
259 3733 5594
1001 7387 3327
4667 5287 3803
3081 5420 6493
2858 4820 5132
603 4353 3981
733 4239 4343
1297 4042 6255
4232 6772 4191
1199 1605 2208
5320 6348 5586
3702 4224 7333
20 6844 5057
357 4092 4095
4085 5821 308
2003 6584 4020
4561 4776 1997
1635 6611 5412
900 5795 4790
2045 5814 804
1774 6777 3008
6372 6396 3068
3465 4257 5825
4506 5142 4995
1372 6303 1814
445 3487 1671
3467 6506 1455
960 2640 6093
3028 3716 31
768 1526 7202
901 5353 5112
1925 2531 1940
2526 7044 658
4638 6902 238
3089 7435 2549
4275 6620 2203
1344 3537 543
4945 5034 2502
4137 7113 6484
3603 3857 3471
3271 7241 7384
3133 4366 3190
1884 2526 7314
3269 6368 5300
704 1943 6548
2584 6418 1486
4267 6004 417
1828 4609 3211
3900 6153 858
843 6683 4823
931 1671 1078
2614 4152 5115
3346 6846 3732
1143 6466 4482
5519 6349 1635
2635 4484 4164
4352 5518 66
4109 5490 643
2762 6407 3802
521 3354 6763
5304 7369 3027
4432 5307 2147
2635 4667 7087
4515 5404 22
3941 7071 487
2416 3152 1065
2529 5341 2103
2677 6827 1543
1372 6003 5082
369 3344 1650
3063 5825 6677
1834 5881 6185
5162 6496 1213
4593 6389 3691
1817 4393 1258
4198 7100 1810
3277 5704 6007
1821 4358 316
1635 4605 2263
1289 3607 5368
1626 4156 672
3733 6736 3587
375 3032 2746
4335 6878 3979
3884 4509 326
4265 6480 5007
1910 3836 5742
2000 5217 7070
4116 4775 4795
2966 5345 2863
5821 6418 7449
3044 6023 3333
25 5545 5758
478 1867 1787
1808 3326 5306
542 2164 7036
4919 5636 3657
5210 5483 2129
4691 7050 289
2274 4292 5900
2511 4191 2046
2062 6233 4368
3676 6757 7428
1154 3461 2534
4082 7278 7277
3185 6916 5811
4523 5463 3497
5340 7030 1623
3376 5274 2181
1996 6758 892
1410 1576 275
611 7233 1547
472 1173 5446
301 4225 895
795 3353 4341
3993 4446 2940
3632 6464 4914
204 6455 6536
5066 6248 4365
585 6545 1539
3804 6499 2010
1788 1873 5022
1082 3594 2165
528 1553 6026
1617 1711 7172
2244 5491 6943
2194 6482 294
294 3543 2990
1237 7215 3079
479 3558 5471
2302 4216 1906
944 5715 6170
4848 5601 4716
4223 4792 4609
998 3603 3565
2178 4247 6006
1068 1916 5690
6763 7302 7303
957 2072 5368
5260 5527 32
444 5422 783
49 2730 2831
4357 6947 1584
993 5448 201
806 7096 128
4539 5207 3448
1951 4293 1470
484 2602 4372
4026 6197 1145
4045 6430 4079
1329 3051 5838
1445 5056 1774
5145 5836 3340
4178 4593 5644
311 2570 3075
619 2024 2531
1815 2694 2587
4726 6726 4759
5637 7065 3789
4378 6883 4778
2515 5591 5959
2803 4897 2940
1393 3940 7173
3707 6302 6611
3028 6245 5737
2273 2312 5672
1202 3133 6603
1248 1646 2393
1586 6006 3379
4360 4367 5319
2171 6306 1631
834 5286 3114
2501 7384 6084
2147 4252 4366
116 373 2953
2220 4437 2898
1694 4054 7332
2818 4208 4504
1107 5915 3308
5053 5619 5123
280 3096 3615
663 4813 961
2371 5610 141
1004 1604 651
1468 3845 6412
1421 7373 3446
95 2964 1219
2890 3349 1223
4356 4952 4776
2424 5583 7267
1443 2120 952
7110 7405 636
997 4934 6065
4160 7192 4770
4313 7310 2951
2507 6073 155
1053 1438 426
230 2867 5370
5295 6769 7074
4657 4752 5949
610 5702 7225
436 5044 6279
264 2825 1067
6012 6549 3842
5621 6269 6515
5654 6425 4175
3572 5530 2318
902 7121 4926
5214 6567 4548
5017 5109 5848
3762 5536 3249
779 4188 3277
2622 7078 4074
678 2519 5241
2401 3416 3915
5690 7220 2577
693 1912 5518
1175 4010 6535
5798 6243 6272
4964 5852 4651
3189 4378 2049
1844 6002 6435
2209 5507 1140
1493 6485 1566
2948 7299 6949
994 3220 2156
1781 4328 6221
6016 7405 1745
1442 1903 3161
352 6231 6402
1233 6446 3141
2546 3987 5648
1512 6654 6504
1334 1654 1769
1402 5349 6173
4 871 4207
5306 7064 3034
3979 4863 5409
979 1570 2531
5892 6893 5174
1947 3886 2134
5262 6183 2989
4095 7247 3474
239 1215 4994
5271 5290 5250
4981 6720 6496
3143 7232 6499
4868 5427 1646
3289 4976 4519
1318 1540 2599
3342 5730 2672
1399 4303 5737
130 5564 755
624 3646 302
345 1688 1794
2604 6446 3220
3377 6183 194
721 7019 2546
3484 6353 3750
3695 4767 1800
4485 5083 2233
3327 6659 5642
2160 4095 7442
807 4926 6064
64 6097 2421
1476 5924 1553
2289 7392 6081
4586 5282 3976
2204 6693 2673
3190 6931 5129
3364 4690 156
4861 6990 5079
4412 5314 5402
794 4142 6253
81 707 6546
1617 2439 7243
1189 5107 2656
2211 4510 5841
4728 5669 6840
1068 3026 2079
763 1411 469
3076 4342 5827
921 6963 356
182 6183 1733
1784 5243 6119
1797 6579 495
6452 6735 6158
1895 2410 3763
4324 6592 6472
1679 3279 1777
3440 5265 6316
1771 3373 5847
4163 5721 4578
202 6129 4186
7127 7420 2837
2113 4639 2218
3189 7048 2102
403 3656 166
1691 5766 6993
911 2667 1826
1523 5839 6403
6182 6280 959
657 760 5335
881 3802 6607
4612 7318 3044
1841 2423 187
66 6179 6336
6 2885 3822
7086 7219 1803
3122 3826 4343
4515 6804 3785
5490 7322 5491
735 4114 5709
1806 7076 2236
1648 7282 5967
2380 4321 4171
4738 5317 1578
581 1439 851
2011 4047 2740
3132 7064 4411
308 5672 4292
2508 4302 3161
104 2731 6730
936 2540 3927
3064 6242 3425
3012 3888 3527
192 3538 4434
4469 5508 4946
685 4151 2951
4125 5112 332
2617 5705 6694
1045 6294 6837
2227 6179 6927
2910 7164 5586
2239 6789 1598
2051 5558 5340
578 7251 2088
2152 7292 1239
3094 5345 1521
1200 3440 7216
4502 5566 2851
3127 4599 2231
3605 7370 2819
2222 7426 6361
3086 6182 3056
2430 4829 5834
1348 1647 3335
3081 3997 6407
1603 5585 294
2653 3946 1929
4507 4955 4606
2871 3485 5472
745 3464 1871
3007 5321 4804
3948 5273 6726
1258 2807 7051
1478 6614 4497
2104 6859 6511
1891 4356 1481
6682 7200 6142
794 5714 7032
5841 6239 242
5113 5673 4283
5790 6751 4464
1715 4883 3129
256 5749 5220
4140 7104 2027
1879 2749 3161
84 6816 6336
1875 2717 4917
2422 3621 6103
6655 6856 4687
3651 6852 517
1527 1807 6591
5999 6536 7404
129 6507 2014
3174 3547 6729
266 6574 909
2726 6604 3848
5217 5222 3240
694 6681 3684
814 5717 2726
6918 7445 299
1472 4047 4066
2108 3639 1858
4774 5795 1342
2582 7284 1002
480 5845 6935
1178 5508 1955
1744 4978 6101
3679 6280 7406
1775 5378 3377
3881 7350 4086
2455 6693 1783
238 3548 7024
632 1178 1637
2025 6240 7150
2425 3919 6050
7113 7372 5199
728 6503 683
1975 2201 2687
206 6238 7340
2144 7374 71
2818 5660 1650
190 4916 7131
264 4860 7224
2334 6299 452
2987 4473 4123
5751 5833 778
5702 5810 4895
2729 3021 6115
510 2272 6213
1396 6008 5567
4645 5843 5681
6206 6657 1919
1154 4715 1759
1958 3884 5252
83 5572 3176
685 3471 7143
4486 5736 6652
1289 5434 1024
3754 4424 1716
2308 3380 3139
1053 6196 1552
481 4455 7042
1359 7388 4520
2010 7278 888
1677 5262 1061
2247 6753 4011
2520 4413 5272
574 1674 1652
292 617 6723
5012 6638 5762
1067 6403 5400
2544 5313 3173
4686 5146 3915
779 2632 5817
1954 3057 2498
6225 6289 1110
1239 3131 5309
2987 3217 3615
4130 5951 7233
687 3978 3768
3261 7078 1378
2001 6651 3728
4924 5512 335
3338 5548 4970
736 4267 2128
4083 4190 350
571 4421 7402
186 4805 7020
2899 6407 8
269 6812 1751
697 6756 5656
5357 5720 6774
6254 7425 6259
2717 4809 5571
2553 3602 6242
1470 3019 4076
2796 7398 4856
1574 6065 7345
114 5508 4588
4018 6105 2359
4671 6539 3187
1197 5075 6500
190 4418 1054
5819 6857 1752
1135 6228 805
1385 2671 397
272 4746 7040
1693 5506 436
835 6041 3250
3861 4177 6591
1928 3691 1758
4368 4573 4885
3037 6092 4561
1526 3009 2761
2183 3343 4235
278 6864 3247
5219 7347 3306
3407 7262 5514
4766 4962 4135
1708 3588 6787
3579 4239 617
773 1472 5403
37 5122 5293
2877 3479 847
1729 7421 1433
865 2214 2330
1962 4014 5590
483 5008 7379
2382 6970 4544
2268 4219 1016
3164 5412 3092
5662 6726 6441
3468 5081 159
3872 4519 1762
3584 4471 7410
957 5374 3262
879 3864 1851
3417 5646 5108
1420 4661 3823
726 2956 1654
533 3516 4738
823 3449 6300
3460 7192 745
2382 2656 2485
4845 5926 3898
4846 7381 7265
5733 6349 1204
4041 5986 3541
4591 7169 5647
131 932 1301
4379 5871 2636
674 7359 5517
4797 6715 1361
742 7045 1013
836 3433 4900
4958 5263 3752
1175 5144 4767
6793 6846 6405
137 4001 4745
1387 6449 5886
3593 5426 623
2501 7243 780
2033 5108 7305
2941 5712 1139
1936 4012 7234
5531 5878 5522
438 1896 6106
2168 2202 5130
6448 6623 3846
4782 6142 3459
5671 7126 6576
4764 7024 578
2117 5762 2078
1543 3979 3444
1893 6055 5634
2404 5384 6226
35 3254 5929
4419 4692 1885
867 1227 3648
683 5550 7299
3666 4558 4669
1394 6255 2237
6770 7272 5017
143 3178 3515
662 4830 157
5785 6459 7279
77 6515 6387
403 3629 6230
3293 4038 54
1188 4011 5241
5071 5093 4156
1988 2036 1561
936 4433 1585
1946 3228 4795
3696 7271 2768
1757 5934 1084
4747 6978 505
804 6877 1036
2125 5690 3560
2322 6613 4583
717 6549 1375
108 2360 3790
1606 5571 436
1829 2327 3402
2874 4507 4346
6543 6702 1552
3605 6450 2154
3784 4978 6064
2003 4529 3065
42 2215 5632
479 6567 3295
5955 6051 6416
4503 6517 115
2663 5570 2790
899 4412 1770
3058 3680 2721
2131 4578 4928
1805 1955 1958
1062 1177 3636
1490 5160 817
906 6253 6142
238 2058 161
2822 7345 1333
2251 6445 2575
803 2849 2886
6288 6782 7130
865 1035 4777
1385 5043 2130
5257 5712 6736
5712 6651 3361
459 4501 4959
3581 6275 3257
2939 4827 3028
2927 7079 7034
3261 6966 6484
959 5467 5374
4272 5625 5587
2448 5688 6880
1139 1408 2174
1118 3403 6801
3653 6589 5435
187 5770 5381
2671 3150 4737
2329 4151 6113
863 898 5010
1108 4176 684
3438 5965 5588
3835 5402 5789
3291 3521 667
1392 6189 5855
1390 3613 5
3031 4764 3790
4412 5353 7149
3642 5615 7224
5232 6170 7103
392 1236 3898
2326 3039 4345
3952 5455 2784
1300 5588 4094
6310 6946 995
4868 7201 1909
385 6582 2382
357 7062 4400
1787 5351 130
1714 5532 1503
4769 5789 5667
1651 2812 474
3567 6087 1881
3153 4835 1782
578 5001 5850
6118 7164 2148
300 6651 3687
644 3476 328
1233 7361 7170
4492 5832 6726
1431 1867 3782
2794 4200 67
88 3410 4602
3034 7161 4544
694 6576 3131
1785 6589 458
1221 4390 3287
3147 3994 5723
645 4209 5031
2843 6426 5459
2573 6084 3271
2128 5777 1131
1034 1558 1982
4786 5138 3738
3013 4235 5945
695 4150 1161
2531 6321 993
278 7247 3758
2352 3206 3915
2988 7271 4103
3804 5357 5103
1132 5850 4162
751 1634 46
3367 6831 3013
2230 2519 1997
712 1977 2700
2531 3712 202
5882 6202 6368
2541 3351 1882
4476 7042 6934
414 2968 5037
666 3962 5123
3806 4866 2086
2118 3060 1174
967 6607 2347
4027 6447 316
1109 2945 3836
5417 7157 3718
1328 2436 1519
1125 3990 4353
3039 3686 4123
1890 3167 1546
3242 5636 2703
1113 4666 5452
4207 4220 6310
3637 5314 2342
3308 6142 3072
1857 4472 4241
504 2119 7084
3715 7124 1493
1737 3571 7440
1971 3018 6195
151 398 6910
2876 7091 5317
1108 2547 6983
42 3421 248
6705 7077 5434
1601 4234 217
1356 6991 6330
1169 2502 2315
3219 7430 1306
5469 7115 6554
1355 4255 4739
3736 5284 5844
3950 5853 271
1850 3034 5888
293 6023 5485
4171 4576 3442
5387 5811 5876
4926 6051 3481
2837 3916 233
1169 1583 7267
2529 2548 217
1978 4091 1145
2230 5602 2304
6241 7296 5672
1350 3553 3338
6011 6421 6972
6210 6751 124
562 4747 3777
3690 6374 5523
773 6693 2279
1076 3556 184
5545 5755 6970
3232 3470 4018
2929 6084 4487
1066 2172 3488
1581 6879 319
6904 7115 1007
4290 5626 4228
2650 4494 1988
1369 1784 6197
993 4615 4164
1397 3550 6050
5316 6965 3936
3236 4800 3949
993 4246 1088
2806 6355 7216
167 3775 4834
3947 5772 111
191 3641 1510
428 4575 6460
4006 7349 4195
4787 5019 1178
2056 5451 3775
1121 2091 4671
895 4965 1868
731 6833 782
2399 3235 2071
3034 4886 2055
6016 6073 6159
5445 7302 4906
568 6394 861
1231 2264 5386
2574 3950 4005
650 6051 4547
3341 5011 5495
935 3624 4645
5895 5908 5488
3609 4833 2844
2234 4161 1005
6079 6496 731
910 6037 5370
491 6490 5054
1420 5018 2872
6953 6960 3255
1032 4322 3852
2114 6403 5473
6456 7439 4655
3363 7270 6171
4221 7343 7423
2061 5317 1455
3107 4399 1615
1202 2895 4659
2632 5260 3068
5293 5858 742
2989 5494 6484
4652 5162 2575
4404 4759 1443
234 3159 7046
2677 7389 7136
5224 6298 1973
975 6883 4363
4266 5897 68
2977 4711 1434
284 5609 2177
6672 7123 909
3372 5185 5705
2600 6404 166
895 5436 6285
974 6010 1728
7353 7415 7166
671 5966 887
5366 5788 3222
2084 3194 688
1732 3603 5311
2353 5040 7261
467 2051 4864
3501 4886 4779
4042 4809 1013
1019 6983 5056
141 7117 1376
2281 2337 5751
2239 7353 2944
2835 3895 5814
1208 2369 7403
557 4209 2848
4084 6319 4133
3512 5381 5949
1028 3493 5276
7098 7114 4035
5200 5919 2443
216 5474 4010
625 5856 1217
4060 5523 1130
2085 7061 2481
1022 7126 3431
3064 5071 3040
377 1378 3598
3508 5314 2669
1296 2583 5397
4869 6018 2351
1783 3861 3935
1658 7234 5822
2579 7434 2466
2129 4989 3356
1010 2659 3256
3593 4076 6916
2701 7270 5069
3832 5425 817
5885 6906 2894
309 5619 1709
3309 3546 2306
5632 7411 859
3025 6878 4104
3244 4057 128
600 4212 4733
5989 7273 3725
3245 6590 2175
1753 6785 664
1652 7131 1562
131 2649 2881
1797 3654 2258
53 4383 6558
3844 6504 52
2003 4077 1577
872 6397 6465
3644 5304 403
6061 6931 1714
986 6786 1248
936 6211 3731
3743 6638 1327
68 1610 2986
2010 3779 6197
1404 2853 2770
1289 2521 5210
6107 6811 101
4076 4921 487
2755 5867 5676
4640 6150 5423
1960 3952 5129
2472 3300 5084
3556 6397 3654
3844 6205 2846
3207 6978 1399
1671 5961 2553
1535 3080 2566
1332 3398 1559
6182 6400 2475
33 7168 2373
868 2160 4681
2328 2570 5513
1173 5571 6321
1530 5600 149
3295 6313 7128
3163 4963 2194
1760 4915 3026
4586 7199 2181
6573 7123 298
3490 6195 5360
2753 5506 3396
1297 5649 6317
853 6766 6326
1430 6434 4390
2562 3743 3453
526 1744 6389
3567 6785 3862
2471 6634 7187
4148 6389 4813
5106 5949 1658
1931 5574 5434
2888 4193 4045
1968 5671 6119
2561 6906 6259
1870 4210 6476
6591 7264 588
932 3687 6152
423 1435 6929
989 5278 2800
741 1151 4495
665 5608 3589
732 1958 1599
1231 2547 5155
1041 1239 4054
5907 7414 772
1559 4545 3807
2380 5998 6152
161 333 2200
3525 3913 4572
2981 6011 6711
922 2910 4493
1130 6475 2054
683 5920 1262
2982 5891 1028
3444 5011 3332
1743 5592 2238
1444 1993 3371
320 1173 2287
5478 5624 6187
4936 5153 2517
2050 5003 4048
1926 5353 2038
495 2154 169
117 6929 2622
3600 7010 1527
2894 4579 1371
2369 6392 7332
1415 4944 1528
922 2186 2077
1381 7152 1437
1004 2420 5513
6089 6800 5746
2857 3210 7284
693 2310 3837
2574 6052 4737
383 6624 6600
1693 1823 1181
771 898 610
458 820 7187
1823 2031 1359
3501 3807 362
764 7144 4148
2863 6281 5369
3750 5724 7312
360 2219 2582
1647 2202 1882
1303 4039 189
2927 5818 4347
4375 7189 1436
3837 5248 1557
1199 6833 3372
3486 6227 6837
3732 5634 653
5464 6766 6164
2093 6550 389
1544 3924 2027
2421 7119 7264
2816 4423 4771
495 6351 1113
1948 3183 886
735 3098 3175
414 3633 520
2524 7311 3929
2753 6567 6658
1957 2902 7241
948 2268 2410
5098 5732 1149
415 7273 6945
6480 7387 364
4450 5876 4391
1096 3522 4533
643 3922 7417
418 3535 3706
1761 3306 298
209 1021 6772
2300 6183 4764
1483 5568 142
1214 3652 488
1305 2906 5944
1367 5124 1840
2671 6154 5311
3736 5427 5064
3240 7141 5517
2968 6349 447
1378 3006 4300
1748 4616 1745
2535 5135 4569
410 6163 2564
1833 7141 969
2472 5101 3633
616 6553 4671
710 1731 2993
5497 6476 601
4089 6699 6921
196 2748 2095
4706 5861 4900
4262 7225 1996
667 3064 1542
3996 5315 6852
191 1544 2251
103 4929 2678
7370 7373 421
1102 6359 3779
2666 6426 382
185 899 1955
425 4405 670
4075 4729 5935
2576 4709 1722
699 1045 242
287 6093 6832
3514 7017 1869
1993 3129 3127
2427 4938 3707
1103 6255 840
455 6391 157
87 4815 5394
2461 6986 4939
6689 7066 522
4796 7236 3096
5966 6446 624
3338 7301 3731
903 2081 6574
2889 5691 6017
2224 4992 586
714 2526 4410
2203 5539 3727
325 5203 3451
3907 4622 3765
1192 2117 4538
2733 6385 1004
5321 6024 6056
682 7330 3528
1658 3284 3166
4500 5417 3374
1016 1462 4077
2478 2496 6823
502 833 7218
3174 3778 3392
3696 4010 4806
2812 4953 533
5202 7164 2493
111 6989 3923
119 469 4917
4301 4334 1145
3321 6197 5264
1343 2284 1069
1599 3883 415
836 4849 4870
3752 6105 7440
564 1634 2303
481 1080 5282
6337 6770 2607
1357 5611 4508
5800 6270 5836
678 2299 5002
879 2608 3151
1224 3620 3628
2126 3974 854
227 6462 1018
4426 7345 4961
1304 5983 2218
4183 5742 2278
642 1031 3539
3166 5318 1645
1913 5586 5597
3956 4464 2723
746 4182 3718
891 7266 5259
4565 7172 4350
5384 6694 1244
2570 3827 182
4805 7247 1418
3270 6719 324
1778 3317 5143
3903 4195 5677
1380 4627 5955
2833 4129 5683
858 4701 3010
1711 1853 3170
5802 5878 2122
6358 6534 7295
2992 5140 7230
386 3526 2984
3606 6178 585
3701 4810 2625
4647 6586 1832
3554 4175 5474
2558 5989 6792
117 1904 2604
3307 6821 6592
1399 6418 531
706 852 1307
3385 4190 4125
4561 4611 582
639 7314 4906
1344 1880 6497
1999 4491 5783
3477 3889 6621
1397 6382 3672
697 5700 4149
983 2773 6211
1279 5105 1623
372 5751 1958
6792 7254 1917
6619 7200 2659
1799 5883 6143
540 784 7105
1076 1762 7111
2632 7300 6034
2167 4707 6838
1923 6212 728
1267 6433 4001
1721 4506 1883
2267 5188 1455
1572 3208 78
104 4985 3309
1060 3969 4535
4420 5680 7242
6800 7136 6713
3437 4887 1336
3668 4425 348
235 3176 452
1526 1717 1847
336 1805 3847
2937 3601 5575
3991 3998 5433
1197 5201 714
291 7188 7320
1106 5375 1851
3872 5650 6860
4318 7328 6648
3580 5873 4054
3028 4950 114
1475 2969 3557
5874 6151 7237
6224 7008 2362
2653 6718 4034
4326 6231 2072
6783 6961 4193
3066 5340 4758
391 2727 394
1582 4472 6061
3513 4628 1505
1935 5205 3233
4467 4847 920
4026 4659 7276
5156 5521 2060
3660 4710 534
1049 1283 5418
2830 4029 1471
1305 2680 3663
7 3279 2554
2482 5274 5825
746 3011 5390
1215 3597 5923
3143 5208 43
456 2753 1624
1168 5040 5187
5546 6986 2043
3017 3798 3032
2838 4323 6296
2350 6863 7245
125 1910 5098
3632 5242 849
2341 5457 628
2055 7094 4110
1549 4851 4341
3393 5931 7198
1142 1233 6995
1340 3994 468
1922 4887 5043
21 367 869
6055 7193 5985
801 4271 1193
5401 6916 5660
149 4682 4657
266 5512 6139
158 442 2823
2958 6460 2940
53 6827 4782
4215 5676 4600
1458 6312 6262
802 6928 5374
1395 1908 5130
2775 7151 546
2662 6997 4914
896 5619 895
1345 5859 7030
918 2501 100
465 3418 3597
1197 1390 4516
2182 3644 6722
3003 3085 6942
844 1910 7378
3747 4612 5230
1260 4208 1827
2893 6520 2675
3602 4353 181
342 6741 3959
2978 3068 1663
525 7442 5981
557 4134 2959
744 5391 6759
4091 4752 2059
5818 6663 2393
3596 7042 2428
513 3785 6738
6159 6705 4957
38 6583 344
787 6651 5845
618 2901 2672
3407 6553 6249
67 4231 6416
2483 7383 5738
2775 3135 622
999 5909 6695
5621 7276 442
5013 5363 48
812 5656 1468
1568 3058 6281
4227 7336 3488
1335 6507 2632
4298 5307 427
3765 5995 147
2981 3635 1539
4879 6234 4473
578 1482 4471
1458 2232 4718
1761 6643 2867
1523 3361 3901
6502 7094 3125
3768 4063 3255
1100 1835 879
4306 6903 5924
92 1841 5436
442 7261 1478
1907 3747 3031
208 6933 4147
3344 5512 3314
2416 6718 1110
1552 2454 253
420 7177 3430
3616 5608 156
768 2760 640
5864 6037 3633
1962 4571 645
5717 6049 313
4913 5950 4774
916 2153 3907
2720 3898 7288
3956 4428 4953
6544 7147 5849
371 3004 3480
2025 3902 1909
3926 5609 2048
1250 2957 3232
4311 6696 1908
1001 7152 5246
5218 7180 527
3303 6560 3822
524 3403 463
5581 6173 7204
2131 7168 2193
611 2569 6846
5291 5680 1271
662 2537 1632
1926 5172 1957
1009 4520 4822
3427 4078 1880
1014 2083 7288
1333 3032 1094
4945 5529 6279
5823 6018 498
3083 3260 6901
1246 5461 286
2103 3492 4766
220 4983 3576
2332 3560 1983
4522 5762 6421
1425 2083 877
1382 4598 7347
3135 4713 3591
1022 1096 811
4850 6436 6940
1064 3382 1345
1476 6510 1764
1950 2443 3859
670 6706 1480
709 1871 3244
1268 3339 5581
911 1615 6887
3026 6641 2955
744 5747 4547
1158 4448 6451
1639 6021 6008
717 2093 1259
6205 6520 4319
4972 6803 2120
967 6119 1808
428 4329 3032
1026 4259 2367
2013 6687 5273
1234 2353 2355
1408 3740 2280
1217 3406 6539
3546 5443 4026
1070 3950 3616
3966 5747 690
3642 4921 995
349 1438 2234
214 4810 2532
948 5479 3303
2090 6040 2753
5082 6930 3575
2467 2607 4357
4154 5870 662
1197 3008 447
1857 4670 4148
994 5859 1556
936 5071 1869
3528 3996 7149
356 1765 822
2943 7249 521
2341 3875 7426
1501 2057 5365
1101 4127 885
5202 5355 4201
5038 7384 1003
1846 5227 5500
581 2644 3191
127 2745 5759
994 3538 1098
2274 5488 4351
1360 4436 1805
1906 7106 17
945 955 1676
6159 7038 6199
1182 3433 5769
1559 5977 6734
1374 5194 947
3410 5492 459
7224 7345 6515
4149 6905 4723
1519 4295 108
3393 3452 7335
4701 5062 4391
1921 4064 3009
3404 4781 4756
2063 4141 2285
4295 6107 4448
4755 5148 358
1970 3341 263
825 985 2042
1333 6731 1606
1027 4353 3320
4185 5466 1844
1536 6809 7258
1296 2213 7020
3887 6183 5644
2660 4381 4869
5498 5940 2021
2737 4044 4097
1879 3445 4944
7200 7236 115
2746 3765 1308
3057 3618 496
2144 2559 1504
4679 6884 1261
660 1061 3279
1846 3238 3317
3788 3851 4189
4651 7378 6192
1461 2238 6087
145 4141 1134
5120 5766 5891
4019 6351 3333
1852 7412 6402
4270 6981 5621
2866 7054 1778
440 6710 1664
5296 7114 7037
4779 7229 1971
6839 6958 1067
2336 6387 1916
1706 5164 5476
1592 5685 749
206 6433 3441
4552 5647 4225
2045 6036 2868
2229 6989 6201
4389 7140 2847
950 5133 5
940 6635 2950
3747 4645 1290
254 2601 4569
6003 6359 5445
1704 7148 1657
2767 6750 1897
2091 5958 3198
96 4799 6941
1030 2640 4065
1831 3287 2611
2681 4100 7094
6166 6424 6423
1937 2178 467
4517 6140 4065
4421 5166 2941
726 1559 7411
110 278 6820
849 4540 2727
243 6095 2804
305 3220 5862
2283 2630 4042
2370 7177 4625
3255 6997 985
705 7348 3572
1355 5570 3284
2167 5819 7273
1678 2335 300
1349 6221 6854
2140 6909 967
3770 6949 1448
1069 4619 3882
468 2866 2323
1873 3131 3471
5313 5522 41
4235 6266 5547
5279 7015 357
2391 4210 701
857 4169 842
4990 7011 215
2003 7246 2605
2629 3462 1030
1670 6311 1827
2451 7033 1488
4448 5461 633
6955 7225 5522
4660 6590 4296
1590 4476 4026
4124 4427 3613
1939 2634 4417
5652 5880 4365
828 6054 5373
2192 2408 2931
2318 2818 5756
5804 7038 4812
946 5426 6612
2861 3043 1615
2256 4721 3168
3916 5077 761
1288 5188 1468
4253 6307 5616
943 5037 85
4121 4423 4378
571 3442 2505
1091 2590 5631
997 6275 1941
730 7148 4642
1454 4540 3579
4362 6935 6069
2153 4105 5014
719 4549 3887
701 4617 3330
3138 6094 1442
5646 6962 6836
1766 3981 4476
5445 7051 350
1978 6646 527
855 5175 3142
5712 6387 315
733 5359 4453
2096 5345 4729
2398 7329 2660
3630 5428 5402
3059 6664 230
1628 2307 4947
872 883 5728
1615 5889 5862
2305 5512 2714
339 4234 2349
4070 4510 93
4872 5451 2115
3125 4876 4943
1378 2415 2417
3245 7160 566
3345 4164 2887
3017 4978 5727
1111 4783 2332
901 7256 6780
2340 3886 1647
150 1570 5987
2098 2333 4239
2738 3734 1674
783 1327 6956
354 5737 2333
1575 4090 7251
2170 4903 434
954 1210 2152
3348 4343 1252
4160 4601 4653
4966 5944 7254
2030 6087 2194
3224 3635 874
1035 7050 1635
6705 7176 1960
807 4804 7340
2534 3091 5870
3606 5361 2296
179 2188 2722
3063 3252 2696
282 2011 6834
1908 2892 3937
3123 5223 576
4396 6315 5730
2434 5925 379
1881 7011 855
1124 2346 987
2960 3691 382
737 5718 4390
81 6523 6323
826 995 1392
140 5666 5865
643 6929 6449
3639 6242 4251
6393 7068 1520
2942 5702 3417
438 2340 4211
5590 5720 3753
2949 3533 4672
2043 7065 6287
1499 2743 323
215 5796 339
1153 2745 2391
1117 3111 694
4635 6910 4503
1476 3552 6288
682 3652 2288
1171 4186 7002
2962 6844 6756
1977 5982 4185
1514 3317 6498
3623 6263 6249
7085 7356 6295
6611 6921 5206
151 2321 2015
2650 4856 4010
1134 1940 3952
4761 7425 5987
1757 4055 977
6072 6469 7406
6588 7367 452
793 4275 4431
4164 4890 4355
1859 5289 655
3513 5926 2769
4384 7073 4471
6690 7097 4407
4025 6101 3063
1565 6439 98
2772 5440 4021
5455 5486 163
202 4429 6819
4343 6700 2985
3077 6376 145
2714 6162 60
2178 5878 4232
1359 6112 4831
602 2869 1503
1845 6023 3826
174 4445 5377
4075 6513 5384
3890 7016 1375
1126 5206 2152
3975 4783 1164
5456 6641 54
4349 4871 7028
3699 7161 2248
66 3085 1930
3507 5275 1816
2533 4797 6217
3418 5616 2261
2967 3015 7113
2173 5682 2205
612 4556 4754
4021 4244 1518
3461 7358 4616
2936 5867 1851
756 2397 228
1774 6683 6810
1146 5388 5912
653 6326 4009
685 1280 1936
2082 5196 7050
2300 7100 2670
1842 2512 5275
1539 5178 7235
780 2496 5025
3226 4987 4284
4420 5279 5141
2639 6103 3370
1346 1567 6771
5622 7151 2319
2189 3145 3500
3681 6325 3580
821 6414 6522
132 2509 5290
4134 4897 1744
1267 6268 5058
5614 5647 4991
58 6924 3742
624 2980 5958
1054 4130 6512
3164 6105 4064
1200 6604 1126
2892 7153 2263
1608 1976 655
2692 2751 486
72 1604 5959
1396 5931 5440
5615 7017 6824
1708 6655 1156
965 1308 1871
2733 6562 6350
1941 6863 809
2601 7121 2105
447 1263 1310
2265 6305 2787
2056 5015 6720
2562 4460 3540
56 3734 3176
2433 7027 1799
3841 6304 5150
6513 6897 994
347 1810 6793
5545 5743 1566
5552 7078 1348
285 2137 7392
1038 5018 2896
3401 3770 69
603 2564 4363
830 6628 4687
5245 5607 3203
46 1410 4262
3950 6838 32
676 879 5190
2217 5915 4759
1260 3639 2102
647 5547 371
4629 4827 4169
3752 4576 5606
1044 1724 5814
392 3763 1831
1904 5115 376
772 2641 1555
4471 5158 9
4450 6448 6423
2312 5771 1382
1717 6325 5390
2807 5231 7018
574 2589 562
2235 3916 5476
5350 5395 6968
894 3146 2692
3590 4994 5956
332 1628 2807
4623 6736 5978
3482 5099 2277
2945 7160 7254
6239 6642 248
4313 7381 1161
2803 2892 1677
1752 5148 7187
2147 6044 1225
224 3794 3278
2918 4952 4600
1819 4812 1451
1259 6200 385
43 2972 6882
4137 6437 1326
5610 6297 7006
428 1169 692
29 2246 3920
3103 4113 5400
4567 6771 1953
3384 7239 5291
1548 2723 2097
1977 2358 5470
3166 6406 4223
2869 5106 2534
3695 5432 619
301 3957 6133
2907 4288 205
4699 5826 5828
3814 6927 3436
4516 6940 7084
1659 5805 3099
490 6759 6708
677 5384 4641
3567 4155 1639
1441 2655 5388
267 987 5826
2990 3763 2291
285 6384 5088
1540 7112 2387
2441 2616 2642
2789 5816 4379
3397 5500 4355
4874 5176 3616
3253 6933 5840
2746 7286 6312
2903 3250 2031
3951 6473 4097
2199 5917 1787
1089 4225 1649
5904 6085 6906
185 3224 717
2614 6341 6103
5556 6610 4847
369 2771 430
5482 6935 7348
378 1427 4939
4804 6049 376
5248 6880 3069
3385 5541 1349
676 2061 3669
1008 3520 286
2815 3216 4323
1370 2208 304
5801 6936 2959
6215 6219 6172
4939 5496 3804
1857 6012 2408
1280 3798 6542
1256 2000 4945
2109 6028 7170
4841 5780 2329
3828 4924 7225
414 723 4
2183 4907 7240
1598 6009 5410
4214 7191 6472
809 6820 5139
2268 6819 5698
1470 6384 360
1254 1526 5788
1654 6998 1494
2833 6668 4346
1153 5504 6015
3311 6365 5809
1797 5585 3180
979 6575 914
2668 4882 1740
2459 7424 7137
2394 3373 3957
1623 1798 5681
5076 6380 6273
921 4704 2547
1789 6327 5586
2091 2460 4828
280 921 6644
2233 6021 3135
1604 2165 1397
3502 7161 2312
3011 5429 1026
2439 2801 454
2007 2759 2124
1614 6204 7230
1796 3729 3152
3617 5129 5386
6781 7094 2428
1282 3754 7124
2842 4347 4057
5813 6194 3900
5313 5796 182
944 1954 5928
6151 6413 2286
4369 6785 77
1709 3517 1391
10 4031 4241
2439 3134 2868
26 4236 4632
2892 3375 6838
2900 4858 3161
3433 5366 3851
4079 6367 3646
1717 6640 3502
3703 7075 3800
2186 6393 1836
849 6696 5108
3221 3632 7190
1286 2570 6355
3697 5845 5013
385 7368 5205
986 3039 6061
130 4074 1418
295 5782 4155
6139 6153 26
458 3283 3749
3325 4821 3817
1068 1141 4099
1448 6747 1284
6351 6707 480
78 7273 1147
6243 6815 3723
2333 3864 3419
3381 5977 5825
1276 3886 2829
5806 6191 6412
4998 6947 1482
12 3478 4659
1466 7131 6299
6583 6611 2273
713 6869 3678
2801 3336 187
2394 4597 1356
4844 6980 4548
3910 7247 1473
6075 6930 4593
657 3175 7050
1224 6977 1356
4906 7319 5557
4335 6786 6895
3732 7338 4608
2617 7410 7153
5433 6758 2282
2588 4160 3113
4247 6874 6405
3620 5819 3034
1576 2473 6914
1295 5209 2893
2808 5890 467
3858 5022 4300
2586 7136 3840
3836 4791 2355
2211 3894 5520
779 4317 6542
1287 5124 1578
2898 7362 1879
1137 6369 5881
1815 2258 6287
189 1856 768
4174 5953 397
215 3530 7150
1293 4678 5840
5272 6718 2587
1800 4123 5148
905 5869 3843
4950 5902 5326
1671 3271 172
1402 1688 2819
1516 3080 5204
963 6314 3266
927 7327 5165
1710 6390 4371
28 2375 3394
837 7058 6957
5952 6761 3168
1318 2270 3785
4558 6502 5686
1560 3919 6511
2298 2609 418
1011 1366 1015
441 7227 547
2385 2546 4987
2220 4753 466
3788 7030 2183
1950 7164 1246
3020 4598 2970
6259 6976 1697
4524 6653 6427
5139 5973 7137
603 5025 2669
1799 2905 3429
3615 3853 5860
1483 5342 7071
263 2362 4335
1236 2142 3655
2273 5957 4085
4016 5606 4353
1366 1582 3143
1215 7314 6492
2039 6218 1940
1225 6821 2039
2447 4026 2000
865 5195 6086
4539 6032 3184
1984 3000 513
82 1983 4456
5064 6504 4772
5560 7310 6273
4697 7271 3937
253 1007 1219
3890 5327 4923
995 4546 5253
762 5926 6542
2623 4955 1100
2065 3474 4430
784 7325 6946
3748 4173 2975
77 1245 1338
2682 7159 2891
3357 7132 4531
4814 5040 780
1146 5181 3352
3578 5206 6882
1783 4759 6887
6323 6827 153
68 5668 4277
858 1465 190
6203 6992 1751
4553 4918 165
154 3072 2340
3666 4772 580
4374 4802 4321
1967 4552 403
2802 4122 3633
1772 6015 3834
1545 5840 5160
4008 5267 3223
1907 4596 316
766 2328 5020
3656 5106 4130
221 6176 991
6394 6764 3704
3947 7285 5760
5455 5468 6691
857 2232 3984
4733 6487 3825
3136 6430 7292
5413 7434 7059
1753 2980 5871
1449 3395 2955
1176 3337 6304
2986 3925 3235
2021 7115 3738
1232 1647 4016
1481 1584 5492
373 1642 6313
4985 5594 586
1768 1859 153
6377 6790 2487
1060 4891 3770
1076 2128 5583
3604 5899 1701
3861 4990 2303
206 5397 4250
4893 5491 5529
115 2486 1845
3502 5545 4460
1975 2424 4001
1940 6394 1318
1860 6840 5273
1719 6146 931
2068 6854 2632
4296 6675 5795
3661 6836 6601
837 1133 4632
6913 7255 489
6942 7241 5775
3095 7239 1971
1677 7063 2511
4986 6416 3930
3758 5436 3124
3112 4411 1640
6809 7073 1423
3585 4420 5840
78 2373 3793
1312 1565 3313
501 6152 4053
5603 6358 3313
3790 6486 3819
1181 3298 1410
1421 6957 7149
123 1790 4708
1317 6077 3210
6273 6387 7444
6016 6134 5753
1517 3590 7031
435 1522 1120
14 4262 3905
5343 5814 3928
4861 7097 698
1420 6990 6661
5050 5863 5937
678 5744 6560
2560 3625 5773
3197 5612 4103
2148 2482 595
338 945 4891
4302 5875 1728
1564 6766 1747
4082 5949 503
556 1275 810
5680 6670 2561
33 1295 1522
1761 7290 7331
3471 7375 3150
1742 6727 7150
2905 7252 4427
1961 5459 4307
412 740 3371
742 3167 2122
2054 4843 7268
5506 6543 571
1521 7045 107
2022 2844 5461
4858 5570 7189
3536 4290 6615
146 656 532
21 7435 2513
4689 6430 5200
82 2470 6896
1277 2686 5573
2634 6912 1073
414 1944 3461
1245 2472 7347
301 3993 3597
2814 5504 6351
866 6133 931
5402 5949 4740
3351 5159 4388
882 1331 2687
2975 4479 42
1106 1279 7219
3642 5399 592
1239 3329 5039
5469 7360 3267
1147 2138 61
7015 7183 1820
2640 3279 6939
2752 5641 6794
904 6657 5490
4529 4948 2532
1383 6204 2445
6934 7110 480
248 4804 6973
1521 1613 6298
4682 6138 7317
1329 2653 4409
3580 5379 7137
1149 4966 3965
2324 4503 866
4566 4748 1759
2504 5771 2410
884 3371 7230
1959 4581 2039
1390 2363 6960
3469 3775 5848
3972 6748 2394
3422 4275 5046
1939 5002 5031
4488 4988 1031
148 1152 4038
11 5673 4087
4093 4155 2104
4416 6972 2372
311 2895 283
314 7369 1016
2304 2805 3230
795 1087 3749
1193 3262 5856
5508 6588 259
2881 5431 3270
614 1422 4804
5508 6468 1278
776 5063 3719
991 4784 5485
3307 4991 6092
4492 6457 709
4028 4745 7150
3902 4497 5963
4180 6798 2419
6026 6365 4293
1728 6489 1752
1083 6082 6866
404 1869 12
5443 5680 938
417 3188 1897
296 5062 6270
5710 6064 2987
818 4536 7077
3094 5523 3415
4584 4742 2781
826 2647 5348
2047 3090 3810
3135 5362 4419
724 3199 2902
3150 5864 7063
5110 6674 276
3265 4730 6236
4621 7382 4636
2265 4669 3388
1814 2073 995
701 6241 5407
4190 5151 6308
4958 6495 4045
2054 7244 210
3525 6372 1385
4860 5124 223
491 673 528
1625 3164 349
1681 4804 2725
4453 6038 3290
2483 2836 2884
5489 6449 2902
2711 6819 4113
730 4388 6302
369 5735 95
3689 7309 749
1084 5678 5585
83 4751 3118
604 2612 141
4248 5507 1603
251 2699 659
5985 6108 381
1276 5226 3949
5073 6419 2637
895 5304 3294
1549 5731 4980
2170 3288 1022
1769 7231 5696
3686 6214 4732
570 1754 6477
4328 7088 5265
5205 6669 7269
2604 4040 4776
1913 5360 925
5244 7348 3939
3879 4080 3869
872 4307 5632
5177 7362 1460
3295 4649 1418
4955 6770 2977
819 3215 6525
3176 3205 4214
842 1560 1058
5979 6335 1519
5014 5882 6070
599 5388 5273
2322 7090 6333
153 4729 3605
3495 6824 1203
573 6828 338
4134 6736 1961
4042 6428 5580
5281 5581 1568
2725 4176 7313
5110 7252 1295
4653 7005 5477
4790 7295 7193
390 5027 4797
1752 2827 6110
640 2045 6131
801 6814 2444
5650 7387 340
2931 2945 3068
4751 7392 729
2628 5331 2861
1818 7240 1582
1172 3860 5087
4151 6393 645
5715 7365 5628
1579 6613 6480
2794 6546 1852
232 1757 3624
2603 6224 3031
1655 1946 3389
1903 3689 5163
4720 6338 6580
3264 4036 1662
2490 4559 4940
2304 5433 5405
2858 5829 3459
527 936 2729
3145 4737 4225
1603 3584 328
1620 2966 4819
4617 5290 421
5504 6661 6524
2720 4006 1530
180 7302 7177
2006 3734 4974
2542 6255 5293
2309 6147 5417
320 7219 1559
1850 3646 3980
967 6111 5368
166 3790 3953
1165 4932 7085
782 4577 5897
1003 3743 2192
3815 4099 3869
248 252 6892
717 1718 142
4936 5723 3617
3765 6401 4059
4866 7341 878
281 7338 4774
2330 7078 7318
2447 5561 3917
1931 2789 4378
801 7215 3967
178 6958 3034
1472 4135 3134
2799 3994 2665
6224 7049 2665
5838 7303 6990
3018 5820 2190
2643 2818 5370
5164 5203 859
4611 6258 4056
2347 6170 4586
1143 7173 1161
2930 6329 984
72 5048 6551
3071 6376 5539
2834 5259 2349
3376 6375 7437
3396 5238 106
3168 7353 3050
3081 3830 5959
5658 6331 1908
2353 5859 587
1672 5784 6959
1866 2656 2956
34 5624 6897
649 6252 372
1367 5933 1308
883 2293 884
3683 4958 6802
1742 2739 1367
2541 4990 1024
4374 4481 5504
3250 5724 5005
4737 4832 4625
4722 5115 6597
4217 6672 7363
38 3689 1823
4656 6651 2434
45 4684 2139
3766 3862 1560
133 3949 5009
1499 4334 6419
3184 5035 2438
864 3817 2173
2062 6874 2722
2024 6889 6652
5482 5734 4906
355 4346 4672
411 3804 767
3302 4695 1608
5064 5455 7056
6197 6643 315
2152 4388 693
1619 5656 5167
1512 1708 1213
3444 3600 4244
279 2927 407
2635 5998 7340
559 2591 123
5477 6323 2658
431 3971 4291
7109 7384 2212
3120 5723 4248
390 2814 2333
3528 5509 2445
5169 5407 4235
2431 2814 3149
861 3075 2999
1267 7121 5698
2954 3261 3850
1341 7426 6954
1408 4033 5690
1871 2841 3089
441 551 3659
3065 4044 4194
1397 6768 3300
1645 3470 6890
1781 5141 5553
1972 2448 4014
4841 5979 3667
1649 5424 7277
4743 6200 573
657 5093 5493
2236 5094 2994
2601 6159 4557
5577 5723 315
3122 6826 2346
3088 5312 2114
2316 5439 442
5476 7167 5729
3479 6635 3843
4344 6918 7025
2710 5076 6251
2226 3539 6289
1929 6946 2330
1281 4565 5198
684 3498 4133
6252 6725 4130
1286 2694 5600
2729 3307 5474
624 4017 3035
1577 2854 3
2017 3996 6648
1954 4025 1145
243 2516 5825

