160
88435
22400
79879
3664
7742
21743
12362
17378
68280
24439
40103
89895
78966
30941
79649
9366
44072
76897
5783
59308
92581
60936
88416
32186
18401
29953
28945
63547
1188
91588
29744
2264
38572
98727
41034
58234
75639
6535
16730
58970
34967
71989
10726
17459
93007
71076
77922
37710
75501
56338
63825
61249
37996
74943
93108
39063
51263
90114
86470
12286
7116
3388
46012
38069
34898
55013
32143
72400
25024
32463
65789
99289
10246
64195
71214
8079
78940
67532
88605
94543
75733
50283
68213
59403
90553
58065
35301
55449
17056
54208
34266
40968
89653
9482
57647
79890
95464
95641
78512
20749
56090
12405
77621
7691
17780
31542
35122
4103
31911
76338
28923
6751
31857
23939
83221
7367
6043
14736
47960
43787
63647
54830
36082
25620
12184
46309
42095
37276
80605
19363
87672
19191
76514
24582
77783
55233
91460
53638
51070
28412
66687
27730
5070
50560
77285
23302
40369
58290
49836
42352
21877
14644
62114
25495
99853
40815
2159
70381
47079
5494
