1000
19059
12371
67594
9670
76437
17781
65288
61076
41599
86115
23508
15750
32033
42055
79005
80274
7191
87822
47773
27549
49628
16572
81194
99976
87177
47040
48572
30881
43087
27416
66576
19424
30120
52542
2746
88477
98325
60508
30407
23442
65982
81908
38032
59424
99441
21704
84558
34983
78033
1290
2116
7708
61926
30556
88305
37483
18897
37155
91126
64883
48204
57533
26572
93869
40558
59007
27828
26519
3901
50236
68611
31614
46202
33828
51682
64769
1410
75729
25377
27432
27868
14437
1896
38777
66420
84060
63289
84664
21541
73872
7875
22889
57810
6500
92280
17886
23550
88940
35264
90486
89464
98789
95855
2118
48602
37258
59046
26066
67481
79494
98816
28994
79714
68935
55854
54105
57088
17016
3179
95193
49997
15270
9556
77099
12379
99781
53824
26790
50194
98536
16303
78765
68150
99241
44880
82790
63587
75261
32284
40513
70395
20877
55223
36991
67958
70615
63387
28004
87790
55468
5959
45052
47071
72582
20826
56939
50768
19293
69293
5935
77951
12789
35435
28060
33917
13628
7845
22567
28190
88672
55266
18492
4085
27796
76728
51530
39435
41819
10166
28784
68147
78298
60428
36841
82568
55471
4453
8370
10490
62591
93932
18091
39611
85242
836
46136
18866
56246
11168
28033
33665
66920
86395
7050
2295
14339
87277
37273
14379
96835
84886
6199
42311
32707
1124
27454
2667
58441
66842
8708
26572
85875
93249
65982
13755
42539
2621
29266
8615
56316
75226
68330
14022
88311
45687
17427
21309
87596
49999
27773
94499
34021
79345
39349
47312
17503
57934
63521
59332
62577
58336
5154
44121
59261
93296
43955
75637
20773
69573
6870
58627
56136
8460
3267
88019
77113
32904
40475
34534
67863
68900
40936
9265
92622
74274
41368
22424
28078
85363
1738
85400
47919
38359
41057
19726
48708
63227
59573
54124
91418
31852
54205
11306
10838
8065
60634
21639
82644
82819
74744
61811
73136
92845
57467
95707
54189
70747
84480
2980
55037
67200
95209
67022
2809
62137
60988
18214
65853
9098
76543
77686
88326
44416
30989
4849
8580
43983
64472
3247
90216
51010
22316
80258
27315
50290
38599
36583
511
75040
66458
77008
48105
61520
79788
13876
64406
63069
21177
71543
56102
27082
90480
73250
24735
52693
58554
80385
98252
89981
3273
58919
97269
93847
64644
62796
42148
53815
72214
34570
49670
4704
85087
89805
90475
45063
22950
48806
51264
83625
46835
96827
29312
39151
62520
36528
57070
6268
62585
91288
20525
37805
8687
85144
99458
5593
33138
74575
83686
24265
8402
97107
71304
86518
64961
10062
61662
89201
65987
60362
17061
46725
45928
46433
67456
37250
40585
53568
78740
59909
74014
64805
95100
80431
99070
54566
57956
44588
62794
61698
90750
96357
1559
25039
31182
92883
63703
44223
11437
22660
35460
93066
9785
2351
54260
76484
64967
81924
66384
16741
29351
39057
98112
915
50562
93219
56331
13660
75065
54287
95698
82670
9566
84185
78347
15356
71328
82893
61437
72240
15644
35477
42003
36814
70340
61804
21122
3276
49773
67426
40365
82766
2358
73663
44519
73581
8323
52682
86543
84479
61613
8233
21047
80326
93371
55255
61805
38710
3849
22456
88644
79210
64488
66494
66410
45185
99152
98158
95908
15424
91405
34573
67314
77589
10872
84050
48080
44941
47166
79821
95375
75694
87006
63480
60800
14848
68028
37472
48123
63264
42347
10120
77391
2344
25736
92763
33607
72293
39509
98143
79971
59323
69404
51002
68259
34290
38742
38238
33086
11631
10146
89808
99863
77692
65959
53653
70877
10873
71441
14690
4488
78434
21327
9057
18011
22252
52889
83659
20530
50961
25552
72929
45334
17733
70377
29799
37557
23370
23355
90006
73310
61328
15581
40933
12660
5150
31068
21110
77323
66468
37620
46247
77864
15572
15878
13774
31655
43646
25492
18277
86039
88770
98386
43578
85503
3260
27024
78531
87699
15401
27511
13852
71936
32876
17464
15780
45751
32085
35198
78067
20908
16898
25054
77579
67704
93496
32226
17650
24870
82019
90859
15601
3697
29143
58123
6317
4819
3385
18764
34504
12209
97693
94584
71162
5773
19754
2522
6416
5420
51160
30269
37549
11075
29925
72750
46197
78578
38746
22986
47963
88623
65178
15586
44188
21123
83963
44207
96156
95983
18613
46416
44144
65899
821
92061
91384
14085
32707
12432
77448
51277
35300
5472
73535
8133
49105
71626
42507
57863
87674
93774
19193
33518
38752
71681
69625
98507
21830
65891
28848
15419
24697
86928
46956
2319
10964
22146
24020
380
90018
24809
7225
51022
74797
50514
5834
73551
64036
71179
54495
61383
93661
67738
96561
94306
43203
94028
17510
17165
59102
41141
92156
61601
2412
93406
85407
18223
35499
78512
17423
91553
9853
40068
52983
60372
56295
73164
19968
1442
79717
70011
7583
62727
29242
91313
71496
8156
18091
13084
31401
47838
56611
57948
84426
2853
98207
87397
93195
50016
16800
89240
18113
10066
32882
22683
10927
19195
78713
72598
55753
85598
69751
40491
61683
21420
76025
76929
55933
12078
25883
43642
76286
21572
20386
9947
53867
79077
28004
27649
78443
50422
96813
70486
76031
93748
52354
77597
59353
52461
95545
24063
34874
58039
84789
97372
48886
96980
2341
86914
9241
53037
19572
67961
36758
50648
59169
67045
76021
6641
35803
24480
81287
84179
34533
11441
54775
73964
99403
72459
47973
38717
83252
71106
66457
52790
52446
16252
10472
11535
8174
25346
1356
25236
13124
22749
21759
54794
29254
96530
93436
38332
5275
80662
44418
92862
81693
77143
45627
49235
86641
39651
95612
68160
59578
82833
25982
38435
71264
80192
98858
4581
6670
14269
74514
60904
17172
55075
2778
86589
40513
65563
89096
30598
71860
75846
22949
41085
31517
21536
52752
41293
75652
90
1135
57787
12611
2117
88559
20245
51495
7205
15476
75836
61150
6838
81142
95354
20788
1834
49576
35314
64235
16765
60866
74481
30556
82001
7304
37330
59729
6525
21583
29926
82400
68329
8549
56350
19076
59687
70315
10222
64237
1189
15429
66259
58287
69758
70910
80111
42043
82590
29257
56308
98463
84968
62775
18480
89770
25654
40046
15362
79751
47748
61776
14892
12349
7687
97254
51338
34948
3718
45951
57703
73498
63578
37214
45583
33215
11036
63621
14153
99305
27935
14257
64463
92995
15895
53293
95277
38948
99661
97300
77682
69541
49929
58037
70877
86163
89964
77369
3812
