9000
75543
66711
35593
16634
74216
99522
43044
67180
32184
77131
19271
85842
94039
12377
37520
21169
12025
35824
57417
69544
25729
13748
41534
30808
29898
26270
3201
23407
47954
4344
33993
28372
38149
32142
71841
83328
98517
44946
56609
83277
58912
24830
381
26924
11613
2526
46680
28366
50324
3031
75757
31416
9597
3551
3349
31633
70045
30062
67559
65086
12621
98402
20660
15974
14904
57702
21723
23059
53606
94125
95301
1308
6033
78729
90123
92793
57022
51340
77059
88321
86639
76277
80979
6600
81646
70525
30198
10119
3574
32608
80324
33754
41895
19662
65255
53894
9453
84964
49340
19588
82918
35923
28355
32187
12011
81457
2036
11592
34673
76534
44152
2301
64539
26578
44775
34686
55989
75103
77978
1689
68660
49625
84706
15265
91890
27245
70221
14306
59594
23569
3388
34879
49441
14920
59320
6008
57444
42443
46087
60936
66544
69283
9311
57074
41683
96734
78118
37694
5922
53631
77385
80292
26137
50980
72455
6567
92889
80564
96790
78630
86294
84687
7492
44288
52944
94413
85271
57434
12235
63689
42205
57338
10015
29076
54102
19211
27044
30729
6855
25947
22814
86826
68256
30040
59291
9830
46533
99368
90652
56105
77651
95573
87014
25333
53891
75309
41306
98830
46794
9972
78762
85809
47381
79419
76294
16774
13528
91702
89113
50790
46080
85162
40641
80006
70751
77208
82013
94789
47355
93118
57640
65533
4345
89072
38947
51858
16626
17993
55679
51768
48916
97543
50464
72571
31100
99270
61012
98668
90942
31735
22423
51393
19501
64143
77797
45677
11203
97301
59279
83905
70868
41308
64929
3839
5406
79713
73844
41705
50090
16409
18151
98027
31718
54100
63136
16453
19303
92205
80161
39512
64424
82741
98824
87908
55767
1329
59447
79347
84994
88669
77048
61684
22681
8520
50200
47055
52499
6830
39847
19897
98896
17928
97961
95309
48395
43191
14848
99234
20888
81863
94362
22367
50070
98455
67509
19640
78755
1662
39142
26659
69119
95145
98556
24364
26197
77181
90810
95913
15485
81690
67980
30846
87561
33644
56762
76232
9132
44951
31408
45884
7251
55260
8455
17569
70053
25545
96738
13879
88609
83612
89328
10271
9215
67925
34197
83938
88634
74978
3886
7491
94052
24173
98751
57276
84977
57438
22961
90681
24698
91256
85669
85549
81256
2550
82431
90424
35273
23453
17571
17076
61669
38209
34508
69890
60864
9872
38205
47270
74673
36682
2411
20779
95615
95594
42578
91844
88769
1859
51676
23104
9325
47773
25723
41457
65180
68282
97058
61450
40117
10354
91178
87348
42926
86555
4322
58447
66208
88598
37952
92956
42924
21932
8119
55576
27516
78629
42232
55345
35466
78565
62626
46280
3611
9426
17569
46545
7096
23341
74449
93579
47472
18584
42476
4907
34602
99324
10711
60232
4620
86269
4660
71624
39115
45558
13331
96804
70966
19526
21438
15431
60388
23013
57861
10066
15210
72605
20493
54738
78247
27516
47330
98382
31714
15622
21389
82690
33559
88095
456
88518
85024
19218
996
16576
16457
53144
96660
70765
77681
94922
88161
24552
31293
95817
51210
10481
74392
84332
24270
69765
81432
37924
492
74760
1097
8823
14438
69575
8380
68255
74478
46501
93644
41215
99375
15538
72368
93979
60801
8898
91035
67659
33042
98929
75214
80116
49525
58442
40891
68476
85261
24520
50845
66928
31555
18789
76275
97839
48314
75113
7117
22754
43143
81807
77509
95860
24249
37990
25416
15159
73522
21677
94315
80579
64997
96306
67005
96779
54284
78638
47796
8341
47960
6510
37160
78258
32924
87752
8069
74961
86597
8888
34953
21263
74834
82971
33783
78346
7032
59278
66919
57521
77286
27696
23591
38364
20156
9371
16203
18574
92845
59813
80812
93028
43338
72398
22289
63540
15067
77720
59682
56402
79591
59101
17833
31575
90421
78858
45632
87145
6109
2811
82784
1064
61151
59436
54591
16844
24398
24147
47546
50676
14536
52663
26058
69711
10733
52355
26469
62875
84195
84232
66369
96053
31810
32692
83097
25894
45583
4217
92907
75392
29500
83187
22862
57881
14174
6036
67400
68250
41729
34300
95387
68368
13616
36462
10832
21090
35533
92452
25216
69644
87586
41879
11128
4847
26953
46377
16616
45475
62595
78847
2060
94226
49907
28877
32015
23754
5874
21659
55594
52695
8531
26258
6
89168
75394
57745
91721
4943
82868
40187
64511
99164
54734
4229
52391
18146
56941
41641
11924
56518
25605
23044
87293
61588
56959
60354
64386
33736
95178
77387
54881
25137
50776
9207
36697
58274
27895
35817
78744
88939
48774
64073
70636
57265
48370
14477
87092
18061
49094
73657
84044
63701
61245
36304
21709
67554
20550
3142
63493
77658
76921
68259
62417
69896
31916
90576
1785
75474
39631
8916
89774
9187
47180
53984
25614
16054
28378
85687
97468
58620
72380
54882
92799
55900
16273
88952
20675
30577
29967
17936
83951
24567
89726
44492
46479
89503
33570
68007
11231
52832
22652
18225
31766
63625
91415
91205
15799
59189
29238
92488
47217
75822
57148
97202
74447
40732
35376
65219
55530
74103
97787
30427
18020
76233
23158
92910
17388
68401
57893
78136
68543
8565
69946
61028
68086
99820
3930
4522
83219
1332
25053
78760
82773
86345
29302
75257
51526
74454
30682
89470
36089
64102
96809
37577
99581
4691
2292
7892
12173
91731
42965
9668
29461
57551
72807
64376
64909
47352
23421
38402
1920
37499
48342
94599
5114
5511
81139
81049
1462
31843
50561
50119
96671
81565
72842
43399
45766
23077
36685
3000
45421
85088
82447
95039
50507
65622
58577
91402
82515
78964
89146
48236
61776
84955
57793
77743
46817
56786
6125
81584
67027
4359
69617
77297
42059
97835
84658
74764
39953
48743
62089
6384
5562
10591
3704
61710
29257
10591
75062
70338
44516
41996
44923
65302
29985
24336
20901
86866
92900
9045
14235
54927
74923
74087
92170
41871
41879
5841
18066
90941
61912
15511
16843
18806
68031
19051
47041
96916
13112
55526
57547
40837
85450
67326
56441
62033
17272
2947
78092
95144
79768
67292
22545
98140
31656
63761
26716
53777
31866
22377
59760
67713
50138
45227
25552
10001
17046
87327
49695
6495
87111
23022
79952
16107
32241
84822
77515
44465
86685
30784
92921
26778
19722
39092
32113
28832
4676
34079
14240
83274
22884
4270
76260
41828
83229
15337
36717
94712
98723
34638
97507
20148
84773
15964
64802
22945
91852
52226
1855
24805
821
33267
77769
54273
99972
34484
98519
41394
28358
85214
15390
91505
28975
41832
70310
6748
6226
148
71195
36768
41512
20191
13444
63176
81421
34842
7563
12801
64539
10955
62179
91547
54994
71593
46911
387
55129
31528
72875
93694
51728
99392
17995
79010
50727
98388
83418
9720
89253
97157
73478
38387
4597
9136
76043
54819
92325
1299
91046
77621
93848
98595
35280
24521
92970
57242
21787
91799
22967
10635
3952
87973
64147
73267
60935
67628
33779
35755
19392
83748
59385
86686
68707
89327
14834
20839
10983
10734
13382
78917
99387
23004
30172
44475
95393
50935
94622
57984
66660
28428
75331
38080
89189
77864
80494
36195
20586
68855
14468
20924
5299
27816
81297
3486
30441
91364
9892
86664
98824
53636
22855
26638
48156
43332
29783
97837
34908
72593
39961
98646
8353
75795
97745
35705
85896
11697
53576
7362
28890
52345
48238
83262
28645
95097
9307
28395
54487
77793
98584
37200
60902
78218
52937
16846
98139
35137
81309
84147
16630
33097
53956
82585
56703
26776
87194
79299
56287
47825
74875
54119
98426
5125
61231
38015
37425
43913
32910
61796
4307
47639
38772
18179
45742
43301
89609
71750
9596
95593
45125
89379
76271
9818
25856
3393
88931
88594
15859
77254
12514
87861
57525
11042
11388
94567
63731
79787
17144
11835
39938
93656
4541
86760
87948
24300
89066
16874
42091
89705
30268
69061
91514
49523
73872
34907
72474
15206
83421
89869
5770
48553
30253
84895
43479
19748
72548
44490
41295
68670
77384
36769
45396
27107
63587
66461
8116
43648
71524
8343
91095
13654
76959
49420
55970
89546
5929
95236
13717
80892
88087
31757
75031
94059
22540
73293
35786
80482
9639
62179
65232
67069
12945
72776
14259
63397
59481
26416
30300
39723
452
38807
45825
17908
90475
78646
44299
13768
3769
43885
5048
99153
57909
64227
96160
15049
15905
79587
32274
80506
28411
37522
19531
23563
16990
73309
76559
65073
32005
27914
63405
19595
94723
30091
34772
78619
79166
90541
42249
82837
23447
81229
72046
38628
34523
55858
66467
80558
31914
77655
44025
37229
45115
97035
79856
18122
76368
46772
26633
45732
78753
50099
30225
19092
96369
70415
98525
73302
98325
6744
15996
5106
23258
35152
43337
55005
89422
41359
63858
84042
28789
3923
61750
2817
39327
51085
2594
61969
42149
30642
25665
37482
13262
16457
11858
22548
65998
74039
49616
83381
98249
30455
62833
97612
26678
89333
62399
31985
15864
7780
42721
2744
32335
20246
38780
52822
43195
64987
76515
51096
19713
23747
16675
74085
84891
19175
33716
19695
94376
40612
79567
69019
14841
15937
7090
13074
7918
62473
66088
52403
41489
76046
99350
13802
92203
92149
79295
96637
64223
58250
26981
36199
31014
35869
90846
4686
65719
19452
17389
13842
62309
22751
78919
51232
60717
42922
70723
35060
94882
14509
14234
85080
72254
44453
64234
24804
29150
10293
87809
72461
72489
83488
33994
59315
99859
57243
36472
69605
97227
60178
85583
84900
38787
28963
47206
41784
54639
2917
260
33509
35574
44089
66071
16713
57196
17740
96696
13439
63302
68827
28089
51142
3176
97158
8737
5898
93324
53008
38463
68507
14160
21249
6864
80849
65778
49871
68942
36151
19183
82291
44855
40284
58251
83520
92851
43300
43297
5677
36593
98903
69264
68288
3266
99483
18077
97772
14321
34785
14554
50041
88052
84132
48490
51839
4260
9228
75112
3465
48711
1502
56316
29813
67287
2911
66163
59824
4533
31659
33510
65703
68701
12321
19664
84023
45707
82946
60433
54676
44599
58790
50928
31963
95864
69363
99522
92677
89599
24333
16481
44714
36541
51550
24830
41130
68918
33403
84029
91622
3007
90104
37078
54373
35612
94380
72657
62265
12372
71693
72445
62434
60810
57441
11121
71401
83551
41354
90175
42161
47869
63080
91763
6230
11143
85110
93658
16371
93381
74016
41237
4338
51573
85373
37599
87839
43086
89962
67829
74427
64802
7420
45801
82944
68955
49500
9550
5294
4082
78730
60001
26428
74303
61443
35248
68583
84116
75619
97975
11657
16616
52715
99367
61780
75775
53125
77085
18340
90375
9205
92804
31293
51378
55509
29450
21423
3423
34684
67208
23481
77817
42389
38095
36537
83032
77481
61742
91458
3870
37688
84458
82180
33495
10853
92972
74415
69469
60310
58839
57251
26803
70021
50048
26804
89765
20144
46717
69808
71651
83735
40452
50628
71423
21275
64500
73973
81898
80949
30490
74024
92408
65376
88184
36593
99202
48509
5214
82644
8043
63836
88904
95866
99365
14915
51701
39786
23186
58144
91174
62582
80174
44792
67047
45547
355
54764
45403
85262
5289
24066
93914
81925
44860
21715
68036
44021
68181
58842
1661
91944
43220
34631
58806
60712
75941
80175
14500
68136
96241
26454
25339
42197
38663
60701
28466
13941
81568
58895
61168
44578
42956
6237
16427
32995
63993
80389
67465
6784
18611
94406
2342
2299
82605
50236
79744
82360
12574
16334
20648
21086
25447
96640
83870
61429
99543
1057
73841
54624
17867
88978
99156
13557
46140
38771
65738
48570
68244
12862
95843
72808
3043
54229
62384
79258
82734
61875
75902
14056
51511
17363
60770
39115
18571
55035
22972
54469
33209
96726
29560
41771
4231
20334
7938
90448
74157
92075
72852
77140
67173
69420
51139
30051
94121
53311
66836
29909
2656
43968
42696
60472
2395
20730
6382
26390
43219
72487
44428
17521
16246
67204
74010
68042
96953
26021
95081
4887
32864
72558
59454
51057
77439
566
27301
89137
1453
85996
74606
86226
75770
97422
9110
9044
41692
8642
62734
8081
86724
5993
30476
36691
4065
79251
59481
99358
88668
72619
24216
31235
17322
50060
24923
128
76002
91398
48894
11184
534
89928
85178
28827
52544
78413
25544
26257
6266
49096
61841
75897
44704
79778
74413
92201
64298
11553
66346
6112
4032
21104
22070
32115
57954
41924
69533
26884
91665
91170
80735
15947
8417
95365
13704
1493
84002
66373
72070
43139
44506
24794
78026
87161
65901
27612
32485
2165
90042
488
10126
51440
77258
70174
77930
65397
28376
79642
61426
75369
12227
41629
41331
11102
20032
64664
1823
11840
28844
85070
14971
41340
14764
38215
87097
81540
85340
65166
72749
69266
6303
53364
41857
36448
52377
96585
25749
69103
52367
9748
58703
13010
28759
30621
511
89933
16955
57590
66383
80212
9899
61377
56517
47811
49657
67921
44961
5171
84258
25187
24189
85610
49626
29371
11158
1621
77765
84630
27636
92393
52834
11212
31046
49326
27264
63088
59130
28500
87824
85780
12331
67002
69843
54875
33820
44297
69316
61619
24691
92297
60855
85618
35703
81516
23239
69074
18097
20028
43428
22089
27206
67158
59747
16288
92792
50686
74888
8864
69450
18007
93321
90537
90411
83045
95358
1444
80628
84614
11511
57833
23222
81648
52171
10674
46764
82405
14917
95174
95241
85027
96047
59031
88050
19620
13559
33383
61027
84208
96469
10176
94271
62708
15977
57558
52712
57225
96722
68664
28715
1785
17485
57987
25856
69626
9824
40156
68817
94283
82417
91776
289
15032
40034
77049
49393
70251
2814
33931
61196
76531
55593
83956
63289
62323
73719
63490
49765
3958
46293
96736
60963
49283
59215
44807
70707
84736
47923
69993
92331
12114
48105
60742
30621
56893
94462
95745
2499
13856
6244
65319
1758
1994
14332
84540
76070
84687
46542
11756
361
51388
1483
19090
75185
2915
3333
90978
23223
11578
83012
237
63329
66940
43917
94897
14116
78507
98905
35529
97227
38222
77367
99155
67060
20708
60759
74353
73259
64242
75361
31677
18209
1840
41416
96388
95653
2526
11837
57090
41377
94009
10885
62528
97000
74288
60704
95173
8662
49638
90475
61101
11065
44718
94081
21531
58847
55768
58616
52346
90751
81256
66653
14993
88034
5967
45977
96707
53845
43041
80148
13593
18175
57790
65749
24530
11233
78158
86738
20377
8080
46764
82011
85726
42257
6432
90201
60995
33617
96890
52433
42898
68255
99062
40373
31971
14948
79372
72091
24280
77965
18819
19821
57590
1235
53061
31378
22106
70879
95437
63766
61514
48064
3825
24833
50450
79103
69400
87336
43145
31605
25847
96858
27224
7356
67071
14119
11028
41582
93726
53618
53918
29317
93764
14502
95748
87913
628
65950
24378
12493
14221
93471
44142
56647
67047
64813
88070
11473
66365
10783
67937
50235
99083
79904
98159
98008
86301
51433
89278
86173
59782
96808
53099
89862
8874
50945
97037
90248
99440
31773
33821
56084
94179
85396
89164
61730
35965
66987
35381
27807
49023
42584
39804
19555
75816
76165
61000
13528
82309
65663
22960
844
17563
3905
47073
46383
49164
39897
90326
34248
26175
67008
49883
62458
46969
30185
16142
36240
65338
11269
65434
75865
13794
49871
59120
11835
8416
63370
99690
96934
64204
51278
4493
98774
97538
15035
51915
14837
32625
27427
6438
24988
94215
58896
92595
27178
86600
18936
57833
43744
70184
93098
79715
74633
37887
81324
74558
18549
85662
12862
83938
54252
32889
6710
31377
5529
91436
66651
3682
48973
75050
92276
87197
53861
37576
7491
35391
36761
83902
47207
52301
53347
69671
41687
24797
1004
17143
41198
34961
45272
25035
73320
94225
40087
43831
73614
83408
61853
13858
33627
86353
67578
83903
5099
85176
41943
96005
5762
889
1992
36092
39604
39750
27651
28352
70007
24576
92913
77824
34315
69576
81246
18818
67730
90656
33005
66233
9064
7469
42436
58740
51588
32030
95844
65169
15350
33189
29168
49389
51237
25516
44639
15645
53352
91808
52746
33151
80759
73260
66824
81151
79074
37297
3256
33855
27168
51961
34754
65072
28976
80673
76840
64099
88116
55995
45409
17733
30306
31145
38611
68459
5033
91691
65923
70743
13959
31106
66968
72121
975
29170
33449
54661
51686
96412
55725
1665
241
58868
90103
59749
33792
94303
47719
6355
83332
16035
39322
48577
55207
971
25242
23607
68886
64178
8401
3641
39134
36475
60604
85994
3844
59072
19650
66706
82680
61046
51980
81216
42224
95865
95181
31431
50441
445
51454
38112
77205
92237
99386
59944
44379
59315
89386
93904
58377
94106
11880
94784
91156
34701
48845
79304
53310
20067
81525
29414
14166
64530
96113
4972
76513
64794
55278
49332
39474
70442
46201
41653
56810
85241
55717
25410
51619
98825
12797
16085
26284
82647
66317
2587
630
21023
80503
25534
38540
36251
3173
11304
26260
96858
64300
4588
87055
21713
142
30004
95601
9497
93836
26334
6102
87211
58201
21992
43551
61468
2514
35496
31152
35335
91066
35594
69356
68845
90416
34137
33748
13433
87121
63173
6009
33473
27143
30543
20248
97255
64046
12061
95482
28486
40937
94162
55094
80258
97493
80914
85932
83211
48359
77354
39100
14185
21618
98578
26740
49430
80542
93777
76288
3921
49884
44422
71051
80957
50634
65156
66527
99121
82554
38174
82114
97390
64714
41786
11041
94371
40497
99195
45805
57052
42612
54433
19587
42321
59211
28999
11731
71987
75466
79209
78897
34740
42061
83315
72694
71471
71514
64779
86054
95851
28089
83646
83224
64788
97116
78091
83280
35754
6340
467
35695
66763
82551
62529
5974
25910
2336
38321
97481
69477
48199
11115
21073
25435
77819
43695
28539
96451
70049
59781
4205
8393
90323
95327
30534
31106
3404
71550
88139
47771
1335
21334
85273
40193
45250
72613
61585
89126
72579
83542
49668
28208
40750
6872
14350
40120
44447
29677
80326
63445
67933
29436
49832
86360
84505
89999
46767
10273
42938
16625
85819
11256
77815
47177
33038
79673
66274
36349
53626
35285
89488
57016
70223
47844
60249
12770
33894
74758
51957
98162
93451
92406
1566
38150
11110
9788
27022
96873
47073
55387
93516
65573
45245
9276
72591
30049
35910
97738
28122
18177
73466
82684
88458
39679
79590
23670
47303
52856
59282
54856
39025
79653
80921
75784
9709
67382
80853
96204
18440
52769
42455
59126
44096
59285
27845
68599
57848
6848
56958
54109
16878
76802
15941
64996
97177
86917
71581
79592
46393
67285
18144
80695
51588
12802
11451
64376
44730
24355
38584
68477
32350
46358
26979
88524
87954
50467
9392
72214
99768
40448
60272
47565
93042
15858
38354
61915
33141
6286
34111
6787
33695
91708
56564
43722
12047
28513
20658
74472
62583
26238
18761
76002
94335
98051
72414
71219
62514
66145
47856
91213
24520
87813
91808
6389
47947
74111
86710
99695
78768
55101
59655
48540
61543
51047
98837
98918
79296
88503
94404
64752
84079
17322
31812
47109
38488
3676
53263
12845
85915
89060
1931
52254
81616
17757
27245
47057
27937
31462
43996
57473
83179
92600
71302
16105
51493
4772
28903
79948
94076
48034
31462
84630
87957
12522
30881
19535
77597
4333
5829
81025
7042
84033
80073
67720
59553
96748
25640
77385
82974
68467
82720
71467
75731
23888
41314
76524
2712
3309
93247
67694
86146
12847
69064
96042
49517
47610
59965
53762
3927
52743
48943
88706
49641
80697
43336
48839
31784
90172
50649
48612
58796
38147
22669
72927
75941
62112
35241
5543
54050
69086
17723
75368
32942
61886
87148
76529
85454
8666
73075
86657
6887
93605
45080
38882
89834
28143
78735
51533
84189
35238
48872
9505
58877
9451
86702
65198
75703
62737
50847
74694
27110
24460
42052
18005
71909
14275
60717
70779
46461
86375
28642
68267
41699
70541
29330
91188
62098
35096
54666
9430
49627
86796
36245
11911
45113
87802
6859
28643
9726
78376
9532
43138
64443
60448
33019
22106
17524
72243
90571
24303
80592
39813
85516
15805
88848
55030
79776
46505
59446
93418
50911
37292
74484
51591
41199
51824
44424
26385
62201
74133
88871
31302
15313
16219
58317
65820
46485
5738
2498
62693
22554
53571
68965
62087
95538
3424
80986
37071
96289
28601
67599
16827
89445
92782
92490
97954
58560
56103
1721
13458
54370
30679
71567
74001
8584
45170
14797
41856
7632
15797
15833
31499
55657
77766
74918
67408
27286
69376
35729
77892
22882
85994
86926
4549
44269
14529
79076
31005
38351
70118
77788
39537
6381
76064
84003
31685
86009
82065
16665
28402
42010
82178
14677
73846
6967
55893
815
58411
80896
66293
90342
39139
75381
72763
89256
85716
2604
97192
59841
21743
35438
64178
29296
50210
91117
20564
51603
14468
83221
42825
82515
15513
63760
83418
56073
94537
72068
25704
73400
63761
29377
50273
63147
18250
16092
20122
52454
92313
49545
24180
96494
49110
80651
91321
13234
75004
83207
81387
37817
82982
37212
84545
19170
31951
4264
21701
1376
20997
18457
14367
29441
26682
95613
8290
26356
87
47263
82307
75530
13606
87622
798
46684
44264
52704
10923
14827
2734
64315
89776
35138
83690
85238
56407
54459
68702
17787
17658
59456
21943
71611
46148
4258
19714
65554
91988
53545
5182
32794
22937
32123
65808
54287
79447
39783
45096
94374
87668
50020
20965
11422
60836
75466
71970
22770
39888
86942
89807
40719
49444
49064
55334
6800
77838
12181
68637
69455
98682
78491
94051
52698
90896
1660
90306
51114
397
68734
48155
25305
87192
83974
28813
2997
65456
44574
18391
1560
57306
72480
64729
96584
93444
25240
82552
19360
87973
43106
2039
44034
81456
42881
30602
73728
53757
40310
61524
83036
7289
47383
4716
56870
66392
58404
69491
27251
76514
58955
84916
90452
1532
93655
87475
36047
74741
65660
2935
82400
42076
6741
11320
82228
7569
17893
29723
1988
28080
21232
97080
27025
27976
87429
37024
89397
63942
40608
38927
29750
5393
50987
51508
4461
29280
80542
95178
78489
20075
89960
93029
58712
61042
23123
9991
90950
60060
79919
17846
53829
91977
28689
66309
73586
13728
91467
46265
13655
92183
66888
68473
77663
81531
61361
69434
6419
80152
94419
70017
60465
81191
36074
10031
81477
83451
32625
54362
98564
32003
81538
53905
76075
24824
58649
5563
54106
33583
85799
3944
4302
10582
17114
36309
53136
50976
21202
42247
78992
62404
19121
5117
16323
35305
1881
1097
43339
55401
9330
53308
9342
22982
90213
77899
70123
88877
86046
37165
44847
46441
10953
33812
94569
24828
38855
32359
63365
70200
79856
99349
66353
74395
94529
13744
46001
2052
88971
9031
5941
84606
10188
95812
12913
42390
75413
34220
98617
75089
99801
16034
38777
1132
85515
77196
7255
2511
42642
84946
67445
99629
49699
94273
72823
89881
53582
97582
30714
41056
17546
9423
86527
74378
37847
86831
91613
19242
5736
5527
43448
23723
51955
10579
78546
48879
13791
40087
68491
74213
40121
70218
51399
35052
91302
35620
9254
19047
93799
712
59143
48994
85674
80656
27963
27160
7291
71258
45010
27812
60064
76818
66291
75422
5866
7251
79317
62622
33702
33191
52873
80455
72584
88974
52765
31275
41881
79123
76824
38634
46479
19601
46775
22319
66432
31742
51279
40932
43278
79852
21949
9879
26822
61302
21497
29348
34562
33621
15521
10339
74640
62280
35383
30360
96480
39604
80231
84042
6342
97745
67934
32101
11260
33838
48001
71117
27929
58945
9906
26869
33989
8174
35111
83340
97184
41298
42195
71035
18942
4486
25292
70788
28411
66509
80783
19450
64917
63562
39135
80173
90330
19306
95770
22809
11651
10609
43839
82564
95496
77670
37391
53323
3268
38718
55896
29303
18560
122
3833
82679
68192
72178
32204
12514
29685
70478
99529
34022
43198
67844
43701
7241
22911
49988
83744
58110
87826
18396
98732
16209
18474
76027
52287
55730
30320
12376
89224
68876
22795
29883
99223
7054
44987
35718
16699
85880
28
61332
24916
49687
81038
85090
32302
43100
41398
33826
39635
3184
17078
47735
7901
47432
98321
40963
58873
13269
15559
4822
91891
23419
52340
92175
69412
5503
9514
90771
53576
75949
98740
96360
15062
66320
56005
73971
48513
84795
42322
93906
26198
91554
87097
17383
46656
85767
39582
54052
30943
37515
18355
6364
34494
18983
36990
44171
77164
59699
14949
50496
73423
6434
1586
89760
40428
87965
52649
16216
13791
86290
86490
22356
81281
19327
3258
54746
75706
18376
72334
6668
5096
44710
70603
16129
1725
79255
20463
64110
31895
69013
4009
73982
73369
96837
7220
89121
78998
48195
88356
84032
4271
41753
47544
31698
31172
62297
70665
72475
4973
23834
56961
12324
49266
94218
22621
69411
47689
4997
33031
34115
93379
29954
48483
27622
38751
23333
74044
58042
38939
2498
44147
72967
7614
49967
62830
94066
87409
67081
70281
70800
80952
9914
88361
73350
50199
32730
54903
49226
58497
88378
5343
98056
93379
57251
72439
95498
20423
21699
88532
83165
49102
26110
68566
76145
54248
53332
67075
49382
47473
75077
88946
76176
65899
916
99594
95962
70927
79853
75939
50126
17500
95977
25259
72108
78924
25882
54912
14603
56858
52653
62849
68364
18138
38339
5712
9568
64576
70930
67337
21659
88223
51307
28677
52333
61192
443
96620
83376
70404
13665
83858
10379
73548
51703
22113
37473
24963
74371
87565
24521
66548
55085
33784
45802
68308
21621
79695
20195
59120
23660
25240
93760
23401
98243
32118
92579
69338
9559
29071
56976
97744
18118
60379
86877
61118
82896
15056
89449
61046
51877
82673
4661
16891
81688
76235
12817
64818
63586
35397
87402
62587
32491
86901
18334
44793
86364
6958
80325
43391
68159
43573
29927
44995
83202
38111
94603
48423
94521
6426
53290
39016
8694
80407
1983
16755
84665
69549
85063
54511
99927
94535
35231
55227
96042
6737
11858
99990
36024
68107
22915
35413
19422
53372
57461
90340
81383
18087
86203
35330
67107
9749
42312
68281
29553
8290
78230
52912
30431
20913
10959
88988
94845
22562
50203
57224
3961
35579
41471
33108
56880
57994
36183
31611
95140
45443
61934
56327
55193
34679
1016
25930
1689
68519
89289
16303
3090
87164
41906
30387
65563
80202
9856
83114
21799
16236
45657
55918
13924
99492
40461
15350
99506
58484
44353
30071
71111
53614
685
92037
77897
34205
10367
27850
36751
19900
13679
33766
7087
3624
44727
84318
85043
92975
32315
30933
36657
74119
31694
32206
44568
28847
27250
87597
44360
49434
25213
30581
68781
25006
57327
11289
23625
69302
33987
48688
45385
53449
35288
5924
71611
68337
6096
5514
92548
38232
37687
95456
13488
33072
87651
5852
87552
95834
82118
34044
44585
69984
49287
90824
7685
97711
92008
82285
30071
41877
58077
57053
98734
10735
13928
73447
7347
11384
81894
98207
42436
33117
16103
97138
75979
39271
21092
10110
57516
30421
80617
14221
79668
18453
18983
76333
34519
11663
59812
74703
80630
45118
24491
58392
90547
15688
77845
58338
46627
81040
80837
73739
22474
27139
49577
39572
66440
19009
9008
86135
87023
81968
75850
47412
15717
2986
8505
99780
58048
55389
7943
98064
45836
59210
30829
74776
74586
97007
32185
17516
8448
43792
63147
77495
71342
65650
72105
82727
78237
37147
50310
33210
66564
93959
12419
2602
14783
27810
76715
67989
75375
17703
15259
18424
11999
4380
29853
27480
24528
54632
87291
28562
75974
64433
81560
48174
84036
66599
93333
42648
60343
57068
42341
95106
25449
44161
73350
48655
93195
13246
51882
45966
19405
83588
82974
82472
68269
86965
46929
72903
64470
1854
26333
93337
69668
4874
65553
85865
92598
31318
35159
934
39285
22758
55233
78531
55257
74931
11336
33560
35145
64268
41981
4813
95505
95743
68138
20116
15676
10535
31514
77409
94992
73614
71468
95603
13892
43644
73695
78397
54840
74633
58848
78224
82138
82040
10933
12504
35768
85446
80264
37618
42089
23563
92315
59585
42527
30645
46848
98023
52338
70562
29338
74241
49690
60716
14309
18741
3789
81673
49515
67433
24547
74638
65302
95506
18058
74797
43430
74190
24872
88986
2776
80597
19460
58097
2128
727
90200
5554
80423
32572
35314
58960
3935
3230
57666
51337
66121
81591
74235
67318
11411
35116
65486
39353
19951
70997
21311
62487
25339
74150
3135
3040
56792
92215
99690
79460
9207
75312
43908
31921
84265
39457
47983
37847
52290
47963
75129
39487
16326
68643
65932
66232
23632
83952
95144
98764
68675
71829
47449
5065
84974
94543
68727
65055
9104
25877
4273
96590
79781
95020
73076
95316
45229
71300
37316
66942
84426
10965
35714
96506
19741
42220
41305
15494
45851
76494
83985
91549
98978
64412
50876
20179
40931
16684
24408
78971
26958
34648
21561
86112
53024
1397
40602
88119
15294
71853
57620
71518
59475
45086
85877
19383
30351
54542
65584
8929
41790
38269
28588
57886
40718
63403
19703
59170
58186
99823
33730
94248
8609
24602
25644
6342
20078
23273
50852
62883
94457
20387
22290
9837
67271
42774
89577
81368
9355
21138
56512
14687
51999
63932
77756
48319
71154
97144
93467
58695
96600
42232
37863
58464
37247
40138
82949
80652
50439
32243
42284
4161
45687
32514
59967
79124
21879
41914
83456
87766
36449
70979
75593
347
76476
2601
35168
17818
61106
79887
46758
97414
6944
30930
37845
92098
3966
20662
60796
82875
17026
96368
28269
82311
10049
81429
94077
31653
45170
28271
66560
5005
76107
8319
74
38474
41156
10327
51012
57460
50532
4078
69689
16540
24881
82394
85487
10845
15545
59109
63363
24377
9260
2081
10909
60472
58818
74187
20538
96588
81316
24737
2620
4307
22408
85760
75366
70126
86100
97235
55938
67143
87219
21898
1885
59394
58485
73426
85088
54681
77856
3676
98499
49383
43643
74648
81580
66981
80241
63041
97709
88393
71607
42597
77113
9200
56480
28701
15136
77239
68731
62069
34052
3167
89315
62533
88118
34926
39096
55777
84674
89282
52413
37241
40926
77976
9661
17223
37579
40060
22538
54074
21908
14123
90361
47863
43855
48069
69989
37260
74343
39811
56126
20457
78327
85695
39102
94409
97287
42420
72249
41210
12874
92229
72854
54809
2381
15704
12271
86305
60564
61856
5345
13265
5506
16015
63113
89945
84657
71330
32080
68406
16178
54214
68038
28558
36354
5078
93469
68504
22983
95288
54915
10711
58016
61918
6507
33698
67533
79332
26683
85594
32221
9466
54860
5067
51706
5415
33636
1972
52022
66655
60432
15373
62069
86272
14445
47366
12952
89550
92380
45898
81979
61396
26623
30064
98475
70107
2954
80269
82871
11175
51437
27392
51103
92969
9471
81357
4018
37549
57925
47465
49523
90240
28585
75970
44517
27955
50589
71150
61871
66171
45444
39692
25030
92825
47650
30694
11234
23426
46621
12518
80684
9846
28184
64869
78514
29766
8739
34255
51673
2641
54940
98662
11126
46150
55802
65948
91142
54306
40739
41058
32078
81930
43325
18250
22341
49221
87913
34228
4329
39185
79301
95191
98999
63915
71649
74148
90222
11110
32941
51596
79053
71449
54861
24245
73695
31521
70600
3931
99701
14295
56263
67029
14235
88464
74325
17145
57261
63768
82929
52643
80717
82588
93659
54453
71014
9688
83806
33675
77111
76860
5714
41836
94168
67188
41143
8041
73110
3377
56235
15284
67208
38433
32749
47500
16281
79816
65087
53931
63407
48906
1296
18952
98428
61285
23271
99217
73212
89693
63605
10181
82920
39829
10199
48680
64272
47421
82054
94614
954
70048
86231
63313
78716
64709
7587
69002
7219
56998
59913
34224
3491
6694
53794
85648
89754
65697
3405
8076
70592
56537
27943
4041
40866
42381
29989
36613
45470
34729
38327
82690
48779
16670
9858
80507
71753
60586
51891
67601
6126
39958
86071
91922
91944
88055
2437
43552
74767
60201
13171
97498
71903
89896
30609
93281
8986
15436
75356
84128
21918
26009
27857
87054
79931
53844
4496
7590
59295
17805
99871
80858
21266
45126
47272
5824
11687
90672
38122
63964
89362
59165
91624
24625
83234
89083
34780
9479
27486
97351
63490
48748
3394
35074
48499
27481
54421
13736
70398
42196
92702
7303
22020
38168
87195
85737
83884
44404
40072
20357
48314
40824
75848
66763
69679
11199
9157
46341
41014
70523
17873
23274
24497
37777
15284
19079
99046
27438
45728
59678
54640
98310
73436
9780
98097
38466
96845
57419
59041
41412
51735
67859
66960
33726
42704
29829
98558
307
21597
87622
76356
96833
58715
69330
65157
96599
32529
46894
7811
13089
42186
277
68435
3310
30194
65381
63448
19378
46664
93479
6162
37779
83690
62360
57995
68995
26151
60860
24040
8368
52171
97882
22127
38199
27979
61715
21781
44879
20647
65021
98836
80907
11780
76594
61339
28149
21211
72883
80085
51261
60354
11975
57068
97652
23595
29452
96230
34669
13702
57594
53492
49160
21746
55978
44813
15417
99340
50217
95541
67248
91768
30907
81800
76376
55238
55057
84467
94918
24997
72451
22419
97164
42333
82569
69441
95160
31831
1157
41233
8356
64565
52029
6526
45206
70561
95601
29992
37070
64126
36745
65318
87507
34063
13470
68633
40720
59900
17349
10926
29373
57103
50993
53953
33855
1717
40232
41243
69675
59017
81632
26540
2089
20479
55341
40354
67900
76192
37695
60485
69164
53353
23106
458
11224
92660
53567
45652
89096
72212
7260
25104
44521
94437
38
9241
86582
54255
95819
18809
3458
81414
54807
39737
49959
80334
84296
22249
98062
42197
74427
44637
18841
32886
67892
78180
52063
937
18231
94757
94528
91020
3174
18922
19133
87620
22551
87919
34187
61601
48562
23223
51408
39554
64636
90639
88356
65579
59416
99534
80518
79241
32897
66451
14446
36879
80392
80540
55569
71950
23808
78476
31038
6538
90050
41783
38089
25683
22142
59424
71415
21253
12255
45598
94830
23834
73436
31507
43784
34526
93464
55211
85190
65026
62627
1411
89923
87417
38734
36040
66109
93143
97001
30518
85819
53199
88578
79622
77022
52559
75987
74325
80319
84526
37735
76355
28661
89031
13047
50181
32215
45666
63656
5714
20214
95132
88059
32691
73586
18462
52976
90013
1931
26173
28376
27453
2771
60835
46094
68875
25227
53064
47901
86227
41128
29379
60682
90544
68039
10246
29828
35037
28975
74843
98362
96115
59716
53493
95814
94037
49569
78251
67392
60117
81022
49024
98529
13881
87766
81865
28051
39169
87871
91899
32646
60456
68851
36027
13128
7795
46374
90498
62857
8942
7392
86392
69207
5203
71079
22066
97776
14052
99078
90046
13290
15668
33168
72538
36253
37525
8764
13605
42661
13991
67311
26935
30643
11622
92428
8106
75430
2862
30753
12555
39391
20238
55239
87387
81568
49363
37069
65258
2576
33865
65629
87848
55739
40248
3833
98136
88748
47824
82816
36248
97406
99697
98312
23100
77970
45886
14601
74112
28575
38545
41232
57441
27493
98743
23956
80334
46924
69903
66821
58065
24290
80312
60028
23793
1732
3783
44412
85680
13119
49504
11838
5854
80194
18111
79318
18847
25756
35603
52101
53700
94055
89745
60920
60191
81373
16599
43746
24144
36583
76622
4104
42930
46600
9649
63065
1630
42522
24702
50116
16676
9730
20559
89334
6092
1829
77154
78698
21502
7461
19556
74999
11410
48099
60724
62971
22719
24811
52588
74800
16190
91509
96498
49261
55967
63773
30064
86836
72780
3382
15537
68359
79104
23628
13081
133
17421
22199
30949
96341
47185
94714
63892
53612
30685
86644
12326
78194
23657
50848
21568
86412
45967
82239
4381
8468
28476
54599
70337
94465
88614
77597
25571
14372
22974
19238
21985
34693
66529
21523
31181
56021
53253
35182
49049
59628
8777
95290
21862
12368
97909
93027
28879
31744
5477
12764
39528
68591
5557
37929
96903
84550
88168
68374
4405
4938
65677
7612
52259
30909
15597
80944
19199
45213
17838
31694
20927
49672
89992
81981
44395
52064
49828
13572
52753
22701
19841
7386
4096
24059
4771
23827
3722
11237
10644
39066
89456
48777
50572
86308
48204
55743
1613
42347
27282
56531
78394
22182
53013
17563
24040
20696
62826
64447
8528
72517
86287
37668
92078
73461
67907
87771
18627
41365
5525
86438
87478
27319
30842
10311
30013
14950
52012
41511
89842
28889
85607
98238
3535
22520
87818
5941
35212
11363
37357
13904
4033
12948
6433
11015
49301
49773
70496
62160
81431
75026
85049
7836
47253
73908
15552
24210
33254
84555
61656
66733
2849
82024
79011
99888
64748
53832
7669
16226
91160
86994
41326
57638
46771
20840
84171
81821
83179
27723
56741
13499
4837
67313
30135
93069
85720
80118
53207
80175
72831
27809
20548
86941
37895
95728
24630
80732
20629
416
25523
74238
83729
81689
77240
87203
47415
59183
90511
70912
2423
25021
88688
86032
93964
86978
67225
18496
44086
43941
61286
75311
28712
38186
3730
18174
23941
92075
9018
71459
38615
36251
5659
79342
94460
87466
68827
65722
17443
62637
67648
90256
89978
69133
168
64515
73318
39809
22117
7727
54274
54761
3146
58558
25479
52937
1681
98654
9693
7491
8503
46743
86158
37501
97498
14519
62148
75655
97243
50340
87413
67702
91617
45761
48464
8939
56657
37304
49938
19808
91428
71379
92739
39707
18002
90292
66188
66391
70819
17561
41215
7150
22671
36218
76321
23235
63415
15123
4584
93182
43300
43291
368
72832
49034
74948
17244
49845
19549
33257
37532
32465
39695
79587
7916
54655
92439
95984
43202
50126
98293
80059
95922
94646
69116
49845
18603
39073
1162
26683
9076
87053
38305
48794
82374
13724
93373
32614
84570
76241
88362
66581
14613
46624
27318
33270
89308
42708
16116
6302
48307
36215
44729
92079
45875
3022
89173
94261
36592
80767
85696
35668
13484
81190
61866
22381
66410
35994
48808
62743
1922
13364
26695
43039
50607
34314
49231
77929
68608
98318
37736
61210
28054
6397
46754
60139
78068
59478
63558
59061
37021
54991
42220
76501
63799
82344
38436
71019
36710
72899
15668
49129
97875
88972
22238
47138
13295
59224
55025
99588
37328
97082
89516
34164
85608
21062
32465
24971
33982
93407
80570
63826
50496
57687
84708
25792
92051
43675
92973
30010
58056
87916
49468
50357
13753
47241
3817
79682
61627
8941
57781
10353
1239
232
81969
74040
72324
15847
26524
81244
11649
72376
64215
75446
26538
92597
89323
87146
28570
64385
66345
61115
21553
59005
59917
73947
34079
87120
24880
4863
86439
87184
33309
46783
43043
70863
4790
46332
20819
94092
47418
85658
8927
74906
81468
47813
87042
10458
60508
42120
52334
40859
30409
82244
38481
25870
99932
95529
53476
42407
60516
55689
1742
10575
84673
41212
16184
93402
22730
45029
11119
54739
36370
86552
68670
16711
29917
72177
49014
72792
99098
38601
90556
43755
23313
50425
10485
49872
14998
46498
51849
55442
98938
26392
48327
75334
80124
81746
32883
93016
72649
96341
82008
52784
34243
84261
9473
41811
65501
2074
43114
426
64324
63604
38682
35379
46050
59151
63052
21650
64488
95560
2378
19698
3509
87602
93550
94759
36577
63721
57442
85117
2828
10429
41276
52009
88415
58224
15310
56782
75090
56971
88392
76663
87619
19414
2173
22968
59933
19923
56206
35202
78589
18863
5751
38506
50922
89567
48264
18066
70909
97088
22827
30696
34230
21161
84929
18056
40984
60523
53609
49663
76358
34276
24410
64821
19710
40219
46605
27515
76163
93310
59469
76282
25728
3593
46796
89012
76827
11559
59184
35059
29469
44263
21917
45351
46505
18568
40275
1714
34570
28617
15756
15031
36940
70624
78131
84627
71008
45722
3616
2081
52270
32382
71091
88865
34194
48570
32204
62814
50588
454
91028
75446
42810
37530
50702
53791
38328
17725
14396
86957
28200
65670
96987
96785
54730
27842
69476
36516
77144
32371
87726
11932
23317
28346
14125
5297
54729
83335
40535
6009
94926
29871
60464
46515
63998
65238
94596
7395
92198
81400
49648
35300
8697
58596
77337
74981
75911
52286
66960
73505
76548
36387
89785
48280
78497
73930
70743
14786
19906
14803
12472
94543
15225
49953
22369
8659
95121
30776
41709
18677
43533
93041
91351
67049
64255
74666
15423
36534
63769
50691
96429
82368
22822
81506
18621
2684
88749
39238
72797
31596
66391
62052
85222
27888
90071
70403
48388
80483
82960
65872
60062
31014
18201
96104
56839
2172
39941
953
15628
34148
39939
21675
33258
32222
17739
81660
6759
22718
41741
97868
76227
57818
51909
35577
55574
20828
12575
72970
63608
24105
94253
43168
20363
57910
18909
96067
80889
18215
59365
39128
81186
35391
73980
76987
12878
66081
46638
81245
9989
44908
68578
32018
14060
27751
73806
23665
62895
50875
92160
41779
83333
77786
86907
74468
35640
16402
81055
91596
85735
19374
85942
5745
68463
1821
60345
50126
10366
42514
1746
68788
57403
10345
26433
79903
99972
5329
50006
82720
77349
74181
79847
32785
18085
95225
27305
82720
22248
81401
9079
96611
25979
46145
89501
26796
74121
57877
86910
20977
51870
10446
11124
46356
26484
85326
31351
39086
89590
4767
4187
80392
47971
49283
24013
88935
90329
931
78694
48990
13058
80824
52777
31433
44471
82474
41160
11403
57022
20939
85499
52312
15394
10580
26633
75600
30338
65557
51762
47180
54923
64064
44897
56869
93931
22626
8710
32562
75879
96244
2615
88892
48665
45576
59704
74553
32950
14050
31689
55362
1660
62504
16309
38668
14043
14239
28977
74607
74730
66911
19310
81525
96961
91806
61538
52939
24571
10319
86491
28304
80325
96873
27425
68260
39039
71072
79111
60714
70089
36030
87253
89952
39452
50374
44287
76583
98698
66893
99827
39961
23017
72664
40883
63605
29843
11569
28786
45619
1418
72041
86508
21175
83924
82313
63419
76999
24913
40524
16762
26664
4872
66972
38444
89342
52077
95843
46881
2244
92770
48227
8203
52338
86596
69856
65744
44652
21065
2398
1132
56477
86519
87290
33825
47026
65794
8298
7449
46189
33658
99272
29057
41984
79172
44716
89182
14314
15844
68766
45596
31084
59460
27740
4542
56857
91424
48016
25814
75629
5450
63036
90320
56942
13031
89880
34004
22289
40778
21188
34974
63327
75900
96784
62173
36752
57383
71991
72333
63129
75732
31762
97630
73307
95405
31542
5891
13470
65160
66
96259
82517
56008
68172
80240
28813
17720
90946
67118
79500
1294
82014
14866
2856
28853
78903
83285
85250
9816
25627
30512
77027
52729
39167
90762
63293
61413
44893
66585
66384
52297
16559
72158
27254
87058
21256
34120
33207
6658
6786
70236
10775
97903
92198
38098
142
35712
25610
87951
317
63911
38212
48883
38024
44496
65552
14395
71203
54435
30331
38912
33614
43252
96792
36019
96169
65492
11432
20826
44037
32076
3052
59220
66868
89818
11800
62210
25337
4952
62387
22005
48633
53037
34801
88336
26505
53303
9209
52518
9328
90603
85459
34246
96112
32733
77256
68778
87161
15146
52318
18468
55296
40116
60767
51108
13491
39891
98530
27640
99456
65323
65104
50912
43796
31785
73050
79018
33198
40676
54272
17002
45392
31475
93179
61480
60986
97402
72
58767
34361
79973
75579
64123
58883
81207
43070
3492
79509
86067
72234
20847
56384
66287
79313
33194
67842
97921
82875
3103
75329
70276
21353
20745
4185
77318
11844
58912
51120
87575
61323
69915
83497
93708
53110
61689
37284
97804
59295
59332
32555
40097
8714
84751
63622
13156
62437
14539
45104
28392
91670
1904
17899
15353
95409
96271
26961
4422
27942
60246
93455
61836
38030
64764
19472
69766
15654
60170
57756
34015
29701
70599
32097
25527
92972
42391
31475
80933
29886
11354
38325
46038
56348
59125
34012
28832
17512
26914
41074
9197
24552
96674
97822
9691
47332
43858
31338
87026
75172
49680
58426
27732
29619
42308
75213
25376
98438
11777
53759
19671
46737
69
25978
18443
16097
17482
92756
42624
78841
85127
35004
87653
78710
76052
42030
77421
7909
6389
33580
37158
77972
48541
57414
62446
73738
70346
49327
31840
72760
59733
39064
62228
59016
43474
56131
31119
89782
31806
30210
47617
31572
62114
13132
43153
46607
70428
10538
17116
6723
47704
48980
12556
33197
69063
41356
79995
31080
63764
54410
9054
15631
41656
94950
35346
92001
78572
1117
79999
89009
23829
93388
29099
8630
99191
25747
76929
38627
89683
40337
49574
11843
69959
39026
62355
97840
34498
72648
27565
24822
61904
44960
77472
15995
24494
56196
16405
27622
45297
66165
61392
99862
13717
74280
34357
19781
97028
31002
29980
44286
28933
92532
63873
17901
54782
32939
57894
64212
57165
31391
85894
80006
4056
39398
92556
79354
1861
60511
85593
26296
84405
80096
52204
15871
54728
85981
44064
6188
41414
82491
21583
81544
18826
72820
50187
39679
5537
89717
62335
43539
12322
99808
79339
61941
94959
61999
40378
49462
66869
86929
29216
20397
41415
9951
18409
93198
91016
44161
72530
65426
27543
7940
86031
97541
40195
92129
48483
56492
83326
40742
34508
53183
8264
32279
49483
66529
25274
14654
89750
54583
47385
93070
9715
67396
16413
90612
99472
60230
6560
75801
33689
771
22211
4087
87143
5607
22868
74551
853
65693
34523
58155
29607
28211
90603
59199
84992
35171
266
68444
91341
20759
38964
95007
16905
45812
89885
15381
80820
84785
87885
96955
44893
22695
42979
94438
869
72203
75031
49756
62741
66608
81662
54657
42923
8680
126
35448
66963
73027
47470
57777
29102
70772
3799
5237
61674
90929
36646
56013
26744
85021
72158
45196
78821
6678
5997
45033
33589
68073
54031
90580
20137
30428
59334
19239
53170
23332
6606
10965
5525
38630
98455
33810
48943
13599
96999
30
15392
51171
7212
20824
68206
79395
1082
38788
5296
91716
57962
34862
20229
96127
43119
20507
10175
9684
92751
89251
15407
31291
95475
65018
6345
54431
91780
67520
93205
68622
66334
36379
5692
16336
8331
82486
50670
86550
68829
22594
66044
54273
11446
81823
30700
49679
71967
75904
33306
74596
15972
83456
84987
82747
40429
2826
77937
68191
62695
10959
17224
29233
24044
58069
76294
99420
34709
95812
25238
52446
59195
8405
87738
66142
3681
75212
47775
43990
73935
63086
27851
94201
81903
4114
27740
68784
93966
77419
6815
50250
84741
23934
38748
41749
31117
70221
40003
84453
47629
29010
59006
84163
66092
4942
51132
95011
5005
81454
3051
26913
19300
3604
82397
24160
18513
96834
22555
73101
85326
38116
15931
85171
88672
99608
55374
87958
84410
16236
5325
85165
91491
24887
98722
90637
65416
67820
89954
5692
84572
5822
32947
63926
66898
20067
76128
59019
92047
11111
45674
31799
24025
3885
39672
86048
44070
61837
98732
97165
93208
44607
16403
94218
66804
32920
54695
82432
18903
53914
54377
88121
54656
39055
7831
41137
54116
71326
72497
31198
75943
13114
12143
94319
53296
9622
57141
36596
21175
13409
62361
54643
89669
43860
92670
48813
28986
61825
39928
6951
62531
31642
7573
9139
99310
25045
42295
72775
21534
57596
85916
99875
79787
36121
14445
75289
90107
17665
88676
81937
33246
64809
28209
45298
53481
7830
88844
82058
86048
20696
82136
75956
56057
54593
29254
83393
70284
11104
21832
23935
44306
60105
36770
71926
72494
52304
37075
70606
41813
23843
22777
3441
36719
20985
81861
23359
67607
44381
87482
73973
69704
43323
49824
71783
1434
9812
94423
95690
24049
58950
60868
34464
63012
1575
35962
61872
39908
29750
20675
87415
60376
85656
78932
19080
11401
7153
49610
38684
44595
87378
36016
38686
46431
4163
51619
15929
11672
58953
71454
87563
71603
30184
26164
95498
43210
23658
46877
21440
54652
367
8327
39459
36536
49017
18877
93591
24973
55505
82683
70999
47312
67285
58413
46170
86846
24413
52425
86669
74797
77260
99575
11621
79534
67121
94031
68860
98873
90640
55736
21324
92829
54325
99454
41385
2729
75236
42272
9930
72120
53202
60258
42499
89966
57915
33547
45959
26014
43388
55786
44084
52027
38436
94381
7176
22009
32657
59192
55760
85391
89378
97893
31378
3577
90323
88284
78677
62798
99208
17220
21419
95661
50551
6035
86166
74081
23327
5373
15421
27431
39089
85485
53697
67473
78939
45233
8223
51956
68165
57735
28842
28712
23122
11461
94121
86032
56953
72693
29884
33882
56023
16850
6548
89570
49712
10569
59786
27292
92268
33129
80682
69926
68757
52817
63949
75986
13759
46484
42378
36390
33923
48408
68674
51848
93950
21074
32750
7802
52182
75509
35626
79394
74982
30099
8197
21861
78278
52815
54544
1955
57145
80702
79057
18268
85927
69018
23812
2930
14009
19101
30886
21932
26165
57797
73368
37870
5951
62306
53499
96372
90873
63136
76140
548
93838
6063
33077
40977
77771
76661
90864
22229
15796
15355
70936
50835
91832
81702
91528
71176
26138
34070
65149
42893
1994
27615
93334
71158
53237
91656
94330
62115
83575
42915
65558
5790
9782
1165
158
26161
35623
35108
26295
87926
71909
78720
19838
79138
79022
26723
78850
62174
27341
69059
36056
58633
70171
75702
26901
77866
97605
56445
36204
86035
26792
20054
49469
34267
94480
71181
14024
2876
58737
99800
14516
11027
39756
88995
485
50752
30848
89130
63347
64412
47669
67205
79561
66066
78275
2981
18928
80796
69738
81964
77874
8274
73068
80577
42612
65933
91430
42790
50833
11700
37911
31765
55838
93437
83655
48788
95147
8481
86137
33319
53271
2286
45859
90067
24721
5181
34907
14888
96233
32760
19236
29963
90175
2561
57610
99582
14442
14626
7309
64382
52797
5787
59636
94670
90232
88120
59598
14629
58776
43434
20420
89664
56893
77573
4839
70035
24108
63090
75183
40986
18305
9782
51770
86552
21406
53213
82857
57073
58402
14572
66755
98121
80856
28837
23068
92171
21224
58236
77998
86816
64529
20095
11551
58621
29172
85986
63993
82799
21765
31465
7663
22130
58518
80109
43704
86835
91591
40347
79354
36749
87415
47255
4347
90361
13064
91302
66169
32819
78970
73568
77956
69768
94758
37003
30757
75062
5004
66094
90208
61452
99914
52308
89190
8771
6064
12622
41650
38193
62322
7049
77502
75967
84199
49253
45270
77067
51855
3547
35444
11036
55020
54711
70329
57331
94853
67639
23771
43032
35182
19538
17946
50659
40897
89064
11082
52511
22614
15705
12589
86938
36942
75932
35128
95267
97158
38053
45616
28225
79902
56248
94221
91936
24624
96394
60067
52832
5511
28717
53202
97014
58000
93733
72561
42317
77204
63090
21751
58059
63866
93689
59486
51755
567
50026
22940
735
3802
32557
8409
40007
44427
99702
38660
20380
38981
13082
37552
4924
10005
12317
76411
8445
37643
20440
36961
53971
40675
332
26669
14152
25640
89765
99616
14018
54688
83653
38202
3676
37568
78527
46429
26832
38072
75528
63641
34227
39041
21205
61293
62162
77474
80726
43670
73702
50072
27070
41247
37061
21396
8752
53107
15909
24616
37927
6437
66176
85864
31778
76575
57650
33321
86136
37378
52571
7229
58980
54275
22006
13809
78717
44829
11703
37525
10638
79506
11147
96063
73765
61096
6263
26189
63885
94615
21118
81044
75277
87717
96205
63906
74344
54925
19391
57037
85188
46250
74309
52747
77318
32570
99928
80346
83019
6263
93531
44208
61403
95111
53523
97005
86251
39609
44901
17020
93188
68479
38929
1164
63744
54282
64464
99171
30028
58543
72036
77120
14554
49972
67727
14453
83819
85542
36220
69666
30800
40327
63593
14359
83003
29772
10136
27819
74673
89816
42127
34195
83594
75500
38287
3171
34698
2336
9351
20269
55852
95599
96419
42871
92496
23230
80696
778
93636
33391
3332
15624
49229
43757
61879
53835
53022
39281
77577
34836
95369
70284
49117
17536
15907
68213
23968
64535
5093
74230
16060
38659
93575
57745
22709
31226
65414
97776
84610
40458
79877
82277
31935
7211
25344
41331
84543
67522
41872
63872
3902
18458
44018
66293
68193
15123
82264
4822
27274
80664
43634
70008
18529
17332
3704
36189
23287
89944
38035
28661
54542
67652
23985
76193
23850
66199
88862
23910
10132
85646
89513
29370
3883
69731
6304
85063
87190
69965
1360
18660
92945
77040
81139
63569
9252
28853
71182
3012
19519
72807
9834
49187
60502
33494
78527
73836
28804
9693
25956
98605
59138
71047
23248
51213
83871
25081
72777
2050
34407
7861
36258
59395
64906
12361
50060
81671
86609
40524
45398
60880
40727
2651
98526
36373
69487
49459
71363
74248
98073
79417
8070
56759
33230
80692
45788
90303
58848
59310
73604
65094
31736
80892
84598
48163
24232
49790
59579
64771
67669
66274
84314
91519
75817
49934
79437
36216
27358
71689
66872
81612
28758
47218
90960
87295
86505
73315
34716
51808
76164
74688
40320
58934
15806
82475
25539
4353
82169
38099
9010
51661
98678
56414
39291
21771
82240
3843
63665
82146
15878
92299
58771
50787
34438
89824
32850
72111
33879
64738
42295
88936
99287
14413
71095
99310
40583
61328
5060
63819
82602
87264
3335
84475
7925
72446
79992
34305
81358
34239
70976
80013
41392
28004
46197
57339
77922
8918
77844
94492
84305
28190
60186
41845
2087
91980
89673
40380
88099
42089
6284
96404
58961
64928
17801
97522
13593
70129
40339
70898
85697
95641
69277
34450
43855
75844
25477
24571
17936
53860
56181
25168
21935
17018
24503
80779
77825
20818
34253
33383
60914
47125
59043
81469
77656
57332
77382
24959
15541
77209
44166
40742
69744
39728
32726
16158
33223
96964
8698
39001
93475
70862
39021
73078
93005
59980
31142
39120
90448
87826
81758
61308
85754
11269
40034
82396
91073
73546
90258
98695
72469
84117
73461
46884
52066
39005
85624
64751
82514
8597
54773
8865
52466
50319
46508
60758
2726
25368
37344
8826
64555
67902
17795
26339
70244
94752
35388
28419
3235
9586
67691
65291
9581
1039
58000
72730
7930
45169
77330
30968
45853
80342
99900
90574
55270
3110
91711
26248
58298
80251
20134
21855
47257
8535
65022
63863
10282
45059
25731
32215
13319
38359
33907
32222
30335
42596
65355
41879
87999
86844
45021
53785
28912
92028
58231
69585
15025
97800
75705
20795
50295
8881
26224
79458
83164
19886
77369
76346
15758
58235
43871
73743
50301
92196
44611
42096
95390
77537
34145
46301
92286
17968
63837
31160
34656
90153
67367
61282
46606
60093
77212
91476
30115
9471
49790
9075
52673
64244
69831
33244
70585
50406
32142
55227
79134
99982
15486
17386
34628
20779
28341
28278
91677
15810
97902
44943
96136
78037
76899
32564
50625
85173
23073
75578
14234
64467
5119
89902
22195
95938
17279
8032
15463
27058
55531
16446
10853
23541
11071
40468
31174
13983
57109
13769
57231
66763
72916
54169
60248
69379
94653
29672
47303
22060
98411
72846
98883
86452
62108
24419
13422
13760
17677
60129
15434
16949
21704
64614
19923
7058
54009
43799
41675
70827
71518
85844
3349
4761
1932
76520
93670
58752
38497
67265
98761
55469
50898
26024
93520
97588
47545
59085
31756
9188
58411
16229
20053
20453
16756
62635
30295
52924
91337
94151
82459
53675
4492
21856
91906
90800
8976
2
90315
63673
53920
86214
1649
37971
30028
13553
17014
17266
31200
90497
53782
48689
6495
53028
63925
56075
50510
37552
83168
71882
21456
67666
32208
79120
48123
5611
71996
82866
74678
70300
90608
16474
77732
21479
1938
99532
96352
67355
67311
40604
72074
57146
63288
92767
43544
5729
13093
19496
93749
34582
41160
77410
48258
39609
3059
77528
30947
74756
15642
23790
5065
93857
15554
82947
75840
76799
99142
42365
73968
14969
94034
92717
3044
77014
10199
33894
4264
29959
17499
18103
41965
26979
17669
27841
81022
64984
94937
80728
55328
51743
99757
33436
68366
88370
41823
74233
36710
98538
77458
94422
57364
99160
95548
52289
71925
87413
45917
76915
68590
58437
23292
91609
1527
47673
60174
4998
8604
78482
27428
13452
10235
82134
97763
1853
45342
40908
26289
24523
40700
86
97002
12700
96540
74455
20900
4651
6728
83944
18499
61154
61375
25585
11155
88577
94314
57044
43359
73584
45944
76380
17877
91900
38148
1155
8004
44004
90738
92298
21376
36546
18675
83103
63592
59441
98231
7792
5823
24197
34441
27471
83969
41243
88255
22259
83325
8906
34259
94942
27994
31194
79225
20808
41104
58988
66749
38685
22279
20495
41961
44261
71749
90902
83715
84276
76324
81011
2840
55848
25028
62562
83920
50145
10583
35406
16751
73467
33757
94695
95303
74346
92963
58678
20417
51044
88794
95471
9388
53780
75508
29246
71577
79743
15339
47326
22840
21675
41150
96951
44138
67517
56299
98350
55882
35190
76425
9559
96490
44219
67106
93320
23032
62583
12524
17859
338
93618
42734
66240
75805
85206
49127
80043
31771
88438
2884
18892
29244
68889
46339
10775
70942
14310
61813
17019
73372
50108
76524
68720
80671
75809
87978
66424
83366
47248
77561
53052
29990
83661
11924
3812
36075
11321
92028
58633
81576
13270
31236
92518
27158
7677
33769
53322
51894
91960
85362
95665
3625
52661
19113
54515
69426
66569
10137
50053
38389
92612
34984
42946
87351
41462
78092
23749
52080
82871
58106
38631
26279
46654
41190
14359
62485
26505
23621
96689
52082
92771
91500
7125
75421
11583
22668
48231
39541
95923
94674
30583
1948
89992
63968
54530
52775
44147
5838
34799
36129
92484
95493
68901
82297
1445
73748
84136
58459
52848
41249
37998
43013
43067
16665
84970
29308
1849
49984
51673
12288
65691
35044
53254
59081
73233
31843
20207
15824
42091
50876
55739
36952
76568
24758
14581
66543
62854
73359
4565
61577
66189
81788
90976
96387
56775
66272
31725
25533
54621
35229
14219
81086
16560
41915
95898
97491
9912
10664
34529
99749
73368
9754
46437
99554
30178
34338
8318
2466
17307
7958
90112
31026
24696
57653
58112
75336
37922
28581
35036
97597
3815
87240
23872
20550
28487
56199
37761
83723
29439
40485
