250
90286
99782
68840
70073
72340
39061
25088
3310
96413
66731
77531
14261
77190
7936
13013
25539
61498
9651
94180
94592
10091
37836
69441
31447
17516
63003
55714
8104
86761
9884
94393
77907
12745
42709
59953
71647
27836
71430
32817
51156
39017
45191
54871
34337
67406
34641
25895
96517
45819
40925
21909
58749
10306
82652
22624
66232
40025
68817
90870
48565
56173
48391
83284
34063
70262
45591
51759
75065
15477
67796
44093
55367
92181
34610
81115
26024
4070
24598
15908
20131
17123
18173
92620
96380
91774
86439
58623
18014
95371
60278
10134
44076
40092
78639
20250
75959
65187
67245
52189
76290
3262
50607
10673
4393
15238
890
17628
82258
59027
13259
96256
7356
14712
99093
51204
78097
53818
31478
54277
87727
86262
75667
22760
22737
38281
23362
5866
60220
89904
1739
50173
23495
57506
66303
16654
69511
18189
26045
83047
23398
61241
62583
3552
1390
15524
66237
49965
15322
88093
58884
71820
20513
83219
11343
46810
8549
61912
50675
99969
44931
88707
23625
38043
8115
37105
80674
33598
56487
62741
92061
70142
84917
42428
70086
1640
344
64249
60976
339
42342
16930
43562
64626
21651
57276
84314
50549
95010
42692
13953
3757
58436
94632
66645
61715
5029
16673
20267
41911
29469
65821
64959
37041
27341
26924
79653
70311
66190
21354
79285
71375
9788
23524
29252
58796
58349
86129
43736
27053
63887
61805
10374
78572
1027
28755
33037
45075
31588
51241
90039
23111
53780
92532
56667
68259
92344
84694
17505
95566
79415
35924
61234
5475
41203
32633
56685
84362
43064
54873
84394
