300
489
14665
92072
50414
46870
5820
99473
46214
98144
24079
25497
77652
68271
82309
2207
81229
7298
26976
81870
36805
50814
62178
29946
9616
97991
33442
44357
22071
43800
56733
320
7705
90265
52665
3946
8034
85955
6724
20849
45046
97129
69127
99673
3053
30294
74625
85888
75119
49007
78711
87539
24548
61156
21635
80498
19506
23263
16870
59003
40507
28016
47400
85085
84101
80552
4351
80527
69200
507
57468
28663
16469
31314
11410
338
23190
76607
8049
77857
62011
189
26568
31392
77339
95724
33014
36536
80421
28349
93084
1487
82983
31694
14957
1127
49505
26736
46550
14146
19735
58203
27197
58238
75317
60130
98335
94347
1202
64429
52320
46408
4668
95155
17941
89845
42647
8954
85488
15018
65932
54096
110
55930
18749
10370
29611
46983
32238
70281
30297
34727
70346
83255
29517
92544
40901
52619
81438
23629
78438
51580
8470
28033
8338
47688
5898
66316
29454
360
22234
26763
35591
79807
69546
93857
33138
75518
9966
2651
29026
56425
68268
52837
23048
63388
49443
80112
47979
61686
67446
629
41664
50382
95036
26139
41311
4031
95601
45022
22802
71651
54039
91713
75604
25523
54005
37074
57091
46049
98711
61503
766
6189
28896
38089
49505
9701
50863
9276
45610
76741
82232
93396
37098
56600
90325
95247
31465
84546
39370
98118
15227
23551
55129
67148
36296
99239
59737
18707
34964
44137
4178
59764
54802
8747
76692
24116
37441
2129
41346
37942
21268
71719
71431
77447
5419
37985
65406
58494
95728
31580
67770
55139
76983
9245
37692
4951
24986
87516
35074
42943
30541
97355
57899
88920
14270
5163
43759
35098
807
23535
77304
8328
51972
68975
12508
38341
38441
90855
55638
11478
99932
46560
57748
92780
61220
22934
76430
14869
79281
29595
96046
51307
55769
81570
18256
82328
49911
75402
94859
2630
20980
29121
16228
93882
78405
57902
61822
70782
31172
