100 40000
98 89 696
346 77 629
352 64 204
385 68 402
177 20 771
323 51 915
404 70 551
492 26 854
11 8 440
308 42 432
192 5 846
243 29 938
131 57 43
214 69 499
319 96 17
380 42 4
12 37 946
74 17 218
499 89 430
212 50 37
261 52 691
24 32 939
188 27 384
17 11 591
131 26 422
60 48 964
164 85 928
65 61 398
199 90 294
153 30 566
483 50 188
445 45 319
237 41 370
426 74 422
378 58 491
91 21 87
19 61 394
441 75 864
402 48 293
160 23 566
199 6 158
440 74 774
28 91 820
244 91 770
472 39 940
86 64 479
400 74 137
97 47 845
296 93 271
329 23 178
284 38 750
387 6 238
345 48 365
495 89 898
197 10 175
391 90 472
157 96 167
170 99 801
103 32 300
112 58 10
435 78 783
116 36 819
191 15 604
158 88 196
195 32 756
65 37 403
418 90 949
148 60 863
18 45 919
413 76 693
203 23 489
441 42 572
433 4 527
242 58 466
29 99 437
77 99 311
169 84 861
68 36 463
477 55 764
106 7 294
271 77 541
434 93 962
270 51 854
193 86 186
272 22 848
208 35 388
274 29 530
294 83 994
431 16 641
323 52 242
50 24 732
217 58 130
420 2 822
100 56 280
158 30 263
476 42 293
374 45 351
274 25 977
449 67 726
293 66 43
