100 40000
23 30 564
275 34 578
232 9 689
118 64 369
112 99 685
51 65 240
98 71 134
346 65 933
159 36 438
369 12 491
51 60 511
213 35 658
178 83 218
151 13 533
447 98 253
245 94 549
199 91 307
38 71 156
452 93 352
233 7 403
122 9 642
305 31 679
143 33 272
111 14 409
394 14 597
462 43 82
222 28 676
21 63 736
111 72 546
65 86 569
118 55 784
129 94 960
151 77 686
109 99 901
450 31 635
309 66 70
3 89 33
72 30 793
488 42 161
465 70 316
3 71 183
103 52 111
63 45 613
434 6 841
294 95 247
118 16 944
45 1 940
112 79 932
322 53 654
2 30 779
8 48 563
447 88 902
134 89 409
196 57 110
454 82 871
201 10 898
150 93 864
245 66 49
42 92 170
75 99 511
291 34 650
158 79 512
143 3 543
74 52 483
389 97 49
343 51 374
105 99 920
273 22 929
360 42 111
171 98 268
326 96 451
449 83 292
298 70 100
78 74 715
25 79 574
394 98 463
43 93 549
185 89 589
109 1 252
478 62 444
317 56 87
305 46 775
159 16 451
175 28 753
232 66 270
203 14 249
153 21 2
96 19 811
431 27 240
219 78 169
216 16 300
397 81 127
351 61 917
226 13 318
101 41 73
208 26 784
262 80 945
468 12 152
489 77 462
45 92 930
