93 30046
398 47 652
361 33 879
99 43 202
462 18 635
83 23 286
423 39 506
108 30 942
218 50 988
23 20 218
360 45 234
183 1 973
492 44 7
403 14 737
379 26 122
77 21 975
333 4 871
422 23 320
208 24 853
152 2 742
159 2 558
355 39 656
475 39 681
453 27 974
198 46 221
131 1 80
399 14 444
292 30 220
301 40 218
165 43 492
213 31 584
377 1 5
89 2 908
131 15 767
385 18 988
18 27 468
420 33 262
141 43 353
401 18 58
386 1 682
404 6 265
255 10 786
465 26 157
254 28 846
161 39 677
455 9 324
282 17 516
208 9 994
11 6 381
100 4 560
393 11 43
157 32 813
187 12 9
119 39 211
280 15 23
409 20 646
1 34 955
438 31 563
468 29 798
49 22 484
220 26 885
281 11 56
304 11 912
184 29 648
499 20 192
72 19 137
175 3 250
46 31 107
74 31 325
23 13 255
5 7 385
265 7 131
246 1 496
371 47 324
212 14 824
302 25 447
52 4 932
247 8 443
238 25 113
12 28 71
441 25 627
201 43 178
366 49 310
209 31 968
289 13 35
152 31 430
287 9 154
113 35 928
261 41 64
430 3 751
217 49 176
202 33 519
126 42 155
183 28 729
