58 20000
31 4 176
48 5 116
193 32 785
28 17 574
115 39 104
144 18 132
152 3 244
63 4 584
223 13 905
95 37 788
120 23 823
30 49 801
249 45 152
35 48 719
6 39 805
171 7 935
300 25 308
32 32 513
88 17 550
72 17 486
233 20 781
195 31 943
246 16 901
56 16 429
213 45 110
86 19 498
100 30 22
147 22 793
235 1 669
136 1 902
170 20 500
233 47 360
155 5 445
52 33 743
216 21 722
206 9 796
189 19 506
117 46 844
48 9 906
145 6 928
240 10 260
250 28 345
300 47 918
35 15 422
39 25 463
136 50 892
4 47 200
3 27 154
297 49 279
242 35 680
165 39 996
25 44 942
256 8 615
113 23 436
146 38 855
246 50 963
201 11 111
23 6 817
