65 36550
261 12 190
6 19 205
263 1 491
248 48 603
92 42 171
109 37 905
223 34 574
282 29 46
122 12 809
227 49 266
281 35 751
264 18 333
172 18 330
116 23 949
97 10 317
264 17 207
97 18 236
169 9 974
145 38 333
14 22 918
96 31 760
16 43 42
32 45 979
39 46 57
239 35 895
219 26 448
44 46 328
200 36 823
241 1 726
38 44 715
62 47 67
184 32 829
171 15 850
148 43 735
163 13 641
175 15 748
144 13 294
203 14 813
107 22 469
240 2 910
81 43 121
41 28 771
147 9 395
248 38 521
94 20 281
282 20 527
87 19 314
61 2 491
117 5 789
96 22 3
143 41 881
233 19 669
269 10 315
204 6 40
166 40 549
182 15 153
54 49 299
265 35 311
286 49 645
239 27 676
58 31 258
129 3 693
160 43 596
133 16 572
21 34 996
