58 20000
281 17 423
148 27 19
217 27 160
116 10 760
103 1 970
182 7 914
120 7 785
160 36 934
119 1 643
14 3 144
186 1 37
59 42 958
7 30 990
254 22 112
193 11 385
284 25 628
275 30 734
92 18 552
252 16 851
223 6 682
276 39 295
249 47 100
103 28 542
14 29 285
112 20 226
109 47 703
184 25 573
153 12 610
145 48 480
104 8 298
77 14 988
289 26 121
108 8 658
16 13 935
238 42 953
102 41 161
150 49 682
8 31 948
277 2 169
143 28 145
170 20 675
85 15 440
138 28 166
227 22 137
273 8 167
6 45 78
182 4 412
58 6 366
101 10 281
265 1 145
247 15 617
117 42 940
16 7 11
144 17 406
258 48 115
242 27 93
90 36 365
292 17 712
