250 250
1 2 10
2 3 10
3 4 10
4 5 10
5 6 10
6 7 10
7 8 10
8 9 10
9 10 10
10 11 10
11 12 10
12 13 10
13 14 10
14 15 10
15 16 10
16 17 10
17 18 10
18 19 10
19 20 10
20 21 10
21 22 10
22 23 10
23 24 10
24 25 10
25 26 10
26 27 10
27 28 10
28 29 10
29 30 10
30 31 10
31 32 10
32 33 10
33 34 10
34 35 10
35 36 10
36 37 10
37 38 10
38 39 10
39 40 10
40 41 10
41 42 10
42 43 10
43 44 10
44 45 10
45 46 10
46 47 10
47 48 10
48 49 10
49 50 10
50 51 10
51 52 10
52 53 10
53 54 10
54 55 10
55 56 10
56 57 10
57 58 10
58 59 10
59 60 10
60 61 10
61 62 10
62 63 10
63 64 10
64 65 10
65 66 10
66 67 10
67 68 10
68 69 10
69 70 10
70 71 10
71 72 10
72 73 10
73 74 10
74 75 10
75 76 10
76 77 10
77 78 10
78 79 10
79 80 10
80 81 10
81 82 10
82 83 10
83 84 10
84 85 10
85 86 10
86 87 10
87 88 10
88 89 10
89 90 10
90 91 10
91 92 10
92 93 10
93 94 10
94 95 10
95 96 10
96 97 10
97 98 10
98 99 10
99 100 10
100 101 10
101 102 10
102 103 10
103 104 10
104 105 10
105 106 10
106 107 10
107 108 10
108 109 10
109 110 10
110 111 10
111 112 10
112 113 10
113 114 10
114 115 10
115 116 10
116 117 10
117 118 10
118 119 10
119 120 10
120 121 10
121 122 10
122 123 10
123 124 10
124 125 10
125 126 10
126 127 10
127 128 10
128 129 10
129 130 10
130 131 10
131 132 10
132 133 10
133 134 10
134 135 10
135 136 10
136 137 10
137 138 10
138 139 10
139 140 10
140 141 10
141 142 10
142 143 10
143 144 10
144 145 10
145 146 10
146 147 10
147 148 10
148 149 10
149 150 10
150 151 10
151 152 10
152 153 10
153 154 10
154 155 10
155 156 10
156 157 10
157 158 10
158 159 10
159 160 10
160 161 10
161 162 10
162 163 10
163 164 10
164 165 10
165 166 10
166 167 10
167 168 10
168 169 10
169 170 10
170 171 10
171 172 10
172 173 10
173 174 10
174 175 10
175 176 10
176 177 10
177 178 10
178 179 10
179 180 10
180 181 10
181 182 10
182 183 10
183 184 10
184 185 10
185 186 10
186 187 10
187 188 10
188 189 10
189 190 10
190 191 10
191 192 10
192 193 10
193 194 10
194 195 10
195 196 10
196 197 10
197 198 10
198 199 10
199 200 10
200 201 10
201 202 10
202 203 10
203 204 10
204 205 10
205 206 10
206 207 10
207 208 10
208 209 10
209 210 10
210 211 10
211 212 10
212 213 10
213 214 10
214 215 10
215 216 10
216 217 10
217 218 10
218 219 10
219 220 10
220 221 10
221 222 10
222 223 10
223 224 10
224 225 10
225 226 10
226 227 10
227 228 10
228 229 10
229 230 10
230 231 10
231 232 10
232 233 10
233 234 10
234 235 10
235 236 10
236 237 10
237 238 10
238 239 10
239 240 10
240 241 10
241 242 10
242 243 10
243 244 10
244 245 10
245 246 10
246 247 10
247 248 10
248 249 10
249 250 10
250 1 10
