250 427
156 139 6
156 248 10
139 248 4
139 150 10
248 150 6
248 250 7
150 250 1
150 63 6
150 241 8
250 63 5
250 241 7
63 241 2
63 32 8
63 23 10
241 32 6
241 23 8
32 23 2
32 97 7
23 97 5
97 171 9
97 34 9
171 57 4
171 65 8
34 57 4
34 65 8
57 65 4
65 200 7
65 6 10
200 6 3
6 147 9
147 152 9
152 176 4
152 67 8
176 67 4
176 187 8
176 14 8
67 187 4
67 14 4
67 218 7
67 100 8
187 218 3
187 100 4
14 218 3
14 100 4
218 100 1
218 210 10
100 210 9
210 89 4
210 193 10
89 193 6
193 228 9
228 26 4
26 119 10
119 55 4
55 154 8
154 41 4
154 77 6
154 48 6
154 50 7
41 77 2
41 48 2
41 50 3
41 213 10
77 50 1
77 213 8
77 215 10
77 129 10
77 91 10
48 50 1
48 213 8
48 215 10
48 129 10
48 91 10
50 213 7
50 215 9
50 129 9
50 91 9
213 215 2
213 129 2
213 91 2
213 38 10
215 38 8
129 38 8
91 38 8
38 85 6
85 227 10
227 4 1
227 231 1
227 71 6
4 71 5
231 71 5
71 103 10
103 47 10
47 40 7
47 82 9
47 201 10
40 82 2
40 201 3
40 223 4
40 208 4
82 201 1
82 223 2
82 208 2
82 25 9
201 223 1
201 25 8
223 25 7
208 25 7
25 237 10
237 20 4
237 170 5
20 170 1
20 69 10
170 69 9
69 42 8
42 94 6
94 9 10
9 61 7
61 104 6
104 128 7
104 28 9
128 28 2
128 8 4
28 8 2
8 214 10
214 149 4
149 52 9
149 163 10
52 163 1
52 219 3
52 222 3
52 194 9
163 219 2
163 222 2
163 194 8
219 194 6
222 194 6
194 141 10
141 189 5
141 22 9
189 22 4
22 169 7
169 75 9
75 120 6
75 197 6
120 158 7
197 158 7
158 109 6
109 16 6
109 3 9
16 3 3
3 243 9
243 247 9
247 111 7
247 80 8
111 80 1
111 220 8
80 220 7
220 99 8
99 124 9
124 175 10
175 117 1
175 105 9
117 105 8
105 13 9
13 148 3
13 230 4
148 230 1
148 229 10
230 229 9
230 7 10
229 7 1
7 39 10
7 206 10
39 1 6
206 1 6
1 86 10
86 225 9
225 199 2
225 59 4
225 190 8
225 133 10
199 59 2
199 190 6
199 133 8
59 190 4
59 133 6
190 133 2
190 174 10
133 174 8
174 15 10
15 81 7
81 88 8
81 185 8
88 195 10
185 195 10
195 144 8
144 183 4
183 18 8
183 217 10
18 217 2
217 235 10
235 246 2
235 224 7
235 202 7
246 224 5
246 202 5
224 126 9
202 126 9
126 17 2
126 29 6
17 29 4
29 101 7
29 236 7
29 167 10
101 167 3
101 87 10
236 167 3
236 87 10
167 87 7
87 178 6
178 74 5
178 24 6
178 12 9
178 226 9
74 24 1
74 12 4
74 226 4
74 36 6
24 12 3
24 226 3
24 36 5
12 36 2
12 92 8
226 36 2
226 92 8
36 92 6
36 58 9
92 58 3
92 142 8
58 142 5
58 33 9
142 33 4
142 182 10
33 182 6
33 234 9
182 234 3
182 76 7
182 140 10
182 242 10
234 76 4
234 140 7
234 242 7
76 140 3
76 242 3
140 162 8
242 162 8
162 44 9
162 179 10
44 179 1
44 138 5
44 249 7
44 27 9
179 138 4
179 249 6
179 27 8
138 249 2
138 27 4
249 27 2
27 168 9
168 244 4
168 30 10
244 30 6
30 172 8
172 160 5
172 186 9
172 79 9
160 186 4
160 79 4
186 115 10
79 115 10
115 54 2
54 98 10
98 134 7
98 121 8
98 83 8
134 121 1
134 83 1
134 240 6
121 240 5
83 240 5
240 153 9
153 211 7
211 5 10
211 43 10
5 130 7
43 130 7
130 31 9
31 51 7
51 203 10
203 137 5
203 221 10
137 221 5
221 114 9
114 191 8
114 72 10
191 72 2
191 161 10
72 161 8
161 173 6
161 151 7
173 151 1
173 155 9
151 155 8
155 96 5
155 180 8
155 131 10
155 204 10
96 180 3
96 131 5
96 204 5
96 110 8
180 131 2
180 204 2
180 110 5
131 110 3
204 110 3
110 112 8
110 146 9
112 146 1
112 238 6
146 238 5
238 192 9
192 165 7
165 90 6
90 181 8
181 68 5
68 53 7
53 73 9
73 184 3
184 21 8
21 198 7
198 70 10
70 239 3
239 60 10
60 102 7
102 136 5
102 188 7
136 188 2
136 108 10
188 108 8
188 212 9
108 212 1
108 78 4
212 78 3
78 95 8
95 46 5
46 159 6
46 10 10
159 10 4
10 125 7
125 45 4
125 113 5
125 93 5
125 232 6
125 143 6
125 127 10
45 113 1
45 93 1
45 143 2
45 127 6
113 232 1
113 143 1
113 127 5
93 232 1
93 143 1
93 127 5
232 127 4
143 127 4
127 209 7
209 145 8
209 49 8
145 157 10
49 157 10
157 166 10
166 106 2
166 116 9
106 116 7
106 196 10
116 196 3
196 177 9
177 66 8
66 205 6
205 62 8
62 164 9
164 35 2
164 84 2
164 37 10
35 37 8
84 37 8
37 118 10
118 64 4
118 216 9
118 107 9
64 216 5
64 107 5
64 245 10
216 245 5
216 233 6
107 245 5
107 233 6
245 233 1
233 19 10
19 2 2
19 132 7
19 122 10
2 132 5
2 122 8
132 122 3
132 11 7
122 11 4
11 135 7
11 207 8
135 207 1
135 56 4
207 56 3
56 123 10
