100 150
94 88 5
94 19 5
94 73 7
88 73 2
88 41 7
19 73 2
19 41 7
73 41 5
41 68 7
68 15 8
15 39 5
39 99 10
99 26 3
99 53 10
26 53 7
53 56 8
56 33 7
33 3 7
3 31 8
3 90 9
31 90 1
31 32 10
90 32 9
32 25 8
25 58 6
58 55 7
55 91 6
91 69 9
69 10 6
10 47 10
47 40 2
47 74 4
47 82 8
40 74 2
40 82 6
74 82 4
74 44 9
82 44 5
44 64 9
44 79 10
64 79 1
64 86 4
64 9 10
79 86 3
79 9 9
86 9 6
9 100 10
100 78 10
78 48 9
48 54 4
54 97 9
97 83 5
83 77 8
77 35 7
77 7 8
35 7 1
7 61 10
61 62 6
61 84 6
62 28 6
84 28 6
28 18 6
18 75 5
18 52 5
75 12 8
52 12 8
12 71 5
71 29 9
29 50 4
29 95 8
50 95 4
50 93 9
93 14 3
14 34 9
34 89 6
89 51 8
51 30 10
30 98 3
30 92 9
98 92 6
92 49 7
92 57 7
49 11 4
49 70 10
57 11 4
57 70 10
11 70 6
70 43 7
70 45 7
43 65 9
45 65 9
65 2 3
65 17 7
2 17 4
17 80 9
80 1 10
80 37 10
1 87 1
1 67 9
37 87 1
37 67 9
87 67 8
67 63 4
67 16 10
63 16 6
63 46 7
16 46 1
16 13 5
46 13 4
13 72 8
72 38 8
72 81 10
38 81 2
38 96 8
81 96 6
96 66 10
66 8 7
8 20 10
20 21 9
20 76 10
21 76 1
21 42 2
21 27 10
21 36 10
76 42 1
76 27 9
76 36 9
42 27 8
42 36 8
27 85 3
27 4 3
36 85 3
36 4 3
85 23 9
85 60 9
4 23 9
4 60 9
23 6 2
23 5 5
23 22 7
60 6 2
60 5 5
60 22 7
6 5 3
6 22 5
6 59 10
5 22 2
5 59 7
22 59 5
59 24 9
