80 126
19 44 10
44 16 6
16 75 7
75 33 10
33 61 6
33 38 8
61 38 2
38 62 9
62 25 6
62 77 6
62 49 9
25 49 3
25 46 5
25 32 6
77 46 5
77 32 6
49 46 2
49 32 3
46 32 1
46 40 9
32 40 8
40 55 4
40 80 10
55 80 6
55 68 10
80 68 4
68 39 10
39 69 10
69 35 8
35 23 5
23 67 9
67 29 10
29 5 2
29 37 9
5 37 7
5 24 10
37 24 3
37 6 7
37 45 7
24 6 4
24 45 4
24 48 9
6 48 5
45 48 5
48 9 9
9 71 5
71 64 9
64 13 5
64 65 7
13 65 2
13 50 7
65 50 5
50 3 9
3 41 3
3 12 3
3 63 5
3 58 6
41 63 2
41 58 3
12 63 2
12 58 3
63 58 1
63 72 9
58 72 8
72 30 9
30 11 3
30 22 5
11 22 2
11 79 8
22 79 6
79 56 6
56 34 8
56 59 10
34 59 2
59 18 9
18 4 3
18 15 9
4 15 6
4 28 10
15 28 4
28 66 8
66 74 3
66 52 7
74 52 4
74 60 9
52 60 5
60 21 6
21 10 10
10 47 4
47 70 9
70 14 6
14 31 8
14 8 8
31 54 3
31 20 4
31 43 9
8 54 3
8 20 4
8 43 9
54 20 1
54 43 6
20 43 5
43 27 6
27 26 7
27 7 9
26 7 2
26 53 5
7 53 3
53 73 8
73 1 7
73 76 7
73 36 8
73 42 8
73 2 9
1 36 1
1 42 1
1 2 2
76 36 1
76 42 1
76 2 2
36 2 1
42 2 1
2 17 10
17 57 4
57 78 10
57 51 10
