50 100
40 27 3
40 23 5
40 17 6
27 23 2
27 17 3
27 8 9
23 17 1
23 8 7
17 8 6
8 1 5
8 37 10
1 37 5
37 16 6
16 4 8
4 36 6
36 6 7
36 43 8
36 34 10
6 43 1
6 34 3
6 31 5
6 25 7
43 34 2
43 31 4
43 25 6
43 18 10
34 31 2
34 25 4
34 18 8
31 25 2
31 18 6
25 18 4
18 30 10
30 50 9
50 11 6
50 29 6
11 9 7
9 10 8
10 42 4
10 19 4
10 44 5
10 22 6
10 48 6
10 41 6
10 32 8
42 44 1
42 22 2
42 48 2
42 41 2
42 32 4
42 3 10
19 44 1
19 22 2
19 48 2
19 41 2
19 32 4
19 3 10
44 22 1
44 48 1
44 41 1
44 32 3
44 3 9
22 32 2
22 3 8
48 32 2
48 3 8
41 32 2
41 3 8
32 3 6
32 7 10
3 7 4
7 49 7
49 26 8
49 38 8
26 45 6
38 45 6
45 5 6
45 12 8
5 12 2
5 2 5
5 14 10
12 2 3
12 14 8
2 14 5
14 20 8
20 13 6
20 15 8
13 15 2
13 35 9
15 35 7
15 39 9
35 39 2
39 46 10
46 33 8
46 21 10
33 21 2
21 47 9
21 28 9
47 24 3
28 24 3
