200 324
179 198 1
179 85 7
198 85 6
85 112 10
112 27 8
27 52 8
52 131 9
131 90 6
131 194 7
131 76 7
90 194 1
90 76 1
194 67 10
76 67 10
67 4 1
67 178 10
4 178 9
178 116 5
116 50 9
50 173 8
173 191 9
191 29 7
191 148 7
191 130 7
29 93 7
148 93 7
130 93 7
93 59 4
93 48 9
59 48 5
48 74 8
74 154 10
154 44 9
44 157 3
157 122 10
122 172 6
172 40 9
40 127 2
40 129 6
127 129 4
129 12 7
12 61 6
12 186 9
61 186 3
61 60 7
186 60 4
60 200 8
200 147 10
200 49 10
147 94 6
147 75 9
49 94 6
49 75 9
94 75 3
94 65 5
94 142 10
75 65 2
75 142 7
65 142 5
65 193 9
142 193 4
142 31 9
193 132 2
193 31 5
132 31 3
132 133 10
31 133 7
31 188 9
133 188 2
133 84 8
188 84 6
84 126 4
84 175 9
126 175 5
126 10 7
126 1 10
126 196 10
175 10 2
175 1 5
175 196 5
10 1 3
10 196 3
1 3 10
1 177 10
196 3 10
196 177 10
3 18 3
177 18 3
18 109 10
109 152 4
109 189 7
152 189 3
152 96 7
189 96 4
96 70 8
70 106 5
106 28 7
28 150 9
150 15 5
150 82 10
15 82 5
82 185 6
82 24 10
185 24 4
185 78 7
24 78 3
24 114 8
24 176 9
78 114 5
78 176 6
114 176 1
114 169 8
176 169 7
169 35 8
35 69 4
69 34 8
34 9 6
9 54 5
54 17 10
17 110 10
110 97 4
110 168 4
110 104 9
97 104 5
168 104 5
104 137 8
104 83 9
137 83 1
137 161 3
137 81 8
83 161 2
83 81 7
161 81 5
81 11 9
81 159 9
11 46 4
11 158 8
159 46 4
159 158 8
46 158 4
46 163 7
158 163 3
163 62 8
163 77 9
62 77 1
62 7 9
77 7 8
7 68 5
7 16 7
68 16 2
16 160 9
160 118 9
160 162 9
118 41 2
118 145 5
118 21 10
162 41 2
162 145 5
162 21 10
41 145 3
41 21 8
145 21 5
145 64 10
64 57 10
64 195 10
57 138 9
195 138 9
138 139 8
139 32 6
108 32 2
108 39 8
32 39 6
39 87 5
87 144 6
144 55 9
55 103 5
55 149 8
55 20 8
103 149 3
103 20 3
103 58 8
149 58 5
20 58 5
58 47 6
47 174 10
174 153 10
153 182 3
153 33 7
153 180 9
182 33 4
182 180 6
182 43 8
182 183 10
182 38 10
33 180 2
33 43 4
33 183 6
33 38 6
180 43 2
180 183 4
180 38 4
43 183 2
43 38 2
183 26 9
183 22 9
38 26 9
38 22 9
26 107 5
26 79 9
26 6 9
22 107 5
22 79 9
22 6 9
107 79 4
107 6 4
79 2 10
6 2 10
2 80 1
2 53 2
2 146 9
80 53 1
80 146 8
53 146 7
146 187 7
187 30 4
187 25 7
187 184 9
30 25 3
30 184 5
25 184 2
25 164 9
184 164 7
164 105 4
105 167 7
167 119 6
167 101 7
167 66 7
119 101 1
119 66 1
119 128 5
101 128 4
66 128 4
128 170 7
170 72 4
170 86 9
72 86 5
72 155 8
72 190 9
72 197 10
86 155 3
86 190 4
86 197 5
155 190 1
155 197 2
155 71 8
190 197 1
190 71 7
197 71 6
71 95 9
71 165 9
95 45 2
95 124 9
165 45 2
165 124 9
45 124 7
45 91 10
124 91 3
124 56 10
91 56 7
56 100 4
100 143 9
100 98 10
143 98 1
143 92 5
98 92 4
92 8 10
8 136 3
8 5 5
136 5 2
136 134 9
5 134 7
134 181 7
181 102 9
102 121 10
121 192 9
192 135 6
192 13 8
135 13 2
13 115 9
13 88 9
115 166 6
115 140 9
88 166 6
88 140 9
166 140 3
166 141 10
140 141 7
141 125 8
141 199 8
125 14 7
199 14 7
14 51 6
14 89 6
51 63 8
89 63 8
63 37 8
63 36 9
37 36 1
37 151 6
36 151 5
151 120 9
120 111 8
111 156 8
156 23 6
23 113 10
23 99 10
113 117 9
99 117 9
117 19 7
19 73 9
73 171 9
171 123 2
171 42 3
123 42 1
