150 256
6 31 6
31 119 5
31 88 5
119 114 8
119 74 8
88 114 8
88 74 8
114 148 10
74 148 10
148 26 4
148 7 8
26 7 4
26 71 10
7 71 6
71 20 9
71 11 9
20 150 2
20 123 2
20 48 5
20 106 10
11 150 2
11 123 2
11 48 5
11 106 10
150 48 3
150 106 8
123 48 3
123 106 8
48 106 5
106 112 7
106 8 9
112 8 2
8 82 10
82 100 7
82 105 7
100 29 10
105 29 10
29 96 3
29 118 10
96 118 7
118 52 8
118 135 8
52 59 4
135 59 4
59 127 7
127 18 10
18 101 5
18 42 8
101 42 3
101 130 8
42 130 5
42 61 9
42 58 10
130 61 4
130 58 5
61 58 1
61 40 10
61 30 10
58 40 9
58 30 9
40 54 3
40 39 9
30 54 3
30 39 9
54 39 6
39 70 10
70 90 6
90 1 6
1 56 7
1 103 9
56 103 2
56 3 7
56 143 9
56 32 10
103 3 5
103 143 7
103 32 8
3 143 2
3 32 3
143 32 1
143 37 10
32 37 9
37 125 8
125 17 6
17 9 8
9 121 5
9 47 5
121 79 9
121 57 9
47 79 9
47 57 9
79 81 8
57 81 8
81 44 3
44 46 10
46 128 8
46 22 8
128 13 4
128 67 9
22 13 4
22 67 9
13 67 5
67 66 9
66 93 7
93 49 4
49 87 7
87 14 5
87 36 6
14 36 1
14 38 10
36 38 9
38 97 5
97 98 9
98 21 5
98 5 9
98 34 10
21 5 4
21 34 5
5 34 1
5 132 10
34 132 9
132 50 3
132 65 8
50 65 5
65 85 8
85 108 4
85 25 5
85 68 10
108 25 1
108 68 6
108 35 7
25 68 5
25 35 6
68 35 1
68 72 10
35 72 9
35 64 9
72 117 6
64 117 6
117 99 5
99 129 6
129 63 7
63 109 9
109 137 9
137 84 5
84 28 9
28 43 10
43 147 2
43 120 7
147 120 5
120 16 8
16 4 10
4 75 7
4 19 8
4 78 10
75 19 1
75 78 3
75 138 10
19 78 2
19 138 9
78 138 7
78 51 9
78 23 10
138 51 2
51 23 1
51 27 10
23 27 9
27 145 2
27 131 8
145 131 6
131 126 9
131 141 9
126 2 7
126 107 8
141 2 7
141 107 8
2 107 1
2 116 7
2 142 8
107 116 6
107 142 7
116 142 1
116 89 7
142 89 6
89 53 5
53 69 6
69 102 10
102 104 1
102 91 10
104 91 9
91 55 2
55 41 10
41 122 10
122 115 4
122 12 10
122 33 10
115 12 6
115 33 6
12 149 9
12 10 10
33 149 9
33 10 10
149 10 1
149 110 3
149 15 4
149 80 4
149 94 10
10 110 2
10 15 3
10 80 3
10 94 9
110 15 1
110 80 1
110 94 7
110 146 9
15 94 6
15 146 8
80 94 6
80 146 8
94 146 2
94 95 7
94 60 8
146 95 5
146 60 6
95 60 1
60 139 10
139 73 1
139 136 5
139 86 7
73 136 4
73 86 6
136 86 2
136 124 10
86 124 8
124 134 9
134 140 5
134 92 7
140 92 2
140 76 6
140 83 10
92 76 4
92 83 8
76 83 4
83 24 3
83 45 10
24 45 7
45 113 4
113 77 10
77 144 1
77 111 5
77 62 7
144 111 4
144 62 6
111 62 2
111 133 9
62 133 7
