1000 10 47
932
826
352
510
390
198
298
947
813
920
149
181
794
449
164
376
94
908
966
156
212
99
729
323
123
374
430
91
214
123
933
881
146
908
390
564
357
356
959
901
742
252
921
337
738
515
70
428
346
634
640
967
180
537
379
667
191
768
433
984
991
352
777
594
412
600
688
317
513
368
920
356
858
651
119
197
231
598
389
76
643
890
22
549
226
528
720
320
467
59
59
140
405
994
869
578
659
958
361
264
552
747
600
285
797
199
788
161
21
16
18
844
807
236
979
547
236
981
52
449
754
689
124
104
840
508
144
813
73
716
19
460
746
257
374
304
899
310
602
574
864
601
229
715
426
103
504
12
641
900
274
104
662
841
950
284
616
750
464
345
177
850
219
37
869
642
491
641
116
784
709
236
716
828
368
883
229
130
56
886
508
934
441
785
680
301
95
577
243
447
308
227
525
14
760
36
286
389
280
355
248
302
302
82
619
748
88
798
213
741
204
18
720
709
217
241
490
556
366
330
445
757
361
816
603
49
663
493
805
462
970
10
502
551
574
657
493
359
705
706
651
332
366
22
379
417
495
134
962
517
914
239
228
390
826
594
433
150
356
678
768
712
669
547
818
327
257
19
748
240
624
452
474
498
580
732
213
599
747
669
420
846
82
486
598
383
76
274
879
537
182
640
801
284
82
654
849
965
923
107
799
418
858
24
55
74
306
173
479
992
933
716
464
155
381
79
907
862
22
121
724
832
864
959
627
72
519
153
646
441
633
497
957
143
848
312
91
580
575
830
812
500
26
945
116
897
791
609
624
652
388
786
462
192
203
38
196
655
285
297
568
420
185
481
49
786
111
499
871
215
889
278
466
989
764
163
862
864
313
658
6
142
477
240
118
961
571
717
240
96
150
173
604
505
300
501
855
926
771
806
68
479
160
283
477
967
832
853
697
838
13
395
763
299
85
837
858
320
440
571
34
995
160
984
629
548
395
20
672
342
432
67
943
653
555
273
175
717
258
739
85
701
144
419
914
902
376
842
104
435
322
130
747
205
667
232
820
836
30
494
576
278
436
496
96
153
34
649
970
613
690
41
792
332
983
697
581
371
580
551
23
374
98
901
770
531
698
534
267
86
704
353
922
73
222
717
525
378
394
457
936
757
372
664
215
38
565
186
529
665
189
703
24
971
795
725
555
646
188
995
260
106
58
549
454
255
73
817
144
181
484
174
667
356
464
961
628
652
347
698
817
860
158
862
60
31
768
529
455
633
182
258
93
319
735
910
827
393
441
289
430
97
257
485
651
358
114
137
515
882
805
919
937
940
721
120
531
857
111
896
592
599
210
723
108
661
861
298
161
475
797
319
389
871
513
353
582
899
160
365
571
738
566
279
715
513
850
935
213
300
567
943
541
933
951
127
616
389
67
31
135
370
230
735
942
622
487
644
460
159
955
507
69
598
368
225
624
42
614
788
913
651
877
757
472
243
728
923
936
12
294
64
38
586
508
9
133
747
402
935
312
475
756
972
568
189
32
528
978
104
616
983
355
959
604
613
853
945
340
91
825
874
695
821
198
765
666
892
566
360
96
132
808
967
657
266
941
369
161
532
678
326
381
306
803
316
31
855
305
759
76
882
49
911
835
41
94
230
600
964
439
197
828
925
891
589
11
332
68
566
151
539
735
492
732
337
354
353
743
469
495
321
169
499
966
582
488
636
499
500
786
954
718
325
578
732
803
486
360
855
601
739
973
636
534
555
737
610
961
329
816
117
893
389
457
58
14
305
43
548
757
954
932
492
643
782
984
341
938
995
395
892
572
400
221
689
132
878
959
321
931
466
266
653
49
849
282
521
910
370
190
430
518
271
237
630
86
318
384
823
1000
179
524
368
177
969
869
292
101
274
656
149
739
771
779
228
289
391
705
390
632
483
155
666
425
563
853
583
460
795
958
339
907
638
585
102
507
977
116
412
729
114
650
3
458
485
135
943
167
977
409
45
198
289
170
25
786
172
890
350
591
168
364
562
404
259
722
42
578
123
39
185
833
490
517
34
725
907
499
381
654
318
846
526
889
629
114
766
199
161
640
765
642
937
889
753
574
570
433
381
605
527
470
113
593
175
463
975
36
19
290
912
223
277
967
956
376
405
401
611
693
756
352
68
975
865
268
50
12
127
3
310
471
552
441
951
739
238
96
628
696
559
881
891
769
49
203
895
704
904
841
187
635
405
361
35
137
594
590
741
474
434
180
192
620
322
550
76
345
558
935
724
475
725
931
493
131
853
246
692
