5000 14 17
952
100
557
68
226
973
873
464
721
825
591
487
225
24
296
728
380
882
941
182
373
561
176
328
174
201
647
191
347
372
329
793
94
320
400
180
677
872
62
260
586
992
604
779
303
488
114
913
781
395
37
692
33
999
259
295
52
376
720
601
411
23
108
399
369
540
257
845
709
472
183
148
706
385
789
184
791
964
288
184
408
545
378
525
358
207
625
673
701
856
1000
471
783
101
328
837
127
229
386
614
356
629
6
362
313
530
160
548
953
597
603
559
579
899
561
89
59
558
517
825
953
5
405
167
709
358
386
311
917
617
681
244
51
565
496
308
421
355
756
637
435
950
396
822
19
760
970
817
504
466
4
886
636
338
963
453
664
72
424
204
940
601
399
518
719
223
85
581
113
713
986
236
692
851
393
298
334
841
640
585
355
197
47
681
810
14
814
46
598
492
123
203
463
906
449
140
413
491
873
651
170
386
583
177
434
383
878
654
573
719
115
619
849
895
153
224
255
911
886
933
50
789
312
797
130
301
591
695
262
539
995
778
946
146
653
407
118
267
387
891
315
84
975
946
126
954
741
365
562
789
482
379
402
493
79
65
747
86
653
219
705
298
678
789
596
641
33
178
648
188
564
198
792
148
812
664
761
932
523
975
596
240
283
568
222
635
105
387
303
433
328
480
750
860
146
943
803
551
505
597
515
302
853
20
612
829
644
153
319
997
983
871
587
594
272
337
151
38
528
598
821
362
110
45
29
874
852
306
22
741
203
986
72
533
238
82
127
764
21
982
262
891
211
223
686
941
725
253
253
476
245
113
572
56
180
904
153
702
30
671
815
101
372
387
879
91
888
869
266
312
617
502
659
191
479
105
31
463
166
192
819
762
980
124
360
903
344
371
943
705
95
28
224
246
846
281
625
980
848
965
522
359
419
199
758
657
112
832
124
379
825
656
114
825
282
627
147
475
464
32
66
376
812
566
338
947
261
434
283
43
556
785
788
112
208
594
324
429
871
833
289
390
692
256
152
533
947
155
631
82
557
68
769
677
137
665
201
327
136
89
739
927
760
211
664
965
167
366
927
497
143
132
180
249
485
723
421
440
296
761
529
244
927
136
729
77
996
131
584
613
991
549
365
350
64
775
41
524
607
467
613
666
315
864
885
659
831
84
188
864
999
772
259
570
667
343
519
552
636
877
75
34
669
909
353
181
275
229
96
37
733
388
912
594
218
85
376
895
574
559
327
723
805
708
298
188
646
174
337
594
515
529
804
456
168
328
19
931
410
67
459
537
142
485
749
31
88
512
382
785
153
849
156
750
434
91
306
841
252
583
81
654
342
338
825
858
104
710
183
72
775
412
541
201
922
804
866
546
194
118
138
705
837
658
711
365
985
875
897
327
413
935
772
400
890
620
931
790
918
418
684
536
577
344
551
399
831
292
633
407
814
889
408
640
238
560
870
920
525
623
211
220
397
26
53
448
923
826
972
49
723
217
112
198
88
878
219
648
906
291
176
172
892
271
286
962
727
192
131
620
903
120
149
554
936
480
698
164
911
745
347
307
211
21
331
57
572
721
695
154
143
385
860
88
552
225
791
991
394
805
622
663
654
132
265
218
616
229
333
425
303
370
234
315
7
905
367
727
328
295
903
974
839
729
258
700
403
459
457
321
532
760
473
112
259
526
806
794
678
757
668
71
447
814
84
679
596
157
594
147
359
963
496
584
387
717
741
688
945
673
31
377
665
677
3
933
382
487
383
287
681
315
161
402
911
811
541
168
595
192
988
157
505
991
400
208
518
568
686
413
275
313
695
87
106
446
545
274
903
94
328
480
646
995
546
45
962
7
170
54
42
568
517
585
829
215
364
994
813
805
662
944
427
839
279
317
329
658
947
759
734
240
10
317
626
414
595
473
551
828
558
199
620
206
653
412
311
559
483
160
588
841
695
426
105
485
616
661
573
834
546
274
611
25
886
844
696
269
20
657
791
723
281
479
661
38
336
336
184
65
549
471
792
551
307
426
495
707
289
945
722
943
222
861
295
138
930
909
65
123
686
271
986
759
933
250
967
832
480
137
569
536
455
608
733
515
995
327
761
704
809
127
614
840
36
910
655
830
443
282
882
966
322
60
750
210
407
572
933
150
235
425
742
14
596
433
917
256
939
797
885
970
678
541
829
10
869
278
845
555
467
442
650
929
391
618
938
345
111
90
95
17
997
280
339
665
948
652
218
484
154
306
55
75
598
205
986
600
217
687
784
116
214
741
402
641
720
715
192
756
37
27
210
921
762
91
385
416
865
481
17
562
164
865
717
747
345
646
4
6
406
596
939
335
877
910
691
307
820
776
729
691
47
119
267
966
656
144
521
778
715
230
597
261
560
287
211
378
883
541
752
18
340
410
203
989
775
641
50
200
312
383
550
807
967
582
838
61
431
556
87
871
200
63
489
694
726
382
873
973
312
992
856
746
781
941
998
949
619
176
453
348
486
786
356
539
132
329
467
493
92
696
194
378
348
374
363
595
278
438
393
486
694
997
187
949
502
889
495
520
350
686
472
208
987
736
663
792
321
928
745
350
148
238
478
911
251
434
805
776
623
915
270
674
59
847
849
641
738
973
263
997
764
91
392
369
382
716
667
538
589
580
824
629
183
204
442
91
710
214
613
793
260
541
260
21
831
307
686
960
712
529
990
679
76
840
993
508
391
462
786
108
161
1
128
439
188
467
509
750
915
21
166
354
791
462
305
224
433
901
172
583
463
638
755
314
895
819
549
922
301
52
253
498
679
397
892
312
92
393
95
341
188
199
560
991
856
714
528
413
603
587
897
270
287
361
348
177
227
342
312
512
511
841
352
990
526
534
73
803
833
173
727
841
23
59
469
135
711
767
985
871
692
615
119
909
943
400
708
637
121
58
756
872
889
724
964
400
770
352
642
752
49
43
474
622
119
626
964
206
529
482
281
868
701
350
316
108
340
532
864
110
776
624
518
737
835
748
492
587
699
899
278
550
744
931
233
398
824
542
327
939
100
526
745
145
165
643
760
265
838
806
328
928
865
731
536
525
198
285
853
124
510
564
163
861
12
979
547
606
284
350
525
137
327
185
982
264
855
320
797
451
557
613
472
849
158
169
909
714
832
401
319
259
162
42
133
86
519
377
472
113
21
464
172
99
146
900
585
121
37
770
206
884
627
174
481
328
885
45
965
581
703
477
821
838
178
336
815
344
201
644
260
551
278
430
375
259
228
635
256
471
182
149
185
494
530
564
362
426
74
203
622
442
603
201
451
370
612
552
327
868
493
643
490
320
124
728
941
976
643
831
306
383
71
512
549
669
514
211
843
932
115
734
935
826
534
215
809
709
96
982
498
887
945
379
240
624
211
624
830
400
384
538
643
135
695
343
23
797
601
918
237
331
76
774
54
784
32
261
200
895
786
922
387
810
135
149
679
111
720
974
469
481
298
113
910
275
775
727
974
109
815
901
476
916
734
392
834
850
612
669
994
960
8
364
492
708
469
886
377
796
616
349
574
468
528
275
239
274
403
208
680
363
901
165
331
101
264
857
785
679
222
787
454
910
223
611
16
728
273
172
309
230
917
399
516
363
555
47
696
297
361
542
100
363
218
415
866
691
949
274
194
319
493
108
387
590
545
345
113
675
853
314
434
556
544
84
944
932
863
494
215
74
510
858
6
260
636
32
466
623
658
753
861
901
472
557
472
569
440
624
724
207
319
425
137
309
146
810
504
503
287
87
225
7
624
976
43
475
72
542
767
880
217
524
551
938
987
716
764
989
725
459
375
947
920
779
679
102
3
980
111
285
470
131
531
567
87
939
512
935
390
193
606
474
242
97
762
970
186
180
417
10
277
371
311
572
718
863
361
811
229
105
551
851
385
73
635
970
185
551
429
119
555
793
721
724
386
716
529
832
435
544
195
346
678
934
754
40
316
67
45
945
973
501
143
281
667
960
456
636
876
901
361
794
660
287
338
90
269
941
495
25
648
74
981
902
249
705
522
262
777
445
118
730
726
60
606
342
406
366
806
118
623
717
658
225
340
186
803
173
582
948
964
176
794
682
872
561
353
392
550
982
120
472
414
196
866
90
805
11
994
862
795
914
425
92
924
164
28
690
988
918
832
229
825
217
155
56
223
106
778
714
343
275
757
992
719
872
485
20
16
879
438
136
586
144
919
111
113
953
670
432
492
245
541
98
86
463
331
555
953
531
595
685
437
448
150
545
607
542
192
625
230
503
673
374
248
620
793
380
409
464
969
434
661
902
367
810
389
194
530
106
538
883
465
90
275
254
920
205
705
656
872
282
630
674
350
413
705
745
272
170
790
34
758
538
911
580
188
354
785
540
538
406
458
603
495
956
642
13
392
697
405
696
901
472
116
494
664
267
964
321
296
599
611
412
465
771
100
158
746
538
10
738
386
204
609
533
104
665
611
607
800
28
29
925
996
440
219
590
199
461
714
198
649
344
64
842
719
909
969
552
929
62
568
57
60
462
569
261
278
635
865
320
206
759
720
610
570
717
331
693
658
501
664
218
973
450
878
54
138
625
356
351
143
596
474
107
905
747
630
83
881
502
501
71
570
432
59
362
586
664
726
677
908
741
486
968
758
645
424
20
770
680
242
69
315
803
281
194
862
11
843
253
993
928
305
842
702
656
142
856
605
370
275
553
402
466
200
814
912
119
302
608
400
626
3
672
729
590
488
798
516
42
226
562
996
763
492
603
373
623
736
628
294
554
48
492
834
872
578
231
894
588
502
135
248
450
674
821
991
508
741
646
530
577
787
867
497
906
526
99
344
82
718
944
646
419
862
534
883
199
329
602
910
152
567
326
610
833
254
622
67
354
645
400
507
992
459
185
944
664
911
138
453
576
79
638
179
325
847
331
566
301
856
89
165
298
723
283
987
276
295
473
679
921
133
78
943
426
730
642
639
931
546
224
868
122
201
399
649
825
866
792
265
406
127
211
813
537
805
674
714
873
630
836
988
758
564
797
11
687
316
184
869
565
995
558
352
442
50
870
154
179
251
293
830
26
83
657
276
870
634
522
624
771
946
19
522
132
985
624
337
286
302
968
49
813
823
370
731
978
260
72
736
617
258
11
865
481
170
19
439
748
190
652
279
597
569
121
173
77
30
205
20
53
438
865
954
317
898
660
488
905
480
352
76
874
807
502
814
359
941
828
536
473
71
253
224
121
73
404
764
663
905
710
461
284
783
98
421
510
868
82
559
88
285
618
105
577
268
329
376
938
381
991
47
343
648
152
681
585
497
640
557
476
196
355
314
35
711
341
355
868
778
681
694
142
829
964
666
166
672
813
521
644
673
541
279
183
713
477
107
438
907
979
248
120
560
191
190
757
361
194
46
819
437
886
165
182
893
67
289
894
359
895
546
136
782
335
18
534
916
596
675
907
680
382
276
96
887
252
18
500
812
269
144
213
693
338
290
853
994
412
774
967
608
533
35
903
500
790
39
972
400
660
108
525
656
343
856
508
825
153
986
280
776
865
308
200
642
510
151
41
288
542
329
405
442
216
133
824
399
388
277
79
763
487
533
91
973
118
502
36
222
286
900
135
529
530
572
107
86
368
966
648
695
510
534
711
18
340
875
75
132
957
504
574
344
750
664
295
577
386
10
703
283
611
985
235
723
472
694
346
23
828
715
872
494
676
709
812
779
96
172
467
649
872
575
530
775
470
660
171
536
631
578
350
190
528
480
290
855
800
558
184
131
19
256
981
803
497
25
145
303
57
84
333
730
730
56
555
961
452
900
608
167
689
151
416
688
736
900
11
817
763
795
707
642
671
467
137
260
306
847
150
497
281
677
705
758
727
648
613
694
752
762
364
598
254
695
469
968
56
969
673
884
204
538
699
683
245
98
635
109
849
775
837
846
918
367
485
230
703
267
642
694
585
525
746
987
889
88
689
168
394
642
289
661
960
512
889
318
684
36
180
740
603
245
234
79
593
602
117
900
782
215
178
122
721
550
883
102
920
7
421
22
619
164
844
276
125
21
3
214
41
608
777
756
930
822
509
771
478
3
332
715
555
233
814
398
485
896
599
367
44
700
76
598
82
534
630
225
947
657
207
562
854
12
982
239
112
369
856
94
863
100
242
455
134
857
203
865
13
269
86
565
749
517
324
286
10
727
327
66
438
187
800
897
826
18
328
292
376
169
232
502
265
443
607
215
537
280
12
779
513
989
723
217
972
960
467
947
362
763
179
430
980
78
629
441
759
979
81
413
698
961
184
933
961
166
236
833
263
956
979
142
91
467
448
233
307
893
733
100
64
11
161
174
93
368
510
48
738
735
798
122
496
149
88
555
789
473
94
872
523
514
22
64
884
148
318
81
17
482
860
411
185
246
717
603
867
420
798
671
17
212
994
235
668
980
679
915
300
550
411
932
63
570
376
756
793
126
975
912
382
520
319
311
966
103
118
768
15
811
484
59
623
17
410
268
242
194
512
527
314
446
135
815
437
191
590
658
790
924
105
760
107
424
960
349
650
768
43
444
419
344
513
966
732
327
5
932
320
103
515
223
399
445
830
414
280
531
943
919
967
199
687
508
539
549
306
472
76
947
652
341
340
779
817
936
961
830
747
9
908
424
426
656
731
799
482
25
753
876
971
243
122
244
699
843
778
587
40
735
598
991
175
265
472
856
429
723
422
602
455
525
526
910
41
858
25
180
585
876
1
192
768
849
138
607
857
361
723
802
130
920
789
196
731
306
791
585
166
481
740
297
322
826
106
966
880
998
607
771
38
551
741
746
478
670
525
35
168
132
177
333
68
407
792
624
511
373
256
240
973
818
259
660
313
829
12
751
506
224
249
359
702
526
716
936
286
509
808
379
817
543
179
974
777
899
109
659
498
565
691
35
415
300
861
894
757
147
97
176
14
626
30
135
70
446
18
337
619
101
72
866
700
908
303
159
248
621
623
153
879
688
49
992
782
181
694
616
671
112
942
500
900
29
90
123
716
735
53
141
762
270
569
477
75
61
909
356
866
892
29
856
347
676
569
570
919
943
418
622
359
498
627
803
806
405
353
910
879
136
304
64
436
853
134
310
661
655
215
300
735
277
482
547
118
160
908
829
106
580
823
207
627
493
55
454
330
446
320
972
958
389
628
165
624
663
501
777
494
780
598
288
730
864
557
801
244
253
392
450
125
840
311
595
286
528
230
317
144
933
719
823
551
114
134
428
179
328
207
428
753
48
854
583
108
438
336
221
234
675
148
649
847
599
603
727
342
126
982
128
91
654
806
752
52
978
9
481
193
612
344
499
433
90
824
644
241
279
887
131
738
290
322
139
291
518
467
587
373
487
234
870
351
12
851
788
610
728
66
28
691
50
823
475
311
603
99
324
480
295
831
648
614
82
891
826
640
318
478
465
567
983
850
413
78
230
902
73
621
849
370
349
153
791
369
84
997
573
449
154
294
453
75
93
25
393
783
706
727
532
780
468
782
966
648
880
167
877
778
374
658
565
970
991
67
856
721
509
347
866
510
953
851
9
47
84
612
236
603
693
587
742
750
633
144
785
112
706
724
908
666
44
333
535
535
18
424
455
298
5
316
13
240
971
333
741
227
384
102
837
134
991
703
241
995
301
799
990
742
845
243
837
984
54
938
332
717
334
157
696
297
360
691
745
456
953
772
994
405
257
154
482
620
945
414
890
606
181
431
178
508
911
349
313
443
904
961
547
37
942
647
176
332
71
369
640
80
168
940
372
334
554
849
141
98
917
201
931
615
929
108
647
835
665
665
816
907
820
779
306
508
491
353
579
315
456
736
619
238
610
157
503
718
616
851
506
578
982
864
439
271
100
624
315
400
167
408
953
627
857
156
797
485
597
312
203
127
384
305
800
998
709
37
384
476
66
812
471
245
473
443
760
155
726
251
549
209
148
989
265
530
224
223
905
433
163
307
385
553
994
361
403
1000
984
649
780
947
635
847
276
141
370
876
395
529
744
888
745
896
736
546
544
101
462
882
65
228
657
588
200
500
470
721
724
555
635
594
515
251
183
197
738
539
178
697
510
446
221
357
715
310
315
319
714
98
433
324
744
369
542
375
929
315
388
225
280
727
102
467
768
709
749
496
120
287
541
223
35
625
603
210
171
917
772
910
793
683
469
471
53
197
860
133
912
119
666
610
838
729
493
504
8
83
499
841
717
477
550
925
526
111
562
511
288
984
722
184
780
496
414
886
982
32
438
171
817
17
419
465
968
999
748
193
603
904
23
615
881
810
910
605
271
198
926
933
457
212
582
750
783
461
214
246
736
474
690
2
172
4
482
667
915
156
23
93
335
298
420
657
232
238
498
393
342
953
28
723
926
123
199
166
331
792
516
196
547
823
532
806
724
26
472
884
505
100
223
11
649
646
67
635
622
832
135
815
613
276
310
831
719
861
283
149
227
408
524
24
301
663
2
933
451
878
746
102
881
724
751
65
736
940
367
522
208
386
670
213
357
862
768
43
270
142
359
290
662
538
974
352
847
277
866
728
776
207
760
72
906
583
226
572
19
92
24
758
207
163
996
464
70
495
499
102
26
22
705
475
536
935
772
944
326
620
283
135
500
947
37
32
588
406
114
918
599
490
121
684
553
222
205
151
506
757
760
154
297
194
13
56
986
95
113
885
730
862
169
854
221
995
553
605
492
12
117
5
431
989
543
740
887
191
557
381
993
268
353
278
593
571
615
703
477
642
269
992
509
110
676
699
591
883
968
266
567
336
550
881
40
820
553
296
7
222
921
144
399
205
53
278
204
732
41
867
7
954
785
85
170
602
360
141
10
389
728
866
536
711
149
97
135
809
1
865
480
666
960
3
855
315
533
152
48
51
546
167
739
324
276
401
463
871
401
562
155
159
483
25
783
343
406
60
325
170
47
867
399
257
841
416
433
304
814
954
280
571
371
531
853
586
609
134
167
893
159
422
985
913
343
394
570
621
817
7
156
584
778
835
301
694
431
251
974
223
735
849
59
955
899
193
218
687
65
476
121
315
475
756
115
907
87
497
191
762
710
635
498
822
340
705
441
526
801
184
321
969
972
888
327
12
87
465
983
722
950
278
143
886
513
325
465
87
733
903
589
870
236
657
97
428
214
542
645
679
489
318
196
224
561
549
341
31
74
440
436
681
971
102
463
751
583
653
653
25
445
393
395
972
98
641
357
868
565
441
709
493
341
862
625
829
72
827
285
99
151
219
779
513
338
402
408
144
754
119
400
282
310
65
736
977
656
334
63
561
705
814
993
360
371
332
24
440
139
800
153
131
570
592
690
971
159
697
615
722
222
909
201
562
381
852
615
197
581
595
925
982
615
12
660
195
409
256
224
332
984
545
758
404
155
926
485
161
459
658
436
396
536
226
695
860
190
864
797
184
32
537
455
550
824
324
922
772
895
38
936
12
574
918
629
724
268
654
639
190
630
87
522
158
101
609
606
350
375
679
735
928
326
99
210
200
656
800
493
314
367
130
324
681
842
746
114
764
976
997
77
968
202
213
189
98
156
138
507
883
765
657
982
839
5
432
620
670
817
569
193
452
537
967
497
38
988
18
869
537
941
796
357
101
400
975
905
997
235
563
136
581
838
998
63
426
75
559
273
133
926
869
87
17
598
246
616
203
667
523
543
998
688
231
879
781
975
161
250
29
611
938
161
489
389
616
137
550
513
818
384
317
849
933
103
873
533
711
247
338
395
249
357
120
12
31
874
871
603
463
118
487
209
268
784
974
229
357
652
132
833
842
545
874
227
902
376
438
497
557
840
112
723
562
511
92
371
884
599
811
648
594
912
614
541
677
182
587
346
166
818
49
642
142
500
534
243
718
50
398
350
564
299
817
913
235
63
309
651
613
832
420
301
177
932
110
923
366
664
47
846
370
504
433
771
92
779
32
638
395
853
915
786
446
474
460
377
609
205
507
703
561
192
28
255
934
353
146
308
144
595
25
241
623
588
953
720
310
661
603
532
909
218
344
337
52
966
140
468
774
744
922
402
180
179
195
561
658
176
363
65
627
762
277
703
549
991
307
445
284
64
661
410
666
188
613
404
498
634
214
967
248
449
429
826
926
592
128
845
737
958
164
104
460
34
158
905
538
752
560
4
224
111
262
732
689
179
379
165
174
250
223
77
841
480
952
674
264
682
595
865
624
255
603
661
794
478
907
975
665
877
952
345
682
796
567
364
997
275
134
806
962
65
935
209
642
551
657
895
416
608
221
485
172
285
669
914
869
668
280
512
26
687
892
666
685
968
970
316
303
830
734
37
608
937
827
620
737
956
862
453
516
778
385
600
830
41
69
20
925
558
139
426
825
373
449
236
299
862
59
581
798
770
440
552
516
801
378
550
316
478
815
187
503
502
486
470
258
676
513
168
118
992
299
778
834
388
874
860
487
104
216
215
631
530
268
118
685
55
113
173
152
121
302
507
787
393
402
576
705
723
764
860
698
729
158
768
132
119
838
527
999
827
179
321
597
898
649
854
214
712
553
197
806
528
201
448
131
798
14
749
911
133
843
390
855
91
968
939
705
312
518
52
975
709
13
951
198
645
795
13
925
373
626
678
989
357
761
421
621
462
460
174
726
309
704
163
578
392
156
190
191
190
158
45
648
162
844
325
44
523
309
168
469
58
871
739
925
398
262
220
734
336
605
646
64
638
271
6
700
276
549
593
786
731
339
294
973
750
236
977
705
753
634
883
452
707
602
461
490
167
677
80
753
510
946
830
241
780
981
887
254
380
611
259
764
25
971
497
38
934
533
175
412
733
100
952
361
613
778
82
291
988
625
499
942
725
785
496
500
44
836
652
909
699
654
456
524
88
665
694
819
993
482
930
919
409
375
23
324
761
719
479
456
252
461
495
216
828
195
609
210
412
983
419
682
784
25
505
752
238
228
614
227
381
604
879
771
58
325
544
134
417
472
790
514
508
202
822
410
66
930
693
992
914
208
66
929
607
189
859
782
719
546
363
433
764
664
43
314
704
402
720
779
683
343
343
802
173
88
52
782
667
158
58
99
248
697
923
52
595
501
868
622
43
23
637
109
405
581
582
697
665
564
667
7
888
73
737
504
813
216
10
363
895
515
633
781
28
117
923
192
920
985
691
736
447
117
946
337
779
245
983
767
750
303
750
375
999
263
227
965
310
7
521
112
752
422
559
895
438
140
969
694
512
320
733
980
7
551
932
616
348
247
405
275
494
25
634
287
407
752
864
233
250
69
109
809
354
925
559
428
268
923
722
820
950
2
328
998
188
948
669
12
758
597
709
796
933
219
