4800
8 10007
21 10084
35 10158
52 10254
72 10374
92 10490
97 10511
105 10555
115 10619
118 10632
124 10670
134 10723
142 10774
159 10864
177 10972
189 11041
197 11083
214 11182
229 11266
240 11331
255 11418
275 11525
284 11574
303 11691
313 11745
317 11769
327 11818
343 11911
346 11923
364 12032
383 12141
387 12161
397 12217
408 12273
427 12385
435 12424
443 12465
462 12579
475 12645
490 12730
509 12831
523 12916
543 13022
549 13058
559 13113
576 13196
590 13276
604 13347
617 13425
625 13469
629 13488
634 13512
639 13536
650 13599
653 13614
665 13681
675 13729
686 13789
692 13827
702 13870
708 13912
728 14017
740 14078
754 14148
762 14185
770 14231
787 14322
800 14382
806 14415
815 14468
821 14493
824 14509
843 14608
846 14616
852 14650
860 14693
878 14779
893 14861
912 14953
920 14995
938 15083
957 15172
966 15216
969 15234
976 15268
985 15310
995 15366
1009 15428
1024 15500
1037 15567
1041 15581
1060 15670
1071 15727
1082 15771
1092 15824
1108 15900
1124 15970
1130 15997
1137 16032
1154 16108
1166 16158
1174 16192
1191 16270
1201 16322
1209 16348
1228 16434
1242 16496
1245 16516
1258 16562
1268 16613
1277 16651
1286 16686
1294 16724
1309 16786
1318 16825
1330 16870
1349 16955
1363 17011
1369 17035
1383 17086
1388 17109
1393 17135
1405 17178
1418 17225
1431 17276
1450 17352
1458 17391
1464 17409
1468 17426
1478 17463
1498 17535
1509 17583
1524 17636
1541 17695
1558 17760
1561 17769
1576 17824
1584 17858
1603 17918
1608 17935
1623 17991
1630 18017
1641 18051
1644 18060
1661 18115
1676 18165
1686 18202
1702 18257
1711 18285
1722 18323
1729 18344
1740 18379
1753 18421
1769 18463
1788 18527
1791 18534
1803 18566
1807 18581
1813 18593
1824 18633
1836 18668
1840 18670
1857 18723
1861 18734
1877 18775
1890 18809
1910 18868
1918 18887
1934 18934
1953 18981
1963 19005
1974 19028
1977 19037
1994 19085
2003 19102
2021 19144
2032 19174
2046 19205
2057 19220
2072 19257
2077 19273
2092 19305
2097 19309
2110 19339
2118 19350
2137 19389
2149 19412
2166 19448
2169 19457
2182 19474
2187 19484
2199 19512
2213 19531
2232 19565
2245 19583
2254 19599
2264 19617
2277 19639
2291 19661
2296 19662
2305 19678
2325 19705
2338 19724
2347 19738
2363 19755
2380 19784
2386 19791
2390 19796
2401 19804
2413 19822
2430 19833
2443 19847
2449 19858
2466 19871
2469 19876
2478 19884
2494 19897
2506 19908
2511 19915
2527 19918
2532 19929
2539 19935
2544 19936
2558 19948
2562 19943
2577 19955
2596 19960
2607 19971
2612 19978
2624 19980
2637 19981
2648 19982
2657 19991
2661 19992
2679 19996
2683 19997
2701 19997
2720 19999
2726 20001
2734 20007
2745 19999
2763 20004
2779 20007
2791 20003
2805 20005
2820 19996
2839 19997
2848 19987
2854 19982
2873 19984
2893 19968
2899 19970
2903 19967
2907 19968
2923 19955
2928 19953
2943 19941
2957 19933
2970 19931
2987 19909
2990 19914
2993 19905
2999 19900
3009 19893
3013 19894
3032 19875
3043 19869
3063 19848
3078 19831
3090 19822
3097 19809
3100 19804
3109 19795
3128 19768
3141 19759
3160 19728
3173 19714
3182 19703
3189 19689
3203 19671
3208 19662
3213 19656
3229 19637
3233 19629
3239 19613
3250 19597
3256 19585
3274 19557
3278 19551
3292 19532
3305 19504
3309 19494
3322 19479
3338 19444
3349 19424
3363 19398
3375 19377
3393 19332
3406 19308
3412 19295
3419 19276
3435 19249
3442 19233
3454 19203
3466 19181
3481 19142
3491 19120
3495 19108
3498 19099
3510 19075
3525 19039
3528 19029
3542 19001
3552 18968
3557 18953
3575 18916
3591 18869
3597 18849
3612 18810
3629 18771
3647 18721
3652 18704
3671 18643
3681 18622
3699 18561
3706 18546
3725 18487
3734 18463
3754 18398
3764 18369
3775 18337
3782 18310
3787 18290
3802 18247
3818 18198
3830 18158
3839 18130
3844 18103
3857 18068
3864 18045
3878 17995
3883 17973
3890 17946
3896 17931
3907 17893
3914 17871
3917 17856
3923 17830
3934 17799
3947 17752
3966 17685
3972 17658
3988 17595
4005 17537
4016 17491
4027 17446
4046 17375
4055 17345
4071 17280
4090 17204
4106 17136
4112 17115
4117 17100
4133 17027
4151 16963
4167 16890
4174 16864
4178 16848
4194 16779
4211 16708
4217 16681
4226 16648
4244 16567
4252 16529
4264 16478
4270 16449
4283 16392
4293 16354
4302 16307
4305 16301
4324 16211
4329 16196
4335 16161
4349 16100
4366 16025
4380 15959
4400 15864
4416 15794
4436 15704
4451 15630
4463 15566
4477 15509
4495 15413
4509 15351
4518 15309
4531 15245
4538 15214
4552 15139
4566 15068
4586 14968
4594 14934
4609 14856
4615 14832
4618 14809
4621 14796
4635 14725
4641 14694
4654 14629
4657 14618
4668 14555
4681 14488
4700 14390
4713 14323
4727 14253
4737 14201
4747 14152
4754 14119
4764 14063
4769 14042
4773 14018
4793 13916
4807 13840
4822 13758
4840 13665
4845 13634
4865 13525
4875 13474
4882 13433
4895 13366
4915 13258
4921 13223
4937 13134
4949 13075
4958 13030
4975 12929
4987 12861
5007 12751
5025 12656
5029 12631
5048 12533
5056 12485
5068 12415
5083 12338
5102 12228
5107 12201
5112 12169
5118 12142
5125 12106
5135 12043
5141 12011
5148 11971
5157 11916
5172 11834
5191 11734
5195 11711
5210 11622
5226 11537
5236 11471
5255 11366
5261 11332
5270 11281
5274 11258
5294 11145
5310 11059
5318 11007
5332 10929
5340 10886
5348 10835
5359 10777
5366 10740
5370 10708
5385 10632
5402 10533
5418 10439
5429 10372
5446 10274
5462 10186
5476 10107
5480 10088
5485 10055
5502 9953
5508 9921
5518 9867
5529 9799
5533 9785
5542 9726
5547 9698
5565 9599
5581 9502
5600 9397
5603 9375
5623 9265
5641 9166
5659 9057
5675 8968
5680 8944
5689 8888
5692 8876
5700 8821
5718 8719
5725 8686
5734 8637
5746 8568
5765 8458
5770 8427
5790 8318
5804 8236
5822 8138
5833 8071
5846 7997
5865 7892
5872 7852
5888 7763
5894 7734
5907 7657
5922 7582
5934 7513
5947 7436
5957 7385
5963 7355
5974 7292
5983 7241
5988 7210
5996 7167
6002 7137
6020 7038
6028 6990
6041 6917
6057 6833
6071 6756
6079 6720
6098 6608
6118 6510
6133 6426
6150 6332
6170 6225
6184 6149
6192 6112
6208 6030
6212 6005
6230 5913
6242 5854
6248 5817
6261 5752
6276 5672
6292 5590
6300 5551
6304 5534
6310 5499
6325 5419
6332 5392
6346 5314
6349 5302
6359 5247
6376 5167
6381 5138
6386 5117
6390 5099
6403 5028
6422 4941
6435 4876
6453 4780
6470 4704
6483 4639
6495 4581
6506 4531
6516 4482
6519 4467
6536 4383
6541 4360
6561 4269
6573 4213
6585 4150
6590 4136
6595 4105
6599 4088
6615 4012
6623 3982
6627 3959
6646 3876
6664 3798
6672 3753
6682 3717
6699 3639
6712 3577
6716 3561
6735 3482
6749 3421
6752 3412
6761 3373
6771 3327
6785 3270
6791 3245
6795 3221
6799 3204
6812 3151
6824 3098
6835 3052
6848 3008
6854 2977
6866 2928
6876 2891
6890 2838
6909 2758
6921 2709
6935 2652
6938 2646
6943 2625
6962 2554
6966 2542
6985 2471
6999 2413
7006 2392
7012 2369
7022 2332
7038 2265
7045 2249
7051 2221
7060 2192
7067 2170
7079 2121
7095 2063
7113 2006
7126 1955
7143 1902
7160 1849
7165 1828
7171 1808
7177 1791
7190 1743
7198 1721
7213 1678
7233 1612
7252 1548
7263 1515
7272 1494
7284 1461
7295 1426
7304 1392
7312 1374
7322 1344
7329 1320
7348 1276
7363 1227
7373 1205
7380 1184
7390 1154
7404 1121
7414 1098
7428 1060
7445 1013
7463 975
7470 957
7482 928
7490 910
7493 893
7502 879
7511 853
7515 843
7527 814
7546 774
7555 755
7559 753
7576 714
7581 699
7593 680
7596 668
7610 639
7629 604
7639 584
7656 553
7664 541
7678 509
7694 483
7714 454
7718 446
7738 414
7745 403
7758 375
7765 367
7781 344
7790 331
7810 301
7830 272
7847 249
7855 241
7873 218
7878 217
7892 198
7912 173
7924 167
7934 155
7940 148
7953 138
7957 128
7964 127
7984 109
7987 104
8005 93
8023 82
8033 73
8048 59
8054 57
8073 49
8081 42
8084 40
8102 31
8107 29
8113 35
8124 24
8133 22
8152 17
8167 15
8174 16
8193 9
8204 1
8214 1
8228 7
8239 5
8242 5
8255 8
8273 4
8281 12
8296 7
8306 14
8314 19
8333 21
8341 27
8349 21
8363 27
8368 34
8381 39
8387 38
8393 49
8404 45
8415 56
8422 66
8431 61
8444 74
8452 82
8467 90
8485 110
8491 105
8500 113
8520 140
8540 157
8556 175
8565 186
8579 194
8583 199
8590 205
8594 208
8614 236
8624 244
8638 262
8645 272
8660 300
8672 315
8684 335
8702 361
8706 364
8719 381
8729 395
8736 413
8752 432
8769 471
8783 485
8801 525
8806 536
8812 542
8817 552
8834 583
8853 620
8860 635
8863 638
8879 670
8885 682
8899 710
8903 729
8918 753
8934 789
8942 805
8959 846
8972 880
8988 921
8998 936
9015 982
9023 1004
9041 1048
9048 1062
9052 1076
9071 1120
9088 1169
9097 1195
9102 1210
9112 1232
9117 1249
9133 1296
9141 1311
9148 1336
9166 1383
9176 1415
9195 1475
9209 1514
9223 1559
9243 1624
9253 1650
9269 1703
9282 1747
9293 1775
9303 1815
9309 1836
9324 1876
9330 1905
9346 1955
9354 1978
9366 2019
9377 2057
9390 2110
9399 2140
9414 2188
9426 2232
9431 2256
9440 2285
9459 2358
9466 2379
9482 2442
9485 2450
9504 2528
9507 2535
9515 2566
9531 2632
9540 2663
9546 2682
9553 2709
9571 2781
9574 2800
9588 2852
9601 2907
9615 2962
9618 2972
9637 3050
9652 3113
9667 3176
9687 3256
9698 3309
9716 3383
9727 3427
9746 3514
9756 3552
9771 3623
9782 3672
9800 3747
9817 3833
9834 3908
9850 3979
9870 4065
9882 4124
9898 4203
9916 4285
9927 4336
9946 4421
9957 4477
9974 4555
9977 4570
9992 4644
10006 4708
10009 4733
10018 4774
10023 4798
10035 4853
10044 4894
10047 4918
10054 4950
10073 5043
10093 5148
10106 5207
10122 5293
10131 5338
10142 5395
10145 5408
10164 5500
10181 5590
10199 5687
10215 5759
10228 5830
10239 5890
10254 5973
10274 6073
10281 6107
10291 6164
10301 6220
10304 6229
10322 6332
10328 6363
10331 6373
10343 6437
10359 6529
10379 6629
10397 6735
10413 6814
10424 6874
10428 6902
10442 6970
10455 7049
10473 7142
10484 7209
10489 7227
10500 7288
10517 7389
10528 7442
10540 7518
10556 7607
10563 7640
10570 7681
10579 7733
10596 7825
10612 7911
10631 8024
10646 8110
10664 8205
10672 8249
10676 8276
10694 8375
10699 8400
10705 8437
10722 8537
10734 8601
10753 8705
10769 8803
10777 8842
10789 8913
10795 8952
10804 9005
10809 9028
10824 9117
10829 9138
10842 9215
10859 9316
10872 9385
10880 9439
10888 9480
10908 9598
10927 9705
10937 9763
10942 9788
10949 9828
10954 9853
10972 9961
10977 9986
10994 10091
11007 10163
11015 10203
11033 10309
11041 10360
11049 10400
11052 10420
11056 10441
11073 10538
11090 10637
11107 10728
11111 10753
11117 10795
11136 10903
11145 10955
11153 10991
11166 11068
11175 11126
11194 11226
11201 11272
11220 11381
11226 11407
11236 11464
11253 11565
11257 11587
11275 11691
11294 11800
11300 11834
11318 11933
11332 12007
11338 12048
11352 12120
11356 12146
11365 12189
11374 12247
11383 12293
11397 12368
11405 12413
11416 12481
11426 12531
11446 12646
11453 12684
11463 12739
11469 12769
11472 12787
11486 12864
11497 12923
11508 12986
11528 13093
11535 13133
11551 13217
11567 13302
11575 13349
11580 13373
11592 13443
11599 13473
11617 13569
11625 13618
11635 13675
11650 13753
11669 13853
11680 13911
11686 13937
11706 14044
11723 14137
11736 14205
11745 14252
11755 14305
11771 14386
11786 14459
11802 14539
11817 14615
11834 14700
11837 14721
11855 14811
11873 14900
11887 14965
11894 15010
11902 15049
11915 15106
11924 15151
11943 15251
11951 15284
11966 15361
11986 15451
12002 15536
12021 15622
12036 15687
12039 15704
12046 15739
12056 15789
12076 15884
12091 15945
12102 16002
12119 16072
12129 16125
12132 16134
12135 16154
12150 16215
12164 16284
12179 16344
12187 16380
12196 16417
12208 16469
12216 16513
12220 16527
12229 16565
12246 16643
12254 16671
12266 16720
12275 16757
12290 16826
12299 16867
12312 16914
12319 16942
12327 16974
12335 17008
12340 17034
12360 17108
12366 17137
12373 17160
12380 17195
12385 17213
12403 17279
12419 17343
12437 17415
12444 17446
12458 17495
12476 17562
12495 17629
12503 17662
12516 17711
12523 17736
12537 17788
12541 17802
12551 17836
12564 17880
12572 17916
12579 17935
12598 18002
12613 18058
12624 18088
12635 18123
12638 18142
12641 18149
12656 18194
12664 18227
12670 18245
12685 18294
12691 18305
12701 18338
12719 18402
12729 18430
12739 18462
12754 18510
12759 18524
12764 18532
12781 18587
12796 18627
12799 18637
12814 18683
12834 18739
12847 18777
12864 18816
12875 18846
12887 18877
12894 18900
12897 18905
12912 18952
12921 18971
12938 19014
12947 19038
12964 19080
12969 19089
12979 19113
12997 19154
13014 19194
13027 19222
13046 19258
13056 19284
13072 19319
13078 19327
13085 19342
13089 19358
13103 19384
13120 19410
13124 19423
13140 19457
13153 19476
13169 19508
13183 19526
13188 19544
13201 19560
13205 19570
13223 19603
13226 19600
13239 19625
13243 19628
13263 19657
13268 19668
13276 19682
13292 19704
13304 19715
13308 19725
13325 19743
13342 19771
13361 19795
13372 19806
13381 19811
13397 19835
13415 19845
13418 19853
13437 19866
13457 19887
13477 19904
13489 19917
13503 19922
13506 19929
13512 19930
13518 19936
13535 19945
13552 19953
13561 19961
13568 19964
13587 19977
13591 19972
13597 19978
13606 19978
13611 19981
13616 19988
13628 19991
13636 19987
13652 19992
13671 20000
13680 20001
13692 20000
13707 20001
13713 20002
13716 20009
13735 20001
13754 19999
13770 20004
13787 20000
13804 19999
13818 19994
13834 19987
13841 19982
13848 19984
13865 19970
13873 19969
13884 19960
13895 19956
13915 19948
13930 19936
13943 19929
13961 19910
13977 19899
13993 19882
13998 19880
14014 19869
14032 19850
14044 19839
14047 19834
14061 19819
14071 19804
14080 19791
14083 19796
14103 19769
14113 19751
14132 19732
14148 19712
14156 19694
14171 19673
14184 19655
14187 19648
14195 19636
14201 19635
14206 19624
14218 19600
14236 19570
14246 19554
14264 19526
14272 19513
14281 19500
14293 19479
14312 19438
14317 19427
14322 19417
14336 19393
14343 19379
14359 19352
14369 19331
14383 19295
14399 19262
14418 19222
14421 19214
14424 19208
14443 19162
14461 19128
14471 19099
14489 19057
14502 19025
14516 18990
14526 18967
14529 18958
14543 18920
14558 18885
14565 18861
14581 18824
14585 18811
14589 18796
14592 18793
14612 18738
14620 18716
14629 18686
14638 18659
14642 18655
14651 18622
14663 18588
14676 18546
14689 18514
14696 18487
14716 18424
14720 18420
14739 18358
14755 18305
14759 18290
14776 18243
14791 18190
14808 18138
14812 18118
14822 18092
14830 18059
14843 18016
14860 17959
14868 17932
14872 17920
14881 17881
14891 17843
14906 17795
14916 17763
14926 17721
14941 17664
14950 17636
14963 17580
14983 17511
14999 17454
15013 17401
15021 17369
15026 17342
15030 17326
15047 17262
15054 17234
15058 17216
15076 17145
15079 17141
15096 17064
15114 16992
15131 16926
15140 16888
15154 16825
15171 16760
15185 16697
15202 16624
15209 16593
15217 16556
15222 16543
15231 16495
15245 16436
15255 16389
15258 16383
15262 16360
15277 16294
15291 16236
15299 16201
15306 16164
15319 16105
15338 16022
15354 15944
15372 15861
15375 15853
15393 15762
15405 15711
15413 15677
15430 15598
15440 15545
15446 15518
15457 15461
15462 15444
15481 15346
15499 15264
15513 15196
15528 15114
15537 15071
15548 15015
15567 14921
15582 14846
15593 14800
15598 14767
15604 14739
15620 14664
15626 14632
15633 14593
15644 14533
15661 14449
15672 14388
15685 14324
15692 14292
15701 14242
15710 14195
15730 14094
15738 14046
15742 14028
15754 13971
15765 13911
15783 13812
15800 13721
15814 13647
15822 13606
15839 13519
15851 13452
15854 13430
15864 13383
15868 13358
15878 13302
15896 13208
15915 13106
15935 12993
15941 12962
15944 12947
15949 12920
15969 12806
15975 12774
15983 12736
15991 12684
16009 12590
16025 12504
16043 12398
16047 12373
16067 12262
16071 12245
16075 12223
16082 12188
16087 12157
16098 12090
16111 12022
16131 11911
16138 11867
16145 11834
16151 11790
16154 11775
16170 11687
16176 11649
16184 11611
16200 11520
16211 11453
16215 11430
16229 11350
16237 11308
16244 11268
16258 11190
16269 11130
16273 11103
16289 11017
16305 10923
16314 10870
16327 10793
16336 10744
16343 10708
16358 10616
16364 10583
16372 10535
16386 10462
16395 10406
16404 10358
16408 10337
16427 10229
16435 10178
16441 10139
16446 10118
16455 10064
16461 10028
16478 9936
16489 9869
16498 9821
16510 9749
16529 9641
16539 9586
16542 9565
16549 9531
16564 9436
16578 9365
16591 9288
16607 9194
16616 9145
16622 9106
16625 9095
16645 8982
16657 8908
16662 8880
16674 8809
16687 8741
16695 8691
16698 8678
16717 8572
16731 8494
16735 8465
16753 8365
16771 8262
16776 8234
16794 8131
16800 8102
16806 8066
16818 8003
16832 7925
16844 7850
16863 7745
16874 7686
16894 7580
16913 7470
16926 7394
16938 7335
16951 7257
16956 7234
16963 7189
16980 7105
16986 7071
16991 7045
17005 6965
17018 6887
17025 6850
17030 6828
17035 6801
17048 6729
17051 6708
17055 6690
17061 6658
17065 6637
17082 6550
17085 6531
17089 6512
17101 6439
17106 6413
17113 6377
17117 6361
17133 6279
17150 6181
17170 6073
17176 6044
17190 5968
17207 5883
17221 5811
17226 5789
17233 5751
17247 5673
17256 5634
17259 5617
17276 5531
17288 5467
17303 5386
17312 5349
17326 5275
17341 5200
17353 5137
17359 5103
17375 5030
17386 4974
17396 4923
17411 4854
17418 4815
17426 4780
17441 4705
17457 4623
17467 4581
17486 4488
17501 4420
17505 4399
17518 4339
17531 4277
17538 4236
17544 4217
17553 4167
17570 4092
17578 4057
17589 4008
17599 3959
17614 3889
17623 3847
17630 3818
17634 3805
17653 3714
17666 3654
17681 3592
17695 3534
17715 3443
17732 3372
17739 3339
17749 3303
17755 3278
17772 3197
17786 3141
17795 3108
17806 3060
17814 3028
17831 2955
17841 2913
17861 2834
17877 2768
17895 2707
17905 2658
17923 2588
17927 2581
17941 2521
17955 2471
17964 2436
17968 2428
17972 2410
17991 2339
18002 2293
18008 2270
18028 2203
18037 2169
18053 2110
18066 2074
18084 2011
18100 1950
18109 1920
18113 1904
18116 1896
18126 1861
18143 1804
18156 1766
18170 1723
18175 1707
18193 1652
18201 1628
18211 1595
18226 1542
18229 1531
18237 1513
18240 1500
18259 1450
18268 1418
18282 1376
18294 1339
18309 1301
18325 1253
18336 1230
18350 1183
18356 1167
18370 1136
18381 1104
18391 1076
18399 1060
18402 1047
18410 1035
18429 988
18436 966
18443 955
18462 909
18474 874
18493 836
18504 806
18510 799
18514 783
18520 769
18531 751
18542 720
18559 686
18569 669
18585 635
18602 601
18610 585
18614 579
18624 559
18639 530
18656 496
18659 494
18665 490
18673 475
18677 462
18694 436
18710 405
18722 389
18742 364
18757 342
18772 312
18790 293
18809 263
18828 236
18845 223
18854 211
18872 191
18877 189
18887 171
18906 149
18915 142
18933 126
18942 126
18945 116
18952 114
18955 109
18972 100
18982 83
18986 90
18990 79
18995 77
19011 73
19016 66
19022 56
19025 63
19031 60
19051 44
19066 40
19079 27
19097 23
19106 24
19113 15
19128 11
19133 17
19137 9
19148 12
19159 5
19178 7
19190 6
19208 5
19223 6
19241 8
19255 8
19274 12
19292 21
19308 16
19327 32
19339 33
19345 30
19364 46
19375 53
19381 49
19395 63
19408 68
19417 73
19430 82
19445 92
19451 102
19458 109
19463 116
19466 118
19479 122
19489 128
19505 153
19518 166
19529 178
19533 177
19537 177
19544 190
19557 198
19574 222
19591 240
19599 256
19607 269
19622 286
19625 288
19629 298
19641 308
19651 319
19656 334
19664 346
19683 375
19689 384
19708 410
19717 421
19729 449
19738 460
19741 471
19754 487
19767 507
19771 524
19785 540
19788 548
19799 576
19806 587
19818 604
19835 647
19841 650
19854 677
19873 718
19888 748
19895 769
19910 800
19928 842
19941 870
19948 892
19967 939
19979 958
19993 992
20001 1012
20013 1050
20032 1100
20036 1110
20049 1140
20065 1189
20076 1216
20080 1221
20100 1278
20109 1305
20121 1337
20132 1368
20142 1398
20145 1405
20154 1435
20170 1479
20175 1501
20193 1551
20205 1594
20214 1621
20224 1649
20232 1670
20251 1738
20264 1781
20282 1834
20298 1884
20301 1894
20304 1906
20316 1945
20326 1988
20340 2029
20356 2092
20373 2148
20384 2192
20401 2247
20410 2283
20414 2298
20421 2316
20429 2351
20432 2356
20446 2411
20463 2479
20474 2513
20477 2529
20493 2594
20511 2660
20528 2725
20546 2796
20561 2860
20567 2878
20571 2893
20574 2915
20584 2946
20604 3035
20615 3080
20622 3106
20636 3167
20645 3203
20650 3223
20655 3247
20671 3310
20686 3376
20704 3454
20716 3508
20721 3524
20734 3587
20750 3653
20754 3677
20771 3750
20774 3765
20794 3855
20802 3892
20817 3955
20826 4000
20833 4027
20843 4081
20847 4091
20866 4183
20874 4217
20888 4287
20908 4379
20917 4420
20929 4479
20938 4521
20945 4560
20965 4657
20977 4711
20995 4798
21001 4827
21015 4901
21033 4990
21052 5082
21060 5115
21074 5187
21082 5228
21090 5267
21096 5305
21099 5316
21106 5356
21124 5443
21143 5537
21150 5578
21156 5602
21170 5679
21183 5745
21193 5796
21212 5897
21224 5958
21232 6003
21238 6033
21243 6064
21250 6093
21261 6157
21276 6232
21288 6298
21303 6377
21315 6439
21318 6453
21328 6516
21344 6599
21358 6676
21363 6702
21375 6760
21393 6867
21409 6954
21427 7047
21430 7069
21447 7159
21463 7250
21471 7293
21486 7368
21499 7449
21511 7510
21529 7605
21533 7630
21553 7749
21558 7771
21578 7885
21587 7930
21597 7994
21601 8007
21612 8069
21624 8137
21636 8211
21639 8225
21642 8242
21646 8262
21659 8339
21662 8354
21671 8411
21677 8437
21690 8519
21701 8578
21716 8658
21726 8722
21733 8757
21743 8816
21751 8865
21754 8873
21758 8898
21771 8976
21784 9043
21796 9112
21816 9226
21826 9283
21839 9360
21856 9463
21868 9525
21880 9601
21885 9629
21902 9719
21915 9799
21929 9882
21938 9934
21958 10041
21970 10110
21979 10161
21982 10178
21986 10206
21994 10250
22001 10286
22006 10321
22024 10421
22040 10513
22058 10620
22063 10640
22081 10749
22086 10773
22096 10836
22112 10927
22118 10956
22137 11065
22146 11119
22161 11201
22179 11303
22193 11386
22198 11414
22211 11482
22217 11523
22232 11603
22247 11694
22267 11806
22272 11836
22278 11868
22284 11901
22287 11913
22303 12011
22316 12080
22335 12183
22350 12270
22366 12355
22372 12388
22390 12487
22403 12563
22420 12659
22435 12744
22448 12810
22462 12885
22477 12974
22497 13077
22506 13132
22525 13229
22543 13327
22556 13397
22567 13458
22581 13535
22588 13573
22602 13651
22608 13677
22616 13718
22622 13748
22638 13832
22645 13869
22651 13901
22671 14013
22680 14059
22686 14085
22701 14169
22718 14253
22723 14279
22730 14323
22742 14377
22750 14420
22754 14437
22758 14462
22762 14478
22776 14556
22790 14630
22803 14686
22812 14738
22823 14797
22840 14881
22847 14915
22854 14944
22864 14992
22877 15056
22895 15151
22907 15212
22913 15243
22932 15336
22949 15408
22956 15451
22970 15517
22989 15609
23000 15659
23013 15716
23020 15750
23034 15820
23039 15844
23042 15853
23058 15922
23068 15975
23080 16031
23099 16111
23108 16156
23119 16202
23137 16281
23140 16296
23160 16392
23168 16418
23175 16456
23184 16496
23189 16519
23200 16560
23213 16613
23223 16666
23242 16739
23250 16774
23269 16855
23272 16864
23278 16888
23293 16953
23300 16987
23315 17050
23326 17087
23341 17151
23347 17171
23363 17240
23372 17271
23380 17300
23394 17356
23414 17433
23427 17488
23433 17511
23452 17578
23470 17644
23482 17695
23496 17742
23512 17798
23522 17838
23542 17908
23562 17980
23578 18032
23598 18099
23606 18121
23614 18152
23623 18179
23629 18199
23640 18242
23647 18262
23653 18276
23665 18313
23682 18366
23693 18402
23699 18427
23706 18442
23711 18464
23720 18484
23738 18547
23747 18564
23760 18605
23772 18646
23781 18665
23784 18680
23797 18714
23802 18730
23820 18783
23824 18787
23840 18837
23853 18865
23864 18891
23877 18931
23889 18955
23895 18976
23907 19011
23922 19039
23931 19069
23949 19104
23968 19151
23985 19192
24005 19237
24025 19281
24033 19295
24047 19327
24057 19347
24067 19364
24086 19404
24097 19424
24113 19454
24129 19481
24146 19512
24152 19524
24157 19540
24162 19543
24169 19560
24184 19578
24189 19593
24209 19624
24224 19644
24243 19674
24254 19693
24259 19695
24270 19708
24288 19740
24295 19748
24314 19774
24327 19788
24338 19797
24354 19819
24365 19825
24371 19829
24385 19847
24395 19861
24404 19867
24411 19876
24427 19886
24443 19901
24446 19901
24452 19908
24464 19919
24481 19928
24499 19942
24514 19955
24531 19957
24550 19972
24567 19980
24579 19981
24582 19982
24599 19988
24605 19993
24624 20001
24631 20003
24637 19994
24645 20006
24649 20005
24657 20004
24661 20007
24675 20007
24690 19999
24707 20005
24727 20007
24745 19995
24753 20004
24761 19996
24767 19994
24780 19993
24783 19994
24803 19988
24816 19983
24820 19983
24829 19973
24836 19976
24855 19960
24858 19965
24862 19953
24879 19943
24895 19938
24906 19927
24924 19916
24936 19912
24948 19900
24962 19882
24978 19875
24991 19859
25008 19848
25023 19827
25040 19805
25058 19792
25065 19785
25076 19762
25089 19749
25095 19745
25103 19737
25121 19703
25132 19688
25141 19677
25149 19669
25158 19655
25164 19640
25183 19613
25193 19598
25205 19577
25208 19572
25217 19561
25228 19537
25248 19501
25251 19500
25257 19490
25267 19476
25283 19443
25298 19408
25317 19376
25327 19357
25335 19342
25345 19323
25349 19311
25367 19266
25373 19262
25393 19212
25397 19210
25411 19177
25421 19150
25429 19134
25446 19095
25451 19079
25465 19047
25470 19037
25481 19011
25500 18954
25509 18939
25516 18914
25524 18894
25540 18858
25547 18832
25559 18806
25565 18781
25572 18764
25585 18729
25594 18705
25606 18668
25612 18657
25631 18600
25642 18567
25653 18531
25657 18521
25675 18468
25688 18430
25708 18363
25711 18354
25721 18328
25724 18311
25736 18273
25753 18219
25759 18203
25767 18178
25786 18112
25802 18054
25810 18031
25817 18006
25831 17954
25843 17913
25854 17879
25873 17807
25881 17777
25897 17727
25906 17695
25917 17655
25935 17587
25952 17525
25968 17456
25977 17429
25997 17350
26009 17304
26024 17241
26035 17203
26049 17147
26059 17104
26078 17024
26091 16968
26101 16934
26109 16894
26120 16849
26137 16784
26157 16693
26172 16633
26176 16612
26194 16539
26202 16504
26210 16470
26213 16449
26232 16370
26249 16300
26260 16245
26275 16180
26279 16164
26285 16138
26288 16118
26299 16071
26302 16058
26319 15975
26325 15954
26333 15913
26348 15847
26363 15774
26383 15682
26388 15657
26396 15617
26406 15569
26409 15561
26425 15481
26440 15414
26446 15375
26453 15346
26465 15290
26470 15262
26487 15176
26498 15131
26516 15041
26536 14939
26552 14859
26570 14772
26588 14673
26601 14609
26610 14560
26622 14504
26634 14438
26644 14386
26655 14338
26675 14232
26684 14186
26689 14162
26694 14128
26708 14063
26725 13971
26741 13886
26754 13816
26771 13731
26790 13630
26808 13528
26825 13440
26838 13364
26851 13297
26871 13190
26886 13107
26906 13003
26926 12891
26937 12827
26947 12775
26965 12674
26973 12636
26977 12613
26990 12532
26995 12513
27009 12428
27028 12321
27040 12254
27043 12239
27052 12187
27070 12096
27073 12075
27086 12002
27089 11985
27092 11968
27098 11934
27115 11843
27131 11743
27145 11673
27157 11604
27172 11518
27184 11446
27192 11400
27199 11364
27219 11250
27225 11217
27244 11103
27263 10995
27266 10979
27273 10940
27281 10899
27299 10796
27311 10720
27320 10676
27331 10613
27343 10547
27361 10442
27368 10401
27387 10295
27406 10187
27417 10121
27434 10023
27451 9922
27454 9903
27471 9806
27488 9716
27492 9691
27503 9622
27516 9555
27532 9458
27552 9347
27557 9317
27562 9287
27568 9256
27575 9219
27579 9195
27586 9149
27589 9137
27609 9025
27616 8980
27621 8958
27628 8912
27631 8900
27643 8832
27655 8763
27664 8707
27667 8691
27674 8651
27687 8583
27704 8479
27707 8461
27727 8351
27740 8282
27757 8181
27777 8071
27784 8035
27798 7949
27802 7934
27816 7854
27820 7832
27835 7750
27846 7680
27852 7645
27869 7554
27881 7492
27889 7449
27907 7349
27921 7273
27929 7224
27946 7132
27965 7023
27975 6969
27994 6874
28011 6780
28028 6679
28036 6642
28039 6622
28054 6545
28067 6469
28078 6421
28089 6361
28100 6294
28110 6242
28130 6140
28138 6097
28146 6056
28150 6034
28169 5934
28176 5898
28191 5815
28209 5724
28228 5626
28232 5604
28235 5590
28250 5516
28263 5454
28271 5404
28281 5356
28288 5324
28299 5265
28305 5241
28308 5225
28324 5142
28344 5043
28359 4968
28371 4909
28379 4865
28394 4796
28400 4760
28416 4683
28421 4664
28433 4607
28439 4573
28452 4516
28463 4458
28474 4409
28490 4330
28503 4273
28510 4244
28530 4147
28535 4125
28539 4099
28557 4025
28561 4007
28581 3910
28591 3865
28604 3810
28609 3782
28626 3712
28643 3632
28654 3585
28674 3499
28689 3429
28695 3402
28712 3332
28719 3306
28732 3250
28736 3233
28755 3150
28769 3095
28784 3034
28803 2958
28809 2936
28828 2856
28839 2809
28851 2760
28858 2731
28864 2712
28884 2635
28894 2599
28899 2580
28902 2562
28911 2535
28929 2465
28933 2451
28942 2419
28949 2392
28963 2334
28972 2298
28975 2292
28983 2265
29001 2197
29019 2129
29037 2072
29056 2004
29069 1958
29073 1942
29085 1909
29099 1860
29117 1798
29122 1789
29131 1759
29148 1702
29154 1686
29159 1662
29166 1646
29180 1605
29189 1569
29198 1540
29211 1505
29225 1467
29234 1441
29245 1404
29248 1397
29253 1383
29266 1339
29275 1316
29284 1292
29288 1281
29301 1244
29309 1228
29319 1191
29329 1170
29332 1163
29337 1147
29346 1118
29359 1084
29366 1071
29382 1031
29389 1011
29393 1004
29411 958
29422 929
29438 891
29458 846
29469 821
29488 774
29501 747
29516 719
29523 700
29528 692
29537 671
29548 656
29560 632
29569 613
29582 583
29586 572
29599 558
29617 524
29620 512
29625 502
29630 497
29638 479
29649 467
29654 452
29665 438
29680 413
29696 381
29709 361
29719 348
29737 322
29749 308
29754 303
29760 290
29768 282
29772 281
29784 261
29790 252
29802 234
29808 234
29816 219
29829 204
29841 197
29857 172
29861 168
29877 155
29884 148
29887 140
29895 136
29899 130
29902 127
29911 124
29915 120
29924 110
29941 95
29945 98
29960 87
29969 82
29986 67
29993 65
30007 49
30019 51
30033 36
30049 35
30062 22
30081 22
30097 18
30101 16
30105 17
30112 13
30120 9
30127 5
30142 11
30157 3
30176 1
30192 9
30203 6
30208 5
30224 10
30238 15
30242 10
30257 17
30277 19
30282 25
30301 24
30315 35
30321 35
30334 47
30354 52
30373 70
30388 74
30401 85
30409 92
30417 96
30424 107
30443 120
30450 129
30468 139
30488 155
30494 168
30514 190
30519 189
30528 204
30543 220
30559 237
30566 248
30576 259
30582 272
30591 283
30595 281
30612 311
30620 316
30636 345
30653 364
30661 384
30675 404
30685 419
30694 440
30698 437
30706 458
30713 468
30729 495
30745 519
30756 539
30775 584
30795 624
30804 637
30809 647
30824 674
30830 691
30837 700
30852 741
30859 755
30870 775
30877 790
30897 832
30912 866
30924 902
30927 901
30946 953
30959 984
30976 1028
30982 1041
30988 1061
30999 1085
31010 1109
31027 1157
31044 1208
31059 1249
31075 1290
31095 1346
31115 1403
31126 1432
31141 1478
31149 1504
31159 1538
31172 1573
31184 1618
31194 1640
31201 1663
31216 1713
31228 1747
31245 1804
31262 1861
31282 1931
31285 1942
31299 1985
31313 2035
31326 2078
31340 2136
31350 2171
31353 2178
31362 2211
31375 2253
31382 2281
31399 2348
31418 2412
31437 2490
31448 2529
31462 2585
31477 2635
31487 2683
31498 2718
31503 2736
31506 2749
31520 2808
31530 2850
31543 2897
31548 2917
31564 2986
31581 3054
31598 3126
31605 3155
31619 3211
31631 3266
31638 3297
31650 3348
31655 3368
31671 3431
31675 3454
31692 3527
31698 3556
31701 3562
31706 3583
31720 3643
31727 3679
31744 3760
31755 3799
31760 3825
31766 3852
31786 3948
31803 4021
31814 4071
31822 4113
31840 4192
31851 4243
31870 4331
31877 4371
31880 4379
31883 4396
31901 4478
31919 4567
31934 4635
31939 4667
31948 4711
31954 4739
31961 4772
31979 4859
31988 4900
32006 4993
32024 5079
32027 5101
32046 5190
32064 5280
32067 5302
32078 5351
32098 5458
32115 5545
32134 5635
32138 5664
32156 5748
32172 5840
32189 5920
32198 5968
32201 5990
32215 6058
32232 6148
32249 6243
32265 6330
32281 6411
32298 6498
32312 6572
32325 6651
32336 6702
32350 6784
32367 6874
32380 6946
32398 7041
32410 7114
32427 7205
32440 7276
32447 7317
32464 7405
32476 7478
32480 7501
32497 7588
32517 7706
32520 7720
32531 7775
32547 7865
32550 7884
32557 7929
32568 7990
32585 8079
32598 8150
32607 8205
32615 8250
32622 8287
32627 8315
32630 8332
32650 8452
32667 8540
32679 8609
32689 8668
32696 8713
32701 8741
32707 8774
32722 8853
32740 8963
32756 9051
32767 9114
32778 9174
32798 9287
32803 9324
32821 9417
32841 9532
32858 9628
32873 9724
32891 9824
32897 9852
32907 9909
32925 10022
32935 10078
32951 10170
32963 10231
32983 10351
32987 10367
33004 10468
33008 10497
33014 10532
33030 10616
33034 10641
33054 10750
33059 10783
33070 10849
33074 10871
33080 10909
33093 10978
33108 11065
33111 11080
33117 11117
33122 11140
33131 11196
33134 11214
33140 11241
33144 11270
33162 11375
33182 11488
33198 11575
33214 11665
33217 11684
33222 11710
33233 11770
33243 11828
33261 11925
33264 11944
33271 11981
33288 12077
33303 12165
33312 12210
33332 12323
33342 12385
33350 12427
33367 12526
33380 12598
33394 12666
33411 12763
33427 12857
33433 12884
33444 12940
33458 13019
33467 13067
33478 13129
33497 13238
33507 13293
33521 13361
33541 13469
33548 13511
33560 13570
33574 13651
33592 13739
33602 13802
33616 13868
33625 13916
33641 14001
33653 14061
33660 14103
33680 14205
33686 14234
33705 14340
33711 14366
33715 14383
33722 14424
33731 14472
33749 14565
33766 14649
33769 14667
33781 14722
33791 14772
33797 14801
33817 14902
33820 14917
33831 14970
33840 15018
33857 15100
33873 15185
33891 15269
33906 15340
33924 15429
33933 15472
33941 15506
33957 15587
33972 15655
33991 15742
34011 15843
34021 15887
34029 15920
34035 15947
34044 15997
34056 16045
34076 16144
34087 16186
34100 16245
34106 16272
34123 16352
34131 16380
34149 16468
34164 16530
34182 16605
34189 16642
34208 16719
34223 16780
34229 16804
34238 16845
34241 16861
34261 16938
34281 17021
34300 17095
34314 17156
34331 17226
34336 17244
34353 17311
34363 17343
34380 17417
34396 17477
34405 17512
34411 17529
34414 17547
34424 17582
34435 17617
34447 17670
34457 17703
34474 17761
34494 17832
34505 17878
34516 17918
34524 17938
34533 17973
34539 17992
34544 18008
34555 18048
34559 18064
34576 18122
34590 18166
34598 18190
34616 18249
34628 18293
34635 18314
34649 18356
34652 18365
34655 18375
34671 18430
34689 18485
34700 18511
34713 18553
34724 18583
34739 18634
34753 18672
34764 18706
34767 18707
34787 18766
34806 18820
34814 18841
34830 18881
34848 18931
34864 18967
34871 18984
34876 19003
34896 19050
34906 19071
34911 19090
34922 19115
34933 19142
34953 19184
34973 19226
34987 19256
35002 19293
35013 19319
35031 19353
35039 19362
35049 19383
35065 19423
35084 19458
35089 19469
35093 19466
35102 19485
35115 19508
35130 19541
35133 19546
35152 19570
35167 19594
35187 19628
35204 19660
35224 19687
35238 19706
35251 19724
35264 19744
35282 19766
35295 19777
35308 19791
35315 19808
35331 19817
35334 19830
35347 19843
35360 19854
35380 19867
35386 19881
35391 19879
35400 19884
35419 19904
35429 19909
35445 19921
35457 19930
35463 19939
35479 19951
35491 19949
35504 19964
35512 19970
35518 19973
35531 19973
35537 19981
35555 19986
35565 19988
35584 19996
35599 19993
35602 20003
35611 20005
35618 20005
35634 20005
35651 20000
35668 20009
35688 20003
35700 20000
35715 20004
35725 19995
35745 19996
35758 19995
35769 19991
35773 19989
35790 19981
35799 19972
35808 19973
35818 19967
35835 19955
35848 19948
35853 19946
35861 19940
35864 19935
35874 19928
35883 19932
35894 19917
35905 19916
35909 19907
35927 19894
35936 19884
35952 19870
35969 19852
35982 19837
36002 19816
36014 19809
36024 19793
36039 19782
36049 19762
36066 19741
36073 19734
36090 19709
36107 19691
36124 19660
36132 19645
36148 19624
36161 19610
36173 19582
36176 19577
36196 19545
36204 19533
36215 19511
36219 19509
36230 19488
36241 19462
36250 19452
36267 19417
36286 19376
36304 19343
36322 19308
36338 19274
36342 19267
36353 19237
36363 19213
36378 19189
36387 19159
36405 19125
36409 19107
36412 19109
36419 19091
36437 19041
36442 19030
36445 19030
36457 19000
36477 18945
36483 18934
36491 18905
36501 18880
36517 18835
36523 18821
36533 18797
36552 18743
36566 18703
36575 18674
36585 18655
36589 18638
36605 18593
36609 18580
36629 18521
36640 18493
36660 18432
36673 18381
36685 18350
36693 18319
36696 18318
36702 18293
36716 18244
36732 18198
36739 18172
36751 18139
36771 18066
36774 18054
36789 18003
36807 17940
36819 17899
36831 17863
36835 17840
36850 17790
36869 17728
36884 17664
36902 17601
36908 17578
36921 17531
36932 17489
36945 17436
36963 17367
36975 17326
36981 17302
37001 17221
37012 17173
37026 17124
37043 17052
37063 16966
37066 16956
37070 16942
37088 16872
37095 16836
37109 16780
37122 16722
37131 16688
37136 16664
37148 16613
37155 16587
37170 16519
37177 16488
37194 16417
37200 16385
37206 16361
37215 16315
37218 16303
37234 16236
37241 16202
37247 16175
37256 16141
37269 16082
37283 16014
37287 15992
37290 15981
37305 15910
37324 15827
37333 15783
37339 15758
37354 15680
37362 15648
37369 15618
37384 15542
37389 15516
37398 15472
37404 15440
37419 15376
37432 15313
37438 15279
37442 15257
37460 15174
37479 15084
37488 15038
37500 14972
37520 14872
37530 14821
37548 14733
37566 14642
37572 14615
37592 14510
37596 14490
37606 14441
37619 14369
37632 14311
37643 14251
37654 14194
37662 14146
37670 14107
37687 14016
37696 13977
37714 13877
37719 13854
37732 13785
37742 13735
37747 13698
37764 13618
37777 13548
37793 13458
37803 13405
37820 13310
37837 13222
37844 13177
37857 13107
37860 13091
37876 13004
37886 12950
37895 12900
37906 12839
37914 12796
37926 12734
37937 12673
37944 12634
37961 12544
37980 12434
37997 12337
38002 12311
38011 12257
38031 12145
38041 12097
38044 12072
38053 12029
38061 11978
38066 11956
38083 11856
38098 11778
38104 11740
38118 11657
38126 11620
38145 11504
38164 11403
38184 11292
38197 11214
38202 11185
38212 11132
38224 11062
38240 10968
38257 10876
38273 10781
38279 10747
38299 10627
38306 10597
38318 10527
38324 10488
38343 10384
38353 10319
38372 10213
38375 10194
38389 10114
38407 10013
38418 9954
38433 9860
38439 9825
38455 9741
38470 9655
38489 9541
38497 9499
38515 9392
38527 9325
38540 9250
38554 9168
38562 9130
38572 9066
38577 9041
38585 8991
38600 8914
38612 8846
38615 8824
38625 8770
38632 8729
38636 8709
38645 8655
38654 8603
38668 8525
38679 8464
38686 8420
38705 8318
38714 8259
38721 8223
38734 8155
38740 8117
38755 8029
38762 7997
38770 7948
38778 7908
38797 7796
38803 7765
38817 7683
38832 7599
38845 7532
38849 7507
38855 7471
38871 7383
38881 7329
38889 7287
38892 7267
38896 7254
38911 7165
38914 7148
38925 7089
38944 6989
38964 6873
38980 6795
38985 6768
38996 6704
39002 6672
39009 6628
39019 6575
39029 6528
39041 6460
39061 6358
39072 6300
39076 6271
39080 6252
39096 6174
39104 6129
39122 6030
39139 5940
39156 5855
39168 5791
39175 5756
39193 5666
39207 5590
39227 5489
39232 5466
39251 5369
39269 5277
39276 5241
39288 5184
39306 5085
39319 5019
39327 4986
39343 4900
39349 4879
39360 4822
39366 4792
39373 4757
39388 4685
39401 4623
39415 4559
39419 4537
39429 4484
39434 4464
39438 4445
39449 4391
39465 4315
39474 4270
39481 4243
39492 4191
39497 4168
39513 4097
39526 4038
39544 3949
39551 3915
39562 3870
39565 3852
39569 3833
39577 3799
39582 3780
39595 3726
39599 3701
39612 3646
39630 3566
39647 3488
39664 3416
39672 3387
39692 3300
39695 3285
39714 3201
39725 3165
39738 3101
39758 3022
39774 2954
39787 2904
39806 2833
39813 2800
39819 2779
39826 2754
39837 2710
39851 2657
39858 2623
39862 2611
39867 2594
39870 2580
39879 2547
39892 2495
39895 2484
39903 2454
39921 2386
39924 2380
39942 2308
39961 2243
39974 2192
39989 2142
40002 2098
40009 2069
40028 2003
40039 1963
40047 1943
40062 1888
40081 1823
40097 1777
40109 1737
40123 1688
40131 1659
40142 1629
40158 1580
40169 1548
40182 1503
40186 1492
40189 1486
40205 1437
40209 1428
40214 1409
40230 1368
40238 1342
40253 1300
40267 1257
40280 1219
40290 1192
40304 1164
40314 1130
40323 1110
40327 1097
40347 1051
40364 1001
40373 985
40389 940
40396 926
40408 896
40418 875
40421 867
40428 846
40448 801
40461 777
40473 746
40481 734
40489 711
40507 679
40525 643
40533 620
40551 585
40564 569
40573 551
40591 512
40599 502
40611 475
40621 465
40638 435
40642 431
40660 400
40670 381
40679 364
40683 357
40695 346
40703 338
40721 303
40739 279
40759 251
40762 251
40771 240
40780 229
40783 230
40794 213
40800 207
40813 191
40831 171
40842 166
40859 141
40874 136
40881 123
40885 116
40896 115
40911 94
40919 94
40925 84
40944 76
40961 65
40975 57
40990 52
41006 37
41017 29
41022 30
41026 29
41036 22
41048 26
41055 16
41060 15
41067 20
41073 11
41078 14
41089 9
41102 8
41108 5
41127 6
41141 8
41155 6
41171 8
41174 7
41184 7
41192 9
41199 12
41208 11
41224 11
41241 22
41253 16
41273 27
41288 32
41294 39
41305 48
41313 52
41332 62
41349 71
41357 72
41377 83
41383 96
41400 111
41407 108
41415 122
41418 124
41428 126
41437 135
41448 152
41466 166
41478 178
41485 183
41497 195
41500 206
41520 231
41530 241
41541 250
41548 261
41562 280
41577 303
41596 330
41604 334
41611 352
41629 372
41632 379
41642 392
41648 410
41654 414
41661 422
41681 462
41692 479
41698 494
41701 494
41708 504
41716 518
41724 533
41729 548
41745 572
41759 603
41770 626
41781 645
41784 654
41799 687
41817 721
41821 730
41833 759
41840 776
41850 796
41866 827
41882 864
41902 911
41916 953
41920 955
41924 972
41933 993
41953 1040
41963 1070
41973 1091
41978 1107
41992 1146
42001 1170
42012 1199
42029 1244
42038 1261
42053 1303
42058 1324
42071 1355
42086 1405
42102 1450
42106 1460
42109 1466
42113 1484
42118 1503
42133 1547
42153 1610
42157 1615
42161 1629
42167 1650
42176 1680
42193 1730
42211 1793
42219 1820
42228 1841
42247 1914
42257 1945
42270 1982
42286 2041
42303 2103
42306 2110
42322 2173
42332 2203
42341 2233
42347 2260
42351 2268
42365 2321
42381 2385
42385 2397
42391 2417
42401 2454
42416 2517
42423 2538
42433 2574
42450 2642
42457 2666
42477 2752
42491 2801
42497 2825
42500 2836
42515 2904
42527 2953
42542 3010
42554 3059
42572 3136
42591 3215
42599 3246
42604 3265
42616 3319
42635 3402
42652 3477
42664 3527
42678 3588
42682 3601
42698 3678
42715 3749
42720 3779
42729 3816
42739 3862
42744 3879
42756 3938
42773 4017
42790 4097
42805 4168
42809 4184
42820 4230
42837 4315
42856 4401
42860 4419
42863 4440
42880 4515
42895 4593
42907 4648
42917 4695
42923 4721
42930 4753
42938 4801
42948 4844
42957 4886
42974 4971
42982 5018
42987 5042
42993 5070
43011 5156
43017 5191
43037 5285
43051 5357
43058 5396
43066 5438
43070 5459
43079 5505
43095 5583
43111 5666
43114 5681
43124 5729
43140 5822
43150 5869
43154 5893
43166 5949
43177 6012
43181 6032
43190 6078
43193 6094
43205 6154
43219 6237
43226 6271
43242 6360
43261 6459
43273 6524
43276 6533
43290 6616
43307 6705
43310 6724
43327 6811
43341 6889
43346 6913
43362 7001
43368 7038
43375 7076
43379 7101
43384 7123
43395 7179
43412 7272
43428 7369
43439 7425
43443 7443
43454 7510
43472 7614
43475 7628
43478 7644
43485 7681
43490 7705
43497 7753
43504 7790
43518 7862
43534 7959
43543 8002
43550 8040
43564 8123
43582 8229
43587 8249
43594 8288
43607 8364
43613 8404
43633 8510
43637 8540
43643 8566
43658 8655
43665 8697
43675 8754
43689 8829
43696 8867
43714 8975
43722 9017
43725 9039
43733 9078
43740 9118
43749 9169
43753 9191
43761 9245
43768 9284
43774 9314
43784 9378
43793 9426
43803 9476
43822 9585
43826 9611
43843 9707
43846 9732
43862 9822
43874 9892
43880 9926
43898 10026
43918 10136
43927 10193
43942 10281
43946 10295
43958 10371
43968 10422
43974 10462
43991 10554
44010 10665
44021 10730
44035 10814
44042 10850
44053 10908
44070 11003
44081 11074
44096 11153
44114 11263
44130 11351
44150 11468
44153 11485
44156 11495
44164 11542
44173 11588
44190 11686
44200 11749
44203 11758
44221 11860
44224 11879
44236 11952
44239 11970
44255 12060
44265 12106
44272 12150
44283 12213
44294 12268
44308 12356
44326 12451
44340 12529
44350 12589
44364 12666
44368 12688
44387 12792
44405 12887
44415 12947
44430 13026
44437 13057
44442 13085
44453 13147
44471 13248
44491 13359
44502 13412
44519 13508
44526 13541
44541 13619
44554 13697
44566 13761
44581 13832
44589 13883
44601 13939
44606 13971
44612 14002
44620 14046
44632 14107
44642 14151
44656 14227
44676 14334
44695 14435
44704 14481
44715 14537
44721 14567
44741 14666
44752 14723
44756 14742
44774 14826
44792 14920
44807 14991
44827 15099
44845 15181
44850 15207
44867 15290
44884 15370
44895 15426
44908 15484
44928 15582
44934 15614
44938 15634
44949 15680
44965 15759
44974 15801
44993 15887
45009 15960
45022 16019
45026 16036
45033 16077
45051 16149
45066 16219
45070 16237
45085 16312
45088 16324
45099 16374
45117 16450
45137 16534
45156 16616
45174 16689
45189 16755
45205 16829
45215 16862
45227 16912
45239 16962
45251 17012
45260 17049
45266 17072
45284 17151
45301 17211
45306 17236
45325 17306
45343 17384
45355 17427
45370 17484
45375 17501
45385 17542
45395 17580
45410 17633
45419 17668
45432 17712
45442 17751
45445 17765
45457 17803
45461 17816
45480 17885
45500 17953
45518 18020
45534 18076
45550 18129
45563 18172
45572 18205
45582 18230
45602 18300
45620 18357
45639 18410
45648 18444
45652 18458
45656 18465
45662 18484
45681 18546
45686 18558
45691 18569
45705 18613
45717 18643
45732 18691
45748 18738
45767 18788
45787 18838
45797 18873
45802 18887
45812 18904
45828 18945
45833 18961
45853 19011
45870 19052
45889 19102
45906 19138
45918 19171
45932 19196
45943 19226
45947 19230
45967 19282
45985 19319
45988 19323
46004 19353
46018 19387
46025 19394
46042 19424
46055 19451
46066 19474
46079 19502
46094 19527
46105 19546
46112 19551
46118 19568
46123 19572
46143 19609
46163 19634
46183 19665
46191 19681
46195 19689
46205 19698
46208 19705
46212 19706
46219 19718
46234 19740
46254 19767
46273 19790
46280 19793
46292 19813
46301 19818
46309 19827
46318 19838
46324 19849
46331 19846
46335 19859
46352 19876
46363 19879
46380 19900
46390 19909
46407 19920
46416 19924
46436 19939
46443 19940
46456 19951
46460 19950
46467 19957
46478 19959
46481 19960
46488 19968
46504 19975
46507 19982
46519 19985
46533 19983
46537 19993
46553 19998
46561 19997
46565 19995
46579 20001
46591 20005
46604 19999
46607 20006
46623 19999
46642 20003
46646 20007
46664 19998
46683 19996
46702 20000
46708 19993
46723 19994
46729 19990
46732 19994
46751 19979
46754 19987
46759 19975
46769 19977
46773 19970
46781 19969
46799 19963
46804 19954
46814 19956
46825 19942
46828 19948
46847 19930
46851 19935
46855 19929
46869 19914
46876 19913
46879 19913
46884 19907
46899 19890
46910 19886
46915 19878
46925 19866
46933 19857
46938 19854
46943 19849
46949 19842
46968 19828
46976 19816
46992 19802
46996 19789
47002 19782
47016 19773
47036 19740
47043 19740
47046 19728
47050 19732
47062 19706
47078 19690
47082 19686
47099 19659
47105 19649
47109 19643
47124 19624
47129 19611
47134 19599
47140 19588
47150 19582
47154 19575
47162 19556
47166 19546
47178 19532
47187 19518
47196 19495
47213 19468
47224 19450
47235 19424
47253 19391
47262 19370
47278 19342
47291 19311
47299 19295
47317 19257
47322 19251
47329 19228
47333 19221
47336 19211
47342 19196
47355 19171
47370 19138
47377 19125
47386 19095
47402 19057
47410 19041
47429 18998
47448 18946
47457 18922
47461 18914
47467 18896
47477 18868
47484 18849
47489 18838
47506 18796
47519 18762
47528 18735
47542 18693
47545 18689
47562 18631
47573 18600
47580 18578
47590 18555
47610 18492
47620 18461
47627 18438
47647 18378
47662 18332
47668 18312
47688 18246
47706 18190
47720 18148
47734 18098
47737 18083
47755 18020
47763 18000
47771 17970
47787 17916
47793 17889
47805 17855
47820 17796
47827 17772
47844 17705
47864 17638
47873 17607
47887 17555
47899 17504
47912 17455
47919 17427
47930 17382
47939 17352
47952 17301
47965 17247
47979 17200
47989 17157
47992 17144
48009 17072
48016 17050
48031 16981
48051 16902
48058 16869
48068 16832
48080 16780
48096 16715
48106 16673
48115 16629
48118 16617
48132 16556
48137 16543
48141 16518
48146 16503
48163 16422
48169 16400
48187 16322
48203 16249
48215 16191
48226 16146
48232 16119
48252 16027
48265 15971
48277 15914
48283 15878
48286 15866
48290 15845
48308 15771
48317 15728
48321 15706
48333 15654
48346 15589
48360 15520
48369 15475
48386 15396
48406 15304
48424 15213
48435 15153
48444 15115
48451 15083
48460 15033
48478 14946
48485 14911
48494 14864
48497 14849
48500 14837
48512 14779
48528 14692
48543 14614
48563 14512
48569 14490
48585 14408
48604 14310
48620 14224
48627 14188
48632 14162
48646 14090
48654 14047
48672 13950
48692 13844
48702 13788
48709 13752
48722 13681
48741 13586
48754 13515
48761 13477
48779 13382
48788 13328
48801 13263
48806 13230
48819 13168
48837 13069
48857 12959
48872 12875
48878 12839
48896 12737
48911 12655
48924 12585
48937 12512
48944 12475
48956 12410
48972 12326
48992 12207
49001 12156
49010 12111
49016 12070
49025 12028
49028 12006
49040 11942
49046 11905
49064 11809
49081 11714
49091 11654
49101 11602
49114 11523
49132 11426
49147 11334
49158 11279
49164 11244
49171 11205
49184 11121
49198 11051
49202 11026
49212 10967
49220 10919
49225 10887
49233 10846
49252 10738
49268 10643
49286 10546
49289 10530
49294 10498
49306 10429
49309 10416
49320 10349
49338 10242
49342 10228
49357 10135
49373 10045
49384 9984
49402 9879
49416 9794
49423 9756
49428 9734
49447 9626
49463 9533
49482 9424
49495 9344
49501 9315
49505 9291
49521 9194
49535 9119
49549 9037
49564 8957
49567 8933
49586 8831
49602 8739
49608 8705
49623 8624
49632 8568
49636 8540
49652 8454
49663 8387
49674 8330
49688 8250
49706 8150
49712 8115
49727 8027
49739 7965
49759 7854
49765 7819
49773 7779
49784 7715
49792 7670
49800 7625
49807 7585
49810 7564
49816 7531
49834 7436
49838 7416
49844 7381
49855 7320
49868 7245
49885 7158
49888 7133
49900 7068
49913 6998
49929 6914
49944 6835
49952 6783
49956 6762
49970 6692
49989 6589
50000 6534
50004 6513
50016 6446
50024 6400
50032 6356
50038 6330
50053 6250
50058 6225
50067 6168
50085 6080
50096 6019
50109 5954
50115 5918
50130 5846
50143 5778
50152 5724
50162 5674
50175 5608
50187 5550
50205 5458
50210 5430
50216 5399
50233 5318
50247 5245
50264 5160
50274 5105
50283 5060
50303 4964
50313 4912
50331 4829
50349 4734
50367 4647
50387 4556
50396 4515
50399 4495
50406 4467
50416 4416
50429 4351
50438 4312
50453 4240
50464 4194
50481 4106
50488 4074
50502 4008
50511 3977
50526 3908
50544 3817
50561 3744
50568 3711
50578 3674
50590 3612
50598 3584
50611 3523
50619 3493
50638 3405
50645 3382
50661 3305
50666 3289
50672 3263
50675 3248
50678 3235
50681 3225
50699 3150
50717 3080
50724 3043
50740 2985
50744 2968
50759 2905
50767 2877
50775 2839
50784 2799
50800 2744
50820 2662
50831 2615
50838 2595
50846 2561
50851 2546
50856 2527
50860 2509
50868 2482
50878 2440
50892 2390
50905 2339
50925 2267
50942 2202
50951 2173
50956 2152
50966 2118
50976 2091
50984 2058
50994 2022
51002 1992
51009 1977
51016 1951
51021 1935
51032 1891
51050 1833
51054 1822
51057 1814
51063 1789
51072 1767
51081 1735
51100 1667
51106 1650
51121 1608
51125 1594
51136 1560
51154 1504
51160 1484
51171 1460
51176 1436
51189 1400
51193 1388
51206 1350
51216 1328
51232 1277
51249 1233
51261 1194
51267 1180
51273 1167
51289 1124
51302 1090
51311 1067
51331 1013
51347 973
51358 946
51368 922
51381 893
51391 872
51402 849
51418 812
51434 771
51449 740
51462 714
51479 677
51489 653
51503 623
51511 616
51516 602
51533 566
51547 545
51552 535
51559 522
51574 497
51589 472
51603 444
51613 433
51624 409
51628 401
51639 383
51652 370
51669 341
51673 338
51692 304
51708 288
51725 266
51733 249
51736 254
51745 235
51760 222
51771 210
51774 207
51783 197
51787 186
51800 173
51805 166
51814 157
51818 153
51826 153
51837 138
51853 121
51872 107
51885 100
51905 83
51916 80
51921 71
51934 66
51953 56
51966 48
51980 43
51987 40
51990 33
52000 26
52008 26
52028 19
52031 22
52051 10
52058 11
52062 14
52071 6
52090 11
52100 3
52109 10
52116 8
52127 5
52144 0
52152 10
52169 8
52187 6
52200 16
52207 21
52220 15
52232 29
52247 33
52257 35
52277 47
52294 47
52314 60
52330 75
52338 81
52350 93
52353 90
52361 102
52378 106
52384 120
52391 120
52409 143
52415 149
52424 156
52441 170
52451 176
52457 189
52463 197
52479 216
52487 220
52500 233
52510 252
52523 261
52532 278
52537 285
52543 295
52555 308
52568 329
52581 346
52585 357
52605 378
52617 400
52636 436
52655 460
52661 476
52667 485
52675 504
52681 506
52690 525
52693 537
52702 551
52714 573
52732 608
52742 627
52760 658
52772 692
52789 724
52808 768
52823 798
52833 818
52840 830
52847 853
52864 895
52879 923
52891 961
52908 998
52924 1040
52943 1083
52952 1106
52960 1136
52980 1180
52988 1211
53004 1245
53020 1299
53025 1314
53044 1364
53061 1410
53071 1444
53091 1501
53097 1518
53107 1549
53113 1565
53128 1620
53133 1626
53147 1675
53157 1702
53171 1755
53181 1788
53190 1816
53197 1834
53213 1886
53224 1928
53235 1967
53247 2000
53252 2025
53270 2087
53279 2117
53296 2173
53312 2238
53325 2280
53329 2291
53343 2349
53362 2414
53377 2469
53386 2506
53389 2524
53400 2560
53406 2584
53414 2616
53424 2658
53433 2691
53447 2749
53459 2794
53478 2866
53492 2926
53495 2932
53503 2965
53509 2990
53519 3029
53533 3096
53543 3132
53548 3148
53552 3170
53568 3234
53581 3296
53586 3318
53600 3376
53617 3444
53636 3533
53643 3558
53652 3599
53670 3680
53688 3754
53693 3781
53706 3839
53713 3870
53716 3884
53735 3975
53743 4010
53750 4043
53757 4072
53769 4125
53787 4213
53803 4283
53813 4335
53824 4382
53840 4461
53855 4538
53867 4590
53870 4604
53879 4650
53898 4736
53902 4757
53910 4804
53925 4868
53937 4928
53945 4975
53953 5014
53959 5038
53965 5071
53977 5126
53987 5182
53991 5197
53999 5236
54012 5301
54024 5368
54036 5427
54049 5492
54059 5543
54074 5627
54091 5716
54103 5776
54109 5799
54121 5865
54128 5908
54141 5973
54160 6070
54178 6163
54185 6202
54195 6260
54212 6345
54223 6409
54232 6455
54248 6541
54263 6622
54266 6639
54271 6664
54291 6770
54297 6801
54305 6850
54311 6883
54324 6950
54339 7030
54344 7062
54362 7158
54367 7182
54379 7248
54386 7292
54402 7376
54419 7471
54438 7578
54448 7629
54457 7689
54461 7706
54479 7805
54490 7872
54502 7930
54518 8028
54525 8069
54540 8145
54543 8165
54562 8270
54565 8294
54572 8334
54586 8411
54601 8493
54608 8532
54624 8621
54637 8702
54645 8746
54664 8846
54678 8931
54697 9034
54708 9098
54724 9189
54740 9285
54754 9361
54759 9390
54762 9404
54769 9449
54788 9558
54807 9665
54821 9746
54826 9774
54845 9886
54854 9939
54866 10000
