2500
3 40000
5 39851
8 39626
11 39399
13 39248
14 39173
16 39024
18 38872
20 38723
23 38498
25 38346
28 38122
29 38045
32 37822
35 37597
37 37445
39 37297
41 37145
43 36996
46 36771
48 36620
49 36547
51 36396
52 36321
54 36173
56 36023
58 35873
61 35649
63 35499
66 35276
69 35051
70 34976
72 34828
73 34752
75 34603
76 34528
77 34455
80 34230
83 34007
86 33785
88 33636
90 33489
93 33266
96 33043
97 32971
99 32822
101 32675
102 32599
105 32377
106 32304
109 32083
111 31935
113 31788
116 31568
118 31422
119 31347
121 31200
122 31128
123 31054
126 30836
127 30761
128 30689
129 30616
132 30395
133 30324
135 30176
136 30104
138 29960
140 29813
141 29740
143 29594
145 29450
148 29232
149 29161
150 29087
151 29017
152 28943
155 28726
157 28584
158 28511
159 28439
162 28224
165 28008
166 27937
168 27791
169 27721
170 27648
173 27435
174 27364
176 27221
177 27150
179 27007
182 26794
184 26652
186 26511
187 26440
188 26369
191 26157
194 25945
196 25806
199 25595
200 25525
203 25315
206 25105
208 24966
210 24826
212 24687
215 24478
217 24341
218 24272
219 24202
222 23995
225 23788
226 23720
227 23651
228 23583
229 23515
230 23445
232 23310
235 23106
236 23037
239 22832
241 22698
244 22494
245 22427
246 22358
249 22157
251 22021
254 21821
257 21619
260 21421
263 21222
266 21023
267 20957
268 20890
271 20691
274 20493
277 20297
280 20102
281 20036
284 19843
287 19648
288 19581
291 19388
294 19196
295 19132
296 19067
298 18940
301 18749
304 18557
306 18431
309 18242
311 18115
314 17927
317 17738
320 17551
321 17490
323 17364
324 17303
327 17119
330 16933
332 16811
335 16627
338 16444
341 16262
342 16202
344 16082
346 15962
349 15782
351 15661
354 15482
355 15424
357 15305
359 15186
360 15128
363 14953
366 14775
367 14717
369 14603
371 14487
373 14370
376 14198
377 14141
378 14084
381 13911
384 13742
385 13684
388 13514
391 13345
393 13235
396 13068
399 12901
402 12735
405 12571
407 12462
410 12297
411 12244
412 12190
414 12083
415 12027
418 11867
420 11762
421 11707
423 11602
424 11547
426 11442
427 11391
430 11233
433 11076
435 10974
437 10870
439 10767
441 10665
444 10512
446 10411
447 10359
448 10309
450 10208
453 10060
454 10010
455 9958
458 9812
461 9662
462 9615
465 9469
466 9421
467 9372
470 9226
472 9131
475 8989
476 8940
478 8845
479 8800
481 8706
482 8657
484 8565
487 8425
489 8334
491 8243
494 8105
495 8060
496 8015
498 7924
501 7791
504 7659
505 7614
506 7569
507 7526
510 7393
511 7350
512 7307
513 7264
514 7220
515 7178
517 7091
518 7048
521 6923
524 6796
527 6671
528 6628
530 6546
533 6424
536 6301
537 6262
539 6179
540 6139
543 6020
546 5901
548 5824
549 5784
552 5669
555 5552
556 5516
558 5440
561 5326
563 5252
566 5141
569 5029
572 4921
574 4848
577 4742
579 4670
582 4566
583 4532
585 4463
587 4394
588 4358
589 4326
591 4256
592 4224
595 4124
598 4023
600 3959
603 3862
604 3830
605 3798
608 3703
609 3671
612 3577
613 3546
615 3485
616 3452
617 3423
618 3393
621 3301
624 3212
627 3126
629 3068
632 2981
634 2924
637 2841
640 2756
643 2677
645 2622
646 2594
649 2517
650 2489
652 2437
653 2412
655 2362
656 2336
659 2260
662 2187
664 2137
667 2064
670 1994
672 1947
674 1900
675 1878
678 1812
679 1789
682 1721
685 1657
687 1615
690 1551
692 1510
693 1492
695 1449
696 1429
697 1410
698 1391
701 1331
704 1275
705 1256
708 1201
709 1183
710 1164
713 1111
714 1095
715 1076
718 1024
719 1008
720 991
722 959
724 925
725 910
727 877
728 864
731 816
734 772
737 730
738 715
741 672
744 633
746 605
749 567
751 541
754 505
756 482
758 458
761 426
763 403
766 373
769 342
772 315
774 297
775 288
778 259
780 243
782 228
783 218
785 205
787 189
789 175
792 155
793 148
795 134
797 123
798 117
800 105
801 100
802 94
804 84
805 80
806 75
809 63
812 51
815 40
818 32
819 27
820 26
822 20
824 17
827 9
830 7
833 3
835 2
836 2
838 1
840 1
842 1
844 4
847 5
850 11
853 14
854 17
857 25
860 33
862 40
863 42
864 46
867 57
869 65
872 80
875 94
878 110
881 127
884 146
886 158
887 165
890 188
893 210
896 232
898 249
899 256
901 274
902 283
905 312
907 329
908 339
910 360
913 390
915 413
918 445
921 479
924 513
927 552
930 589
932 614
934 642
935 654
938 695
939 709
941 738
944 781
945 796
946 813
947 828
948 843
951 890
952 905
955 953
956 970
959 1019
961 1052
962 1070
964 1106
965 1122
968 1178
969 1196
970 1212
972 1251
973 1269
976 1325
977 1346
978 1364
981 1424
982 1444
983 1465
985 1505
987 1545
988 1565
990 1609
993 1672
996 1737
997 1758
1000 1827
1002 1872
1003 1895
1006 1963
1007 1986
1008 2010
1011 2080
1012 2105
1014 2152
1016 2202
1018 2253
1021 2328
1024 2403
1027 2480
1028 2506
1029 2532
1030 2561
1031 2586
1033 2640
1035 2694
1038 2777
1039 2804
1042 2887
1045 2972
1048 3058
1049 3087
1050 3114
1051 3144
1054 3233
1057 3321
1059 3381
1062 3474
1064 3536
1065 3567
1068 3661
1069 3691
1071 3755
1073 3820
1074 3851
1077 3949
1078 3979
1079 4012
1082 4113
1084 4178
1087 4279
1088 4315
1090 4382
1091 4417
1093 4485
1096 4590
1099 4696
1100 4729
1102 4801
1104 4872
1105 4908
1106 4944
1108 5017
1109 5055
1111 5129
1112 5165
1114 5240
1115 5277
1116 5313
1119 5427
1120 5463
1123 5578
1126 5693
1129 5812
1131 5888
1133 5968
1136 6088
1138 6168
1140 6248
1143 6369
1144 6409
1145 6451
1146 6491
1149 6615
1151 6697
1153 6781
1156 6907
1157 6949
1158 6993
1160 7079
1162 7163
1163 7205
1165 7294
1168 7423
1170 7512
1171 7556
1172 7598
1173 7643
1175 7730
1176 7776
1179 7909
1182 8044
1185 8181
1186 8226
1188 8318
1190 8412
1192 8504
1195 8644
1196 8689
1197 8737
1199 8829
1201 8926
1203 9021
1205 9116
1206 9162
1209 9308
1210 9354
1211 9403
1214 9548
1215 9597
1218 9744
1219 9794
1222 9942
1224 10043
1225 10093
1227 10193
1228 10241
1229 10292
1231 10394
1234 10545
1236 10649
1238 10750
1240 10853
1242 10956
1244 11060
1246 11164
1249 11319
1250 11372
1251 11424
1254 11583
1255 11638
1258 11796
1260 11904
1263 12065
1264 12119
1267 12279
1269 12390
1271 12497
1272 12552
1274 12661
1277 12826
1278 12883
1280 12994
1283 13160
1286 13328
1289 13497
1290 13551
1293 13721
1294 13778
1296 13893
1298 14005
1300 14122
1301 14177
1303 14293
1304 14351
1307 14525
1310 14700
1311 14757
1312 14814
1313 14873
1314 14933
1316 15050
1319 15225
1321 15346
1322 15404
1325 15583
1327 15700
1328 15760
1330 15880
1333 16062
1335 16182
1337 16303
1338 16365
1340 16485
1341 16545
1344 16728
1345 16790
1346 16852
1347 16912
1350 17098
1353 17283
1355 17407
1356 17470
1357 17532
1358 17592
1361 17779
1362 17844
1365 18030
1368 18221
1369 18282
1372 18473
1373 18537
1375 18663
1378 18854
1379 18919
1380 18983
1382 19110
1385 19302
1387 19432
1389 19562
1391 19691
1394 19884
1397 20080
1400 20275
1402 20408
1403 20474
1405 20603
1408 20802
1409 20868
1411 20999
1413 21131
1415 21264
1417 21399
1420 21597
1422 21731
1424 21864
1426 22000
1428 22135
1431 22336
1434 22539
1436 22675
1439 22877
1442 23081
1444 23219
1447 23424
1450 23628
1453 23836
1455 23973
1457 24109
1458 24178
1461 24387
1462 24455
1463 24526
1466 24735
1469 24941
1472 25152
1473 25222
1476 25431
1478 25571
1480 25712
1482 25851
1483 25923
1486 26134
1489 26345
1490 26416
1491 26487
1494 26700
1495 26771
1498 26984
1501 27198
1504 27412
1506 27555
1509 27768
1511 27911
1512 27984
1515 28198
1518 28415
1521 28631
1523 28775
1525 28919
1526 28991
1528 29135
1531 29353
1532 29427
1534 29570
1537 29789
1540 30007
1543 30225
1546 30444
1548 30592
1550 30738
1552 30883
1555 31104
1556 31176
1557 31250
1558 31324
1561 31543
1562 31616
1563 31691
1565 31839
1568 32058
1569 32133
1570 32206
1571 32279
1573 32426
1574 32500
1577 32723
1579 32872
1580 32946
1582 33092
1583 33167
1584 33242
1586 33389
1587 33464
1589 33613
1592 33835
1593 33908
1595 34057
1596 34131
1597 34206
1598 34281
1600 34429
1602 34580
1605 34801
1608 35026
1611 35249
1612 35324
1614 35475
1615 35549
1617 35699
1619 35849
1620 35923
1622 36072
1624 36222
1625 36296
1627 36447
1630 36670
1632 36822
1635 37046
1638 37270
1641 37495
1642 37572
1644 37722
1645 37796
1646 37872
1649 38097
1651 38246
1653 38398
1654 38473
1656 38621
1658 38773
1660 38923
1661 38998
1662 39072
1665 39299
1668 39523
1671 39750
1674 39976
1676 40127
1679 40350
1681 40503
1684 40728
1686 40877
1687 40953
1689 41103
1692 41328
1694 41478
1696 41630
1697 41703
1700 41931
1703 42156
1705 42304
1708 42529
1709 42606
1712 42831
1714 42981
1715 43055
1716 43129
1719 43356
1720 43429
1723 43655
1725 43803
1726 43880
1729 44103
1731 44252
1734 44477
1735 44552
1736 44628
1738 44777
1741 44999
1743 45148
1744 45224
1746 45373
1747 45447
1749 45595
1750 45672
1751 45746
1752 45819
1755 46043
1757 46190
1758 46264
1760 46414
1761 46488
1762 46561
1765 46784
1768 47007
1770 47154
1773 47377
1775 47524
1777 47673
1778 47747
1780 47893
1781 47968
1782 48042
1785 48262
1788 48481
1791 48702
1794 48921
1797 49142
1800 49360
1802 49508
1804 49654
1805 49728
1806 49800
1809 50017
1811 50165
1812 50237
1813 50308
1814 50382
1815 50454
1818 50671
1819 50743
1821 50890
1824 51107
1826 51249
1828 51393
1831 51610
1832 51682
1833 51754
1834 51825
1837 52041
1839 52185
1840 52257
1843 52471
1845 52614
1848 52828
1850 52971
1853 53184
1855 53326
1858 53536
1861 53748
1864 53962
1866 54101
1869 54312
1870 54383
1872 54522
1875 54733
1876 54804
1878 54942
1881 55152
1884 55359
1885 55430
1886 55500
1888 55637
1889 55707
1892 55914
1893 55983
1896 56189
1899 56394
1900 56464
1902 56602
1903 56669
1905 56804
1907 56943
1910 57145
1912 57282
1913 57349
1915 57484
1917 57621
1920 57823
1922 57957
1923 58025
1926 58225
1929 58425
1932 58625
1935 58824
1937 58958
1940 59156
1941 59222
1944 59418
1946 59551
1949 59747
1950 59811
1951 59876
1953 60007
1955 60137
1956 60204
1958 60333
1960 60462
1963 60656
1965 60783
1966 60847
1967 60912
1969 61040
1971 61167
1972 61233
1973 61294
1976 61485
1979 61675
1982 61864
1984 61990
1985 62055
1988 62241
1989 62305
1990 62366
1993 62553
1996 62740
1999 62923
2002 63109
2005 63291
2008 63475
2010 63598
2013 63780
2015 63900
2018 64081
2020 64201
2023 64380
2026 64559
2029 64735
2031 64853
2032 64913
2034 65029
2037 65206
2038 65262
2041 65439
2042 65495
2043 65553
2044 65611
2047 65784
2048 65842
2051 66013
2052 66071
2054 66185
2057 66355
2059 66467
2062 66637
2065 66803
2066 66859
2069 67026
2072 67192
2074 67303
2077 67468
2079 67577
2081 67684
2082 67739
2084 67848
2087 68008
2089 68116
2090 68169
2092 68275
2093 68330
2094 68381
2095 68435
2096 68489
2098 68593
2100 68697
2102 68802
2105 68958
2107 69062
2109 69165
2110 69217
2113 69370
2116 69524
2118 69625
2120 69724
2122 69825
2124 69927
2125 69975
2128 70123
2129 70174
2130 70223
2131 70273
2132 70320
2135 70468
2138 70615
2140 70709
2141 70758
2143 70854
2144 70903
2146 70996
2147 71045
2149 71140
2152 71279
2154 71375
2157 71514
2159 71607
2160 71651
2161 71699
2162 71745
2164 71835
2167 71970
2169 72061
2170 72105
2173 72239
2175 72329
2178 72461
2180 72548
2183 72680
2184 72724
2186 72808
2188 72894
2190 72980
2193 73106
2196 73233
2197 73274
2200 73400
2202 73483
2204 73564
2206 73647
2209 73768
2212 73888
2215 74007
2217 74086
2220 74204
2222 74281
2223 74319
2224 74359
2226 74435
2228 74510
2231 74626
2233 74700
2235 74774
2236 74812
2239 74923
2241 74995
2244 75104
2246 75175
2249 75284
2252 75387
2253 75422
2254 75457
2256 75527
2259 75632
2260 75665
2261 75700
2262 75732
2263 75765
2266 75868
2268 75934
2271 76032
2273 76097
2275 76162
2278 76257
2281 76351
2283 76414
2285 76475
2286 76507
2289 76599
2290 76629
2293 76719
2295 76779
2298 76867
2300 76925
2301 76952
2304 77039
2307 77124
2310 77207
2311 77234
2314 77315
2317 77397
2319 77450
2320 77475
2322 77528
2323 77554
2325 77607
2328 77682
2329 77708
2332 77783
2335 77855
2338 77929
2341 78000
2342 78024
2344 78069
2346 78114
2348 78161
2351 78226
2352 78248
2355 78315
2357 78357
2360 78420
2362 78464
2364 78505
2366 78543
2369 78605
2372 78663
2373 78681
2376 78737
2379 78795
2382 78847
2384 78883
2387 78936
2389 78970
2392 79021
2393 79038
2396 79087
2398 79118
2400 79147
2403 79195
2405 79224
2406 79238
2409 79282
2410 79297
2412 79325
2414 79350
2417 79390
2420 79430
2421 79441
2423 79467
2426 79502
2429 79538
2430 79550
2432 79570
2434 79592
2437 79624
2440 79656
2441 79664
2443 79684
2445 79703
2446 79710
2448 79729
2449 79737
2450 79746
2453 79770
2454 79780
2456 79794
2458 79810
2460 79824
2463 79844
2466 79863
2469 79882
2470 79887
2473 79905
2474 79908
2477 79924
2478 79927
2479 79932
2482 79945
2484 79953
2486 79961
2488 79966
2489 79968
2492 79979
2494 79983
2495 79984
2498 79989
2499 79992
2501 79995
2503 79997
2506 79999
2508 80000
2511 80000
2512 80001
2515 79998
2517 79998
2518 79997
2520 79993
2522 79989
2525 79984
2527 79979
2528 79978
2531 79970
2534 79960
2537 79949
2540 79938
2542 79927
2543 79924
2544 79919
2545 79915
2547 79903
2550 79887
2551 79882
2554 79863
2557 79845
2560 79824
2563 79802
2566 79780
2569 79755
2571 79737
2572 79729
2575 79703
2576 79694
2577 79685
2578 79675
2579 79664
2582 79634
2583 79625
2586 79594
2587 79582
2589 79561
2590 79548
2591 79537
2592 79525
2595 79491
2596 79479
2598 79456
2600 79430
2601 79417
2603 79391
2606 79352
2608 79325
2609 79309
2610 79296
2612 79269
2613 79254
2616 79210
2618 79179
2621 79133
2624 79086
2627 79038
2628 79022
2630 78987
2632 78954
2634 78918
2636 78884
2638 78847
2640 78812
2641 78793
2642 78775
2644 78739
2646 78702
2648 78661
2649 78644
2652 78585
2654 78545
2656 78505
2657 78482
2660 78422
2663 78357
2666 78294
2669 78228
2671 78184
2673 78139
2674 78114
2675 78093
2677 78046
2680 77976
2681 77952
2684 77879
2686 77832
2687 77807
2690 77732
2692 77683
2694 77632
2696 77581
2697 77556
2700 77476
2701 77451
2703 77398
2704 77371
2706 77316
2707 77288
2710 77208
2712 77153
2713 77123
2715 77068
2717 77012
2718 76981
2720 76923
2721 76894
2722 76865
2724 76809
2727 76718
2729 76658
2731 76599
2733 76539
2734 76506
2737 76413
2739 76352
2742 76256
2744 76192
2746 76128
2747 76097
2750 76000
2751 75966
2754 75868
2756 75801
2757 75766
2760 75666
2763 75561
2766 75457
2768 75389
2769 75352
2771 75282
2773 75211
2775 75139
2776 75104
2779 74994
2781 74923
2783 74849
2784 74811
2787 74699
2788 74662
2791 74548
2793 74473
2794 74434
2795 74396
2796 74358
2799 74241
2801 74165
2804 74045
2805 74008
2806 73966
2807 73927
2809 73849
2810 73807
2813 73687
2816 73564
2818 73483
2821 73359
2823 73275
2824 73232
2826 73149
2829 73023
2832 72896
2835 72765
2836 72722
2839 72591
2841 72504
2842 72460
2844 72374
2846 72284
2847 72240
2849 72151
2851 72062
2852 72017
2854 71925
2857 71790
2858 71745
2860 71652
2862 71561
2863 71514
2866 71373
2869 71235
2871 71139
2873 71046
2874 70997
2876 70902
2877 70855
2880 70711
2882 70614
2885 70467
2888 70322
2891 70175
2892 70123
2895 69975
2898 69825
2899 69775
2901 69676
2903 69574
2905 69473
2906 69422
2907 69370
2910 69216
2911 69166
2913 69061
2916 68906
2919 68751
2921 68646
2922 68594
2924 68487
2926 68381
2927 68329
2929 68223
2930 68168
2932 68062
2935 67901
2937 67794
2938 67740
2939 67684
2941 67576
2944 67412
2947 67249
2948 67193
2951 67028
2952 66970
2953 66915
2955 66803
2957 66692
2958 66636
2959 66580
2960 66524
2961 66467
2962 66412
2963 66356
2965 66242
2968 66071
2969 66015
2971 65900
2974 65728
2975 65670
2978 65495
2980 65379
2982 65263
2984 65148
2986 65030
2987 64970
2988 64912
2989 64852
2991 64734
2992 64677
2994 64559
2995 64498
2996 64440
2997 64379
3000 64199
3002 64081
3003 64021
3005 63898
3006 63839
3008 63717
3010 63596
3011 63537
3012 63476
3014 63352
3017 63170
3019 63048
3022 62863
3025 62677
3028 62492
3031 62303
3032 62242
3035 62053
3036 61991
3039 61802
3040 61738
3042 61614
3043 61549
3045 61423
3046 61358
3049 61169
3052 60976
3054 60847
3055 60785
3056 60719
3059 60527
3060 60461
3063 60269
3064 60203
3067 60009
3070 59811
3072 59680
3074 59551
3075 59486
3077 59354
3078 59286
3081 59089
3083 58957
3086 58757
3087 58692
3089 58559
3091 58424
3092 58360
3094 58225
3096 58090
3097 58023
3100 57822
3102 57688
3103 57621
3106 57416
3108 57283
3109 57215
3111 57079
3112 57009
3114 56874
3117 56668
3118 56602
3121 56396
3123 56259
3125 56121
3127 55983
3129 55844
3130 55774
3133 55568
3134 55498
3135 55430
3136 55360
3137 55289
3139 55151
3140 55082
3141 55012
3144 54802
3145 54732
3147 54593
3149 54453
3151 54312
3153 54173
3156 53961
3157 53891
3158 53821
3160 53680
3163 53466
3164 53397
3165 53325
3166 53254
3169 53041
3170 52970
3172 52828
3174 52684
3177 52471
3178 52399
3180 52257
3183 52042
3184 51971
3185 51897
3186 51825
3188 51682
3190 51539
3191 51466
3194 51249
3197 51034
3200 50816
3201 50743
3204 50528
3206 50383
3209 50163
3211 50017
3213 49873
3215 49728
3218 49507
3220 49362
3223 49142
3226 48922
3229 48702
3231 48556
3232 48481
3235 48262
3237 48114
3239 47966
3241 47818
3243 47671
3246 47451
3249 47228
3250 47154
3251 47081
3253 46932
3254 46859
3257 46635
3260 46414
3263 46190
3266 45967
3269 45744
3271 45596
3272 45523
3275 45297
3276 45223
3279 44999
3281 44851
3283 44700
3285 44553
3287 44403
3288 44329
3290 44177
3291 44104
3292 44029
3295 43805
3297 43656
3298 43580
3300 43429
3301 43356
3304 43131
3305 43055
3306 42980
3309 42756
3311 42605
3313 42456
3315 42305
3316 42229
3317 42156
3318 42081
3321 41854
3322 41780
3323 41703
3325 41555
3326 41480
3329 41253
3331 41103
3333 40954
3335 40803
3337 40652
3338 40577
3339 40501
3341 40352
3343 40201
3345 40051
3348 39824
3351 39600
3352 39524
3355 39299
3357 39149
3358 39072
3359 38998
3362 38773
3364 38622
3365 38548
3367 38398
3370 38172
3372 38020
3374 37870
3375 37795
3377 37645
3379 37497
3381 37346
3384 37121
3387 36897
3390 36671
3391 36597
3393 36446
3395 36297
3398 36072
3401 35847
3403 35699
3404 35624
3407 35400
3408 35326
3410 35176
3412 35025
3413 34950
3416 34727
3419 34503
3422 34282
3423 34206
3426 33984
3428 33835
3431 33611
3434 33389
3435 33316
3437 33168
3438 33093
3441 32872
3444 32648
3447 32428
3448 32353
3450 32207
3451 32131
3452 32060
3454 31911
3455 31839
3458 31617
3461 31398
3464 31176
3467 30957
3468 30884
3469 30810
3471 30665
3473 30518
3476 30299
3478 30152
3481 29934
3483 29789
3484 29716
3486 29572
3489 29353
3490 29281
3491 29209
3493 29064
3496 28848
3498 28702
3499 28631
3500 28560
3501 28487
3503 28343
3506 28128
3508 27984
3511 27769
3514 27553
3516 27411
3518 27270
3519 27196
3521 27056
3522 26984
3524 26841
3527 26629
3529 26487
3531 26347
3533 26205
3536 25992
3538 25851
3541 25641
3543 25501
3544 25432
3545 25361
3546 25291
3549 25081
3550 25011
3552 24872
3554 24735
3555 24664
3558 24455
3559 24386
3560 24317
3563 24111
3565 23973
3567 23834
3569 23696
3571 23559
3573 23422
3575 23288
3578 23083
3581 22879
3582 22811
3583 22742
3585 22605
3588 22405
3590 22268
3593 22068
3596 21864
3598 21731
3600 21599
3602 21465
3604 21332
3607 21133
3608 21065
3610 20934
3613 20737
3614 20669
3617 20474
3620 20276
3622 20145
3625 19949
3626 19886
3629 19691
3630 19624
3633 19432
3634 19366
3637 19174
3638 19110
3641 18918
3642 18854
3643 18792
3646 18600
3648 18473
3649 18409
3650 18346
3652 18219
3655 18032
3658 17842
3660 17718
3662 17592
3665 17406
3667 17284
3670 17096
3672 16973
3674 16850
3676 16730
3678 16606
3681 16425
3683 16303
3685 16183
3686 16122
3689 15942
3691 15821
3693 15701
3696 15522
3697 15462
3699 15346
3701 15227
3703 15108
3705 14990
3706 14932
3709 14756
3710 14698
3713 14525
3716 14351
3718 14236
3720 14121
3723 13950
3726 13778
3727 13723
3729 13610
3731 13495
3733 13384
3734 13326
3735 13271
3736 13215
3739 13049
3741 12938
3744 12771
3747 12607
3749 12499
3751 12390
3753 12280
3756 12118
3759 11955
3761 11849
3763 11744
3765 11636
3766 11584
3767 11530
3768 11479
3770 11372
3771 11320
3773 11217
3774 11164
3777 11007
3778 10955
3781 10802
3782 10751
3785 10596
3786 10547
3788 10445
3790 10344
3793 10193
3796 10041
3798 9942
3801 9793
3804 9646
3805 9597
3807 9501
3810 9356
3812 9260
3815 9115
3816 9067
3819 8925
3822 8784
3825 8643
3826 8596
3828 8502
3831 8364
3832 8320
3835 8182
3837 8090
3838 8044
3839 8000
3842 7866
3844 7775
3846 7688
3849 7555
3851 7466
3853 7379
3856 7249
3857 7205
3860 7077
3862 6994
3865 6865
3866 6824
3868 6740
3871 6615
3873 6534
3874 6492
3876 6410
3877 6369
3878 6328
3881 6206
3884 6086
3885 6047
3887 5968
3890 5850
3893 5733
3896 5618
3898 5539
3900 5464
3901 5427
3904 5314
3907 5203
3910 5090
3911 5056
3913 4983
3914 4946
3917 4836
3920 4731
3923 4623
3926 4520
3927 4484
3930 4381
3931 4349
3932 4315
3934 4246
3937 4145
3940 4046
3942 3981
3945 3882
3946 3850
3947 3818
3949 3755
3952 3660
3954 3598
3956 3534
3957 3503
3958 3474
3959 3442
3961 3383
3964 3293
3965 3262
3966 3232
3968 3175
3969 3144
3972 3058
3973 3030
3974 3000
3976 2942
3978 2888
3980 2831
3982 2777
3984 2720
3986 2667
3989 2587
3992 2506
3995 2428
3997 2378
4000 2303
4003 2226
4005 2178
4008 2106
4009 2080
4010 2056
4013 1986
4015 1940
4017 1893
4020 1827
4023 1760
4025 1715
4027 1672
4029 1630
4032 1567
4035 1504
4036 1484
4037 1464
4040 1405
4043 1344
4045 1308
4046 1289
4047 1268
4048 1249
4051 1196
4054 1141
4056 1104
4058 1072
4060 1036
4061 1018
4063 985
4065 952
4066 937
4069 890
4071 857
4072 842
4073 828
4075 798
4077 768
4079 738
4081 710
4083 681
4084 669
4085 655
4086 642
4087 629
4088 613
4090 589
4092 563
4095 525
4097 503
4100 467
4103 433
4106 400
4107 391
4108 380
4110 361
4112 341
4114 319
4115 310
4118 283
4119 274
4120 266
4121 257
4122 250
4124 233
4125 225
4126 218
4127 208
4128 201
4129 193
4132 173
4134 159
4136 145
4137 139
4140 120
4143 103
4144 98
4146 88
4147 84
4148 78
4151 67
4152 60
4153 58
4155 48
4156 46
4157 41
4158 40
4160 33
4161 29
4163 23
4165 20
4166 17
4168 13
4170 10
4172 7
4173 4
4174 3
4177 2
4178 1
4180 2
4181 1
4182 1
4185 1
4187 4
4188 3
4191 8
4192 8
4194 12
4196 15
4198 21
4200 26
4202 32
4204 36
4207 48
4208 50
4210 60
4213 72
4214 77
4215 81
4216 85
4219 102
4220 106
4222 118
4224 129
4227 147
4230 168
4232 182
4235 204
4238 228
4239 234
4240 242
4243 269
4245 288
4247 305
4250 334
4253 362
4255 383
4258 416
4259 427
4260 437
4262 460
4265 494
4267 518
4268 530
4271 567
4274 606
4277 644
4280 687
4281 700
4282 714
4283 728
4284 743
4285 757
4287 786
4290 833
4291 847
4293 878
4295 910
4296 927
4298 958
4301 1008
4304 1058
4306 1094
4308 1129
4310 1166
4311 1183
4312 1201
4315 1256
4317 1293
4319 1332
4322 1390
4323 1410
4324 1429
4327 1490
4328 1512
4331 1574
4333 1615
4334 1637
4337 1701
4340 1766
4343 1834
4344 1857
4345 1880
4348 1948
4351 2017
4354 2090
4355 2113
4356 2138
4358 2186
4361 2259
4364 2336
4366 2385
4368 2438
4371 2516
4374 2596
4377 2676
4378 2704
4381 2785
4383 2839
4385 2897
4387 2951
4390 3037
4393 3125
4396 3213
4398 3271
4399 3301
4402 3392
4403 3422
4405 3484
4408 3577
4411 3671
4412 3701
4415 3796
4416 3829
4418 3893
4420 3959
4423 4057
4426 4158
4427 4191
4429 4258
4431 4324
4434 4429
4437 4530
4440 4637
4443 4741
4446 4848
4449 4957
4450 4995
4453 5104
4455 5177
4457 5252
4458 5288
4460 5364
4462 5439
4463 5478
4464 5514
4467 5630
4468 5668
4469 5707
4471 5784
4472 5825
4473 5862
4474 5901
4475 5940
4477 6022
4479 6101
4482 6219
4484 6301
4486 6383
4489 6506
4490 6546
4491 6589
4492 6629
4493 6672
4494 6713
4497 6839
4500 6965
4501 7007
4502 7049
4505 7177
4507 7265
4510 7394
4511 7438
4514 7570
4516 7659
4517 7702
4520 7834
4522 7926
4524 8014
4525 8061
4526 8107
4529 8243
4531 8335
4532 8380
4533 8425
4534 8473
4537 8610
4538 8657
4539 8704
4541 8798
4543 8892
4544 8941
4546 9034
4549 9180
4552 9323
4554 9419
4556 9517
4559 9664
4561 9763
4562 9810
4565 9960
4566 10010
4569 10160
4570 10209
4571 10260
4573 10361
4574 10411
4575 10462
4576 10512
4579 10666
4581 10767
4582 10819
4585 10974
4586 11025
4588 11129
4589 11180
4591 11284
4592 11338
4593 11390
4595 11497
4597 11601
4599 11706
4600 11761
4601 11814
4602 11868
4605 12027
4608 12191
4609 12245
4612 12408
4614 12515
4615 12571
4617 12681
4620 12846
4621 12902
4623 13011
4626 13178
4628 13291
4629 13346
4631 13458
4634 13627
4635 13684
4638 13855
4641 14025
4642 14083
4645 14255
4646 14313
4647 14371
4649 14486
4652 14660
4653 14718
4654 14775
4655 14834
4656 14893
4657 14953
4659 15068
4660 15128
4661 15186
4663 15304
4665 15423
4666 15482
4669 15661
4671 15781
4674 15961
4677 16143
4679 16263
4682 16444
4683 16505
4684 16565
4687 16750
4689 16871
4692 17055
4693 17118
4694 17179
4695 17241
4696 17302
4698 17427
4699 17489
4700 17553
4701 17614
4704 17802
4706 17925
4707 17989
4709 18114
4711 18242
4713 18368
4714 18429
4717 18622
4719 18747
4721 18875
4723 19002
4726 19196
4728 19325
4729 19389
4732 19583
4735 19777
4738 19972
4740 20101
4743 20298
4745 20429
4747 20559
4749 20692
4751 20824
4753 20956
4756 21153
4758 21287
4761 21488
4763 21620
4764 21688
4765 21755
4767 21889
4770 22090
4772 22223
4775 22427
4777 22562
4778 22629
4780 22765
4782 22899
4783 22967
4784 23036
4785 23106
4787 23240
4788 23310
4789 23378
4792 23582
4793 23651
4796 23857
4797 23927
4800 24132
4803 24342
4805 24478
4806 24549
4808 24688
4811 24895
4814 25105
4815 25176
4818 25385
4821 25594
4824 25805
4827 26016
4830 26229
4832 26369
4834 26510
4835 26582
4836 26652
4838 26793
4840 26937
4843 27151
4846 27364
4849 27579
4851 27720
4853 27864
4856 28080
4859 28294
4861 28438
4864 28654
4867 28870
4868 28943
4871 29160
4873 29306
4874 29378
4875 29449
4878 29668
4880 29812
4882 29958
4885 30178
4888 30395
4889 30469
4892 30688
4895 30909
4898 31129
4900 31273
4902 31421
4904 31569
4907 31789
4910 32010
4911 32082
4914 32303
4917 32526
4919 32673
4922 32895
4923 32970
4926 33192
4928 33340
4931 33563
4932 33636
4934 33785
4937 34008
4939 34157
4940 34231
4942 34380
4944 34528
4947 34753
4949 34903
4950 34977
4952 35126
4953 35199
4956 35425
4959 35647
4960 35723
4963 35948
4966 36171
4968 36323
4970 36470
4972 36620
4974 36772
4975 36847
4978 37072
4979 37145
4982 37370
4983 37447
4984 37521
4985 37597
4988 37821
4991 38047
4992 38122
4993 38197
4994 38272
4997 38497
4999 38646
5002 38872
5003 38949
5004 39023
5007 39249
5010 39475
5011 39548
5013 39699
5014 39776
5015 39849
5016 39925
5017 40000
