4900
1 72363
18 72314
37 72245
54 72196
72 72129
89 72072
106 72019
124 71955
143 71895
161 71832
180 71773
197 71717
214 71651
233 71586
252 71521
270 71460
287 71410
307 71333
327 71270
347 71200
365 71140
383 71074
400 71017
417 70950
435 70894
453 70827
472 70756
491 70693
508 70629
526 70567
544 70502
563 70435
581 70365
598 70310
618 70235
638 70158
655 70103
675 70030
692 69962
711 69889
728 69826
747 69763
766 69694
783 69622
800 69564
817 69501
836 69423
854 69359
874 69286
892 69218
909 69146
926 69088
945 69010
963 68947
980 68882
1000 68806
1019 68725
1039 68656
1058 68576
1077 68504
1094 68435
1114 68363
1132 68283
1151 68214
1171 68135
1188 68067
1206 67999
1226 67915
1246 67835
1264 67769
1283 67688
1300 67618
1317 67555
1334 67480
1351 67413
1368 67344
1386 67267
1405 67195
1423 67124
1440 67053
1460 66966
1479 66893
1497 66813
1516 66737
1536 66654
1554 66585
1572 66503
1590 66431
1607 66363
1627 66277
1644 66209
1662 66126
1682 66045
1700 65973
1720 65887
1739 65810
1757 65724
1774 65652
1793 65571
1810 65501
1828 65430
1845 65351
1862 65282
1880 65201
1897 65130
1915 65046
1934 64971
1952 64889
1972 64803
1992 64714
2011 64627
2031 64544
2049 64460
2069 64372
2087 64301
2104 64218
2121 64151
2140 64066
2159 63978
2177 63897
2196 63809
2215 63734
2234 63642
2252 63561
2272 63473
2290 63394
2310 63297
2327 63226
2345 63146
2363 63059
2380 62988
2399 62899
2417 62817
2435 62734
2452 62651
2471 62564
2490 62481
2509 62397
2529 62302
2547 62223
2565 62131
2583 62050
2600 61971
2620 61884
2637 61798
2655 61722
2675 61628
2693 61544
2710 61460
2728 61371
2747 61282
2766 61197
2786 61107
2803 61020
2823 60931
2842 60834
2860 60755
2879 60664
2898 60572
2917 60478
2934 60403
2954 60303
2971 60225
2989 60133
3006 60056
3023 59974
3043 59872
3062 59780
3081 59690
3101 59595
3121 59504
3138 59413
3155 59337
3172 59248
3192 59148
3210 59070
3228 58982
3247 58888
3266 58792
3284 58702
3301 58623
3318 58536
3338 58442
3358 58339
3375 58257
3394 58160
3413 58070
3431 57976
3449 57893
3466 57800
3486 57704
3504 57617
3524 57515
3544 57413
3563 57323
3583 57216
3600 57137
3619 57043
3637 56946
3656 56846
3674 56757
3692 56666
3711 56572
3729 56487
3747 56389
3765 56298
3784 56205
3803 56103
3820 56016
3837 55930
3854 55847
3871 55765
3888 55674
3908 55568
3928 55467
3945 55379
3964 55285
3982 55197
4000 55100
4020 54996
4039 54894
4056 54806
4073 54719
4091 54633
4108 54541
4127 54446
4145 54345
4162 54257
4179 54174
4198 54072
4217 53971
4235 53883
4255 53776
4273 53682
4293 53577
4310 53489
4329 53391
4347 53301
4367 53192
4386 53092
4405 52996
4425 52891
4444 52783
4463 52685
4482 52591
4501 52486
4521 52379
4538 52288
4558 52183
4575 52098
4595 51990
4613 51894
4631 51801
4651 51694
4671 51581
4689 51495
4708 51386
4725 51302
4743 51207
4762 51103
4781 50994
4801 50898
4818 50797
4837 50696
4854 50605
4874 50500
4893 50400
4913 50293
4930 50196
4948 50108
4966 50012
4985 49907
5002 49814
5019 49727
5037 49630
5057 49513
5076 49414
5093 49318
5113 49214
5131 49117
5148 49028
5168 48922
5188 48814
5206 48709
5225 48607
5244 48508
5263 48399
5280 48310
5299 48207
5319 48102
5339 47983
5356 47897
5376 47790
5396 47673
5415 47574
5435 47469
5454 47360
5472 47267
5491 47156
5510 47052
5529 46951
5546 46862
5564 46763
5584 46655
5601 46560
5620 46454
5639 46352
5658 46249
5677 46141
5695 46036
5715 45931
5734 45824
5751 45736
5770 45626
5787 45535
5807 45421
5824 45326
5843 45228
5863 45116
5882 45011
5901 44907
5920 44800
5940 44696
5958 44588
5976 44490
5994 44392
6011 44302
6031 44188
6050 44080
6070 43978
6089 43870
6107 43770
6127 43658
6147 43547
6164 43452
6184 43341
6202 43248
6221 43135
6239 43033
6259 42925
6279 42812
6296 42720
6314 42623
6331 42532
6351 42418
6369 42322
6389 42210
6409 42095
6426 41998
6445 41894
6464 41793
6483 41687
6501 41584
6519 41486
6539 41375
6558 41269
6577 41166
6597 41049
6616 40951
6634 40850
6653 40737
6670 40644
6689 40539
6707 40440
6727 40332
6746 40223
6763 40132
6780 40034
6797 39940
6815 39842
6835 39732
6855 39618
6874 39517
6891 39415
6911 39305
6929 39204
6948 39106
6967 38991
6984 38903
7003 38791
7021 38692
7040 38588
7057 38497
7076 38390
7096 38281
7116 38165
7133 38079
7152 37967
7171 37861
7190 37761
7210 37642
7228 37544
7247 37437
7265 37338
7284 37239
7302 37140
7322 37026
7342 36911
7360 36821
7380 36708
7397 36613
7414 36519
7433 36408
7452 36307
7470 36210
7489 36100
7509 35994
7529 35881
7546 35783
7563 35690
7581 35593
7599 35490
7618 35388
7636 35285
7656 35179
7675 35077
7692 34986
7709 34886
7726 34789
7745 34686
7764 34589
7784 34479
7804 34362
7822 34260
7839 34166
7858 34072
7877 33964
7897 33851
7915 33749
7932 33661
7951 33560
7969 33459
7986 33360
8003 33275
8020 33174
8038 33083
8057 32972
8077 32869
8094 32770
8114 32660
8134 32559
8152 32456
8169 32361
8188 32256
8207 32156
8224 32066
8241 31976
8260 31864
8277 31780
8294 31687
8312 31585
8331 31487
8351 31374
8368 31284
8388 31177
8408 31063
8427 30961
8446 30856
8465 30758
8485 30645
8504 30548
8521 30452
8539 30360
8558 30255
8575 30159
8593 30068
8610 29972
8630 29865
8647 29775
8664 29681
8683 29579
8700 29486
8719 29390
8738 29287
8757 29191
8774 29099
8793 28989
8812 28893
8832 28790
8851 28686
8870 28581
8887 28488
8905 28397
8923 28302
8940 28212
8957 28116
8974 28034
8994 27929
9013 27822
9032 27720
9051 27620
9068 27537
9087 27433
9107 27330
9127 27220
9146 27124
9163 27032
9183 26926
9201 26836
9219 26740
9239 26635
9259 26534
9277 26437
9295 26337
9314 26240
9334 26136
9353 26041
9370 25946
9388 25861
9406 25766
9426 25660
9446 25550
9464 25466
9481 25370
9498 25287
9516 25193
9533 25103
9550 25017
9567 24927
9587 24827
9606 24732
9626 24626
9646 24520
9663 24434
9682 24335
9701 24241
9720 24147
9740 24044
9758 23953
9775 23864
9792 23776
9810 23684
9830 23584
9848 23497
9867 23395
9885 23307
9902 23218
9919 23138
9938 23039
9956 22956
9974 22859
9992 22774
10009 22689
10028 22587
10046 22503
10063 22414
10080 22331
10098 22244
10115 22160
10132 22074
10149 21992
10168 21891
10188 21799
10205 21715
10224 21613
10243 21528
10262 21425
10279 21349
10297 21254
10314 21175
10331 21086
10349 21000
10367 20914
10384 20828
10403 20741
10423 20639
10441 20552
10460 20464
10477 20383
10497 20282
10517 20186
10535 20096
10552 20014
10572 19919
10589 19837
10607 19756
10627 19659
10644 19576
10664 19481
10684 19383
10701 19309
10721 19209
10739 19123
10756 19048
10776 18946
10796 18857
10815 18766
10834 18674
10854 18582
10874 18491
10893 18404
10910 18319
10927 18244
10947 18144
10964 18069
10983 17981
11002 17892
11020 17814
11037 17725
11056 17640
11074 17556
11094 17468
11111 17388
11129 17305
11148 17221
11165 17141
11185 17056
11203 16966
11220 16896
11239 16803
11256 16729
11273 16654
11291 16571
11309 16493
11326 16413
11344 16336
11361 16256
11380 16177
11400 16089
11420 15996
11438 15916
11456 15837
11476 15752
11494 15665
11511 15596
11531 15505
11551 15420
11570 15329
11588 15253
11608 15169
11626 15087
11645 15006
11664 14921
11682 14845
11702 14760
11719 14690
11737 14613
11756 14524
11774 14453
11792 14372
11809 14299
11827 14221
11845 14153
11864 14070
11883 13989
11902 13904
11922 13822
11941 13748
11958 13678
11977 13589
11996 13513
12015 13433
12035 13355
12053 13274
12073 13194
12093 13112
12111 13039
12131 12952
12149 12882
12168 12807
12187 12732
12206 12653
12223 12586
12241 12513
12261 12433
12281 12346
12299 12277
12316 12208
12335 12129
12355 12050
12373 11985
12392 11905
12409 11835
12429 11760
12446 11698
12466 11617
12484 11545
12504 11463
12522 11395
12540 11324
12558 11263
12578 11180
12598 11102
12615 11038
12633 10968
12653 10896
12673 10822
12692 10750
12711 10677
12729 10601
12746 10541
12763 10478
12783 10403
12800 10337
12818 10270
12838 10197
12858 10122
12878 10051
12898 9980
12916 9910
12935 9842
12953 9774
12970 9716
12989 9645
13006 9586
13023 9522
13041 9462
13059 9389
13076 9331
13096 9256
13115 9190
13133 9128
13152 9063
13171 8996
13190 8931
13210 8865
13228 8795
13246 8733
13264 8674
13284 8608
13303 8538
13321 8481
13341 8408
13360 8338
13378 8279
13396 8223
13414 8160
13432 8099
13449 8040
13466 7984
13485 7926
13504 7862
13522 7802
13541 7737
13558 7678
13576 7621
13596 7560
13615 7501
13634 7434
13654 7375
13672 7318
13690 7255
13707 7206
13727 7136
13747 7079
13766 7016
13786 6958
13803 6895
13820 6851
13837 6795
13857 6735
13876 6672
13895 6616
13914 6555
13931 6504
13951 6446
13971 6386
13989 6332
14006 6285
14026 6222
14045 6165
14065 6106
14083 6047
14103 5988
14121 5943
14140 5881
14158 5830
14175 5781
14192 5739
14212 5676
14232 5626
14250 5571
14267 5522
14284 5476
14301 5430
14321 5368
14340 5315
14360 5265
14380 5203
14399 5162
14416 5105
14435 5062
14453 5008
14472 4960
14490 4914
14508 4862
14526 4821
14543 4769
14563 4721
14582 4673
14599 4628
14617 4577
14635 4529
14653 4489
14670 4441
14689 4398
14709 4346
14727 4299
14747 4252
14767 4199
14785 4156
14804 4108
14821 4071
14839 4018
14858 3972
14876 3935
14894 3889
14912 3844
14929 3803
14946 3763
14966 3714
14983 3677
15003 3628
15020 3590
15039 3552
15056 3515
15075 3469
15092 3430
15109 3397
15127 3350
15146 3306
15163 3275
15182 3231
15202 3185
15221 3145
15240 3109
15258 3072
15276 3025
15293 2989
15310 2960
15328 2919
15346 2886
15366 2837
15384 2803
15403 2768
15421 2727
15440 2686
15460 2647
15479 2611
15499 2570
15516 2537
15535 2501
15555 2463
15575 2424
15594 2390
15613 2358
15633 2321
15650 2289
15669 2248
15689 2214
15707 2186
15724 2148
15741 2118
15761 2083
15781 2050
15800 2019
15819 1980
15836 1955
15856 1922
15875 1884
15893 1853
15910 1826
15930 1802
15947 1766
15966 1739
15984 1711
16002 1678
16019 1653
16037 1627
16054 1599
16074 1569
16092 1542
16111 1516
16131 1483
16148 1458
16165 1427
16183 1403
16203 1372
16221 1353
16241 1321
16260 1297
16279 1270
16299 1242
16318 1217
16337 1194
16356 1168
16373 1138
16390 1123
16409 1093
16426 1076
16445 1053
16465 1021
16482 1006
16500 982
16520 954
16539 930
16558 907
16576 890
16596 868
16616 848
16634 828
16653 797
16670 781
16690 764
16708 743
16725 730
16745 708
16764 689
16784 660
16801 649
16819 626
16838 615
16858 589
16875 580
16892 562
16910 548
16929 529
16947 514
16965 499
16983 474
17001 465
17021 450
17038 429
17056 418
17073 405
17090 391
17107 380
17126 365
17144 355
17164 332
17183 322
17202 313
17220 302
17239 285
17257 273
17277 259
17297 247
17314 233
17332 223
17351 216
17369 209
17389 191
17406 185
17423 180
17443 171
17461 162
17479 152
17498 141
17517 131
17536 122
17556 114
17576 113
17594 96
17614 92
17631 83
17649 79
17669 75
17686 68
17706 65
17723 55
17743 50
17761 51
17780 45
17798 34
17815 31
17835 35
17852 25
17872 21
17889 26
17907 14
17925 18
17943 15
17960 8
17979 14
17997 4
18014 11
18034 7
18053 6
18072 3
18090 8
18107 9
18125 4
18142 6
18160 9
18177 10
18194 10
18213 5
18230 8
18248 9
18266 18
18283 17
18300 19
18320 22
18340 23
18358 30
18378 35
18397 45
18415 44
18434 51
18453 60
18473 60
18493 63
18513 72
18533 79
18551 80
18568 92
18588 98
18605 105
18624 109
18642 121
18660 126
18679 142
18698 149
18716 157
18736 166
18756 174
18775 181
18793 194
18813 206
18833 213
18853 222
18873 243
18893 252
18912 259
18931 277
18949 289
18967 297
18985 313
19004 319
19024 334
19044 354
19062 364
19081 378
19101 399
19119 412
19136 420
19156 435
19173 458
19190 468
19209 489
19228 499
19247 517
19264 536
19281 552
19301 561
19318 581
19338 600
19356 615
19374 639
19393 659
19410 670
19427 690
19446 709
19463 729
19482 750
19499 762
19517 783
19537 802
19555 829
19575 845
19594 875
19612 887
19630 911
19648 939
19665 957
19684 982
19702 1004
19722 1025
19741 1051
19759 1067
19777 1095
19794 1120
19814 1144
19833 1165
19851 1194
19871 1218
19890 1244
19907 1273
19924 1292
19944 1316
19964 1349
19982 1377
19999 1400
20017 1420
20035 1450
20054 1477
20072 1502
20091 1536
20110 1560
20130 1595
20148 1625
20165 1653
20182 1677
20201 1710
20219 1738
20236 1759
20253 1794
20272 1823
20292 1858
20312 1889
20329 1921
20347 1944
20367 1982
20387 2014
20407 2051
20424 2078
20443 2116
20461 2152
20479 2187
20499 2213
20516 2253
20533 2280
20550 2315
20567 2345
20585 2375
20603 2417
20623 2451
20642 2483
20662 2525
20680 2560
20698 2597
20715 2624
20733 2662
20751 2695
20771 2744
20791 2784
20809 2822
20829 2859
20847 2892
20865 2932
20884 2975
20902 3012
20921 3050
20940 3097
20958 3133
20976 3171
20995 3214
21015 3250
21034 3294
21054 3341
21073 3387
21092 3421
21112 3474
21131 3515
21151 3559
21168 3595
21188 3644
21207 3693
21227 3732
21246 3784
21266 3826
21283 3869
21303 3918
21320 3958
21339 4004
21358 4049
21378 4097
21398 4145
21416 4194
21434 4236
21451 4279
21468 4318
21487 4364
21506 4420
21525 4462
21545 4516
21565 4566
21582 4615
21602 4661
21620 4710
21637 4751
21655 4799
21672 4846
21692 4904
21709 4947
21729 5002
21746 5048
21766 5104
21784 5149
21804 5207
21823 5257
21840 5307
21860 5355
21878 5406
21895 5453
21913 5508
21933 5563
21950 5612
21968 5666
21985 5706
22003 5766
22021 5812
22038 5861
22058 5923
22075 5966
22094 6024
22114 6079
22134 6142
22154 6208
22173 6256
22191 6316
22211 6368
22231 6432
22249 6484
22268 6550
22288 6609
22305 6661
22324 6717
22344 6780
22362 6831
22380 6888
22398 6942
22416 6998
22434 7060
22453 7116
22471 7173
22490 7233
22508 7296
22526 7356
22546 7413
22564 7477
22583 7537
22601 7595
22620 7661
22639 7716
22657 7779
22674 7829
22692 7891
22709 7953
22729 8021
22749 8083
22767 8142
22786 8212
22805 8273
22824 8334
22842 8399
22861 8460
22880 8533
22900 8592
22918 8659
22938 8723
22956 8788
22975 8857
22992 8919
23011 8985
23028 9044
23047 9114
23064 9171
23082 9230
23102 9305
23119 9367
23138 9435
23157 9495
23175 9560
23192 9626
23209 9685
23228 9756
23246 9821
23264 9885
23283 9953
23300 10016
23317 10083
23334 10144
23354 10225
23373 10294
23392 10362
23409 10426
23426 10483
23444 10556
23464 10631
23482 10698
23499 10762
23516 10829
23536 10909
23554 10969
23573 11042
23593 11123
23613 11195
23633 11280
23650 11343
23669 11416
23689 11493
23709 11567
23726 11639
23743 11704
23763 11784
23780 11853
23799 11930
23816 11997
23834 12067
23851 12137
23869 12209
23887 12273
23904 12350
23921 12414
23938 12477
23958 12562
23975 12636
23992 12704
24009 12772
24029 12850
24048 12926
24065 12993
24082 13071
24100 13137
24118 13221
24137 13298
24155 13367
24172 13443
24190 13516
24208 13593
24228 13671
24245 13739
24262 13817
24282 13903
24299 13968
24316 14039
24333 14112
24352 14199
24369 14270
24387 14348
24407 14430
24425 14505
24445 14596
24465 14678
24483 14761
24503 14844
24522 14929
24540 15004
24560 15087
24579 15173
24597 15246
24615 15330
24635 15417
24653 15497
24673 15583
24690 15657
24710 15748
24727 15823
24745 15898
24763 15976
24781 16060
24798 16137
24816 16221
24835 16307
24855 16387
24874 16481
24893 16567
24913 16648
24930 16733
24949 16817
24967 16901
24987 16985
25004 17067
25021 17143
25041 17234
25059 17317
25079 17404
25097 17489
25117 17581
25136 17670
25153 17752
25170 17824
25187 17910
25207 17995
25225 18084
25245 18173
25265 18269
25282 18345
25302 18444
25319 18522
25337 18600
25354 18681
25371 18760
25391 18861
25410 18953
25427 19033
25445 19116
25462 19198
25482 19294
25500 19372
25520 19469
25537 19553
25555 19634
25575 19739
25592 19811
25609 19899
25626 19978
25646 20072
25664 20167
25684 20258
25703 20352
25721 20441
25741 20535
25760 20625
25777 20713
25794 20788
25812 20880
25829 20962
25847 21048
25864 21131
25881 21223
25900 21308
25917 21391
25935 21487
25953 21575
25973 21666
25991 21760
26010 21852
26030 21956
26047 22036
26064 22120
26083 22211
26101 22311
26119 22395
26137 22488
26155 22578
26173 22670
26192 22765
26210 22856
26229 22950
26247 23036
26267 23136
26284 23222
26302 23318
26320 23408
26337 23488
26355 23586
26374 23675
26391 23766
26410 23856
26429 23955
26447 24048
26465 24136
26484 24236
26503 24340
26522 24436
26540 24523
26560 24627
26578 24715
26596 24807
26616 24919
26634 25005
26654 25115
26671 25199
26690 25298
26708 25390
26727 25486
26747 25592
26767 25694
26787 25795
26805 25890
26822 25983
26841 26080
26859 26175
26877 26266
26897 26367
26916 26474
26936 26572
26954 26665
26973 26766
26991 26860
27011 26966
27031 27072
27050 27171
27068 27270
27086 27361
27104 27462
27124 27567
27141 27656
27160 27759
27177 27846
27194 27933
27214 28045
27234 28146
27251 28239
27269 28330
27286 28425
27305 28528
27322 28616
27342 28726
27360 28822
27378 28916
27395 29005
27415 29108
27435 29216
27453 29316
27472 29412
27490 29518
27507 29608
27527 29707
27547 29823
27566 29924
27585 30020
27605 30127
27622 30225
27639 30315
27656 30403
27674 30504
27694 30608
27712 30710
27732 30813
27752 30925
27770 31017
27789 31120
27808 31223
27826 31325
27846 31430
27866 31542
27883 31633
27903 31745
27922 31846
27940 31940
27958 32042
27977 32149
27995 32242
28012 32337
28029 32430
28049 32536
28067 32634
28084 32728
28104 32835
28121 32928
28140 33040
28158 33133
28178 33241
28198 33356
28216 33454
28233 33543
28250 33634
28267 33735
28285 33836
28302 33921
28322 34032
28341 34141
28360 34238
28379 34343
28399 34454
28418 34558
28436 34663
28456 34770
28474 34873
28494 34976
28512 35079
28531 35190
28550 35294
28569 35394
28588 35497
28607 35600
28625 35706
28645 35814
28664 35918
28681 36015
28698 36108
28716 36202
28735 36317
28755 36424
28772 36519
28792 36627
28812 36742
28829 36832
28846 36923
28863 37022
28880 37117
28900 37224
28919 37329
28939 37445
28957 37542
28976 37648
28994 37749
29013 37857
29031 37957
29050 38056
29069 38166
29088 38267
29106 38364
29123 38462
29140 38559
29160 38666
29179 38774
29198 38875
29218 38995
29235 39087
29254 39194
29274 39299
29292 39405
29309 39497
29328 39604
29346 39699
29363 39791
29382 39903
29401 40010
29418 40097
29437 40203
29456 40312
29476 40422
29494 40522
29512 40629
29530 40725
29550 40839
29569 40941
29589 41052
29606 41147
29624 41249
29642 41344
29662 41461
29681 41566
29699 41663
29719 41772
29737 41879
29757 41980
29775 42085
29792 42182
29809 42275
29826 42364
29846 42481
29864 42577
29881 42673
29900 42778
29920 42891
29937 42984
29954 43081
29972 43176
29989 43270
30008 43379
30028 43488
30045 43582
30065 43687
30083 43790
30101 43896
30120 44000
30140 44110
30157 44200
30177 44310
30194 44404
30213 44511
30232 44611
30251 44724
30271 44825
30289 44926
30306 45027
30326 45137
30346 45245
30363 45336
30383 45448
30403 45560
30420 45648
30437 45749
30457 45852
30476 45960
30496 46067
30513 46165
30532 46264
30549 46360
30566 46458
30583 46541
30600 46636
30617 46732
30634 46821
30652 46925
30670 47022
30689 47129
30706 47216
30725 47326
30743 47416
30761 47520
30778 47608
30798 47717
30818 47830
30838 47944
30856 48033
30876 48143
30895 48253
30912 48346
30929 48435
30947 48529
30967 48639
30984 48734
31003 48832
31022 48939
31041 49038
31059 49138
31078 49237
31095 49334
31114 49441
31134 49539
31151 49635
31170 49734
31190 49844
31207 49938
31227 50045
31245 50143
31265 50244
31285 50359
31305 50460
31322 50550
31339 50641
31359 50750
31376 50849
31393 50934
31412 51034
31430 51129
31450 51239
31468 51340
31486 51434
31506 51543
31525 51634
31542 51734
31562 51837
31579 51931
31598 52025
31616 52123
31635 52220
31653 52316
31671 52418
31688 52499
31705 52588
31724 52690
31743 52787
31763 52897
31782 52999
31800 53091
31817 53185
31835 53277
31852 53369
31872 53475
31891 53569
31909 53668
31928 53757
31947 53860
31965 53951
31983 54044
32003 54151
32020 54241
32039 54344
32056 54423
32073 54513
32090 54606
32107 54697
32127 54798
32145 54889
32164 54983
32182 55076
32202 55184
32222 55284
32241 55387
32261 55486
32281 55586
32298 55669
32316 55768
32336 55871
32356 55971
32375 56061
32395 56167
32412 56260
32431 56356
32451 56451
32470 56545
32490 56652
32508 56737
32525 56828
32542 56915
32561 57005
32581 57113
32599 57195
32616 57279
32636 57388
32654 57473
32672 57564
32692 57665
32709 57743
32728 57838
32747 57940
32765 58022
32783 58117
32801 58200
32818 58294
32835 58370
32853 58461
32870 58549
32888 58637
32905 58713
32925 58812
32945 58917
32965 59011
32982 59099
33000 59183
33019 59276
33038 59364
33056 59451
33073 59541
33093 59635
33111 59726
33130 59818
33149 59903
33168 60000
33188 60096
33207 60180
33227 60276
33244 60358
33262 60450
33279 60533
33298 60615
33318 60712
33336 60803
33356 60894
33374 60979
33392 61067
33412 61162
33431 61252
33450 61335
33467 61418
33486 61510
33504 61589
33524 61680
33542 61764
33560 61849
33577 61933
33594 62012
33611 62086
33629 62173
33646 62248
33666 62345
33686 62433
33705 62528
33723 62611
33741 62692
33759 62773
33779 62857
33797 62949
33815 63029
33833 63108
33851 63191
33871 63281
33888 63361
33907 63441
33926 63524
33944 63606
33961 63688
33979 63768
33999 63858
34018 63934
34036 64014
34054 64099
34074 64183
34091 64257
34111 64351
34129 64428
34147 64508
34167 64601
34185 64674
34204 64764
34224 64850
34241 64925
34259 65003
34277 65080
34295 65158
34315 65243
34335 65325
34353 65406
34370 65480
34387 65545
34406 65627
34424 65704
34441 65782
34460 65855
34480 65947
34499 66029
34516 66093
34536 66181
34553 66253
34573 66341
34591 66410
34609 66487
34627 66558
34645 66636
34664 66714
34681 66785
34700 66866
34720 66947
34740 67024
34760 67114
34778 67184
34797 67255
34817 67343
34837 67420
34857 67505
34874 67570
34893 67643
34912 67719
34930 67799
34949 67873
34969 67947
34989 68035
35009 68114
35029 68191
35048 68268
35067 68339
35085 68407
35104 68489
35123 68561
35141 68632
35159 68700
35179 68771
35199 68849
35218 68928
35235 68992
35253 69058
35272 69129
35291 69201
35308 69263
35326 69336
35344 69409
35362 69471
35382 69547
35399 69611
35416 69676
35436 69743
35454 69817
35473 69888
35491 69947
35510 70022
35527 70082
35544 70150
35563 70213
35583 70284
35603 70361
35620 70419
35639 70490
35657 70556
35676 70628
35693 70681
35712 70751
35732 70823
35752 70889
35770 70956
35789 71021
35806 71084
35825 71153
35842 71210
35861 71277
35880 71344
35899 71410
35916 71465
35933 71520
35951 71582
35968 71637
35985 71705
36002 71753
36020 71820
36040 71885
36059 71946
36076 72001
36096 72076
36115 72130
36134 72198
36154 72269
36173 72325
36192 72388
36210 72444
36230 72517
36247 72565
36265 72623
36283 72679
36303 72749
36320 72800
36340 72865
36358 72916
36375 72970
36393 73028
36412 73089
36432 73156
36449 73201
36466 73255
36486 73316
36503 73369
36521 73425
36541 73484
36558 73544
36577 73597
36595 73655
36615 73711
36632 73762
36650 73818
36670 73873
36689 73931
36709 73986
36728 74040
36745 74096
36763 74149
36783 74201
36803 74262
36821 74319
36838 74361
36856 74415
36873 74463
36890 74512
36907 74552
36926 74610
36944 74664
36962 74708
36979 74761
36996 74802
37014 74849
37031 74894
37051 74951
37069 75000
37087 75046
37106 75101
37125 75147
37145 75205
37165 75253
37183 75305
37203 75351
37220 75404
37237 75446
37256 75492
37276 75549
37295 75593
37314 75644
37331 75684
37349 75729
37368 75774
37386 75818
37404 75869
37424 75917
37443 75965
37462 76007
37482 76057
37499 76094
37519 76142
37536 76187
37553 76219
37573 76272
37592 76320
37609 76359
37628 76403
37648 76441
37666 76481
37683 76520
37701 76560
37719 76605
37736 76641
37756 76690
37773 76726
37790 76768
37810 76803
37829 76850
37846 76889
37865 76925
37883 76964
37900 76997
37920 77038
37940 77086
37959 77124
37977 77165
37996 77196
38013 77232
38033 77274
38051 77315
38068 77346
38087 77384
38105 77419
38122 77452
38140 77481
38160 77523
38177 77555
38197 77598
38217 77630
38235 77665
38255 77709
38272 77734
38291 77773
38311 77811
38331 77847
38351 77884
38368 77913
38388 77949
38406 77978
38423 78005
38441 78034
38460 78075
38477 78099
38494 78125
38512 78159
38531 78193
38549 78214
38569 78255
38588 78278
38605 78308
38622 78337
38641 78367
38660 78400
38679 78430
38698 78460
38718 78487
38736 78508
38755 78538
38774 78567
38791 78592
38808 78619
38827 78651
38845 78670
38864 78704
38882 78728
38899 78743
38917 78778
38935 78795
38955 78827
38975 78849
38993 78876
39010 78902
39028 78917
39047 78939
39065 78962
39085 78993
39102 79017
39121 79031
39140 79056
39160 79086
39180 79103
39200 79130
39218 79149
39236 79173
39254 79189
39271 79207
39289 79227
39308 79248
39327 79270
39347 79291
39367 79311
39386 79336
39404 79348
39421 79369
39439 79386
39459 79408
39476 79423
39495 79438
39512 79459
39529 79469
39547 79487
39566 79502
39583 79514
39603 79538
39620 79548
39638 79560
39657 79577
39674 79589
39691 79603
39708 79617
39728 79639
39748 79645
39768 79667
39786 79674
39803 79692
39820 79696
39838 79710
39856 79730
39876 79735
39896 79751
39914 79757
39933 79774
39952 79781
39971 79792
39990 79803
40010 79820
40028 79830
40047 79841
40065 79841
40084 79858
40103 79860
40123 79875
40140 79878
40160 79888
40179 79896
40196 79905
40213 79911
40230 79918
40247 79926
40264 79929
40281 79939
40298 79940
40318 79946
40335 79951
40353 79958
40370 79957
40387 79964
40406 79971
40424 79978
40444 79979
40462 79978
40481 79990
40499 79984
40519 79988
40537 79989
40557 79992
40576 79993
40595 79995
40614 80006
40631 80007
40648 80005
40665 80009
40685 80006
40702 80009
40722 80001
40740 79999
40757 80003
40774 80006
40792 80003
40810 79997
40827 79996
40845 79995
40863 79995
40880 79993
40898 79995
40917 79985
40934 79986
40953 79978
40970 79980
40988 79974
41006 79971
41024 79971
41041 79961
41061 79956
41079 79947
41097 79945
41116 79941
41136 79939
41156 79924
41173 79921
41193 79918
41210 79911
41228 79898
41247 79892
41264 79888
41281 79878
41301 79868
41319 79856
41336 79847
41353 79849
41372 79831
41390 79820
41409 79810
41429 79806
41447 79795
41467 79786
41485 79774
41503 79757
41521 79754
41539 79737
41558 79725
41578 79712
41597 79696
41616 79691
41635 79677
41655 79654
41675 79639
41692 79631
41712 79611
41732 79597
41750 79589
41769 79573
41789 79549
41808 79533
41826 79518
41846 79507
41865 79489
41882 79473
41899 79459
41919 79439
41937 79419
41956 79406
41973 79387
41993 79365
42011 79347
42029 79338
42048 79317
42067 79295
42086 79278
42103 79258
42123 79237
42140 79214
42160 79190
42179 79174
42199 79155
42217 79134
42235 79111
42254 79091
42272 79061
42289 79045
42307 79018
42326 78993
42346 78970
42363 78957
42380 78934
42397 78906
42414 78884
42434 78857
42451 78839
42468 78820
42487 78790
42505 78765
42525 78735
42544 78716
42561 78689
42578 78659
42598 78637
42618 78605
42638 78579
42656 78550
42676 78524
42695 78489
42713 78467
42732 78429
42749 78403
42766 78384
42786 78344
42805 78323
42825 78287
42842 78255
42861 78228
42878 78200
42898 78163
42916 78139
42934 78105
42954 78076
42972 78046
42990 78013
43009 77983
43028 77942
43046 77912
43063 77881
43083 77850
43100 77818
43119 77777
43136 77748
43154 77722
43172 77687
43192 77647
43209 77616
43228 77577
43247 77541
43266 77511
43283 77468
43300 77439
43320 77395
43337 77370
43357 77325
43375 77293
43395 77246
43415 77207
43435 77172
43452 77134
43471 77091
43489 77056
43507 77023
43526 76982
43545 76934
43564 76895
43581 76861
43598 76820
43618 76782
43636 76744
43653 76706
43670 76663
43690 76624
43707 76587
43725 76548
43743 76503
43763 76452
43781 76415
43801 76372
43819 76328
43839 76277
43859 76236
43877 76195
43896 76142
43913 76104
43930 76069
43950 76019
43970 75968
43990 75914
44010 75872
44030 75816
44049 75768
44066 75736
44083 75691
44100 75648
44119 75601
44138 75545
44155 75503
44175 75457
44194 75406
44212 75364
44232 75306
44251 75260
44269 75210
44289 75152
44309 75103
44328 75057
44347 74999
44364 74959
44382 74909
44402 74854
44422 74793
44440 74745
44457 74699
44476 74645
44494 74599
44511 74548
44529 74503
44546 74448
44566 74393
44583 74346
44600 74304
44618 74244
44635 74194
44652 74152
44670 74101
44690 74041
44710 73982
44729 73921
44748 73869
44766 73812
44786 73760
44804 73705
44824 73645
44841 73588
44858 73541
44877 73478
44896 73420
44915 73369
44934 73311
44951 73256
44969 73198
44987 73147
45005 73089
45023 73031
45043 72971
45062 72904
45080 72853
45098 72794
45117 72729
45134 72682
45152 72622
45171 72564
45190 72503
45209 72439
45229 72370
45249 72306
45267 72243
45286 72190
45304 72124
45324 72058
45344 71997
45362 71928
45379 71871
45398 71811
45416 71748
45433 71695
45450 71636
45467 71575
45486 71511
45505 71447
45522 71393
45542 71322
45562 71246
45580 71188
45597 71124
45617 71064
45637 70989
45655 70929
45672 70864
45690 70801
45708 70736
45726 70676
45743 70611
45763 70536
45783 70466
45803 70399
45823 70324
45840 70262
45858 70196
45875 70140
45895 70065
45912 69996
45930 69928
45950 69862
45969 69790
45989 69711
46009 69639
46028 69564
46048 69493
46066 69428
46083 69361
46103 69283
46120 69220
46140 69144
46157 69081
46174 69016
46193 68940
46213 68871
46231 68793
46250 68722
46267 68655
46287 68578
46304 68511
46321 68446
46340 68371
46360 68294
46380 68220
46398 68146
46415 68079
46432 68016
46451 67935
46471 67852
46488 67783
46508 67705
46528 67632
46547 67551
46566 67472
46585 67393
46602 67328
46620 67255
46637 67188
46654 67117
46671 67046
46688 66980
46705 66911
46722 66839
46740 66759
46759 66688
46779 66602
46798 66528
46816 66444
46833 66376
46851 66298
46869 66232
46886 66157
46903 66081
46920 66010
46937 65937
46955 65866
46972 65795
46989 65715
47009 65640
47026 65564
47044 65480
47064 65404
47084 65313
47104 65227
47122 65146
47140 65070
47157 65000
47177 64910
47195 64835
47212 64754
47232 64673
47251 64586
47268 64517
47285 64436
47305 64347
47325 64261
47345 64173
47363 64099
47380 64016
47400 63931
47420 63844
47438 63756
47455 63689
47475 63600
47493 63511
47510 63433
47527 63361
47546 63278
47563 63194
47580 63118
47599 63034
47617 62948
47637 62858
47655 62781
47673 62695
47690 62615
47709 62537
47727 62452
47747 62357
47764 62278
47782 62199
47802 62108
47821 62016
47840 61927
47860 61831
47878 61752
47896 61669
47915 61578
47934 61488
47952 61409
47971 61311
47989 61227
48008 61136
48027 61047
48044 60965
48064 60871
48083 60780
48101 60698
48119 60618
48138 60529
48156 60438
48176 60339
48193 60266
48210 60180
48227 60101
48245 60008
48262 59929
48282 59834
48301 59736
48318 59664
48338 59567
48358 59468
48378 59373
48396 59280
48414 59188
48433 59105
48452 59002
48471 58918
48488 58829
48505 58747
48525 58650
48544 58553
48563 58462
48581 58373
48598 58286
48617 58193
48635 58107
48654 58009
48674 57913
48693 57817
48711 57724
48728 57639
48747 57550
48765 57464
48782 57374
48801 57276
48820 57179
48838 57098
48856 57005
48873 56922
48891 56829
48908 56743
48928 56640
48945 56554
48963 56457
48981 56371
49000 56274
49020 56168
49040 56068
49059 55975
49076 55886
49096 55788
49114 55697
49133 55599
49150 55507
49168 55423
49185 55335
49203 55241
49220 55156
49237 55064
49254 54973
49272 54888
49289 54796
49308 54698
49327 54603
49345 54501
49362 54421
49379 54332
49398 54235
49417 54133
49434 54045
49454 53940
49473 53836
49493 53732
49513 53627
49530 53540
49547 53453
49565 53357
49585 53250
49602 53166
49622 53063
49642 52953
49662 52846
49679 52759
49697 52670
49717 52557
49736 52455
49755 52363
49773 52270
49792 52168
49811 52062
49829 51973
49849 51865
49868 51764
49888 51653
49906 51558
49926 51454
49946 51342
49964 51246
49982 51153
50000 51059
50018 50962
50035 50876
50052 50780
50069 50688
50089 50585
50106 50491
50124 50397
50141 50306
50161 50195
50179 50096
50196 50006
50216 49901
50233 49805
50250 49718
50267 49624
50287 49515
50306 49416
50325 49317
50342 49217
50359 49125
50376 49034
50394 48944
50414 48835
50434 48726
50451 48628
50468 48535
50487 48433
50504 48339
50522 48242
50539 48155
50557 48055
50576 47951
50593 47858
50611 47764
50631 47645
50648 47555
50666 47458
50683 47370
50700 47279
50718 47178
50736 47081
50753 46981
50770 46887
50788 46787
50806 46697
50823 46601
50840 46505
50860 46395
50880 46288
50898 46188
50915 46095
50935 45987
50954 45880
50974 45769
50993 45666
51013 45556
51030 45461
51048 45365
51068 45256
51086 45154
51104 45053
51121 44957
51138 44863
51156 44773
51175 44669
51195 44549
51213 44458
51233 44341
51253 44235
51272 44132
51289 44038
51306 43940
51325 43839
51342 43746
51360 43641
51380 43530
51398 43431
51416 43335
51436 43222
51453 43129
51472 43027
51492 42915
51512 42795
51530 42697
51549 42599
51568 42487
51585 42397
51604 42286
51624 42183
51644 42064
51661 41975
51678 41874
51698 41764
51715 41673
51733 41576
51751 41479
51771 41362
51791 41250
51809 41148
51828 41051
51846 40942
51864 40850
51883 40740
51903 40633
51922 40527
51942 40414
51962 40298
51982 40186
51999 40092
52018 39992
52038 39879
52058 39763
52076 39667
52095 39564
52112 39464
52132 39352
52149 39266
52166 39171
52185 39059
52205 38951
52225 38843
52244 38735
52264 38622
52283 38519
52302 38417
52320 38318
52337 38219
52355 38114
52372 38020
52390 37925
52410 37808
52428 37711
52447 37606
52465 37505
52482 37417
52499 37324
52516 37227
52536 37119
52556 37006
52573 36913
52591 36809
52610 36702
52630 36597
52649 36490
52667 36390
52687 36283
52706 36175
52724 36072
52744 35962
52761 35870
52779 35771
52798 35669
52817 35564
52834 35470
52852 35367
52869 35276
52887 35175
52905 35079
52923 34978
52941 34878
52960 34770
52977 34679
52996 34575
53013 34479
53031 34381
53051 34269
53069 34169
53087 34070
53106 33966
53123 33870
53141 33781
53158 33685
53178 33568
53196 33474
53215 33366
53232 33278
53249 33181
53266 33091
53284 32994
53301 32898
53318 32801
53337 32700
53356 32597
53375 32500
53395 32390
53415 32280
53434 32173
53451 32081
53468 31988
53488 31874
53507 31772
53526 31677
53546 31566
53563 31476
53583 31359
53600 31266
53620 31159
53637 31070
53655 30970
53674 30868
53691 30776
53711 30675
53730 30571
53750 30455
53767 30368
53784 30281
53804 30168
53821 30077
53839 29979
53857 29888
53874 29796
53892 29693
53912 29583
53932 29477
53949 29384
53968 29292
53987 29188
54006 29084
54026 28976
54046 28868
54065 28769
54083 28671
54101 28582
54119 28487
54137 28382
54154 28291
54173 28190
54191 28095
54208 28007
54228 27898
54248 27795
54266 27703
54285 27597
54303 27502
54320 27417
54339 27315
54357 27226
54374 27137
54394 27030
54413 26922
54431 26835
54451 26729
54468 26635
54485 26552
54504 26452
54521 26358
54541 26258
54559 26160
54578 26065
54597 25967
54614 25876
54631 25794
54651 25690
54669 25590
54688 25495
54705 25409
54724 25305
54741 25219
54759 25130
54778 25027
54798 24924
54815 24834
54835 24740
54854 24637
54872 24540
54889 24455
54906 24373
54926 24271
54943 24187
54963 24079
54981 23990
54999 23898
55019 23798
55037 23708
55055 23610
55073 23519
55091 23433
55108 23346
55127 23249
55144 23162
55163 23063
55182 22974
55199 22882
55217 22792
55234 22705
55253 22616
55272 22523
55291 22421
55310 22336
55330 22232
55347 22146
55366 22050
55383 21968
55400 21880
55417 21801
55435 21708
55452 21623
55469 21538
55486 21464
55503 21371
55520 21289
55539 21198
55557 21113
55577 21016
55597 20912
55616 20826
55633 20736
55651 20655
55671 20552
55691 20458
55709 20367
55727 20282
55745 20194
55763 20105
55783 20011
55801 19923
55818 19845
55836 19763
55856 19660
55875 19571
55892 19490
55909 19411
55926 19331
55943 19251
55960 19169
55977 19083
55996 18992
56013 18921
56031 18827
56050 18738
56067 18657
56085 18574
56102 18498
56120 18414
56137 18329
56154 18256
56174 18158
56191 18077
56209 17998
56228 17910
56248 17819
56267 17731
56284 17655
56302 17574
56322 17477
56342 17380
56361 17294
56381 17202
56398 17134
56417 17040
56436 16954
56453 16877
56472 16797
56491 16711
56509 16631
56528 16541
56548 16454
56568 16356
56587 16274
56604 16203
56622 16124
56641 16033
56659 15960
56678 15868
56698 15785
56716 15697
56735 15622
56754 15540
56772 15451
56792 15366
56810 15288
56828 15211
56846 15135
56864 15049
56883 14969
56900 14903
56917 14829
56934 14750
56951 14682
56968 14607
56987 14522
57006 14439
57023 14373
57040 14294
57057 14229
57075 14151
57094 14069
57114 13986
57131 13914
57148 13843
57168 13757
57187 13677
57206 13601
57223 13526
57240 13459
57258 13381
57276 13304
57295 13229
57312 13156
57332 13072
57350 13004
57368 12929
57385 12858
57404 12777
57423 12705
57442 12628
57461 12545
57480 12471
57499 12401
57518 12325
57537 12249
57555 12178
57572 12109
57591 12030
57609 11963
57627 11889
57644 11817
57661 11753
57678 11682
57695 11622
57712 11558
57729 11485
57748 11410
57768 11338
57785 11271
57804 11199
57821 11127
57840 11061
57857 10990
57874 10927
57892 10862
57910 10793
57928 10717
57946 10650
57966 10583
57986 10502
58006 10431
58025 10363
58043 10292
58061 10222
58078 10162
58098 10085
58117 10015
58135 9948
58154 9886
58171 9816
58190 9752
58209 9686
58226 9620
58245 9555
58264 9485
58281 9422
58300 9351
58318 9291
58338 9215
58358 9152
58378 9075
58395 9015
58413 8955
58430 8895
58447 8836
58466 8765
58484 8704
58503 8641
58523 8570
58541 8506
58559 8453
58578 8387
58598 8319
58618 8247
58638 8186
58658 8113
58677 8052
58696 7984
58713 7929
58730 7873
58749 7808
58768 7745
58787 7684
58806 7627
58824 7569
58842 7511
58861 7442
58881 7384
58900 7318
58919 7256
58938 7199
58956 7143
58975 7079
58995 7023
59013 6959
59032 6907
59050 6852
59070 6784
59087 6730
59104 6675
59121 6625
59140 6575
59159 6516
59179 6446
59197 6393
59216 6343
59235 6280
59255 6226
59272 6176
59292 6115
59309 6060
59328 6013
59346 5955
59365 5897
59382 5852
59401 5793
59421 5733
59440 5684
59459 5634
59477 5578
59494 5532
59511 5481
59531 5432
59550 5378
59567 5323
59584 5285
59602 5230
59620 5176
59640 5123
59658 5079
59677 5031
59697 4970
59717 4917
59734 4875
59753 4820
59770 4778
59789 4727
59807 4679
59824 4642
59843 4592
59860 4545
59877 4505
59894 4458
59912 4408
59931 4360
59948 4326
59965 4274
59984 4236
60004 4180
60023 4139
60043 4081
60063 4041
60082 3986
60101 3950
60120 3899
60139 3859
60159 3810
60179 3764
60196 3723
60215 3679
60232 3634
60251 3595
60270 3543
60287 3511
60306 3464
60323 3423
60340 3394
60358 3349
60376 3307
60393 3273
60413 3226
60431 3192
60448 3152
60465 3119
60485 3075
60505 3029
60522 2998
60542 2955
60560 2911
60580 2878
60598 2837
60615 2800
60635 2764
60655 2721
60675 2677
60693 2642
60712 2606
60731 2574
60748 2532
60767 2497
60784 2467
60801 2431
60818 2407
60837 2364
60854 2338
60873 2296
60893 2260
60911 2229
60931 2192
60948 2160
60966 2125
60986 2095
61005 2056
61024 2027
61044 1989
61062 1962
61080 1933
61100 1900
61117 1865
61136 1840
61156 1805
61174 1776
61193 1748
61212 1712
61229 1681
61247 1661
61267 1625
61286 1593
61306 1567
61326 1534
61343 1509
61360 1479
61380 1455
61397 1426
61416 1399
61433 1375
61453 1346
61471 1322
61489 1301
61508 1272
61527 1247
61546 1212
61564 1192
61581 1173
61598 1145
61615 1124
61633 1101
61651 1083
61668 1062
61686 1035
61706 1011
61726 986
61745 959
61764 938
61782 922
61801 891
61821 870
61838 852
61856 832
61876 814
61896 790
61914 763
61934 752
61953 725
61972 703
61990 685
62009 671
62027 651
62047 634
62067 611
62087 591
62105 575
62124 555
62142 542
62160 522
62179 510
62197 497
62216 478
62233 461
62251 450
62271 436
62291 419
62308 397
62326 383
62344 371
62362 364
62382 342
62400 331
62418 315
62435 309
62452 293
62469 288
62488 272
62508 266
62528 253
62545 239
62562 224
62580 218
62598 202
62618 198
62636 182
62653 174
62670 164
62690 156
62708 151
62726 139
62744 135
62764 122
62784 118
62802 112
62819 105
62838 96
62856 88
62874 87
62894 77
62913 70
62932 64
62952 60
62972 54
62989 49
63009 39
63029 42
63046 31
63064 28
63083 30
63103 28
63121 24
63141 21
63159 16
63178 16
63197 9
63216 8
63236 11
63256 4
63274 4
63291 5
63308 6
63327 0
63347 7
63364 10
63381 7
63398 5
63417 8
63435 4
63453 8
63472 17
63492 15
63512 21
63530 20
63550 20
63570 24
63587 31
63606 40
63623 37
63642 47
63660 48
63680 49
63700 59
63717 60
63734 71
63753 73
63772 81
63791 92
63809 91
63827 104
63847 107
63865 116
63884 121
63903 129
63921 146
63940 146
63959 162
63977 165
63994 176
64014 188
64033 195
64052 206
64071 224
64089 233
64109 244
64127 257
64145 268
64162 280
64179 287
64197 303
64216 311
64234 329
64251 340
64269 351
64287 358
64305 374
64325 395
64345 406
64365 418
64382 440
64400 455
64420 463
64439 488
64459 507
64477 512
64497 537
64515 555
64535 570
64552 587
64570 598
64589 623
64608 642
64625 654
64642 674
64662 690
64682 716
64701 730
64718 757
64738 772
64757 796
64775 815
64793 838
64813 857
64832 877
64852 899
64869 922
64889 947
64908 965
64928 996
64947 1016
64967 1044
64984 1065
65002 1087
65020 1110
65040 1134
65059 1159
65076 1190
65093 1211
65111 1232
65128 1253
65147 1285
65167 1307
65186 1332
65205 1368
65222 1388
65240 1419
65258 1438
65277 1470
65296 1502
65314 1525
65331 1555
65351 1577
65370 1616
65390 1640
65408 1669
65426 1694
65446 1731
65463 1760
65480 1791
65499 1823
65519 1854
65539 1884
65559 1916
65576 1953
65593 1979
65612 2009
65632 2041
65649 2074
65669 2106
65686 2140
65703 2173
65721 2205
65738 2234
65757 2269
65777 2306
65794 2343
65814 2376
65831 2409
65850 2442
65868 2474
65886 2508
65905 2547
65923 2582
65940 2622
65958 2652
65977 2691
65995 2732
66012 2766
66032 2807
66050 2843
66069 2882
66088 2919
66105 2959
66123 2994
66142 3032
66159 3067
66176 3109
66194 3143
66211 3183
66231 3229
66250 3270
66267 3300
66284 3341
66303 3381
66322 3428
66342 3474
66361 3509
66380 3562
66400 3601
66417 3640
66437 3684
66455 3729
66474 3773
66491 3812
66509 3854
66529 3906
66549 3952
66568 4002
66588 4044
66607 4090
66624 4133
66642 4182
66659 4224
66676 4271
66696 4313
66715 4369
66733 4405
66753 4456
66770 4501
66788 4553
66807 4603
66826 4653
66845 4702
66864 4745
66881 4787
66898 4837
66916 4880
66935 4931
66954 4985
66971 5029
66990 5079
67009 5133
67027 5185
67044 5228
67063 5282
67082 5334
67102 5394
67120 5441
67138 5496
67157 5546
67177 5602
67195 5658
67215 5706
67235 5762
67253 5822
67272 5873
67291 5933
67310 5988
67328 6035
67347 6098
67364 6142
67384 6199
67401 6258
67420 6307
67438 6362
67455 6420
67474 6475
67493 6527
67512 6592
67530 6647
67550 6704
67567 6762
67587 6815
67604 6875
67621 6920
67639 6979
67659 7039
67679 7108
67699 7173
67716 7229
67734 7279
67753 7341
67771 7405
67788 7451
67807 7513
67826 7578
67846 7642
67863 7702
67881 7756
67898 7816
67917 7880
67935 7936
67952 7995
67971 8057
67991 8125
68009 8188
68028 8248
68046 8304
68063 8371
68080 8421
68099 8495
68119 8556
68136 8612
68154 8683
68174 8743
68191 8812
68211 8872
68230 8947
68250 9014
68269 9083
68288 9150
68305 9210
68322 9272
68342 9337
68359 9404
68378 9472
68397 9538
68417 9605
68436 9678
68456 9752
68473 9813
68490 9870
68507 9932
68524 9994
68543 10069
68563 10142
68581 10212
68598 10267
68615 10336
68633 10403
68650 10462
68670 10539
68687 10606
68704 10674
68721 10738
68738 10797
68755 10866
68775 10944
68794 11008
68814 11085
68832 11160
68850 11230
68870 11306
68889 11377
68906 11439
68923 11508
68940 11573
68959 11652
68979 11729
68999 11810
69017 11876
69037 11962
69057 12040
69075 12105
69095 12192
69114 12264
69131 12335
69149 12405
69168 12479
69186 12549
69205 12635
69225 12708
69242 12777
69262 12862
69282 12940
69299 13009
69319 13098
69336 13169
69353 13232
69371 13315
69391 13399
69409 13470
69428 13549
69448 13632
69468 13720
69488 13799
69508 13888
69525 13949
69543 14025
69562 14108
69582 14197
69602 14275
69621 14365
69640 14442
69657 14512
69675 14593
69692 14666
69710 14745
69729 14820
69749 14914
69768 14994
69786 15074
69805 15158
69824 15238
69841 15315
69859 15393
69878 15473
69898 15561
69916 15639
69935 15723
69952 15797
69970 15876
69987 15958
70007 16047
70024 16120
70044 16210
70063 16288
70083 16381
70103 16474
70123 16558
70141 16642
70160 16725
70179 16812
70199 16911
70217 16985
70237 17075
70255 17161
70273 17247
70290 17322
70310 17411
70327 17490
70346 17573
70363 17661
70382 17740
70399 17821
70416 17905
70433 17984
70452 18071
70472 18159
70490 18241
70508 18324
70525 18408
70544 18493
70562 18585
70582 18672
70601 18765
70618 18841
70636 18926
70654 19017
70671 19098
70688 19171
70708 19274
70727 19362
70747 19462
70766 19551
70786 19646
70805 19729
70825 19827
70843 19915
70862 20009
70882 20105
70900 20192
70917 20272
70937 20370
70954 20454
70971 20538
70988 20613
71005 20700
71024 20792
71044 20890
71062 20977
71082 21074
71102 21177
71119 21255
71136 21345
71155 21438
71174 21532
71192 21611
71212 21719
71229 21797
71247 21889
71264 21974
71284 22067
71304 22166
71324 22272
71342 22363
71362 22461
71380 22551
71398 22644
71415 22730
71435 22831
71452 22908
71470 23002
71490 23100
71510 23205
71528 23289
71548 23399
71568 23498
71586 23586
71604 23674
71624 23776
71644 23885
71662 23973
71681 24072
71701 24177
71719 24263
71737 24355
71755 24449
71774 24542
71791 24627
71809 24729
71829 24831
71846 24917
71863 25004
71883 25110
71903 25206
71922 25305
71941 25402
71958 25494
71978 25593
71997 25692
72017 25797
72037 25901
72057 26008
72076 26105
72095 26208
72113 26298
72131 26390
72150 26491
72169 26595
72189 26693
72207 26789
72225 26886
72242 26976
72262 27084
72279 27169
72297 27267
72314 27351
72333 27458
72350 27538
72368 27636
72388 27746
72408 27853
72426 27949
72443 28034
72462 28135
72480 28236
72499 28334
72516 28425
72534 28516
72552 28615
72571 28718
72589 28812
72606 28904
72625 28999
72645 29115
72664 29212
72684 29319
72702 29420
72719 29508
72737 29601
72754 29700
72772 29795
72792 29900
72809 29992
72827 30089
72847 30199
72865 30288
72883 30392
72901 30488
72919 30580
72938 30689
72956 30780
72974 30884
72991 30972
73009 31069
73029 31184
73047 31273
73067 31389
73084 31476
73103 31579
73120 31669
73139 31780
73159 31887
73176 31980
73193 32072
73213 32179
73232 32278
73252 32396
73269 32480
73289 32593
73307 32688
73324 32780
73341 32874
73358 32970
73375 33062
73393 33165
73413 33267
73431 33371
73451 33478
73469 33579
73489 33688
73507 33791
73526 33893
73543 33980
73561 34080
73581 34197
73601 34307
73620 34405
73639 34514
73659 34620
73677 34721
73696 34828
73715 34936
73732 35020
73751 35129
73770 35235
73790 35343
73807 35437
73826 35543
73846 35653
73866 35767
73886 35874
73906 35985
73923 36083
73943 36192
73963 36303
73981 36399
74000 36509
74018 36600
74035 36702
74055 36808
74072 36905
74091 37010
74109 37114
74126 37202
74146 37316
74163 37411
74183 37516
74202 37629
74221 37726
74241 37839
74261 37950
74278 38050
74296 38141
74316 38253
74335 38359
74355 38475
74375 38585
74395 38693
74413 38801
74432 38904
74451 39011
74468 39098
74487 39212
74506 39315
74526 39428
74544 39526
74561 39613
74580 39723
74599 39831
74616 39925
74634 40025
74653 40125
74672 40230
74692 40344
74711 40450
74730 40559
74750 40673
74769 40772
74786 40866
74805 40970
74823 41073
74843 41184
74862 41295
74881 41395
74900 41503
74918 41606
74936 41706
74954 41805
74971 41891
74991 42008
75008 42101
75027 42211
75047 42320
75066 42421
75084 42523
75104 42634
75124 42750
75142 42843
75160 42947
75179 43048
75197 43154
75216 43252
75233 43346
75250 43446
75268 43543
75288 43652
75307 43757
75325 43859
75343 43959
75362 44065
75382 44175
75401 44283
75419 44382
75437 44475
75454 44568
75474 44681
75493 44782
75511 44890
75529 44980
75548 45084
75565 45183
75583 45284
75601 45385
75618 45472
75638 45588
75657 45686
75677 45799
75696 45904
75716 46014
75733 46104
75750 46204
75767 46291
75786 46398
75804 46501
75821 46586
75838 46688
75855 46774
75874 46878
75892 46978
75910 47081
75927 47165
75944 47268
75964 47375
75982 47465
76000 47564
76020 47682
76038 47774
76055 47865
76072 47965
76091 48064
76110 48163
76128 48264
76148 48379
76168 48487
76186 48581
76205 48686
76223 48776
76240 48878
76257 48971
76274 49057
76291 49145
76309 49250
76327 49347
76346 49446
76365 49551
76383 49649
76402 49747
76421 49853
76438 49948
76458 50052
76478 50158
76495 50253
76515 50355
76534 50456
76553 50563
76571 50655
76589 50758
76609 50865
76627 50955
76645 51056
76663 51146
76683 51254
76702 51352
76719 51452
76739 51549
76759 51659
76778 51760
76795 51855
76815 51955
76834 52056
76852 52152
76872 52254
76892 52370
76911 52470
76930 52563
76948 52661
76968 52764
76985 52854
77005 52957
77025 53063
77042 53159
77061 53255
77078 53348
77098 53454
77115 53538
77134 53637
77151 53722
77169 53819
77187 53911
77205 54004
77225 54107
77244 54208
77262 54302
77280 54392
77299 54493
77316 54582
77334 54673
77351 54766
77368 54849
77385 54937
77404 55032
77422 55128
77439 55214
77458 55318
77478 55423
77497 55513
77517 55614
77537 55717
77556 55818
77576 55915
77595 56014
77614 56110
77632 56203
77651 56296
77670 56394
77689 56496
77706 56581
77725 56671
77745 56772
77763 56870
77780 56951
77799 57044
77819 57143
77837 57242
77854 57329
77872 57412
77890 57509
77908 57590
77926 57687
77944 57778
77962 57861
77979 57949
77999 58044
78017 58134
78036 58229
78055 58321
78075 58423
78093 58510
78111 58598
78130 58688
78147 58775
78164 58861
78181 58941
78200 59037
78219 59131
78238 59220
78255 59302
78275 59398
78293 59489
78313 59585
78330 59670
78348 59757
78367 59845
78384 59932
78403 60020
78422 60107
78440 60202
78460 60290
78480 60386
78500 60487
78517 60561
78534 60644
78554 60739
78574 60833
78593 60927
78611 61011
78630 61099
78648 61190
78667 61279
78687 61371
78707 61468
78727 61562
78747 61656
78764 61726
78782 61814
78801 61902
78820 61989
78838 62077
78856 62159
78876 62253
78893 62334
78911 62418
78928 62489
78947 62573
78965 62663
78984 62747
79001 62820
79021 62917
79039 62997
79059 63086
79078 63170
79097 63260
79114 63335
79132 63416
79150 63501
79169 63585
79188 63669
79208 63763
79228 63847
79245 63920
79265 64009
79285 64108
79305 64194
79324 64280
79344 64368
79361 64434
79378 64510
79396 64588
79414 64671
79432 64749
79450 64828
79469 64909
79489 64997
79507 65077
79524 65148
79541 65227
79558 65300
79576 65373
79596 65458
79614 65534
79631 65608
79649 65684
79669 65770
79686 65842
79705 65922
79723 66005
79742 66084
79759 66153
79776 66223
79795 66307
79813 66379
79833 66461
79851 66537
79868 66604
79887 66684
79904 66755
79922 66825
79941 66906
79959 66979
79978 67060
79995 67132
80014 67207
80031 67278
80051 67362
80068 67421
80086 67504
80106 67583
80123 67650
80142 67720
80162 67809
80180 67880
80199 67950
80216 68016
80234 68089
80254 68173
80274 68248
80293 68318
80311 68393
80331 68468
80350 68547
80370 68621
80387 68690
80406 68758
80423 68832
80441 68899
80458 68960
80475 69023
80494 69102
80513 69173
80532 69240
80549 69315
80568 69386
80585 69446
80603 69514
80621 69582
80638 69643
80657 69715
80675 69779
80692 69841
80709 69907
80726 69966
80745 70043
80764 70111
80781 70171
80801 70249
80819 70308
80839 70384
80857 70452
80877 70519
80897 70594
80917 70661
80936 70732
80956 70799
80974 70861
80994 70934
81011 70997
81029 71057
81049 71126
81068 71190
81085 71255
81103 71312
81123 71390
81142 71449
81161 71518
81178 71574
81195 71636
81214 71701
81233 71764
81251 71816
81271 71892
81290 71948
81308 72008
81326 72073
81343 72130
81361 72186
81378 72244
81397 72310
81415 72360
81433 72421
81451 72480
81468 72540
81485 72592
81505 72661
81525 72725
81544 72782
81563 72847
81580 72894
81600 72962
81619 73013
81638 73077
81658 73136
81678 73198
81696 73256
81715 73317
81733 73376
81751 73431
81770 73481
81787 73537
81807 73597
81827 73653
81847 73716
81865 73772
81882 73819
81899 73877
81918 73925
81936 73982
81953 74027
81970 74084
81989 74136
82007 74186
82025 74236
82044 74290
82062 74347
82079 74397
82098 74451
82118 74499
82138 74563
82157 74610
82177 74672
82195 74721
82212 74766
82231 74820
82248 74867
82267 74919
82284 74957
82303 75012
82323 75066
82342 75114
82361 75162
82381 75223
82399 75266
82417 75313
82434 75357
82452 75407
82470 75449
82489 75499
82509 75547
82527 75596
82546 75642
82564 75691
82583 75740
82603 75785
82620 75832
82640 75875
82657 75916
82676 75967
82696 76013
82716 76067
82733 76105
82752 76154
82769 76189
82786 76226
82803 76273
82820 76308
82839 76358
82857 76399
82876 76442
82895 76479
82915 76532
82932 76568
82950 76612
82968 76644
82986 76693
83004 76733
83023 76771
83042 76816
83059 76844
83077 76889
83097 76929
83116 76969
83136 77008
83154 77054
83173 77089
83193 77132
83211 77173
83230 77207
83248 77248
83265 77273
83283 77310
83301 77350
83320 77392
83338 77423
83356 77456
83375 77494
83393 77530
83410 77568
83430 77605
83447 77637
83466 77664
83486 77708
83503 77737
83523 77779
83540 77807
83559 77837
83576 77871
83595 77901
83612 77930
83629 77967
83646 77996
83663 78022
83683 78063
83703 78093
83721 78127
83739 78151
83758 78180
83777 78221
83797 78249
83817 78284
83836 78314
83853 78338
83870 78361
83887 78393
83905 78422
83923 78447
83943 78481
83962 78502
83980 78530
83999 78563
84018 78592
84038 78615
84056 78640
84076 78679
84095 78704
84113 78728
84131 78747
84151 78777
84168 78805
84186 78821
84206 78857
84223 78875
84241 78897
84260 78927
84280 78943
84300 78971
84320 79003
84338 79026
84356 79037
84375 79064
84392 79088
84409 79109
84428 79132
84445 79149
84462 79164
84482 79187
84500 79204
84520 79236
84539 79247
84559 79278
84578 79291
84595 79313
84614 79326
84634 79347
84654 79372
84672 79390
84690 79409
84707 79422
84724 79441
84742 79456
84761 79473
84781 79492
84799 79510
84819 79526
84838 79537
84855 79556
84874 79573
84892 79580
84910 79597
84927 79615
84944 79625
84962 79633
84979 79649
84998 79661
85016 79678
85033 79690
85052 79702
85071 79714
85088 79724
85105 79736
85123 79747
85142 79760
85159 79767
85176 79779
85194 79793
85211 79803
85229 79816
85248 79821
85265 79827
85283 79841
85303 79854
85322 79860
85339 79865
85356 79876
85375 79880
85394 79892
85411 79896
85428 79902
85445 79913
85463 79919
85480 79920
85497 79926
85516 79939
85533 79941
85552 79944
85572 79950
85590 79963
85607 79962
85626 79968
85644 79966
85661 79979
85681 79984
85701 79983
85719 79989
85739 79986
85756 79988
85774 79991
85791 79991
85811 79997
85829 79998
85847 80003
85866 80000
85883 80008
85902 79999
85922 80007
85941 80002
85958 80004
85978 80009
85997 80002
86014 79998
86032 80002
86052 79997
86069 79994
86089 79993
86109 79996
86129 79986
86149 79986
86166 79984
86186 79982
86204 79982
86222 79974
86239 79967
86256 79970
86273 79956
86291 79960
86308 79957
86326 79941
86345 79936
86362 79940
86379 79928
86399 79921
86418 79917
86437 79909
86457 79897
86474 79894
86492 79884
86510 79875
86527 79876
86545 79860
86562 79855
86580 79851
86599 79838
86619 79830
86637 79820
86655 79810
86674 79795
86691 79781
86708 79773
86728 79769
86745 79754
86763 79737
86780 79729
86797 79722
86816 79710
86834 79691
86852 79683
86871 79671
86890 79651
86910 79640
86929 79626
86948 79610
86967 79599
86984 79578
87001 79574
87020 79557
87037 79537
87056 79518
87076 79511
87094 79486
87114 79468
87134 79452
87153 79431
87171 79423
87190 79397
87210 79386
87229 79363
87247 79345
87264 79330
87284 79308
87301 79287
87318 79268
87335 79253
87352 79235
87369 79220
87388 79192
87406 79178
87424 79152
87441 79137
87461 79114
87478 79093
87498 79064
87516 79052
87535 79020
87555 79005
87574 78978
87591 78957
87608 78930
87625 78912
87642 78888
87660 78863
87680 78839
87700 78814
87720 78781
87737 78760
87756 78737
87775 78713
87794 78684
87814 78659
87833 78627
87851 78597
87871 78576
87890 78544
87909 78513
87929 78482
87948 78453
87965 78429
87983 78404
88003 78368
88021 78337
88038 78312
88058 78284
88075 78260
88094 78220
88113 78194
88133 78163
88150 78134
88169 78097
88189 78069
88206 78032
88225 78003
88242 77970
88262 77940
88281 77899
88301 77865
88321 77836
88338 77801
88357 77772
88375 77733
88395 77693
88412 77665
88432 77627
88451 77588
88471 77558
88489 77522
88507 77483
88525 77444
88543 77409
88562 77372
88580 77339
88599 77308
88619 77259
88636 77231
88655 77193
88673 77150
88692 77112
88711 77073
88729 77041
88747 76998
88765 76955
88783 76916
88803 76883
88822 76833
88839 76800
88857 76764
88875 76719
88895 76675
88913 76634
88933 76589
88950 76554
88967 76511
88984 76477
89004 76434
89023 76384
89043 76340
89060 76299
89077 76262
89094 76220
89113 76175
89132 76131
89150 76088
89167 76045
89185 76007
89204 75956
89224 75914
89243 75866
89260 75822
89278 75773
89298 75729
89316 75677
89335 75631
89352 75592
89370 75548
89387 75500
89404 75453
89423 75408
89442 75362
89462 75305
89479 75262
89497 75218
89514 75175
89531 75126
89549 75075
89569 75023
89589 74973
89606 74925
89623 74880
89643 74819
89661 74777
89680 74717
89698 74672
89717 74616
89736 74562
89756 74505
89773 74462
89791 74406
89809 74364
89827 74303
89846 74251
89864 74205
89883 74152
89901 74094
89919 74039
89939 73986
89957 73936
89976 73873
89995 73823
90015 73759
90033 73708
90052 73647
90070 73589
90088 73539
90107 73485
90126 73422
90144 73374
90162 73313
90182 73255
90200 73198
90217 73143
90234 73091
90254 73030
90273 72963
90292 72911
90310 72855
90328 72790
90348 72726
90368 72661
90387 72609
90404 72545
90422 72488
90442 72426
90461 72370
