300
10 74
13 64
15 89
17 54
20 104
22 87
25 105
26 69
28 80
31 95
34 99
35 99
36 89
37 71
38 111
39 106
41 77
44 72
47 77
48 78
50 94
52 80
55 74
57 114
58 96
60 117
62 92
64 111
65 111
66 127
67 124
69 87
70 91
73 112
75 90
76 91
77 119
78 113
80 129
83 116
86 125
87 118
88 104
91 103
93 103
94 127
96 120
97 116
100 109
102 131
104 128
106 135
109 117
112 106
115 101
116 114
117 99
119 144
122 101
123 135
126 144
127 122
130 118
131 131
134 104
136 102
138 116
139 141
141 134
142 112
143 123
146 148
149 119
151 115
154 113
155 134
158 104
160 118
162 110
165 123
166 133
167 121
169 140
170 131
173 134
174 121
176 100
177 139
180 118
182 129
184 100
185 141
188 102
190 145
192 123
194 132
195 97
198 140
201 123
203 104
206 101
207 119
209 101
211 119
213 135
216 139
217 102
219 112
220 131
223 137
225 134
227 136
230 105
233 95
236 114
239 87
240 89
241 88
242 100
244 107
247 117
250 99
252 121
254 94
255 93
258 94
259 77
261 117
264 110
267 76
270 96
273 87
274 98
277 75
280 86
281 87
283 94
286 67
288 79
290 81
292 61
295 71
296 76
299 78
302 102
303 78
305 53
306 55
309 81
312 67
314 52
316 63
318 58
319 92
320 78
323 46
324 83
326 52
327 61
330 67
333 53
335 84
338 56
341 80
342 39
344 75
345 76
347 68
348 79
351 41
352 62
353 54
356 28
359 27
362 47
365 22
368 22
370 45
373 48
376 50
378 34
380 25
382 15
383 19
386 19
388 21
389 21
392 33
394 30
395 40
398 33
399 44
402 9
404 53
405 13
408 38
409 44
411 6
413 24
415 16
416 17
417 31
419 16
422 43
423 8
425 39
428 43
429 9
431 37
434 46
435 42
438 3
439 4
441 15
444 7
445 34
447 23
448 41
451 5
454 17
457 45
460 30
461 26
463 46
465 25
466 6
469 27
472 38
474 6
476 21
477 23
480 46
482 49
483 36
484 35
486 4
489 22
492 52
493 38
494 32
497 47
498 29
499 35
500 24
502 45
503 17
505 9
508 43
510 34
512 16
515 36
516 29
518 22
521 39
522 26
523 24
524 46
527 29
530 38
533 30
534 52
535 63
538 26
539 52
541 23
542 36
545 31
547 20
550 38
553 69
555 52
558 58
561 72
564 61
565 32
568 64
569 76
572 39
575 80
578 56
579 76
582 85
583 54
586 43
589 67
590 73
591 84
592 53
593 92
594 59
595 71
596 81
598 58
599 57
600 93
601 91
603 77
605 82
607 94
608 70
