4900
7 20000
24 19999
41 19999
58 19999
76 19999
95 19999
112 19999
130 19999
147 19999
167 19999
184 19999
203 19999
222 19998
241 19998
258 19998
276 19998
295 19998
313 19997
331 19997
349 19997
369 19996
387 19996
404 19996
421 19995
439 19995
457 19995
474 19994
491 19994
508 19993
526 19993
546 19993
563 19992
581 19992
598 19991
616 19991
636 19990
655 19989
673 19989
690 19988
709 19988
726 19987
743 19986
760 19986
779 19985
798 19984
815 19984
832 19983
850 19982
868 19982
886 19981
905 19980
922 19979
941 19979
961 19978
978 19977
998 19976
1015 19975
1033 19974
1050 19973
1067 19972
1086 19971
1106 19970
1124 19969
1141 19969
1161 19967
1180 19966
1200 19965
1218 19964
1238 19963
1258 19962
1275 19961
1292 19960
1309 19959
1326 19958
1345 19956
1364 19955
1382 19954
1401 19953
1421 19951
1440 19950
1460 19949
1479 19947
1499 19946
1518 19945
1536 19943
1556 19942
1574 19940
1592 19939
1609 19938
1627 19936
1646 19935
1666 19933
1684 19932
1704 19930
1724 19929
1741 19927
1759 19926
1778 19924
1797 19922
1814 19921
1832 19919
1851 19918
1868 19916
1886 19915
1905 19913
1925 19911
1942 19909
1962 19908
1980 19906
2000 19904
2019 19902
2037 19900
2055 19899
2073 19897
2093 19895
2112 19893
2129 19891
2146 19890
2163 19888
2181 19886
2200 19884
2219 19882
2236 19880
2256 19878
2274 19876
2294 19874
2314 19872
2333 19870
2351 19868
2369 19865
2388 19863
2407 19861
2427 19859
2447 19857
2464 19855
2483 19852
2502 19850
2519 19848
2537 19846
2557 19843
2577 19841
2597 19838
2614 19836
2632 19834
2649 19832
2669 19829
2689 19827
2707 19825
2724 19822
2744 19820
2763 19817
2782 19815
2800 19812
2819 19810
2837 19807
2856 19805
2874 19802
2891 19800
2908 19798
2927 19795
2946 19792
2966 19789
2983 19787
3001 19784
3020 19782
3037 19779
3057 19776
3074 19774
3091 19771
3109 19769
3129 19766
3146 19763
3163 19761
3180 19758
3198 19755
3216 19753
3236 19750
3253 19747
3272 19744
3292 19741
3309 19738
3326 19735
3344 19733
3362 19730
3381 19727
3400 19724
3417 19721
3437 19718
3457 19714
3474 19712
3492 19709
3510 19706
3530 19702
3548 19699
3567 19696
3585 19693
3604 19690
3623 19686
3641 19683
3660 19680
3680 19676
3698 19673
3717 19670
3737 19666
3755 19663
3775 19660
3792 19657
3809 19654
3826 19650
3845 19647
3862 19644
3879 19641
3898 19637
3916 19634
3934 19631
3951 19627
3968 19624
3986 19621
4006 19617
4026 19613
4045 19610
4062 19606
4079 19603
4097 19599
4116 19596
4135 19592
4155 19588
4172 19585
4189 19581
4206 19578
4225 19574
4245 19570
4263 19567
4281 19563
4301 19559
4320 19555
4337 19552
4357 19547
4377 19543
4394 19540
4413 19536
4433 19532
4450 19528
4467 19524
4484 19521
4503 19517
4521 19513
4538 19509
4558 19505
4575 19501
4595 19497
4613 19493
4631 19489
4651 19485
4671 19480
4691 19476
4710 19472
4729 19468
4749 19463
4768 19459
4787 19454
4805 19450
4824 19446
4841 19442
4860 19438
4878 19434
4897 19429
4917 19425
4934 19421
4952 19417
4972 19412
4991 19407
5008 19403
5025 19399
5045 19395
5063 19390
5082 19386
5099 19382
5117 19377
5135 19373
5152 19369
5170 19365
5190 19360
5208 19355
5225 19351
5244 19346
5261 19342
5280 19338
5297 19333
5317 19328
5335 19324
5354 19319
5372 19315
5392 19310
5411 19305
5431 19300
5448 19295
5466 19291
5485 19286
5502 19281
5521 19276
5540 19272
5560 19266
5580 19261
5599 19256
5618 19251
5635 19247
5652 19242
5671 19237
5689 19232
5707 19228
5726 19222
5745 19217
5762 19213
5779 19208
5799 19203
5818 19198
5835 19193
5853 19188
5872 19183
5889 19178
5908 19173
5926 19168
5944 19163
5962 19158
5982 19152
5999 19148
6017 19143
6034 19138
6054 19132
6073 19127
6093 19121
6111 19116
6129 19111
6148 19105
6168 19100
6188 19094
6207 19088
6227 19083
6245 19077
6265 19071
6282 19066
6302 19061
6321 19055
6339 19050
6359 19044
6377 19038
6397 19033
6414 19027
6433 19022
6452 19016
6469 19011
6487 19006
6507 19000
6525 18994
6544 18988
6563 18983
6581 18977
6598 18972
6618 18966
6635 18960
6654 18955
6673 18949
6691 18943
6711 18937
6728 18932
6745 18926
6764 18920
6783 18914
6803 18908
6823 18902
6841 18896
6858 18891
6877 18885
6897 18878
6915 18873
6934 18866
6951 18861
6968 18856
6987 18849
7007 18843
7026 18837
7045 18831
7062 18825
7080 18819
7100 18813
7119 18806
7136 18801
7153 18795
7172 18789
7192 18782
7210 18776
7227 18771
7245 18765
7264 18758
7284 18752
7302 18746
7322 18739
7340 18733
7360 18726
7379 18719
7396 18714
7413 18708
7432 18701
7452 18695
7469 18689
7489 18682
7507 18676
7524 18670
7541 18664
7561 18657
7581 18650
7600 18643
7618 18637
7638 18630
7655 18624
7672 18618
7691 18611
7708 18605
7725 18599
7742 18593
7762 18586
7780 18580
7798 18574
7815 18567
7832 18561
7849 18555
7867 18549
7887 18542
7906 18535
7923 18529
7941 18522
7960 18515
7977 18509
7994 18503
8012 18496
8029 18490
8049 18483
8068 18476
8086 18469
8106 18462
8124 18455
8141 18449
8160 18442
8179 18434
8196 18428
8215 18421
8234 18414
8253 18407
8272 18400
8292 18392
8311 18385
8329 18378
8346 18372
8366 18364
8384 18357
8401 18351
8418 18344
8437 18337
8457 18329
8476 18322
8495 18315
8513 18308
8530 18301
8549 18294
8567 18287
8586 18279
8606 18272
8623 18265
8640 18258
8657 18252
8674 18245
8693 18238
8710 18231
8729 18223
8746 18217
8763 18210
8780 18203
8800 18195
8819 18188
8838 18180
8857 18173
8875 18165
8895 18157
8914 18150
8931 18143
8948 18136
8968 18128
8985 18121
9004 18113
9023 18106
9042 18098
9059 18091
9079 18083
9099 18075
9118 18067
9135 18060
9153 18052
9171 18045
9189 18038
9207 18030
9225 18023
9243 18015
9263 18007
9282 17999
9302 17991
9319 17984
9338 17976
9358 17967
9378 17959
9396 17951
9414 17944
9432 17936
9451 17928
9468 17921
9488 17913
9507 17904
9524 17897
9543 17889
9563 17881
9582 17872
9600 17865
9618 17857
9637 17849
9654 17842
9671 17834
9688 17827
9706 17819
9724 17811
9743 17803
9762 17795
9782 17786
9802 17777
9822 17769
9841 17760
9859 17752
9878 17744
9897 17736
9914 17728
9932 17720
9950 17712
9968 17705
9987 17696
10006 17688
10026 17679
10045 17670
10064 17662
10082 17654
10101 17645
10118 17638
10135 17630
10152 17622
10170 17614
10189 17606
10208 17597
10227 17589
10246 17580
10265 17572
10285 17562
10302 17555
10319 17547
10337 17539
10357 17530
10374 17522
10391 17514
10409 17506
10427 17498
10446 17489
10463 17481
10481 17473
10501 17464
10519 17455
10538 17446
10556 17438
10573 17430
10591 17422
10611 17413
10630 17404
10650 17394
10668 17386
10687 17377
10707 17368
10725 17359
10742 17351
10760 17343
10780 17333
10799 17324
10816 17316
10834 17308
10852 17299
10869 17291
10888 17282
10907 17273
10927 17264
10946 17255
10965 17245
10982 17237
11002 17228
11019 17220
11036 17211
11054 17203
11074 17193
11093 17184
11113 17174
11130 17166
11149 17157
11167 17148
11187 17138
11204 17130
11221 17122
11238 17114
11257 17104
11277 17095
11295 17086
11314 17076
11332 17068
11349 17059
11366 17051
11384 17042
11402 17033
11420 17024
11438 17015
11458 17006
11478 16996
11495 16987
11513 16978
11531 16969
11548 16961
11566 16952
11584 16943
11602 16934
11621 16924
11638 16916
11658 16906
11676 16897
11693 16888
11711 16879
11730 16870
11750 16860
11768 16850
11787 16841
11807 16831
11827 16821
11846 16811
11863 16802
11882 16793
11902 16782
11919 16774
11938 16764
11955 16755
11974 16746
11991 16737
12009 16728
12027 16718
12047 16708
12065 16699
12085 16689
12103 16679
12121 16670
12138 16661
12157 16651
12176 16641
12195 16632
12215 16621
12233 16612
12253 16601
12273 16591
12292 16581
12311 16571
12331 16561
12351 16550
12368 16541
12387 16531
12407 16521
12426 16511
12446 16500
12464 16491
12482 16481
12502 16471
12522 16460
12540 16451
12558 16441
12578 16430
12597 16420
12617 16410
12637 16399
12657 16388
12676 16378
12693 16369
12711 16359
12730 16349
12749 16339
12769 16328
12786 16319
12804 16310
12822 16300
12842 16289
12860 16279
12880 16269
12898 16259
12915 16250
12935 16239
12954 16228
12973 16218
12992 16208
13009 16199
13027 16189
13047 16178
13066 16167
13084 16158
13103 16147
13123 16136
13142 16126
13161 16115
13180 16105
13198 16095
13216 16085
13234 16075
13254 16064
13272 16054
13291 16044
13309 16034
13329 16023
13348 16012
13366 16002
13384 15992
13404 15981
13422 15971
13441 15961
13460 15950
13479 15939
13498 15929
13516 15919
13533 15909
13550 15900
13570 15888
13588 15878
13607 15868
13626 15857
13646 15846
13666 15834
13684 15824
13703 15814
13721 15803
13741 15792
13758 15783
13778 15771
13795 15762
13814 15751
13833 15740
13851 15730
13868 15720
13885 15710
13902 15701
13921 15690
13939 15680
13957 15669
13975 15659
13994 15648
14014 15637
14031 15627
14049 15617
14067 15606
14085 15596
14103 15586
14122 15575
14140 15564
14159 15553
14176 15544
14196 15532
14214 15522
14234 15510
14251 15500
14268 15490
14285 15480
14305 15469
14322 15459
14342 15447
14362 15436
14381 15425
14400 15413
14417 15404
14437 15392
14456 15381
14474 15370
14492 15360
14512 15348
14531 15337
14551 15325
14570 15314
14589 15303
14609 15291
14629 15279
14649 15267
14666 15257
14683 15247
14701 15237
14719 15226
14739 15214
14757 15204
14775 15193
14792 15183
14809 15173
14827 15162
14844 15152
14862 15141
14880 15131
14898 15120
14915 15110
14932 15100
14952 15088
14971 15076
14989 15065
15008 15054
15025 15044
15044 15033
15061 15022
15078 15012
15095 15002
15115 14990
15134 14978
15153 14967
15172 14956
15190 14945
15209 14933
15228 14922
15246 14911
15266 14899
15283 14889
15300 14878
15318 14867
15336 14856
15354 14845
15372 14835
15391 14823
15409 14812
15428 14801
15448 14788
15467 14777
15487 14765
15504 14754
15523 14743
15541 14732
15559 14721
15576 14710
15595 14699
15615 14686
15632 14676
15651 14664
15671 14652
15691 14640
15708 14629
15727 14617
15745 14606
15763 14595
15780 14585
15797 14574
15816 14563
15836 14550
15853 14540
15873 14527
15890 14517
15908 14506
15925 14495
15944 14483
15964 14471
15982 14460
15999 14449
16019 14437
16036 14426
16056 14414
16076 14401
16095 14390
16113 14378
16130 14368
16149 14356
16169 14343
16189 14331
16209 14318
16227 14307
16246 14295
16265 14283
16283 14272
16300 14261
16317 14251
16336 14239
16353 14228
16370 14217
16387 14207
16404 14196
16421 14185
16441 14173
16458 14162
16476 14150
16496 14138
16515 14126
16532 14115
16550 14104
16570 14091
16590 14078
16608 14067
16627 14055
16646 14043
16666 14030
16686 14017
16705 14005
16723 13994
16742 13982
16760 13970
16777 13960
16797 13947
16814 13936
16834 13923
16851 13912
16868 13902
16888 13889
16907 13877
16925 13865
16945 13852
16965 13839
16983 13828
17003 13815
17022 13803
17040 13791
17057 13780
17076 13768
17093 13757
17110 13746
17130 13734
17150 13721
17167 13710
17184 13699
17202 13687
17221 13675
17241 13662
17259 13650
17277 13639
17294 13628
17314 13615
17333 13602
17351 13591
17371 13578
17390 13566
17407 13555
17427 13542
17447 13529
17467 13516
17486 13503
17503 13492
17522 13480
17540 13468
17558 13456
17576 13445
17596 13432
17615 13419
17633 13408
17651 13396
17670 13383
17688 13372
17705 13361
17723 13349
17741 13337
17758 13326
17778 13313
17795 13302
17815 13289
17832 13277
17850 13266
17867 13254
17887 13241
17907 13228
17925 13216
17944 13204
17963 13191
17981 13180
18000 13167
18018 13155
18035 13144
18052 13133
18070 13121
18089 13108
18107 13097
18126 13084
18146 13071
18163 13060
18180 13048
18197 13037
18216 13025
18236 13011
18254 12999
18273 12987
18290 12976
18310 12962
18330 12949
18350 12936
18370 12923
18389 12910
18409 12897
18426 12885
18445 12873
18465 12859
18485 12846
18505 12833
18523 12821
18541 12809
18558 12798
18578 12784
18597 12772
18614 12760
18634 12747
18654 12733
18673 12721
18690 12709
18708 12697
18726 12685
18744 12673
18763 12661
18781 12649
18801 12635
18819 12623
18839 12610
18857 12598
18875 12586
18894 12573
18911 12562
18929 12549
18947 12537
18967 12524
18984 12513
19002 12500
19020 12488
19040 12475
19057 12463
19075 12451
19093 12439
19112 12426
19130 12414
19147 12403
19164 12391
19183 12379
19200 12367
19217 12356
19234 12344
19251 12333
19269 12321
19288 12308
19306 12296
19326 12282
19346 12269
19363 12257
19380 12246
19399 12233
19418 12220
19437 12207
19454 12196
19473 12183
19493 12169
19511 12157
19529 12145
19549 12131
19568 12118
19588 12105
19608 12091
19628 12078
19645 12066
19662 12055
19680 12042
19698 12030
19715 12019
19733 12006
19753 11993
19770 11981
19788 11969
19805 11957
19823 11945
19843 11932
19862 11919
19881 11906
19900 11893
19918 11880
19938 11867
19958 11853
19975 11842
19993 11829
20011 11817
20028 11805
20048 11792
20065 11780
20084 11767
20102 11755
20122 11741
20139 11730
20156 11718
20175 11705
20195 11691
20212 11680
20231 11667
20248 11655
20266 11643
20286 11629
20305 11616
20323 11604
20343 11590
20363 11576
20381 11564
20398 11552
20417 11539
20437 11526
20457 11512
20475 11500
20492 11488
20511 11475
20528 11463
20545 11451
20565 11438
20583 11425
20601 11413
20620 11400
20638 11388
20658 11374
20678 11360
20695 11348
20715 11335
20735 11321
20755 11307
20775 11293
20795 11280
20813 11267
20833 11253
20851 11241
20868 11229
20886 11217
20905 11204
20922 11192
20940 11180
20960 11166
20977 11154
20997 11141
21016 11127
21036 11114
21053 11102
21072 11089
21090 11076
21107 11065
21127 11051
21144 11039
21162 11027
21179 11015
21199 11001
21218 10988
21238 10974
21257 10961
21277 10947
21296 10934
21315 10921
21334 10908
21352 10895
21370 10883
21390 10869
21408 10857
21427 10844
21444 10832
21463 10819
21480 10807
21497 10795
21517 10781
21537 10768
21554 10756
21574 10742
21592 10730
21609 10718
21629 10704
21646 10692
21664 10680
21681 10668
21701 10654
21720 10641
21738 10628
21758 10615
21776 10602
21793 10590
21812 10577
21832 10563
21852 10549
21869 10538
21887 10525
21905 10513
21924 10500
21944 10486
21961 10474
21981 10460
21999 10448
22016 10436
22034 10423
22053 10410
22070 10398
22088 10386
22106 10373
22124 10361
22141 10349
22161 10335
22179 10323
22199 10309
22219 10295
22238 10282
22258 10268
22277 10255
22294 10243
22312 10231
22330 10218
22348 10206
22366 10193
22386 10179
22404 10167
22421 10155
22441 10141
22460 10128
22478 10115
22496 10103
22514 10090
22532 10078
22549 10066
22569 10052
22588 10039
22607 10026
22625 10013
22644 10000
22664 9986
22683 9973
22703 9959
22723 9945
22741 9933
22758 9921
22777 9908
22794 9896
22814 9882
22833 9869
22852 9856
22872 9842
22892 9828
22912 9814
22930 9802
22947 9790
22966 9777
22985 9764
23002 9752
23021 9739
23038 9727
23056 9714
23076 9700
23095 9687
23114 9674
23131 9662
23149 9650
23166 9638
23185 9625
23204 9612
23224 9598
23242 9585
23259 9574
23278 9560
23295 9549
23314 9535
23334 9522
23353 9508
23372 9495
23391 9482
23408 9470
23426 9458
23444 9445
23464 9432
23481 9420
23500 9407
23520 9393
23540 9379
23557 9367
23577 9353
23595 9341
23613 9328
23630 9317
23647 9305
23667 9291
23687 9277
23704 9265
23721 9254
23741 9240
23760 9227
23779 9213
23798 9200
23818 9186
23837 9173
23855 9161
23875 9147
23892 9135
23909 9124
23928 9110
23948 9097
23967 9083
23986 9070
24003 9059
24023 9045
24042 9032
24059 9020
24078 9007
24096 8994
24116 8981
24135 8967
24153 8955
24170 8943
24190 8930
24208 8917
24226 8905
24245 8892
24262 8880
24280 8867
24299 8854
24316 8843
24333 8831
24350 8819
24369 8806
24389 8792
24409 8779
24429 8765
24449 8751
24469 8737
24489 8723
24507 8711
24526 8698
24544 8686
24564 8672
24583 8659
24601 8646
24619 8634
24639 8620
24659 8607
24679 8593
24698 8580
24716 8567
24733 8556
24753 8542
24771 8530
24789 8517
24806 8506
24826 8492
24845 8479
24863 8467
24882 8454
24901 8441
24919 8428
24938 8415
24955 8404
24973 8391
24991 8379
25008 8367
25025 8356
25043 8343
25063 8330
25081 8317
25101 8304
25119 8291
25136 8280
25155 8267
25174 8254
25193 8241
25211 8228
25229 8216
25247 8204
25267 8190
25286 8177
25304 8165
25323 8152
25343 8138
25362 8125
25381 8112
25401 8099
25418 8087
25435 8076
25453 8063
25472 8050
25490 8038
25510 8025
25530 8011
25549 7998
25567 7986
25587 7972
25606 7959
25625 7946
25644 7934
25664 7920
25682 7908
25702 7894
25719 7883
25739 7869
25757 7857
25776 7844
25793 7833
25812 7820
25832 7806
25849 7795
25867 7782
25884 7771
25903 7758
25920 7747
25939 7734
25957 7722
25977 7708
25997 7695
26015 7682
26032 7671
26050 7659
26069 7646
26086 7634
26103 7623
26121 7611
26139 7599
26159 7585
26179 7572
26199 7558
26218 7546
26238 7532
26255 7521
26273 7509
26293 7495
26310 7484
26330 7470
26348 7458
26365 7447
26383 7435
26400 7423
26417 7412
26436 7399
26453 7388
26473 7374
26493 7361
26512 7348
26529 7337
26548 7324
26566 7312
26584 7300
26604 7287
26624 7274
26644 7260
26664 7247
26684 7233
26701 7222
26718 7211
26738 7197
26755 7186
26775 7173
26793 7161
26813 7148
26833 7134
26852 7122
26871 7109
26891 7096
26909 7084
26929 7071
26946 7059
26966 7046
26986 7033
27003 7021
27021 7010
27041 6996
27061 6983
27078 6972
27096 6960
27116 6947
27136 6933
27156 6920
27173 6909
27192 6897
27211 6884
27228 6873
27246 6861
27264 6849
27281 6838
27299 6826
27316 6815
27333 6804
27350 6792
27368 6781
27388 6768
27408 6754
27425 6743
27443 6731
27463 6718
27481 6707
27498 6695
27518 6682
27535 6671
27555 6658
27575 6645
27594 6633
27613 6620
27633 6607
27652 6595
27669 6584
27688 6571
27706 6560
27726 6547
27746 6533
27766 6520
27784 6509
27804 6496
27821 6485
27840 6472
27860 6459
27878 6448
27898 6435
27915 6424
27933 6412
27950 6401
27970 6388
27988 6376
28005 6365
28023 6354
28040 6343
28059 6331
28077 6319
28097 6306
28116 6294
28134 6282
28153 6270
28170 6259
28190 6246
28208 6235
28228 6222
28248 6209
28265 6198
28282 6187
28301 6175
28321 6162
28338 6151
28358 6138
28377 6126
28394 6115
28413 6103
28431 6092
28450 6080
28468 6068
28486 6057
28506 6044
28524 6032
28542 6021
28559 6010
28578 5998
28597 5986
28614 5975
28631 5964
28651 5952
28671 5939
28690 5927
28707 5916
28726 5904
28746 5891
28763 5881
28783 5868
28802 5856
28822 5843
28842 5831
28861 5819
28880 5807
28899 5795
28918 5783
28936 5772
28953 5761
28973 5748
28993 5736
29012 5724
29030 5713
29047 5702
29067 5689
29084 5679
29103 5667
29120 5656
29138 5645
29155 5634
29174 5623
29192 5611
29209 5601
29228 5589
29246 5578
29265 5566
29284 5554
29304 5542
29322 5530
29341 5519
29360 5507
29380 5494
29399 5483
29418 5471
29437 5459
29454 5449
29471 5438
29488 5428
29506 5417
29524 5406
29544 5393
29562 5382
29582 5370
29599 5359
29617 5348
29636 5337
29654 5326
29674 5313
29694 5301
29713 5289
29733 5277
29751 5266
29771 5254
29791 5242
29811 5230
29828 5219
29847 5208
29866 5196
29886 5184
29906 5172
29923 5161
29942 5150
29962 5138
29981 5126
29998 5116
30016 5105
30035 5094
30052 5083
30070 5072
30087 5062
30105 5051
30123 5040
30141 5030
30158 5019
30176 5009
30195 4997
30215 4985
30234 4974
30253 4962
30272 4951
30289 4941
30307 4930
30327 4918
30344 4908
30362 4897
30382 4885
30399 4875
30419 4863
30437 4852
30454 4842
30473 4831
30491 4820
30510 4809
30528 4798
30545 4788
30564 4777
30583 4766
30602 4755
30621 4743
30638 4733
30657 4722
30674 4712
30692 4702
30712 4690
30729 4680
30748 4669
30767 4657
30787 4646
30805 4635
30822 4625
30840 4615
30858 4604
30876 4594
30894 4583
30912 4573
30931 4562
30948 4552
30967 4541
30985 4530
31003 4520
31022 4509
31039 4499
31058 4488
31075 4478
31093 4468
31112 4457
31131 4446
31148 4436
31166 4425
31183 4416
31200 4406
31220 4394
31237 4385
31255 4374
31275 4363
31293 4353
31313 4341
31331 4331
31348 4321
31365 4311
31383 4301
31402 4290
31421 4279
31440 4269
31460 4257
31480 4246
31498 4236
31518 4224
31536 4214
31555 4203
31572 4194
31592 4183
31611 4172
31630 4161
31650 4150
31667 4140
31685 4130
31703 4120
31720 4111
31739 4100
31758 4089
31775 4080
31793 4070
31812 4059
31830 4049
31847 4040
31867 4028
31884 4019
31902 4009
31919 4000
31937 3990
31956 3979
31975 3968
31995 3957
32013 3947
32031 3938
32050 3927
32069 3917
32086 3907
32103 3898
32120 3889
32137 3879
32157 3868
32177 3857
32196 3847
32216 3836
32236 3825
32256 3814
32273 3805
32293 3794
32311 3784
32330 3774
32350 3763
32370 3752
32388 3742
32405 3733
32425 3722
32442 3713
32459 3704
32477 3694
32494 3685
32512 3676
32532 3665
32551 3655
32568 3645
32585 3636
32605 3626
32625 3615
32644 3605
32664 3594
32684 3584
32704 3573
32724 3562
32743 3552
32762 3542
32781 3532
32799 3523
32817 3513
32835 3503
32854 3493
32871 3485
32891 3474
32908 3465
32928 3455
32947 3445
32965 3435
32985 3425
33003 3415
33022 3405
33042 3395
33061 3385
33080 3375
33098 3366
33117 3356
33135 3347
33153 3337
33172 3328
33189 3319
33206 3310
33224 3301
33241 3292
33261 3282
33278 3273
33298 3263
33317 3253
33336 3243
33354 3234
33374 3224
33394 3214
33414 3203
33432 3194
33452 3184
33471 3174
33490 3165
33509 3155
33526 3147
33546 3136
33564 3127
33582 3118
33600 3109
33617 3101
33634 3092
33651 3084
33669 3075
33688 3065
33706 3056
33726 3046
33743 3038
33761 3029
33781 3019
33799 3010
33817 3001
33837 2991
33855 2982
33873 2973
33891 2964
33911 2954
33930 2945
33947 2937
33966 2927
33984 2919
34003 2909
34021 2901
34041 2891
34058 2882
34078 2873
34098 2863
34118 2853
34135 2845
34153 2836
34171 2828
34189 2819
34207 2810
34225 2802
34244 2792
34264 2783
34283 2774
34301 2765
34321 2755
34341 2746
34359 2737
34377 2729
34395 2720
34412 2712
34431 2703
34450 2694
34468 2686
34487 2677
34504 2669
34522 2660
34539 2652
34558 2643
34578 2634
34597 2625
34615 2616
34635 2607
34653 2599
34671 2590
34691 2581
34710 2572
34729 2563
34746 2555
34766 2546
34786 2537
34804 2529
34822 2520
34841 2511
34861 2502
34881 2493
34899 2485
34918 2476
34935 2468
34954 2460
34974 2451
34991 2443
35009 2435
35027 2427
35045 2418
35065 2409
35084 2401
35103 2392
35123 2383
35140 2376
35159 2367
35177 2359
35195 2351
35213 2343
35233 2334
35252 2326
35269 2318
35287 2310
35304 2302
35321 2295
35338 2287
35358 2279
35376 2271
35394 2263
35412 2255
35429 2247
35446 2240
35466 2231
35486 2222
35503 2215
35521 2207
35540 2199
35557 2192
35576 2183
35593 2176
35611 2168
35629 2160
35648 2152
35665 2145
35683 2137
35702 2129
35721 2121
35740 2113
35760 2104
35780 2096
35798 2088
35817 2080
35834 2073
35853 2065
35872 2057
35889 2050
35908 2042
35927 2034
35946 2026
35963 2019
35983 2010
36002 2002
36019 1995
36038 1987
36056 1980
36074 1973
36091 1965
36108 1958
36126 1951
36145 1943
36162 1936
36182 1928
36199 1921
36218 1913
36238 1905
36256 1898
36273 1891
36291 1884
36311 1876
36331 1867
36348 1861
36366 1853
36384 1846
36401 1839
36421 1831
36438 1824
36456 1817
36475 1810
36494 1802
36514 1794
36533 1787
36551 1780
36569 1772
36588 1765
36605 1758
36625 1750
36645 1743
36662 1736
36682 1728
36700 1721
36719 1714
36739 1706
36756 1699
36775 1692
36793 1685
36813 1677
36833 1670
36851 1663
36868 1656
36888 1649
36905 1642
36922 1636
36939 1629
36958 1622
36976 1615
36996 1608
37015 1600
37034 1593
37052 1587
37069 1580
37087 1573
37107 1566
37125 1559
37144 1552
37163 1545
37181 1539
37199 1532
37217 1525
37235 1519
37252 1512
37271 1505
37288 1499
37308 1492
37327 1485
37346 1478
37363 1472
37381 1465
37400 1459
37418 1452
37436 1446
37454 1439
37473 1432
37492 1425
37510 1419
37527 1413
37547 1406
37564 1400
37583 1393
37601 1387
37620 1380
37639 1373
37658 1367
37676 1360
37696 1354
37713 1348
37733 1341
37751 1334
37770 1328
37788 1322
37807 1315
37826 1309
37846 1302
37865 1295
37884 1289
37903 1282
37921 1276
37940 1270
37960 1263
37980 1256
37997 1250
38015 1244
38032 1239
38051 1232
38071 1226
38089 1220
38108 1213
38127 1207
38145 1201
38162 1196
38182 1189
38202 1182
38221 1176
38239 1170
38257 1165
38275 1159
38293 1153
38310 1147
38329 1141
38349 1135
38367 1129
38385 1123
38404 1117
38422 1111
38442 1105
38459 1100
38479 1093
38496 1088
38515 1082
38534 1076
38554 1070
38573 1064
38593 1058
38613 1052
38630 1046
38649 1040
38666 1035
38685 1029
38702 1024
38721 1018
38740 1013
38760 1006
38778 1001
38795 996
38812 991
38831 985
38850 979
38869 974
38889 968
38906 963
38924 957
38941 952
38959 947
38979 941
38997 936
39015 930
39035 925
39052 920
39070 914
39089 909
39109 903
39127 898
39144 893
39163 888
39180 883
39198 878
39216 873
39234 867
39254 862
39272 857
39292 851
39311 846
39329 841
39346 836
39365 831
39383 826
39403 820
39420 816
39440 810
39459 805
39477 800
39495 795
39514 790
39533 785
39550 780
39567 776
39587 770
39604 766
39621 761
39639 757
39658 752
39678 746
39697 741
39716 736
39735 731
39754 726
39774 721
39794 716
39814 711
39834 706
39851 701
39870 697
39888 692
39906 687
39926 682
39946 677
39966 672
39985 668
40002 663
40021 659
40038 654
40056 650
40076 645
40095 640
40115 636
40132 631
40151 627
40171 622
40188 618
40208 613
40225 609
40244 605
40263 600
40282 596
40299 592
40316 588
40333 584
40350 580
40370 575
40387 571
40407 566
40424 563
40443 558
40460 554
40478 550
40496 546
40516 542
40533 538
40553 533
40573 529
40593 524
40613 520
40630 516
40649 512
40668 508
40685 504
40704 500
40721 496
40741 492
40760 488
40780 484
40800 479
40817 476
40836 472
40854 468
40872 464
40891 460
40909 457
40927 453
40946 449
40964 445
40981 442
41000 438
41017 434
41034 431
41054 427
41072 423
41092 419
41109 416
41127 412
41147 408
41167 405
41184 401
41204 397
41222 394
41241 390
41261 386
41278 383
41298 379
41317 376
41336 372
41355 369
41373 365
41393 362
41410 358
41429 355
41446 352
41466 348
41483 345
41501 342
41519 339
41537 335
41555 332
41575 329
41593 325
41611 322
41630 319
41650 316
41667 313
41686 309
41703 306
41723 303
41741 300
41758 297
41778 294
41798 290
41818 287
41837 284
41857 281
41876 278
41894 275
41912 272
41929 269
41948 266
41965 263
41983 261
42001 258
42018 255
42035 252
42053 250
42071 247
42089 244
42108 241
42127 238
42144 236
42161 233
42181 230
42200 227
42220 225
42237 222
42255 219
42275 217
42295 214
42314 211
42334 208
42353 205
42371 203
42390 200
42408 198
42425 195
42442 193
42461 191
42480 188
42498 186
42515 183
42534 181
42553 178
42571 176
42591 173
42610 171
42629 169
42646 166
42666 164
42684 162
42704 159
42724 157
42742 155
42761 152
42779 150
42796 148
42815 146
42834 144
42854 141
42873 139
42891 137
42910 135
42927 133
42946 131
42964 129
42982 127
43002 124
43020 123
43040 120
43058 118
43077 116
43094 115
43114 113
43131 111
43149 109
43168 107
43187 105
43204 103
43224 101
43242 100
43260 98
43279 96
43296 94
43315 93
43332 91
43351 89
43370 87
43390 86
43407 84
43425 82
43443 81
43461 79
43481 78
43499 76
43516 75
43533 73
43553 71
43573 70
43592 68
43611 67
43628 65
43645 64
43664 63
43684 61
43702 60
43719 58
43738 57
43758 55
43775 54
43793 53
43811 52
43829 50
43849 49
43867 48
43887 46
43907 45
43927 44
43945 43
43964 41
43981 40
44000 39
44020 38
44038 37
44056 36
44074 35
44092 34
44111 33
44128 32
44145 31
44162 30
44181 29
44198 28
44215 27
44233 26
44250 25
44268 24
44286 23
44305 23
44323 22
44341 21
44361 20
44380 19
44399 18
44418 18
44438 17
44456 16
44474 15
44494 14
44513 14
44530 13
44550 12
44567 12
44587 11
44604 11
44622 10
44639 9
44658 9
44678 8
44695 8
44714 7
44734 7
44754 6
44774 6
44791 5
44808 5
44828 4
44846 4
44864 4
44882 3
44901 3
44920 3
44937 2
44954 2
44971 2
44990 2
45007 1
45025 1
45045 1
45065 1
45085 0
45105 0
45124 0
45144 0
45164 0
45183 0
45200 0
45220 0
45237 0
45254 0
45271 0
45291 0
45311 0
45331 0
45350 0
45370 0
45390 0
45408 0
45426 0
45443 0
45462 0
45482 0
45501 1
45520 1
45537 1
45556 1
45573 2
45590 2
45610 2
45630 2
45650 3
45669 3
45689 3
45707 4
45725 4
45744 5
45764 5
45782 5
45800 6
45817 6
45835 7
45853 7
45873 8
45891 8
45908 9
45926 9
45943 10
45963 11
45982 11
46000 12
46020 13
46037 13
46055 14
46073 15
46092 15
46110 16
46130 17
46149 18
46167 18
46186 19
46204 20
46221 21
46238 21
46255 22
46273 23
46291 24
46310 25
46327 26
46347 27
46364 28
46381 29
46398 29
46416 30
46436 31
46454 32
46473 34
46490 35
46509 36
46527 37
46546 38
46566 39
46584 40
46603 41
46620 43
46639 44
46656 45
46674 46
46693 47
46712 49
46731 50
46748 51
46765 52
46784 54
46802 55
46819 56
46839 58
46858 59
46878 61
46895 62
46913 63
46933 65
46950 66
46969 68
46986 69
47003 71
47023 72
47042 74
47059 75
47077 77
47094 78
47114 80
47132 82
47150 83
47168 85
47186 87
47206 88
47225 90
47245 92
47263 94
47280 95
47298 97
47317 99
47334 101
47351 102
47371 104
47389 106
47409 108
47427 110
47444 112
47464 114
47484 116
47504 118
47521 120
47539 122
47559 124
47576 126
47593 128
47612 130
47629 132
47648 134
47667 136
47687 138
47707 141
47727 143
47745 145
47762 147
47781 149
47801 152
47821 154
47838 156
47858 159
47876 161
47895 163
47912 165
47930 168
47948 170
47966 172
47983 174
48002 177
48020 179
48037 182
48055 184
48072 186
48089 188
48108 191
48128 194
48145 196
48165 199
48183 201
48200 204
48218 206
48238 209
48255 211
48272 214
48291 217
48309 219
48326 222
48344 224
48361 227
48378 229
48396 232
48416 235
48434 238
48454 241
48474 244
48493 247
48510 249
48527 252
48546 255
48565 258
48583 261
48602 264
48619 266
48637 269
48656 272
48675 275
48693 278
48712 281
48730 284
48749 287
48769 291
48788 294
48807 297
48827 300
48846 304
48863 306
48880 309
48900 313
48918 316
48935 319
48955 322
48974 326
48994 329
49011 332
49029 335
49049 339
49068 342
49086 346
49106 349
49123 352
49140 355
49158 359
49178 362
49195 366
49214 369
49232 373
49251 376
49271 380
49288 383
49305 386
49324 390
49344 394
49363 398
49380 401
49399 405
49417 408
49434 411
49453 415
49470 419
49489 422
49508 426
49528 430
49545 434
49563 437
49583 441
49602 445
49619 449
49637 452
49657 457
49674 460
49692 464
49712 468
49730 472
49747 475
49767 480
49787 484
49806 488
49825 492
49845 496
49864 500
49883 505
49901 509
49919 512
49936 516
49954 520
49974 525
49992 529
50010 533
50028 537
50046 541
50066 545
50086 550
50103 554
50120 557
50137 561
50157 566
50176 570
50194 574
50211 578
50229 583
50247 587
50266 591
50284 596
50303 600
50322 605
50339 609
50357 613
50374 617
50393 622
50410 626
50429 630
50446 634
50464 639
50484 644
50502 648
50521 653
50540 657
50559 662
50576 666
50596 671
50613 676
50633 681
50652 685
50669 690
50689 695
50709 700
50726 704
50744 709
50761 713
50778 718
50798 723
50816 727
50835 732
50852 737
50872 742
50890 747
50907 751
50924 756
50942 761
50962 766
50980 771
50997 775
51017 781
51036 786
51056 791
51073 796
51091 801
51110 806
51130 811
51148 816
51166 821
51186 827
51203 831
51220 836
51240 842
51257 846
51277 852
51297 858
51315 863
51335 868
51352 873
51369 878
51386 883
51405 888
51422 893
51442 899
51462 905
51480 910
51500 916
51518 921
51535 926
51552 931
51570 936
51590 942
51610 948
51627 953
51644 958
51661 963
51680 969
51700 975
51718 980
51735 985
51754 991
51772 996
51789 1001
51807 1007
51825 1012
51845 1018
51863 1024
51883 1030
51902 1036
51920 1041
51940 1047
51959 1053
51979 1060
51996 1065
52014 1070
52034 1077
52052 1082
52069 1088
52086 1093
52104 1099
52122 1104
52140 1110
52157 1116
52174 1121
52192 1127
52209 1132
52226 1138
52243 1143
52263 1150
52281 1155
52298 1161
52316 1167
52335 1173
52352 1179
52372 1185
52389 1191
52409 1197
52426 1203
52446 1209
52464 1215
52482 1221
52501 1228
52521 1234
52538 1240
52557 1246
52574 1252
52594 1259
52614 1266
52631 1271
52651 1278
52668 1284
52686 1290
52703 1296
52721 1302
52739 1308
52758 1315
52776 1321
52794 1327
52813 1334
52831 1340
52850 1347
52869 1353
52888 1360
52906 1366
52925 1373
52943 1379
52961 1385
52979 1392
52997 1398
53014 1404
53033 1411
53052 1418
53071 1424
53089 1431
53109 1438
53127 1444
53145 1451
53164 1458
53181 1464
53199 1470
53218 1477
53236 1484
53256 1491
53275 1498
53294 1505
53311 1511
53328 1518
53348 1525
53367 1532
53386 1539
53403 1545
53420 1552
53437 1558
53457 1565
53475 1572
53494 1579
53511 1585
53530 1593
53550 1600
53569 1607
53588 1614
53606 1621
53623 1628
53641 1635
53660 1642
53680 1649
53699 1657
53719 1664
53738 1672
53757 1679
53775 1686
53792 1692
53812 1700
53829 1707
53848 1714
53866 1721
53883 1728
53903 1736
53921 1743
53940 1750
53958 1757
53976 1764
53996 1772
54015 1780
54032 1786
54049 1793
54066 1800
54084 1807
54104 1815
54121 1822
54141 1830
54159 1837
54177 1844
54197 1852
54216 1860
54233 1867
54253 1875
54270 1882
54290 1890
54308 1897
54328 1905
54345 1912
54363 1919
54382 1927
54399 1934
54419 1942
54436 1949
54454 1957
54473 1965
54491 1972
54511 1980
54528 1987
54547 1995
54566 2003
54585 2011
54605 2020
54625 2028
54644 2036
54661 2043
54680 2051
54699 2059
54719 2067
54739 2076
54756 2083
54775 2091
54794 2099
54811 2106
54829 2114
54848 2122
54868 2131
54887 2139
54905 2147
54922 2154
54942 2163
54959 2170
54976 2177
54996 2186
55013 2193
55031 2201
55049 2209
55067 2217
55085 2225
55103 2232
55123 2241
55143 2250
55163 2259
55182 2267
55201 2276
55220 2284
55239 2292
55256 2300
55273 2307
55291 2315
55308 2323
55325 2330
55342 2338
55361 2346
55378 2354
55396 2362
55413 2370
55430 2377
55447 2385
55466 2394
55483 2401
55503 2410
55522 2419
55539 2427
55558 2435
55577 2444
55596 2452
55613 2460
55633 2469
55653 2478
55671 2487
55690 2495
55709 2504
55727 2512
55745 2521
55763 2529
55783 2538
55803 2547
55821 2556
55841 2565
55859 2573
55877 2582
55894 2590
55912 2598
55932 2607
55949 2615
55968 2624
55985 2632
56002 2640
56021 2649
56040 2658
56057 2666
56076 2675
56093 2683
56111 2692
56128 2700
56147 2709
56167 2718
56184 2726
56202 2735
56221 2744
56240 2753
56260 2763
56277 2771
56297 2780
56314 2789
56332 2797
56351 2806
56368 2815
56388 2824
56406 2833
56424 2842
56441 2850
56459 2859
56478 2868
56495 2876
56514 2885
56531 2894
56548 2902
56567 2911
56587 2921
56606 2930
56626 2940
56644 2949
56663 2958
56680 2967
56698 2976
56715 2984
56735 2994
56754 3003
56772 3012
56790 3021
56807 3030
56824 3038
56842 3047
56862 3057
56880 3066
56900 3076
56918 3085
56936 3094
56955 3104
56974 3113
56993 3123
57012 3132
57029 3141
57046 3150
57065 3159
57084 3169
57101 3177
57120 3187
57137 3196
57157 3206
57174 3215
57194 3225
57211 3233
57230 3243
57250 3253
57269 3263
57288 3273
57307 3283
57324 3291
57344 3302
57364 3312
57381 3321
57398 3330
57416 3339
57436 3349
57454 3359
57471 3367
57488 3376
57507 3386
57526 3396
57545 3406
57562 3415
57579 3424
57598 3434
57615 3443
57635 3453
57652 3462
57669 3471
57687 3480
57705 3490
57722 3499
57741 3509
57758 3518
57775 3527
57792 3536
57809 3545
57828 3555
57848 3565
57867 3576
57886 3586
57905 3596
57924 3606
57943 3616
57962 3626
57982 3637
58000 3647
58020 3657
58040 3668
58058 3678
58076 3687
58094 3697
58111 3706
58129 3716
58147 3726
58166 3736
58184 3746
58201 3755
58221 3766
58240 3776
58259 3786
58276 3796
58295 3806
58312 3815
58329 3824
58348 3835
58365 3844
58382 3853
58400 3863
58420 3874
58440 3885
58460 3896
58479 3907
58497 3917
58516 3927
58533 3936
58550 3946
58570 3957
58587 3966
58607 3977
58625 3987
58643 3997
58660 4007
58678 4017
58698 4028
58716 4038
58736 4049
58753 4059
58772 4069
58791 4080
58810 4090
58827 4100
58846 4111
58863 4120
58880 4130
58900 4141
58920 4152
58937 4162
58957 4173
58974 4183
58991 4192
59010 4203
59030 4214
59049 4225
59069 4236
59087 4247
59106 4257
59126 4269
59144 4279
59163 4290
59182 4301
59201 4311
59218 4321
59237 4332
59257 4343
59277 4355
59294 4365
59313 4375
59333 4387
59352 4398
59370 4408
59389 4419
59408 4430
59428 4442
59447 4453
59466 4464
59485 4475
59503 4485
59522 4496
59541 4507
59559 4517
59578 4528
59595 4538
59613 4549
59630 4559
59647 4569
59666 4580
59686 4591
59706 4603
59726 4615
59744 4625
59763 4636
59781 4647
59799 4657
59816 4667
59833 4677
59850 4687
59867 4697
59887 4709
59904 4719
59923 4730
59940 4740
59959 4752
59976 4762
59996 4774
60013 4784
60032 4795
60051 4806
60070 4817
60088 4828
60105 4838
60125 4850
60145 4862
60162 4872
60179 4882
60196 4892
60213 4902
60233 4914
60253 4926
60270 4937
60289 4948
60306 4958
60325 4969
60342 4980
60361 4991
60380 5003
60397 5013
60416 5024
60436 5036
60456 5048
60475 5060
60493 5071
60513 5083
60530 5093
60549 5104
60569 5117
60587 5127
60604 5138
60622 5149
60642 5161
60660 5172
60678 5183
60697 5194
60715 5205
60733 5216
60753 5228
60771 5239
60790 5251
60809 5263
60826 5273
60845 5285
60862 5295
60879 5305
60896 5316
60913 5326
60932 5338
60951 5350
60969 5361
60987 5372
61005 5383
61022 5393
61042 5406
61062 5418
61079 5428
61096 5439
61114 5450
61134 5462
61152 5473
61170 5485
61187 5495
61204 5506
61224 5518
61242 5529
61261 5541
61278 5552
61297 5563
61315 5575
61333 5586
61350 5596
61370 5609
61388 5620
61407 5632
61424 5643
61442 5654
61461 5666
61478 5676
61495 5687
61513 5698
61531 5709
61549 5721
61568 5733
61587 5745
61604 5755
61622 5767
61641 5779
61658 5789
61677 5801
61695 5813
61713 5824
61730 5835
61748 5846
61766 5857
61786 5870
61805 5882
61822 5893
61842 5905
61859 5916
61877 5928
61894 5938
61912 5950
61930 5961
61948 5973
61968 5985
61986 5997
62005 6009
62024 6021
62042 6032
62061 6045
62081 6057
62101 6070
62121 6083
62139 6094
62157 6106
62174 6117
62194 6129
62214 6142
62231 6153
62249 6165
62266 6176
62285 6188
62303 6199
62321 6211
62341 6224
62358 6235
62378 6247
62398 6260
62418 6273
62438 6286
62456 6298
62476 6311
62493 6322
62512 6334
62529 6345
62546 6356
62566 6369
62586 6382
62605 6394
62622 6405
62640 6417
62658 6428
62678 6441
62696 6453
62715 6465
62732 6476
62750 6488
62768 6500
62788 6513
62806 6524
62826 6537
62846 6550
62866 6563
62883 6575
62900 6586
62920 6599
62938 6610
62958 6623
62977 6636
62994 6647
63014 6660
63034 6673
63051 6684
63071 6697
63089 6709
63106 6720
63126 6733
63143 6745
63163 6758
63181 6770
63199 6781
63217 6793
63236 6806
63253 6817
63272 6829
63290 6841
63308 6853
63328 6866
63347 6879
63364 6890
63381 6901
63399 6913
63416 6924
63433 6935
63452 6948
63469 6959
63489 6972
63509 6986
63526 6997
63544 7009
63564 7022
63584 7035
63602 7047
63622 7061
63641 7073
63660 7086
63677 7097
63696 7110
63716 7123
63736 7136
63756 7150
63773 7161
63790 7172
63809 7185
63826 7196
63845 7209
63865 7222
63883 7234
63901 7246
63919 7258
63938 7271
63957 7284
63977 7297
63996 7310
64015 7322
64033 7334
64052 7347
64070 7359
64087 7370
64106 7383
64125 7396
64145 7409
64163 7421
64183 7435
64203 7448
64220 7460
64239 7472
64259 7486
64278 7499
64296 7511
64315 7523
64333 7536
64351 7548
64371 7561
64391 7575
64409 7587
64427 7599
64446 7612
64466 7625
64486 7639
64503 7650
64521 7662
64539 7674
64559 7688
64579 7701
64599 7715
64616 7726
64634 7738
64651 7750
64668 7761
64685 7773
64704 7786
64724 7799
64742 7812
64761 7824
64780 7837
64798 7849
64815 7861
64833 7873
64853 7887
64871 7899
64888 7910
64906 7923
64925 7936
64945 7949
64962 7961
64982 7974
64999 7986
65019 7999
65038 8012
65058 8026
65078 8040
65098 8053
65115 8065
65134 8078
65153 8091
65173 8104
65192 8117
65209 8129
65229 8142
65248 8155
65265 8167
65284 8180
65302 8192
65320 8205
65337 8216
65354 8228
65374 8241
65391 8253
65409 8265
65428 8278
65446 8291
65464 8303
65484 8317
65504 8330
65521 8342
65538 8354
65557 8367
65575 8379
65595 8393
65613 8405
65630 8417
65649 8430
65666 8441
65684 8454
65701 8465
65721 8479
65738 8491
65757 8504
65777 8517
65794 8529
65811 8541
65831 8554
65850 8567
65868 8580
65885 8591
65904 8605
65922 8617
65942 8631
65961 8644
65981 8657
66000 8671
66020 8684
66037 8696
66055 8708
66074 8721
66092 8734
66110 8746
66127 8758
66146 8771
66163 8783
66181 8795
66200 8808
66219 8821
66238 8834
66258 8848
66277 8861
66295 8874
66312 8885
66329 8897
66346 8909
66363 8921
66380 8932
66400 8946
66419 8959
66438 8972
66458 8986
66475 8998
66495 9012
66515 9025
66534 9039
66553 9052
66571 9064
66589 9077
66609 9090
66628 9104
66648 9117
66665 9129
66682 9141
66702 9155
66721 9168
66738 9180
66756 9192
66773 9204
66793 9218
66813 9231
66830 9243
66848 9256
66865 9267
66882 9279
66901 9292
66918 9304
66935 9316
66954 9329
66974 9343
66993 9356
67010 9368
67029 9381
67048 9394
67065 9406
67083 9418
67100 9430
67119 9443
67138 9456
67156 9469
67174 9481
67192 9494
67209 9506
67227 9518
67245 9531
67265 9544
67285 9558
67303 9571
67320 9583
67337 9594
67354 9606
67374 9620
67391 9632
67410 9645
67430 9659
67447 9671
67464 9682
67484 9696
67501 9708
67520 9721
67539 9734
67558 9748
67578 9762
67596 9774
67613 9786
67633 9800
67652 9813
67669 9825
67687 9837
67705 9850
67723 9862
67743 9876
67762 9889
67780 9902
67797 9913
67817 9927
67834 9939
67851 9951
67868 9963
67886 9975
67903 9987
67921 9999
67938 10011
67955 10023
67975 10037
67992 10049
68009 10061
68029 10074
68049 10088
68066 10100
68084 10113
68103 10126
68122 10139
68139 10151
68159 10165
68178 10178
68198 10192
68216 10204
68235 10217
68253 10230
68272 10243
68292 10257
68309 10269
68326 10280
68343 10292
68360 10304
68380 10318
68397 10330
68414 10342
68431 10353
68449 10366
68466 10378
68484 10390
68503 10403
68520 10415
68537 10427
68556 10440
68573 10452
68593 10466
68611 10478
68628 10490
68645 10502
68665 10516
68684 10529
68702 10541
68721 10554
68738 10566
68755 10578
68772 10590
68791 10603
68809 10615
68828 10628
68846 10641
68864 10653
68884 10667
68902 10680
68921 10693
68940 10706
68959 10719
68978 10732
68997 10745
69017 10759
69037 10773
69057 10787
69075 10799
69095 10813
69115 10827
69135 10841
69152 10853
69171 10866
69189 10878
69206 10890
69226 10904
69243 10916
69263 10929
69280 10941
69300 10955
69320 10969
69337 10980
69357 10994
69376 11007
69395 11020
69413 11033
69433 11047
69453 11061
69470 11072
69488 11085
69506 11097
69526 11111
69546 11125
69563 11136
69581 11149
69600 11162
69620 11176
69638 11188
69655 11200
69674 11213
69691 11225
69711 11238
69730 11251
69750 11265
69767 11277
69787 11291
69806 11304
69824 11316
69843 11329
69862 11342
69879 11354
69897 11366
69916 11379
69936 11393
69956 11407
69973 11419
69990 11430
70010 11444
70027 11456
70045 11468
70062 11480
70080 11492
70097 11504
70117 11517
70135 11530
70153 11542
70171 11554
70188 11566
70207 11579
70225 11591
70245 11605
70265 11619
70283 11631
70301 11643
70320 11656
70338 11669
70355 11680
70372 11692
70391 11705
70410 11718
70429 11731
70448 11744
70465 11756
70482 11767
70500 11779
70520 11793
70538 11805
70557 11818
70576 11831
70594 11844
70614 11857
70633 11870
70652 11883
70672 11897
70690 11909
70707 11921
70724 11932
70744 11946
70761 11957
70781 11971
70798 11983
70818 11996
70837 12009
70855 12021
70873 12034
70890 12045
70910 12059
70928 12071
70945 12082
70963 12095
70980 12106
70999 12119
71016 12131
71033 12142
71052 12155
71070 12167
71090 12181
71110 12194
71130 12208
71149 12221
71166 12232
71185 12245
71202 12256
71222 12270
71240 12282
71259 12295
71279 12309
71298 12321
71316 12333
71336 12347
71354 12359
71372 12371
71392 12385
71412 12398
71432 12412
71449 12423
71469 12437
71488 12449
71506 12461
71526 12475
71546 12488
71564 12500
71582 12513
71602 12526
71620 12538
71640 12551
71658 12564
71676 12576
71696 12589
71713 12600
71733 12614
71753 12627
71773 12641
71793 12654
71812 12667
71829 12678
71847 12690
71865 12702
71884 12715
71903 12727
71921 12740
71941 12753
71958 12764
71975 12776
71994 12788
72014 12802
72031 12813
72049 12825
72067 12837
72085 12849
72102 12860
72119 12871
72139 12885
72157 12897
72174 12908
72191 12919
72209 12931
72227 12943
72245 12955
72262 12966
72280 12978
72297 12989
72317 13003
72334 13014
72351 13025
72370 13038
72388 13050
72406 13062
72426 13075
72446 13088
72463 13099
72480 13110
72500 13124
72517 13135
72534 13146
72552 13158
72572 13171
72589 13182
72609 13195
72626 13207
72645 13219
72665 13232
72682 13243
72700 13255
72718 13267
72735 13278
72753 13290
72772 13302
72790 13314
72810 13327
72829 13340
72849 13353
72869 13366
72887 13378
72907 13391
72927 13404
72947 13417
72964 13428
72982 13439
73002 13452
73019 13464
73037 13475
73057 13488
73077 13501
73095 13513
73112 13524
73129 13535
73146 13546
73163 13557
73183 13570
73200 13581
73219 13593
73239 13606
73256 13617
73276 13630
73293 13641
73311 13653
73329 13665
73348 13677
73367 13689
73384 13700
73401 13711
73419 13723
73439 13735
73457 13747
73475 13759
73495 13771
73513 13783
73531 13795
73548 13805
73565 13816
73583 13828
73601 13839
73621 13852
73638 13863
73657 13875
73677 13888
73695 13900
73714 13912
73731 13923
73748 13933
73767 13946
73786 13958
73806 13970
73825 13983
73844 13995
73864 14007
73884 14020
73904 14033
73922 14044
73941 14056
73961 14069
73979 14080
73999 14093
74018 14105
74038 14118
74055 14128
74073 14140
74090 14150
74109 14162
74127 14174
74144 14185
74164 14197
74183 14209
74203 14222
74220 14232
74237 14243
74257 14256
74275 14267
74294 14279
74314 14291
74332 14303
74349 14313
74367 14325
74385 14336
74405 14348
74425 14361
74442 14371
74461 14383
74480 14395
74499 14407
74516 14418
74534 14429
74554 14441
74571 14452
74588 14462
74607 14474
74624 14485
74642 14496
74661 14508
74680 14519
74700 14532
74719 14543
74738 14555
74756 14566
74775 14578
74794 14590
74813 14601
74831 14613
74851 14625
74868 14635
74885 14646
74902 14656
74920 14667
74938 14678
74956 14689
74973 14700
74991 14711
75010 14722
75029 14734
75049 14746
75066 14757
75086 14769
75104 14780
75124 14792
75144 14804
75162 14815
75181 14827
75201 14839
75220 14850
75237 14861
75256 14872
75274 14883
75294 14895
75311 14905
75331 14918
75349 14928
75368 14940
75386 14951
75405 14962
75423 14973
75441 14984
75460 14995
75478 15006
75497 15018
75517 15030
75537 15042
75556 15053
75573 15063
75591 15074
75609 15085
75626 15095
75644 15105
75661 15116
75679 15126
75696 15136
75716 15148
75735 15160
75754 15171
75773 15182
75790 15192
75810 15204
75827 15214
75846 15225
75865 15237
75882 15247
75900 15257
75920 15269
75939 15280
75958 15292
75976 15302
75996 15314
76016 15326
76036 15337
76054 15348
76073 15359
76092 15370
76109 15380
76126 15390
76146 15402
76164 15412
76182 15423
76202 15434
76221 15446
76239 15456
76256 15466
76275 15477
76292 15487
76311 15498
76329 15508
76349 15520
76368 15531
76385 15541
76405 15552
76422 15562
76441 15573
76458 15583
76476 15593
76494 15603
76513 15614
76533 15626
76552 15637
76571 15648
76591 15659
76609 15669
76629 15681
76647 15691
76667 15702
76687 15714
76705 15724
76724 15735
76741 15745
76761 15756
76779 15766
76798 15777
76815 15786
76833 15797
76850 15806
76868 15816
76888 15828
76906 15838
76923 15847
76942 15858
76960 15868
76980 15879
76999 15890
77019 15901
77039 15913
77056 15922
77073 15932
77092 15942
77112 15953
77131 15964
77148 15973
77167 15984
77187 15995
77207 16006
77227 16017
77247 16028
77266 16039
77284 16049
77302 16059
77321 16069
77338 16079
77358 16090
77375 16099
77392 16108
77409 16118
77426 16127
77444 16137
77461 16146
77480 16157
77498 16166
77517 16177
77537 16188
77555 16197
77572 16207
77592 16218
77609 16227
77626 16236
77646 16247
77665 16257
77682 16266
77701 16277
77720 16287
77739 16297
77757 16307
77775 16317
77794 16327
77811 16336
77831 16347
77851 16357
77870 16367
77888 16377
77908 16388
77926 16397
77944 16407
77964 16418
77982 16427
78001 16437
78019 16447
78037 16456
78054 16465
78073 16475
78093 16486
78113 16497
78133 16507
78150 16516
78169 16526
78186 16535
78203 16544
78222 16554
78241 16564
78258 16573
78275 16582
78293 16591
78313 16601
78331 16611
78350 16621
78368 16630
78387 16640
78406 16650
78423 16659
78440 16667
78460 16678
78480 16688
78498 16697
78516 16707
78535 16716
78554 16726
78574 16736
78594 16747
78611 16755
78631 16766
78650 16775
78670 16785
78689 16795
78707 16804
78727 16814
78745 16824
78763 16833
78780 16841
78800 16851
78817 16860
78834 16869
78854 16879
78872 16888
78892 16898
78909 16906
78929 16916
78946 16925
78965 16934
78983 16943
79000 16952
79019 16961
79037 16970
79057 16980
79077 16990
79096 17000
79115 17009
79134 17018
79152 17027
79170 17036
79189 17046
79206 17054
79226 17064
79244 17073
79263 17082
79281 17091
79299 17099
79319 17109
79338 17118
79356 17127
79375 17136
79394 17146
79412 17154
79430 17163
79450 17173
79468 17182
79487 17191
79507 17200
79525 17209
79542 17217
79559 17225
79578 17234
79598 17244
79616 17253
79634 17261
79653 17270
79673 17280
79693 17289
79710 17297
79727 17305
79745 17314
79764 17323
79781 17331
79798 17339
79815 17347
79835 17356
79853 17365
79871 17373
79890 17382
79907 17390
79926 17399
79944 17407
79963 17416
79983 17426
80002 17434
80021 17443
80038 17451
80055 17459
80073 17467
80092 17476
80110 17484
80128 17493
80145 17500
80162 17508
80182 17517
80200 17526
80219 17534
80238 17543
80256 17551
80276 17560
80296 17569
80315 17578
80333 17586
80353 17595
80372 17604
80390 17612
80409 17620
80426 17628
80445 17636
80463 17644
80480 17652
80497 17660
80516 17668
80535 17677
80552 17684
80569 17692
80586 17699
80603 17707
80621 17715
80639 17723
80658 17731
80677 17739
80697 17748
80716 17756
80735 17765
80754 17773
80771 17780
80788 17788
80805 17795
80823 17803
80843 17812
80863 17820
80883 17829
80901 17837
80921 17845
80939 17853
80958 17861
80976 17869
80994 17877
81012 17884
81031 17893
81049 17900
81067 17908
81084 17915
81101 17922
81119 17930
81137 17937
81154 17945
81173 17953
81192 17961
81211 17969
81228 17976
81245 17983
81263 17990
81283 17999
81302 18007
81322 18015
81342 18023
81361 18031
81381 18039
81398 18046
81417 18054
81437 18062
81457 18071
81477 18079
81496 18086
81513 18093
81531 18101
81551 18109
81570 18117
81589 18124
81608 18132
81628 18140
81645 18147
81664 18155
81684 18163
81702 18170
81722 18178
81739 18185
81759 18192
81777 18200
81796 18207
81813 18214
81831 18221
81851 18229
81871 18237
81891 18245
81910 18252
81929 18260
81948 18267
81966 18274
81985 18281
82002 18288
82019 18295
82037 18302
82057 18309
82076 18317
82094 18324
82111 18330
82130 18337
82150 18345
82170 18353
82187 18359
82207 18367
82227 18374
82246 18382
82265 18389
82282 18395
82301 18402
82320 18409
82337 18416
82357 18423
82374 18430
82391 18436
82409 18443
82429 18450
82449 18458
82466 18464
82484 18470
82502 18477
82521 18484
82541 18491
82561 18499
82580 18506
82600 18513
82617 18519
82635 18526
82654 18533
82672 18539
82691 18546
82708 18552
82726 18558
82744 18565
82761 18571
82778 18577
82795 18583
82814 18590
82833 18597
82850 18603
82867 18609
82885 18615
82902 18621
82919 18627
82937 18633
82954 18639
82972 18645
82990 18652
83010 18659
83028 18665
83047 18672
83064 18677
83081 18683
83099 18689
83119 18696
83138 18703
83156 18709
83176 18716
83193 18722
83213 18728
83231 18734
83250 18741
83270 18748
83289 18754
83309 18761
83329 18767
83348 18774
83368 18780
83386 18786
83403 18792
83423 18798
83442 18805
83460 18811
83477 18816
83496 18822
83516 18829
83533 18834
83553 18841
83570 18846
83587 18852
83604 18857
83623 18864
83640 18869
83657 18874
83674 18880
83691 18885
83711 18892
83729 18897
83749 18904
83769 18910
83786 18915
83803 18921
83821 18926
83841 18933
83860 18938
83877 18944
83896 18950
83913 18955
83933 18961
83953 18967
83971 18973
83990 18979
84008 18984
84027 18990
84046 18996
84066 19002
84084 19007
84104 19013
84123 19019
84141 19024
84161 19030
84181 19036
84198 19041
84218 19047
84238 19053
84255 19058
84275 19064
84294 19069
84312 19075
84332 19080
84350 19086
84368 19091
84388 19097
84407 19102
84424 19107
84443 19112
84462 19118
84481 19123
84500 19129
84518 19134
84536 19139
84556 19144
84573 19149
84593 19155
84612 19160
84631 19165
84650 19171
84670 19176
84688 19181
84706 19186
84724 19191
84741 19196
84758 19200
84776 19205
84793 19210
84813 19215
84831 19220
84851 19225
84870 19230
84889 19236
84908 19241
84928 19246
84948 19251
84967 19256
84986 19261
85006 19266
85023 19271
85040 19275
85058 19280
85077 19285
85096 19290
85115 19294
85134 19299
85153 19304
85171 19309
85188 19313
85205 19317
85222 19322
85242 19327
85261 19331
85279 19336
85296 19340
85315 19345
85333 19349
85351 19354
85370 19358
85387 19362
85406 19367
85425 19372
85444 19376
85461 19380
85478 19384
85497 19389
85517 19394
85536 19398
85553 19402
85572 19407
85591 19411
85608 19415
85628 19420
85646 19424
85665 19428
85684 19433
85704 19437
85721 19441
85741 19446
85761 19450
85779 19454
85799 19459
85818 19463
85838 19468
85855 19472
85875 19476
85893 19480
85911 19484
85928 19488
85945 19491
85964 19496
85984 19500
86003 19504
86020 19508
86040 19512
86059 19516
86078 19520
86098 19524
86116 19528
86135 19532
86153 19536
86173 19540
86193 19544
86211 19548
86228 19551
86246 19555
86266 19559
86286 19563
86305 19567
86324 19571
86343 19575
86363 19579
86382 19582
86400 19586
86419 19590
86438 19593
86455 19597
86475 19601
86492 19604
86509 19607
86529 19611
86548 19615
86568 19619
86586 19622
86605 19625
86625 19629
86642 19632
86660 19636
86679 19639
86697 19643
86717 19646
86737 19650
86754 19653
86773 19656
86790 19659
86808 19663
86825 19666
86845 19669
86862 19672
86881 19676
86900 19679
86920 19682
86938 19686
86955 19688
86972 19691
86992 19695
87011 19698
87028 19701
87047 19704
87066 19707
87083 19710
87102 19713
87119 19716
87136 19719
87156 19722
87176 19725
87196 19728
87216 19732
87233 19734
87251 19737
87268 19740
87288 19743
87305 19746
87323 19748
87342 19751
87360 19754
87379 19757
87398 19760
87415 19762
87434 19765
87451 19768
87470 19771
87488 19773
87506 19776
87525 19779
87543 19781
87560 19784
87578 19786
87596 19789
87615 19792
87635 19794
87654 19797
87671 19799
87688 19802
87707 19804
87724 19807
87744 19809
87762 19812
87782 19814
87802 19817
87821 19820
87838 19822
87857 19824
87876 19827
87894 19829
87911 19831
87931 19834
87951 19836
87970 19839
87987 19841
88005 19843
88024 19845
88043 19847
88063 19850
88083 19852
88101 19854
88118 19856
88138 19859
88157 19861
88176 19863
88195 19865
88213 19867
88230 19869
88249 19871
88267 19873
88286 19875
88305 19877
88322 19879
88342 19881
88361 19883
88381 19886
88399 19887
88418 19889
88437 19891
88457 19893
88477 19895
88496 19897
88516 19899
88535 19901
88553 19903
88573 19905
88593 19907
88613 19908
88631 19910
88650 19912
88670 19914
88689 19915
88709 19917
88728 19919
88745 19920
88763 19922
88780 19923
88799 19925
88817 19927
88837 19928
88857 19930
88877 19931
88895 19933
88912 19934
88931 19936
88951 19937
88971 19939
88991 19940
89009 19942
89027 19943
89046 19944
89063 19946
89080 19947
89098 19948
89117 19949
89135 19951
89152 19952
89171 19953
89188 19954
89207 19956
89224 19957
89244 19958
89261 19959
89281 19960
89300 19961
89318 19962
89335 19963
89354 19965
89374 19966
89392 19967
89410 19968
89429 19969
89446 19970
89466 19971
89485 19972
89504 19973
89523 19974
89542 19975
89560 19975
89577 19976
89597 19977
89614 19978
89631 19979
89651 19980
89669 19980
89689 19981
89706 19982
89725 19983
89743 19983
89761 19984
89778 19985
89796 19985
89813 19986
89830 19987
89848 19987
89867 19988
89885 19989
89903 19989
89921 19990
89938 19990
89958 19991
89977 19991
89997 19992
90017 19992
90035 19993
90053 19993
90072 19994
90089 19994
90109 19995
90129 19995
90146 19995
90166 19996
90186 19996
90203 19996
90222 19997
90240 19997
90260 19997
90280 19998
90300 19998
90317 19998
90334 19998
90354 19998
90373 19999
90390 19999
90410 19999
90430 19999
90450 19999
90468 19999
90485 19999
90502 19999
90520 19999
90540 19999
90559 20000
