500
747 771 9
603 741 50
426 704 101
274 500 90
886 984 47
180 609 158
37 800 285
407 601 72
47 592 207
283 982 274
198 276 25
347 834 183
448 656 75
307 817 190
511 838 115
677 751 31
119 150 12
99 609 193
549 833 100
465 738 99
38 922 333
329 418 43
174 937 289
493 786 105
25 540 198
412 978 217
10 313 110
163 486 127
521 951 161
121 961 320
87 774 259
488 839 126
452 753 110
692 936 94
99 153 21
450 986 206
75 449 144
259 489 94
357 529 70
739 794 18
155 543 149
296 935 247
82 540 174
77 752 255
369 769 149
129 445 123
126 877 280
334 710 146
361 456 40
349 416 31
36 151 44
241 655 155
814 967 69
479 927 165
358 514 66
145 885 277
677 953 112
169 472 118
284 845 213
63 827 285
481 507 11
221 728 188
308 790 182
318 657 134
717 802 28
25 734 269
66 67 0
851 885 14
192 725 199
461 969 192
157 231 32
449 709 94
125 916 299
337 408 35
176 403 88
35 708 255
118 309 69
789 861 27
246 273 9
372 816 164
97 300 75
82 88 1
2 762 287
159 680 195
736 898 58
109 551 170
84 551 179
837 936 42
242 488 95
142 788 242
243 747 188
430 986 215
745 888 53
66 353 106
291 985 273
859 914 26
426 933 190
2 588 227
20 346 122
647 944 116
29 675 244
415 551 51
547 754 76
527 806 97
882 896 4
401 994 228
159 494 131
828 934 44
291 835 205
534 894 131
702 715 8
227 644 152
172 513 135
501 779 97
127 223 42
144 578 167
383 442 25
497 906 148
522 834 109
38 398 139
199 896 255
197 558 137
397 663 97
858 931 32
271 487 88
825 925 41
92 597 194
596 627 10
606 654 18
578 912 123
280 578 117
304 498 81
230 608 139
533 803 96
42 423 147
82 991 350
304 391 39
32 570 210
385 463 33
721 860 48
476 684 72
14 829 306
95 533 168
666 759 36
351 827 178
104 597 190
360 606 94
434 669 86
591 918 122
371 574 80
562 710 53
32 277 94
476 730 92
488 978 187
389 662 99
73 321 88
777 841 25
423 813 138
91 458 143
56 472 159
685 742 25
307 933 240
521 833 108
252 389 54
241 760 192
152 332 65
511 773 92
466 497 13
78 119 15
215 353 48
533 602 26
274 780 188
771 933 65
163 909 282
842 849 2
244 256 2
99 235 56
383 665 104
287 456 72
289 966 263
74 533 174
535 810 97
159 843 256
248 526 109
396 947 208
342 663 122
330 679 134
530 856 115
141 418 110
130 159 12
126 334 75
382 454 31
821 928 44
185 367 65
739 834 33
510 862 124
630 956 127
5 963 366
445 583 51
182 984 306
90 164 29
90 309 80
724 932 79
817 962 64
83 566 187
32 249 86
308 636 127
667 797 47
550 739 69
363 804 163
858 909 23
68 280 77
28 97 28
664 758 35
187 985 306
65 285 78
558 732 62
162 856 258
354 588 93
71 667 224
757 844 31
533 561 11
217 420 77
122 388 102
696 854 56
187 610 157
694 877 66
493 551 21
187 646 170
424 685 93
470 584 43
563 598 14
393 965 217
59 538 180
257 689 164
330 369 19
441 511 30
202 405 75
440 658 79
155 902 280
704 942 94
953 971 6
377 728 132
535 599 26
483 583 36
366 577 84
77 206 54
483 534 18
659 921 99
103 412 122
542 777 84
316 471 68
129 227 42
41 152 40
917 974 25
53 424 143
336 360 13
505 641 46
426 688 95
19 554 205
26 820 298
873 920 22
884 962 37
237 632 146
70 582 195
287 322 12
657 1000 136
824 944 52
406 765 129
376 745 138
176 395 85
308 592 112
771 823 19
608 952 135
468 851 138
316 917 234
146 498 138
179 618 162
841 856 4
651 724 29
763 907 56
314 536 90
34 181 61
760 905 54
38 526 189
869 905 17
217 572 135
147 643 187
90 520 169
168 994 318
875 898 9
115 730 233
27 842 308
397 911 191
138 436 117
872 996 58
132 789 246
241 871 231
47 563 198
202 242 12
455 523 28
405 990 224
507 705 69
698 912 82
4 866 322
177 713 201
386 965 222
662 705 16
34 475 172
242 320 23
168 521 138
656 842 67
415 983 219
513 700 63
253 977 279
174 508 131
197 492 112
283 371 36
536 898 132
115 835 269
735 928 73
155 478 127
589 983 153
414 911 184
410 466 21
86 283 72
369 911 205
711 944 92
23 470 174
206 883 248
100 958 328
227 472 92
100 398 117
792 935 59
172 982 313
202 508 116
420 954 203
139 535 153
656 835 63
457 483 10
497 515 9
256 605 134
801 962 69
362 437 31
242 789 202
143 280 50
144 151 3
552 762 75
219 784 208
212 862 237
280 646 140
167 962 304
654 833 64
351 787 163
46 915 329
98 759 250
536 625 32
700 855 56
139 542 156
182 772 217
416 739 119
388 843 167
295 980 269
330 978 256
213 864 237
274 638 137
110 790 255
391 730 126
101 392 115
390 419 12
528 994 179
692 718 12
205 507 114
194 229 15
385 966 224
58 274 79
302 406 46
106 429 125
226 844 225
800 946 62
585 916 124
979 985 4
33 791 285
543 664 43
226 959 274
147 487 133
116 175 24
377 857 176
195 714 193
329 843 197
205 432 84
219 826 223
160 615 171
69 500 167
76 392 122
323 476 67
78 876 297
877 920 20
609 891 104
264 923 252
133 683 205
402 585 69
483 685 71
476 754 101
313 424 50
79 822 277
538 746 76
122 501 147
117 374 98
394 450 23
355 541 74
188 285 29
16 121 42
73 804 271
569 877 108
889 961 33
473 910 160
47 205 64
68 729 249
479 629 53
212 456 92
212 727 191
213 566 134
835 873 15
153 753 228
653 869 76
47 900 318
434 573 53
19 182 66
316 435 54
217 718 188
107 221 49
50 140 32
395 467 28
74 363 107
545 850 110
245 380 50
24 701 255
621 845 84
21 57 18
804 837 14
448 495 18
666 799 49
758 802 15
720 749 10
466 915 167
3 231 91
559 868 108
85 774 259
387 550 63
266 397 54
665 973 122
213 822 223
290 817 197
259 538 109
211 632 155
467 611 51
10 578 217
377 889 190
100 865 286
904 949 23
539 986 175
637 855 78
357 392 18
444 711 97
147 817 248
81 754 253
440 505 26
429 917 183
66 672 226
382 618 88
574 977 155
357 647 110
170 365 72
456 699 87
240 442 77
630 943 121
380 552 66
837 903 26
32 212 75
92 205 48
76 286 75
289 422 56
591 617 7
390 879 179
165 423 101
387 501 47
107 374 102
669 691 8
655 695 14
164 626 175
13 80 27
153 900 280
212 413 75
703 731 12
6 968 367
326 998 265
512 787 95
724 988 106
337 377 20

