1000
225 363 74
124 174 32
18 600 329
51 315 148
72 928 483
425 485 40
95 999 502
445 894 253
403 814 229
175 861 379
88 240 88
878 945 39
755 774 10
240 466 129
148 894 419
660 962 152
6 949 517
968 969 0
301 617 187
584 844 136
542 625 51
753 763 6
806 896 52
181 720 312
490 508 12
232 392 87
815 819 2
222 262 16
741 833 34
475 512 22
297 444 82
347 759 238
83 352 154
274 746 275
199 426 122
468 651 116
417 879 258
445 733 174
108 311 116
71 771 399
646 898 130
372 549 104
68 208 80
107 282 99
51 283 129
695 808 51
490 583 55
936 988 23
426 500 49
295 971 372
223 812 324
100 491 223
350 779 247
281 526 142
60 731 387
149 620 274
69 624 320
336 868 296
114 931 461
489 713 133
786 870 43
691 779 44
217 999 427
19 60 18
120 191 44
69 157 48
225 542 180
456 882 239
723 809 36
96 802 397
590 642 34
525 894 203
263 453 109
116 976 475
693 933 125
294 727 254
242 276 19
106 253 83
37 727 395
186 532 197
435 585 92
623 875 131
359 522 96
235 653 248
247 413 93
638 853 106
335 595 154
216 754 306
744 857 50
420 436 8
23 39 7
283 726 261
109 566 262
345 656 188
335 811 264
15 881 477
132 294 93
518 563 27
296 920 352
346 995 356
222 845 340
572 975 215
460 539 50
857 872 11
263 579 184
30 436 220
907 920 8
411 679 164
365 857 273
200 505 172
165 209 29
101 493 223
217 413 105
327 788 263
128 494 212
529 798 148
636 870 119
248 396 82
477 738 155
70 160 48
139 318 100
52 827 429
501 712 125
141 427 158
202 818 339
659 909 128
578 912 184
169 681 298
103 676 334
42 853 449
360 472 66
354 925 322
44 132 47
124 507 220
533 856 175
32 568 301
65 680 355
128 850 404
92 352 150
76 802 407
149 540 225
9 417 220
541 597 35
8 944 514
421 900 271
724 728 4
420 833 227
148 181 21
560 706 89
177 270 49
51 692 370
495 836 181
180 619 254
693 749 28
486 638 96
22 394 202
312 829 283
176 614 251
582 723 86
27 178 79
263 543 165
445 737 177
159 791 358
256 521 153
59 353 166
504 594 55
129 918 447
328 883 311
563 737 104
114 218 64
584 980 211
370 563 114
25 776 421
268 862 332
308 522 124
348 394 25
553 601 31
351 446 53
396 668 167
100 999 497
148 166 11
325 504 104
66 430 202
330 682 209
612 998 202
256 604 203
82 826 414
17 325 166
200 469 150
288 950 370
489 599 68
355 940 328
186 670 284
481 685 122
24 402 205
82 655 337
712 753 20
187 759 328
202 345 79
149 663 302
216 495 157
108 564 261
458 567 66
615 690 47
263 481 129
64 132 37
22 596 323
270 677 242
180 420 132
89 769 391
310 602 172
41 210 96
120 169 30
67 263 106
168 433 147
288 519 135
219 663 258
384 522 81
377 619 144
709 906 102
70 952 491
199 370 93
458 797 190
527 913 214
623 928 166
556 703 90
454 979 288
350 477 75
69 538 266
461 668 130
166 224 37
386 798 230
212 692 277
339 416 41
200 243 21
691 710 11
92 992 501
323 751 247
409 427 9
405 412 4
390 605 128
712 759 24
97 929 471
688 852 78
234 669 256
632 812 88
447 973 289
228 287 31
175 819 356
289 630 202
825 888 40
304 482 104
365 954 328
403 887 272
611 998 203
417 806 218
423 519 62
50 320 149
475 849 205
44 870 460
15 714 395
72 193 71
322 840 286
288 940 366
211 541 187
333 936 339
742 785 17
7 843 454
802 981 96
365 954 328
182 812 350
385 688 182
833 908 50
530 698 103
555 599 29
534 878 188
88 182 57
8 85 32
226 287 32
633 794 81
259 312 32
136 604 271
70 185 65
23 776 423
725 853 59
94 736 373
42 531 274
657 736 42
134 421 160
104 273 95
206 592 222
852 896 29
267 888 350
611 797 96
184 267 44
827 891 40
703 968 132
697 992 148
83 898 459
83 92 5
15 295 150
87 555 270
18 101 40
748 835 35
417 591 106
580 798 118
303 718 245
502 972 253
465 642 110
607 843 120
423 656 148
116 624 295
79 238 91
8 856 463
479 680 121
119 327 118
387 578 111
7 995 537
374 890 288
162 906 421
216 937 401
97 429 186
298 854 310
71 270 110
760 931 90
344 748 233
194 967 426
650 930 146
317 594 163
258 329 40
831 904 49
377 571 112
17 986 531
748 958 107
372 652 171
133 932 451
186 515 188
149 639 288
817 999 99
3 158 76
389 769 219
489 857 200
145 228 50
730 837 43
13 387 203
41 852 449
703 978 135
670 720 26
52 697 372
755 893 70
134 877 415
161 855 389
271 760 285
378 768 226
511 544 20
128 221 60
48 386 190
363 463 59
447 771 189
244 990 413
560 690 81
70 494 241
290 428 76
24 201 96
163 648 287
410 985 319
26 109 40
116 637 305
537 788 141
200 674 276
168 466 169
593 600 6
107 328 125
557 658 65
130 702 335
139 519 217
438 730 177
233 478 139
468 765 172
96 192 59
140 908 431
303 447 82
20 351 181
304 840 296
200 343 79
454 456 1
172 448 155
102 707 350
162 987 458
447 985 297
560 628 44
31 804 428
610 861 130
410 877 261
308 918 344
87 811 406
48 649 350
791 978 95
778 798 5
279 366 51
175 976 440
515 968 246
352 823 260
116 470 201
266 391 73
225 664 256
641 728 48
84 720 369
437 963 293
358 392 19
105 369 149
870 889 12
288 885 335
60 407 193
478 769 167
514 543 19
126 482 206
356 989 350
18 753 413
218 263 19
316 662 206
5 114 51
174 964 437
261 313 32
809 953 80
525 999 255
414 591 108
123 964 468
65 177 63
69 922 480
210 365 83
223 666 258
238 281 23
113 363 140
265 566 176
430 663 146
221 946 400
320 971 359
102 249 83
5 938 514
319 815 275
12 585 320
654 864 101
298 473 101
862 962 56
318 837 284
711 787 34
89 709 362
117 378 148
360 991 348
33 990 527
58 460 226
659 723 34
185 961 430
182 911 408
647 988 173
130 872 417
189 551 207
97 493 227
523 738 128
409 537 77
707 886 89
150 760 352
391 903 289
753 819 27
297 508 123
683 925 127
171 685 299
48 734 394
182 738 322
302 703 238
290 360 39
903 904 1
281 794 290
797 813 7
513 759 144
21 380 196
35 132 51
284 834 303
627 784 83
153 228 45
283 327 25
811 844 16
409 509 61
284 609 190
808 833 10
236 759 301
472 608 82
6 74 28
611 862 130
149 860 395
511 924 231
51 515 263
197 516 180
161 550 225
170 880 396
333 356 13
836 870 25
342 975 345
72 203 76
519 849 178
502 752 143
530 949 230
607 912 164
209 867 364
841 871 22
185 440 140
177 820 356
691 695 3
248 322 42
434 907 269
225 391 91
191 506 179
192 989 439
9 721 401
298 529 134
208 303 51
209 644 253
52 213 94
83 437 198
114 515 230
594 806 111
317 705 229
47 66 11
109 543 250
44 969 511
76 573 284
57 963 503
754 891 69
221 705 279
595 633 25
439 855 233
431 585 94
45 151 58
159 251 53
221 276 26
555 564 5
250 523 157
94 557 267
231 472 134
65 883 456
676 821 66
693 701 5
490 848 195
352 781 245
345 593 146
217 512 164
280 617 199
370 534 95
127 361 132
33 200 94
95 751 377
342 424 41
218 546 186
500 612 68
296 623 193
144 477 191
543 745 118
433 955 291
545 851 164
77 919 475
465 785 182
460 714 154
195 278 41
382 987 332
9 180 89
400 726 197
242 297 31
98 110 8
211 270 28
696 961 133
294 941 362
793 922 74
460 679 136
342 928 330
110 678 332
203 600 230
28 716 391
7 640 358
461 775 184
385 450 37
788 863 37
361 610 149
207 519 178
449 877 237
618 878 136
515 856 185
427 498 46
172 862 383
115 669 325
67 295 127
74 883 453
136 271 75
401 950 308
191 699 295
599 617 10
448 602 96
404 439 20
735 825 37
345 563 127
706 711 3
36 869 463
118 797 381
202 594 225
422 781 209
54 185 74
35 990 526
179 843 367
164 569 232
280 525 143
576 878 164
77 407 185
73 374 170
412 883 265
642 769 66
343 961 341
179 653 280
763 944 93
116 737 360
249 759 294
19 29 5
797 870 41
202 496 167
520 977 245
84 879 445
715 795 35
336 455 66
372 531 92
771 877 50
67 341 155
228 681 263
72 697 361
304 837 293
30 295 144
190 514 184
109 553 256
688 858 80
414 592 109
585 681 60
518 781 149
61 291 128
101 284 103
657 692 18
434 766 195
463 679 133
286 602 186
542 884 186
84 114 18
131 857 405
84 563 275
55 147 50
652 836 82
783 831 17
430 707 168
18 604 330
535 731 119
247 505 149
111 116 3
232 697 269
731 861 59
685 941 132
598 720 72
111 462 198
598 849 130
157 504 198
123 225 61
8 425 222
227 323 52
514 544 19
363 467 62
612 635 17
432 757 192
551 599 32
92 500 236
70 281 117
438 629 120
616 633 13
342 882 300
178 711 309
609 858 129
97 338 139
11 637 356
102 677 335
930 990 25
244 749 292
421 937 292
431 451 13
739 773 15
90 276 106
197 983 431
495 743 146
59 623 326
309 851 300
339 386 26
232 523 164
609 812 105
110 687 336
300 876 322
75 204 77
129 974 469
72 384 175
660 912 129
575 949 204
257 680 248
474 727 152
49 569 294
54 156 57
43 92 23
170 818 359
800 893 53
84 87 1
434 592 99
110 116 4
139 716 334
402 615 129
432 463 20
38 741 402
677 719 24
656 690 17
574 937 200
590 848 134
566 897 182
462 959 276
35 528 276
42 509 262
156 340 106
382 570 109
151 578 245
367 773 235
71 382 176
486 601 71
152 505 202
279 448 98
332 599 159
360 684 194
263 862 335
102 441 189
138 626 283
342 633 172
345 538 112
70 916 475
238 954 398
437 681 151
278 923 367
122 511 223
104 788 388
154 257 58
617 720 61
329 476 86
498 750 145
89 207 72
285 837 303
661 703 22
74 563 280
346 536 109
257 413 86
618 917 162
783 909 67
126 469 197
400 559 96
708 870 80
301 987 380
72 328 143
122 648 310
318 684 216
372 871 279
300 321 13
555 717 98
39 690 374
543 788 136
566 704 85
383 816 238
489 925 244
702 723 11
440 629 118
237 473 133
220 387 90
7 893 487
505 717 128
287 918 356
323 957 352
233 287 28
4 890 487
478 567 51
243 566 187
439 910 266
82 234 88
209 456 135
80 184 62
32 86 24
467 957 270
157 534 214
95 982 494
326 673 209
70 958 494
228 397 91
744 837 36
631 750 64
226 665 257
492 841 188
66 295 128
513 970 248
285 625 200
664 818 70
367 480 68
619 635 13
708 723 9
293 555 152
13 975 524
378 665 174
372 963 326
591 743 88
859 943 51
326 797 264
467 709 146
186 854 371
31 488 255
225 521 168
26 247 118
438 927 280
91 920 469
224 861 350
76 928 482
502 794 160
18 190 92
49 866 454
218 624 234
494 772 160
545 653 71
606 713 63
476 617 85
228 678 263
95 951 480
211 956 410
317 892 322
408 543 83
318 639 192
167 356 107
210 859 356
214 403 101
702 851 69
180 217 24
460 636 112
81 829 415
215 349 72
63 734 386
323 386 37
301 549 146
471 926 256
5 294 153
123 597 275
252 500 144
532 942 227
454 592 86
85 944 482
532 926 221
117 247 74
4 332 175
841 906 44
621 767 80
79 781 400
311 510 115
161 947 441
241 338 57
338 786 253
307 635 195
325 661 202
135 306 98
893 897 4
576 743 101
687 700 8
600 797 101
133 380 140
303 581 161
161 164 4
441 468 20
59 83 13
37 491 255
251 633 225
385 872 272
10 238 120
534 943 226
65 679 355
100 416 177
429 439 7
431 997 313
232 756 299
383 457 40
569 634 44
501 658 97
167 943 435
36 526 275
639 837 92
224 510 161
77 200 74
94 966 487
514 816 163
29 843 446
106 890 440
449 662 132
143 981 464
342 723 222
34 884 472
425 603 112
220 542 181
345 912 318
397 712 189
301 494 114
51 94 21
678 786 52
311 663 210
226 916 386
330 723 231
907 938 17
12 987 533
10 423 221
426 940 291
179 240 34
500 796 162
177 924 420
425 826 224
43 447 224
504 893 215
312 918 341
137 424 158
229 598 213
385 511 74
36 623 336
48 262 117
338 405 35
1 711 399
157 872 400
777 964 94
42 928 497
177 374 110
40 665 360
191 683 286
657 750 46
115 469 201
701 955 128
144 277 74
462 916 256
197 775 328
8 839 451
105 846 412
116 850 408
806 997 102
238 342 60
46 254 115
442 552 69
250 787 304
549 765 123
729 971 118
428 467 27
7 518 281
179 227 29
619 633 11
334 428 51
185 810 347
57 757 401
487 693 124
722 729 5
222 745 298
79 261 102
364 560 116
553 554 1
204 781 326
617 999 199
12 301 154
136 627 286
663 802 65
323 765 255
54 543 279
531 753 129
65 877 451
116 943 463
237 403 91
609 683 47
187 260 39
105 355 141
279 853 322
479 918 245
16 866 467
489 923 244
345 889 304
140 693 321
443 491 32
462 573 67
426 772 204
719 908 96
95 620 306
313 838 287
54 252 111
33 684 373
66 571 286
260 728 275
820 886 40
275 683 242
554 709 93
707 776 35

