211
340 856 46
262 391 15
491 743 22
528 882 38
20 864 88
89 880 82
57 167 12
332 650 27
262 336 9
172 749 55
960 995 3
141 989 94
204 597 36
42 716 69
142 878 76
328 356 2
73 575 50
29 466 49
108 947 91
60 615 56
48 696 67
59 826 76
21 174 19
192 935 77
11 319 41
404 675 24
617 737 10
538 859 32
82 426 40
403 406 0
73 632 57
374 672 26
314 632 25
442 733 24
181 473 29
381 555 12
89 167 9
423 449 3
407 918 51
216 290 11
163 984 90
336 985 68
193 567 33
717 949 32
114 722 60
250 998 79
143 352 27
168 884 75
162 661 51
174 689 50
456 601 9
440 678 22
252 592 29
793 874 10
353 446 8
240 703 42
739 991 35
502 600 6
27 287 35
66 201 16
631 721 7
799 977 28
534 857 32
160 817 64
338 559 16
145 722 58
770 903 19
163 719 53
560 963 51
72 546 49
8 200 25
81 983 101
110 778 66
474 577 7
381 434 4
174 837 65
319 866 49
550 859 31
106 934 90
244 675 41
555 583 3
448 617 14
199 483 29
506 846 33
778 931 21
345 443 9
291 941 65
259 377 13
27 40 1
784 804 2
561 945 45
454 748 25
642 840 19
730 767 2
100 632 54
270 635 33
348 367 2
72 665 62
207 809 58
157 379 26
320 413 7
28 876 89
31 712 69
412 452 4
460 779 28
115 994 97
137 980 95
411 802 34
562 680 14
369 619 21
526 848 32
277 737 39
233 307 11
595 900 35
768 939 26
339 883 53
214 772 52
106 149 7
534 919 44
704 782 8
497 733 20
199 327 16
595 912 38
542 697 15
104 707 61
361 714 29
652 836 17
277 865 54
747 813 6
134 565 43
276 373 10
617 875 26
324 526 15
240 910 68
35 515 51
404 591 13
576 632 7
353 537 14
174 777 58
733 864 15
26 184 20
534 702 17
653 862 20
405 832 37
70 670 63
376 917 53
689 957 35
352 876 49
680 881 21
152 972 91
310 655 29
57 476 45
202 887 70
24 180 20
234 859 60
701 833 12
724 801 8
419 720 25
251 503 23
113 993 96
431 983 60
164 403 28
371 592 16
215 607 36
523 698 17
54 961 101
64 729 66
994 996 1
353 472 9
297 490 16
514 916 44
52 802 75
193 469 27
158 621 46
674 998 39
408 707 25
374 731 29
776 804 4
672 996 39
97 372 34
50 103 6
320 760 36
489 705 19
193 816 59
367 655 25
603 995 49
227 310 12
375 608 17
88 704 62
208 848 63
350 756 34
717 840 14
477 987 57
505 971 55
359 462 8
798 927 18
517 664 16
698 781 7
319 608 22
370 718 28
114 284 23
403 917 51
312 558 17
444 672 21
641 977 43
818 950 21
269 849 54
574 866 31
287 869 53
127 188 9
373 766 31

