888
407 440 25
526 743 167
109 553 322
664 761 74
564 707 107
295 885 444
2 892 648
37 703 483
92 536 321
571 788 166
131 230 69
579 846 200
396 790 305
208 919 532
654 934 209
596 820 170
947 993 36
564 879 235
288 662 282
406 763 274
243 314 49
750 784 28
697 742 36
156 326 117
356 873 388
822 889 49
758 812 45
164 604 324
37 890 624
270 339 49
336 635 232
619 947 247
472 855 292
690 864 131
752 764 9
52 468 293
150 606 337
21 317 201
307 407 73
390 940 421
350 947 454
37 642 443
89 886 584
83 985 667
589 619 26
573 989 317
609 835 171
174 334 109
457 521 51
516 580 54
34 139 71
206 973 575
214 697 361
629 764 98
292 472 130
369 760 295
403 753 269
193 479 205
645 760 83
253 720 352
285 392 76
456 644 151
335 683 263
3 23 13
430 876 341
621 714 67
5 366 251
253 445 140
293 653 274
454 649 156
77 201 84
346 972 476
199 327 89
160 642 359
737 941 156
327 595 206
137 356 157
574 856 212
87 821 540
648 893 179
423 491 55
242 765 392
710 769 47
198 571 276
754 797 37
385 945 427
152 398 171
462 869 311
786 926 106
536 762 170
711 948 182
358 714 268
225 376 108
662 881 162
262 340 57
4 628 454
662 908 185
736 845 82
609 813 155
288 318 19
116 876 560
758 883 94
311 343 25
74 951 647
487 835 270
778 877 73
709 867 119
92 960 643
464 520 45
462 975 395
767 823 44
107 824 529
59 257 135
247 717 353
54 523 336
835 836 2
76 718 468
207 959 565
250 497 183
494 897 308
247 934 518
183 511 236
130 957 618
651 752 73
325 484 118
65 383 222
355 414 38
360 418 37
212 724 382
724 855 99
156 217 41
231 263 25
622 750 94
3 660 476
15 713 508
367 858 369
373 410 26
554 685 98
49 598 400
555 720 125
100 337 164
334 568 180
970 983 9
397 719 248
217 854 475
222 827 454
773 890 87
486 712 175
13 236 152
55 132 52
196 220 15
813 972 120
469 767 231
573 731 121
560 791 177
218 496 202
775 909 101
782 975 148
521 927 310
202 868 495
312 849 405
422 960 417
946 956 9
532 799 206
383 778 303
283 804 395
486 964 369
278 534 192
242 351 79
291 688 296
625 835 157
187 516 237
711 855 108
508 741 180
289 759 353
400 478 62
152 334 126
56 694 464
709 739 24
182 998 611
591 675 61
21 559 387
470 944 365
878 901 18
527 985 350
343 539 150
319 923 460
33 349 219
211 775 422
453 515 48
640 873 170
20 530 365
643 977 250
150 329 124
247 597 265
368 879 383
790 810 17
60 700 464
352 967 468
22 588 408
283 803 395
850 893 34
155 743 435
23 508 342
396 903 387
178 844 493
91 161 48
766 968 156
833 907 54
10 496 343
42 134 61
216 404 135
405 634 181
259 902 482
235 686 337
503 812 240
67 217 102
587 825 180
731 771 31
96 951 632
674 911 181
70 150 54
385 559 135
26 128 68
184 552 270
58 552 357
26 276 172
358 542 139
211 828 463
90 278 129
214 823 458
294 730 329
422 434 12
49 757 517
110 625 380
134 624 365
657 950 223
27 434 283
261 635 285
570 808 183
384 674 221
734 899 124
50 808 559
715 810 76
155 467 221
193 581 285
377 810 333
273 838 426
667 726 44
170 486 224
799 815 10
742 791 40
252 453 148
165 714 403
230 918 517
433 817 297
315 651 261
15 144 90
364 719 268
194 221 16
155 774 459
254 566 236
28 740 518
847 913 51
198 798 451
515 571 47
101 456 250
337 893 420
240 873 473
434 848 316
22 551 381
104 647 401
427 667 189
194 880 506
43 127 55
43 337 203
314 542 175
145 622 354
577 825 188
472 773 233
14 206 132
538 564 20
105 369 186
123 859 543
178 598 310
113 757 473
299 605 233
796 966 129
563 654 72
204 668 345
274 311 24
895 958 52
476 811 260
30 198 115
365 784 318
76 491 293
157 487 236
555 672 87
282 400 84
697 855 119
895 981 68
213 363 111
518 830 241
76 368 205
123 204 57
441 965 404
269 947 511
371 990 470
147 172 19
29 852 599
249 362 86
682 714 27
760 992 179
723 895 130
331 643 243
399 696 229
205 758 411
52 110 41
808 812 4
58 700 466
68 626 409
2 35 22
697 766 54
17 905 651
120 161 31
305 760 345
278 785 382
48 164 83
51 618 415
414 600 149
203 456 182
369 737 278
85 695 443
151 961 604
195 246 32
351 960 464
140 673 391
244 469 164
575 698 92
804 981 132
178 929 558
508 654 117
864 990 101
470 690 170
541 936 299
278 379 73
54 526 339
900 984 67
279 417 96
604 899 220
35 303 182
36 49 8
98 351 176
380 853 357
119 157 28
832 896 46
646 719 51
153 327 120
150 777 465
132 506 270
602 857 189
51 372 225
130 499 266
315 902 445
216 686 350
371 374 1
638 782 107
518 989 361
602 721 89
277 310 22
281 580 226
188 918 542
301 421 84
634 826 143
183 448 188
92 778 504
751 902 113
513 874 274
307 350 33
362 933 431
352 395 29
171 943 574
378 853 359
11 965 703
468 478 11
329 759 327
293 563 203
210 938 546
522 838 243
923 960 31
91 591 363
801 881 55
255 594 256
160 693 391
442 674 179
290 954 502
133 561 314
327 825 379
379 703 246
30 236 140
603 954 266
548 727 134
169 724 408
857 979 96
288 292 4
11 375 252
451 928 364
765 971 158
492 946 349
93 642 404
204 700 367
305 574 205
22 647 457
465 818 273
444 889 339
935 986 41
179 929 558
352 963 465
416 921 389
81 264 125
23 998 719
118 388 189
113 619 373
46 775 535
12 716 511
241 845 452
142 933 588
812 848 22
109 748 469
31 584 400
393 865 358
283 503 162
319 766 341
100 386 198
147 802 488
629 745 84
151 856 521
381 462 59
821 957 104
25 529 361
285 468 132
570 674 78
449 664 167
362 696 251
662 686 16
238 532 220
396 531 107
479 523 34
24 921 658
600 955 268
390 673 217
44 882 613
370 601 176
354 451 71
43 167 87
88 384 206
87 219 89
444 838 304
210 409 142
270 616 261
625 899 202
38 884 618
111 528 301
53 289 164
107 465 252
385 493 81
289 419 89
242 634 297
188 825 473
134 735 444
593 754 121
160 956 593
283 611 249
279 870 442
64 601 392
419 885 358
224 392 120
176 606 317
331 513 136
355 790 331
67 321 174
9 944 688
684 890 157
22 747 528
236 726 367
109 890 575
45 996 704
494 947 348
624 800 133
336 504 125
506 709 157
686 917 177
253 892 480
205 502 215
793 995 153
170 387 149
505 550 41
396 536 112
656 781 94
520 878 271
272 632 273
57 127 46
606 910 228
432 539 88
293 800 385
558 955 302
66 295 158
174 423 171
135 139 4
115 137 15
401 722 247
221 752 397
579 878 223
133 292 113
108 536 310
130 360 166
165 949 583
380 540 124
372 527 117
55 593 391
223 891 498
14 358 242
137 191 41
40 965 683
3 143 94
136 226 62
30 420 268
6 261 174
618 726 79
441 616 140
66 455 274
424 698 213
228 554 244
28 911 647
188 625 325
14 455 310
194 995 598
57 972 676
24 398 258
168 585 305
24 683 476
328 602 211
341 423 56
465 736 210
139 526 281
388 681 224
641 853 154
325 928 457
98 364 187
98 144 31
381 896 390
751 914 123
204 654 337
848 947 79
406 423 11
166 829 491
553 679 93
606 959 268
688 719 25
256 287 24
390 896 386
33 459 299
516 744 177
404 928 400
397 945 420
531 640 88
264 385 86
102 601 365
151 300 103
596 848 187
414 847 332
599 810 161
431 643 172
560 571 9
314 460 109
229 411 131
214 569 265
219 323 73
268 724 341
864 887 19
541 648 86
119 409 204
268 738 352
414 999 452
37 416 261
397 522 97
256 681 317
681 854 131
361 522 119
715 753 30
950 980 23
412 467 42
622 810 142
134 599 344
244 471 166
422 431 9
374 628 199
111 509 284
227 473 179
270 777 381
855 972 93
604 770 125
207 832 469
449 907 350
184 333 102
551 700 109
470 682 163
333 364 27
63 693 458
26 157 90
1 959 704
237 543 229
380 428 33
544 897 266
246 674 321
189 862 497
567 682 84
478 863 291
980 994 12
165 597 317
305 983 515
13 171 110
712 991 214
145 750 447
118 158 30
137 494 256
695 960 205
335 880 411
673 963 224
194 536 250
385 958 438
12 371 251
395 481 66
176 611 321
170 983 605
378 381 3
109 620 376
564 912 262
54 600 398
402 725 248
414 894 368
697 721 20
48 435 270
278 652 284
425 606 146
160 596 321
18 592 416
173 561 283
166 799 470
370 473 74
305 496 142
232 401 121
325 855 400
75 422 239
53 720 487
131 459 235
699 903 155
51 331 193
475 906 329
655 954 226
191 711 384
885 936 42
316 821 386
97 953 634
293 324 21
200 389 132
1 691 497
275 463 135
381 787 310
729 761 25
101 557 330
111 684 418
227 369 105
339 437 70
580 723 106
343 429 61
263 341 57
44 273 159
263 495 169
394 454 47
331 749 318
521 658 108
460 676 166
222 390 119
750 980 176
141 438 209
478 872 298
698 834 106
378 416 25
60 599 392
171 197 16
626 781 115
515 914 305
644 954 232
363 808 338
586 709 92
754 938 140
532 745 162
102 349 172
121 340 154
300 753 342
160 970 604
179 517 244
36 408 259
322 594 209
11 607 432
566 900 250
274 497 162
603 647 37
778 961 140
504 636 108
233 480 181
160 413 175
526 840 241
458 951 378
243 363 89
555 984 326
295 819 397
459 602 114
26 305 191
487 896 313
760 791 27
380 499 88
25 572 394
483 692 161
113 788 499
786 829 34
709 867 119
386 684 227
257 583 246
373 378 4
165 859 511
759 831 58
710 968 199
127 719 437
47 150 72
91 147 37
802 839 27
442 612 136
352 917 428
427 911 372
114 195 57
532 741 159
75 827 553
441 527 69
244 325 59
86 173 61
148 347 140
190 211 12
528 864 253
269 375 75
109 677 414
557 840 216
618 875 190
509 560 44
291 540 187
20 199 123
674 946 209
576 610 28
240 555 235
278 590 235
158 507 251
424 555 106
164 257 62
504 670 128
137 462 232
165 699 390
413 557 115
345 923 439
703 851 111
182 564 281
45 848 587
349 853 379
585 588 2
380 781 306
549 639 71
657 856 148
73 834 559
60 915 628
322 413 65
212 307 67
279 531 188
86 991 670
88 277 130
214 839 471
157 846 510
468 745 215
195 808 457
282 311 20
693 726 27
405 509 79
114 997 657
31 825 581
456 514 45
611 857 182
246 529 212
705 778 58
49 779 536
78 315 159
505 888 292
76 191 80
70 405 232
145 306 111
225 514 211
563 877 236
322 929 461
771 795 21
887 931 36
437 858 322
17 246 156
83 897 598
138 465 233
441 533 75
564 750 141
226 777 413
115 118 2
665 720 42
36 255 149
445 453 7
624 933 230
287 608 243
227 801 434
457 947 376
146 802 489
240 359 88
614 730 86
136 172 28
131 472 245
720 823 80
147 493 247
635 730 69
63 476 293
890 980 72
705 809 83
304 937 480
210 538 245
696 913 165
333 363 26
16 389 259
131 463 238
115 992 653
940 963 20
46 935 656
569 586 14
54 782 535
467 636 138
613 929 237
571 785 163
259 644 293
411 547 109
382 905 397
298 416 83
49 99 36
295 402 77
205 321 80
460 712 194
137 467 235
242 569 244
78 107 20
895 931 29
516 774 200
339 440 73
722 942 168
453 676 171
325 366 33
211 993 588
376 949 438
339 835 378
252 638 295
255 506 185
149 538 286
82 763 497
45 293 172
319 615 230
53 260 142
757 790 28
519 778 200
287 596 233
766 959 149
199 465 190
11 921 667
918 931 10
464 657 152
460 700 184
174 651 354
735 747 10
191 216 15
165 428 182

