400
59 685 159
80 412 89
337 550 44
579 588 5
104 361 71
659 732 25
73 855 198
763 838 18
725 879 33
725 949 50
261 969 174
87 635 138
466 759 76
584 755 53
472 812 86
338 614 59
121 446 90
617 663 14
231 557 78
668 725 21
109 245 42
23 35 4
417 892 116
52 451 103
128 722 158
493 842 88
859 879 4
562 617 14
425 928 122
11 373 95
171 610 111
673 733 20
132 978 218
283 823 134
859 902 10
231 839 156
649 737 29
72 976 230
338 358 1
94 513 110
69 632 139
74 847 196
241 848 150
794 995 51
71 85 3
116 711 157
87 643 139
902 999 26
99 317 63
644 798 42
269 481 49
105 469 96
337 811 114
133 632 127
365 949 143
25 897 221
291 402 27
572 785 59
173 796 161
975 997 5
43 646 149
533 773 64
800 826 9
132 241 34
182 454 76
144 914 196
87 461 98
28 859 212
776 821 12
575 576 0
887 957 19
523 976 116
158 280 38
370 473 24
789 942 39
355 369 4
297 940 156
150 292 45
19 698 174
92 859 197
594 718 37
84 442 94
25 191 40
339 577 48
553 757 59
363 907 133
434 954 127
611 912 79
441 827 97
58 543 119
802 961 40
298 452 36
440 998 139
311 563 56
59 69 3
95 457 98
321 446 32
198 850 168
804 949 35
193 511 86
215 453 65
213 322 34
568 878 82
45 695 166
46 361 82
256 775 128
18 751 188
90 728 167
246 461 53
832 853 3
770 878 24
178 333 50
637 751 34
4 519 132
260 997 182
167 298 42
232 489 66
170 427 73
304 594 64
342 547 42
149 501 94
433 519 19
315 972 162
136 258 39
616 723 37
232 925 173
233 593 87
348 511 39
18 165 34
394 518 28
263 741 118
267 423 39
41 193 34
249 703 113
380 387 6
374 463 23
82 939 216
170 241 25
404 940 129
161 362 56
166 544 95
453 532 16
178 207 7
436 615 38
217 360 39
570 603 10
458 600 28
332 823 120
401 746 86
47 629 144
250 915 162
52 622 139
235 718 123
419 788 88
502 953 110
629 858 61
381 520 34
16 732 185
110 179 18
760 963 48
439 691 63
202 330 44
373 672 72
196 378 53
270 772 125
200 467 73
864 958 24
857 903 11
49 724 175
71 782 180
184 671 124
519 675 38
391 496 23
506 777 69
497 931 106
107 811 182
183 749 149
725 909 40
961 991 9
426 451 6
204 287 30
752 755 1
246 844 148
225 387 47
59 865 203
528 984 117
281 611 75
183 899 183
306 451 34
28 86 15
30 234 54
198 478 74
30 816 200
270 764 124
288 547 57
244 532 68
287 452 41
96 170 18
560 567 3
329 567 49
246 877 155
663 851 49
167 756 155
898 957 15
522 941 105
610 728 38
356 945 145
47 737 177
86 612 129
103 877 199
742 768 7
643 924 72
486 844 90
430 795 88
38 210 39
153 783 162
140 271 40
534 660 31
166 977 209
6 191 44
718 882 38
591 988 103
207 614 102
459 680 53
269 774 125
702 710 2
230 575 81
504 506 0
135 750 163
42 242 54
6 336 90
103 789 176
251 429 46
94 949 217
456 913 111
371 849 118
336 417 18
101 956 219
182 942 195
366 746 96
476 948 118
87 308 62
587 992 108
48 216 41
89 596 126
24 769 192
306 681 89
174 187 4
736 838 25
803 967 42
417 598 38
298 888 142
670 849 46
721 870 35
377 858 119
114 317 59
580 996 112
500 954 112
42 545 123
89 419 89
210 670 118
150 885 187
234 299 20
140 537 101
415 447 7
245 923 166
440 604 36
131 212 21
935 940 2
118 263 47
376 947 141
78 950 220
787 882 24
338 545 43
286 390 28
126 368 67
146 664 132
133 586 113
826 883 11
656 671 6
128 333 62
313 344 8
332 924 142
330 386 13
79 899 207
320 912 145
449 866 101
607 951 89
655 967 83
85 524 111
772 990 53
895 997 27
31 574 132
502 972 117
114 869 194
60 842 199
574 942 98
253 488 58
49 392 91
511 652 30
470 1000 134
202 269 26
99 298 60
474 854 95
691 847 38
107 396 82
39 328 79
755 938 42
122 170 12
379 412 11
348 953 147
371 498 32
511 776 67
683 969 73
620 947 86
100 837 191
71 788 180
12 44 10
560 890 88
615 871 70
463 735 70
186 227 13
313 505 45
101 898 204
443 616 36
429 935 121
207 610 102
354 683 80
34 686 166
383 540 34
305 519 49
263 486 53
71 658 145
287 883 146
110 325 64
309 671 85
29 681 165
20 1000 248
274 968 172
205 896 179
289 778 121
24 370 91
698 908 49
861 985 31
23 419 105
250 744 124
172 574 100
285 608 74
108 480 97
97 127 8
21 212 46
106 179 19
116 847 189
575 632 18
613 790 48
467 890 105
39 337 80
264 315 12
834 912 16
667 764 29
219 394 49
627 865 62
361 727 95
540 764 63
334 899 135
650 671 8
278 375 24
559 679 36
746 756 3
117 992 226
93 905 206
127 977 219
123 510 103
162 362 56
522 931 101
656 774 35
491 689 50
118 162 14
17 873 216
4 959 242
645 656 2
136 625 125
742 938 46
687 903 53
272 434 41
110 414 85
614 950 88
171 864 179
221 419 54
376 955 143
384 830 112
45 559 124
213 221 6
756 962 49
611 907 78
454 785 80
11 692 177
82 634 138
203 318 37
646 670 8

