400
759 982 54
87 696 127
735 754 7
372 603 34
200 446 47
388 911 112
415 607 30
27 62 6
639 791 45
367 847 99
276 369 17
120 462 71
218 527 50
366 619 40
718 825 25
32 405 83
71 558 96
335 661 47
175 861 145
267 450 28
56 263 56
8 502 98
566 769 54
425 450 3
69 597 104
113 266 42
751 941 46
99 929 184
153 956 172
660 670 4
226 565 56
116 884 168
409 923 112
500 970 113
281 365 14
617 781 44
233 484 40
584 660 12
530 638 23
371 634 41
231 634 68
494 548 6
165 436 53
695 900 55
293 626 51
168 928 165
368 715 66
25 438 87
245 973 154
236 645 68
389 849 95
435 826 84
660 809 44
467 934 108
829 865 11
500 730 55
111 645 105
195 707 103
147 585 83
11 844 179
280 436 22
240 312 16
690 941 63
268 920 134
543 954 103
478 518 4
141 974 183
3 120 24
346 827 95
356 812 89
422 762 73
480 499 1
220 867 136
76 123 12
364 416 6
224 361 29
242 578 54
102 972 192
68 238 46
224 402 35
292 396 16
55 673 126
627 837 55
678 720 17
151 307 41
32 318 71
241 929 145
536 603 14
744 929 49
110 175 19
236 665 70
204 228 8
251 526 43
235 352 23
200 548 59
406 757 72
858 881 7
206 869 141
399 498 10
122 840 154
373 598 33
506 805 70
316 468 21
320 419 12
321 528 25
388 762 75
747 749 0
462 658 31
293 965 138
14 690 138
208 375 36
103 419 68
32 277 62
459 790 76
325 923 124
85 269 51
518 872 89
423 985 125
345 716 70
666 902 70
279 763 95
422 881 102
499 964 111
482 885 95
20 474 94
387 917 113
611 759 41
123 685 112
205 569 64
660 873 63
321 647 50
291 574 40
48 980 206
49 238 51
159 273 31
20 819 170
254 467 36
53 596 109
154 793 135
55 852 176
998 1000 1
283 761 92
52 577 104
526 944 102
864 932 18
274 733 87
477 556 11
13 750 155
126 597 91
193 537 59
253 951 146
99 907 179
273 336 13
261 668 68
81 567 96
760 878 29
344 373 5
191 719 105
126 781 141
196 401 44
830 991 39
70 218 40
262 928 140
26 146 27
188 498 56
193 504 55
133 842 154
97 134 8
209 919 150
665 981 86
366 998 134
33 907 193
531 701 43
407 535 15
82 160 20
112 894 173
896 988 20
451 682 44
205 444 45
163 580 76
203 387 40
702 840 33
745 1000 62
665 850 54
82 392 72
256 748 96
702 956 61
711 872 40
770 843 16
266 710 85
762 922 38
252 268 7
183 382 45
190 668 86
137 740 127
404 785 79
585 905 84
508 509 0
530 712 48
751 770 7
108 674 112
589 784 52
275 372 17
29 538 98
857 996 32
299 676 60
410 603 29
195 367 39
53 423 82
346 417 8
131 482 71
235 471 38
491 509 1
500 879 92
551 891 88
63 391 77
91 139 10
186 560 67
218 641 73
77 617 109
104 815 150
103 148 12
91 193 26
563 804 60
883 1000 26
826 869 14
149 926 170
151 714 116
435 759 70
325 363 6
156 979 178
575 624 12
164 943 166
204 913 152
197 921 155
787 808 3
621 651 3
361 846 99
71 134 15
247 278 9
332 484 18
89 538 87
70 155 23
540 638 21
17 796 167
149 818 139
198 558 64
247 684 79
145 708 118
609 886 73
78 181 26
919 989 16
473 957 110
196 602 73
877 994 26
124 132 1
100 220 33
363 510 17
384 753 74
780 879 24
522 589 15
523 611 20
435 994 125
161 317 40
207 815 123
232 845 123
388 411 2
434 768 73
470 585 18
143 655 97
216 749 105
246 696 85
185 816 130
301 405 15
72 913 186
296 512 28
412 632 35
584 869 74
34 398 83
503 750 58
31 93 14
287 802 99
123 980 188
188 779 124
706 953 59
92 705 129
433 990 124
810 869 18
86 955 190
302 482 24
588 903 83
24 51 5
376 697 59
29 462 90
213 845 131
227 323 22
457 555 14
455 806 76
225 572 58
396 466 8
230 759 105
683 958 70
89 357 65
161 851 147
508 978 114
786 965 43
197 443 48
47 631 116
52 541 96
649 846 55
48 943 196
426 682 47
43 204 40
132 601 90
209 433 42
434 819 82
266 422 25
570 938 92
108 761 140
233 681 79
494 550 7
231 934 147
79 457 79
419 986 126
672 867 57
163 367 46
353 589 34
583 906 84
237 565 52
228 295 18
517 834 76
90 968 194
106 643 104
532 552 4
257 714 88
428 586 24
116 313 50
151 459 61
2 478 97
26 664 124
185 556 66
108 423 68
886 945 12
10 73 11
536 812 67
411 563 21
485 698 47
118 990 190
300 964 136
268 520 35
84 624 108
390 417 1
130 340 53
121 662 103
14 750 155
231 704 90
270 407 22
322 686 62
207 409 40
659 999 91
685 968 74
104 384 64
157 443 57
838 872 11
80 767 148
400 993 127
684 963 72
314 618 48
575 971 100
127 626 98
393 493 11
292 612 48
181 871 149
102 105 2
374 533 18
152 797 135
396 584 27
36 968 206
44 161 29
410 533 14
20 884 190
290 643 54
654 720 24
566 855 73
213 246 9
49 834 169
123 408 63
216 440 39
358 978 132
494 684 39
89 512 84
126 424 64
228 418 34
308 692 66
177 730 113
254 852 124
122 196 20
236 367 25
21 425 87
563 575 2

