5000
-96
-95
-93
47
-93
-48
-2
84
-51
-11
60
-51
-15
37
-21
46
105
86
-74
78
-18
79
-93
-73
-123
-31
42
56
122
-5
-7
23
68
-20
42
-63
35
-97
54
-87
-47
-91
96
-18
44
88
6
66
119
92
-64
-50
15
-44
-97
76
-126
-78
-12
-92
-38
-27
-40
48
28
-6
-103
-79
-41
-26
121
9
58
-20
60
40
86
19
6
-45
-41
23
-40
-125
96
-108
-98
-8
64
-110
-14
25
-19
-21
-65
116
20
40
-86
3
-111
-23
50
76
35
42
9
-102
77
-77
124
-38
-72
-54
108
97
-104
34
27
52
66
76
13
41
104
-5
-30
93
-9
-128
68
117
40
-41
-121
23
-102
-115
75
92
72
33
91
-93
10
95
86
93
-59
48
60
5
91
38
75
37
-108
108
12
61
-17
54
-74
-5
-91
17
1
-111
47
79
-90
95
79
-84
113
-103
9
60
49
101
-23
-35
-26
77
93
23
113
123
56
-78
30
117
-126
109
17
92
-104
85
-118
37
-5
-101
-98
-21
74
120
111
-73
8
-28
119
-48
-78
-49
-80
61
97
103
107
69
-96
72
33
-61
78
34
-99
1
-32
-10
0
47
-108
77
91
115
62
87
89
-74
12
3
45
-64
8
-37
-70
39
31
55
107
103
62
49
-123
-33
-122
-33
-46
-28
-86
-96
-112
-94
75
-1
-57
2
32
25
102
99
17
-86
108
79
-36
95
-83
53
76
78
-83
-120
11
122
41
-25
-61
-39
-75
117
49
-70
-114
-114
24
-44
-123
-43
29
50
29
-58
-45
94
100
97
-117
-23
-127
-49
-55
-114
-23
28
52
-4
-38
126
79
-68
111
9
-100
4
-51
106
56
92
-58
-126
-73
112
-125
54
18
78
105
-23
85
-35
7
92
-55
61
54
-47
1
-113
40
-83
-82
49
-67
-2
-59
-36
92
-114
-11
111
53
-74
-51
-43
62
-121
-114
99
16
-60
93
59
-43
-53
-36
-34
16
-14
-65
-117
-62
-31
90
58
-37
89
10
49
-38
-36
17
82
72
92
-75
-108
32
88
124
37
-2
-42
8
126
-74
118
-57
114
7
-114
-84
109
-10
52
30
104
66
88
-25
-5
-24
-97
-100
91
-41
-37
-22
74
88
-25
-79
-68
-64
-111
31
81
-5
-114
-64
123
-42
99
-70
97
106
-96
-32
71
47
110
-62
97
-107
-10
-92
95
50
50
-78
-127
-71
122
-90
-67
104
-64
-89
12
58
-15
42
-89
-39
-61
-122
-90
-13
-23
109
77
120
2
-36
77
6
-65
21
22
92
33
-40
-85
-36
-108
46
5
34
-116
-22
108
-91
90
63
126
111
-11
45
57
-43
9
-119
83
0
36
-25
75
90
45
35
-98
71
-35
66
-103
-96
73
-89
46
-42
-117
69
-61
-28
95
-68
103
-35
-37
114
2
-9
-37
-48
36
-38
-124
49
-38
71
-47
-23
-1
-12
-113
106
-79
-50
-114
27
49
63
0
29
41
53
-52
-126
-32
-87
-69
33
39
5
89
-50
-5
-9
61
-36
-28
108
22
-46
30
-5
59
-77
19
-18
-73
72
-65
75
-66
26
-111
25
-60
-89
-103
-12
84
14
-91
-33
82
11
-5
96
-11
-64
-77
96
-88
-17
91
118
65
-85
28
-52
-77
-36
58
91
7
82
-94
48
18
91
-34
-5
-85
-104
-47
-61
38
53
101
5
71
90
74
40
48
-73
59
78
-106
123
-33
102
58
43
7
-23
-122
105
-92
118
-7
-52
77
115
-115
-38
6
-85
34
33
65
32
23
-124
-99
105
-105
-61
60
36
15
68
104
-5
-20
86
52
-80
-63
-123
10
22
-40
-111
67
-60
-122
-32
-85
-11
-29
-24
-114
62
-43
117
18
86
80
-4
-59
-5
-101
-53
-107
23
80
96
35
-87
74
-51
49
-54
7
-48
47
87
56
-95
-77
-92
-30
-54
74
-110
122
-103
5
76
-97
-82
-122
35
107
-27
-31
-66
86
3
19
1
-91
107
50
36
-7
33
-1
9
-49
-26
-127
-2
-70
-63
18
59
19
4
73
36
-24
-5
114
53
101
-26
-50
-120
-90
110
6
-53
48
-3
-77
19
-83
-29
-29
0
-47
33
73
-63
79
118
54
-78
35
-20
-16
90
-98
-78
-57
-35
-81
101
-126
-42
-73
11
24
75
-66
-94
-37
-40
73
15
-98
32
61
109
-27
121
-28
-33
120
19
-30
-82
-81
-73
39
-1
-23
-87
-119
-10
-28
-24
-84
-4
-99
54
-58
96
-125
-127
59
12
-18
-62
16
111
99
-90
-84
0
-78
-68
75
24
108
-103
121
32
-115
11
-11
58
112
-85
-123
65
64
-40
20
-112
70
82
-6
105
74
-66
-50
-10
-12
-85
109
25
-66
-22
99
37
8
-26
-125
-39
119
-28
19
32
-14
-15
41
51
-92
-99
107
66
117
21
50
17
-120
-19
74
-13
73
-26
7
121
-125
-126
101
54
-78
102
60
39
-8
69
-115
35
27
-20
70
124
-3
-13
30
68
104
114
7
-32
55
-82
-57
-65
-88
-17
-23
-98
47
121
21
119
-12
27
114
111
114
-76
72
-82
108
-36
-83
107
-119
26
-79
-125
-60
-63
2
7
-91
90
-44
-120
-22
-18
78
75
43
-47
-12
49
14
20
-19
-126
-103
88
-3
119
-95
-126
-5
49
-34
-10
-122
-40
30
-81
-41
-81
-34
-58
96
124
55
46
13
60
-91
-11
105
49
-89
49
77
-75
-15
-18
-40
0
40
-47
13
24
-37
-75
102
-82
89
-50
1
102
-74
37
95
60
-5
12
4
48
-25
31
-8
79
-38
-110
31
-43
125
94
-101
-9
-28
-2
-31
-43
-18
12
59
-71
-80
-64
87
85
-52
-30
-28
-37
-79
60
13
26
24
-42
29
121
-125
95
-77
-101
88
67
-72
-93
-83
-68
80
-68
66
80
-98
41
84
-63
-25
14
12
23
-58
67
7
53
61
24
-104
85
-19
-34
-27
-47
7
24
-75
-77
-124
120
38
3
68
105
112
93
24
-91
13
-56
-86
111
-34
123
63
-97
-119
-42
109
121
-35
36
103
50
-81
-65
-72
-117
61
45
22
-73
-67
63
15
-107
20
-40
73
56
-125
69
-93
-105
75
14
36
-59
-48
75
-96
-18
-32
-126
0
80
52
-69
-33
-95
16
-107
-77
40
-26
73
122
-30
-92
66
10
-38
97
-127
-36
27
-7
-86
-103
-110
-41
-78
-10
81
-107
89
-107
89
123
40
-21
74
68
-123
-111
-68
45
85
-2
-73
115
-114
100
-64
58
-13
111
-71
-122
-127
-2
82
-29
-59
31
41
90
-71
-125
59
92
-109
70
112
-37
120
70
-16
60
-90
40
91
-51
41
54
44
-77
109
-71
123
-117
12
-60
-18
117
79
19
33
-97
-23
56
-84
110
104
126
70
91
14
122
-125
-110
-114
109
-27
-77
-82
119
66
117
-63
94
-38
-85
108
20
87
-28
-60
73
126
-22
16
-2
69
-1
17
97
30
115
-126
-31
-22
-128
86
-69
24
10
42
-69
-113
-84
17
-98
114
26
2
-7
6
18
-104
-42
40
-108
-35
-6
93
40
-46
-88
99
73
-30
-75
-107
-106
-48
44
63
2
19
-69
117
44
-11
91
120
28
46
-2
-112
-119
74
36
-29
81
89
-52
106
85
109
19
-109
84
-69
-114
-114
83
-43
53
-9
-44
-74
-75
-71
-84
-116
81
60
-84
124
102
-26
-54
19
-35
13
-101
-34
57
48
-70
111
126
-15
59
-1
-17
-26
-55
-83
49
93
79
67
30
26
-96
101
106
-68
62
32
-77
-64
-61
21
-90
18
78
-45
-87
63
38
15
58
-86
-18
-62
-83
-75
-119
-124
23
117
-51
47
116
54
78
-82
48
-12
20
44
-57
60
48
-76
13
-31
125
-40
98
48
-48
69
91
-120
82
35
114
64
45
116
6
-12
-92
-107
19
95
-123
-117
-80
98
114
60
-53
-16
-75
125
-56
0
-38
-40
-90
4
17
-37
125
19
30
-89
-65
-17
101
-60
-70
-64
-23
-40
-5
-50
-106
-118
-127
-75
19
-118
40
17
-51
80
99
-19
54
33
13
-27
30
-70
-2
109
-40
17
-25
-120
96
38
109
-89
82
-47
-85
76
46
-51
108
66
121
124
8
-3
47
58
-113
28
-19
-42
57
-38
-17
-31
44
-92
77
78
9
-45
-9
33
-82
118
-88
84
39
70
64
67
58
93
-113
-18
1
-102
94
9
30
41
-124
44
107
-35
-23
-52
122
-78
-97
123
-16
-4
-55
-20
24
-37
-16
93
-53
-14
72
-6
56
-71
103
-111
-57
-63
-102
6
-94
-9
42
-45
-98
-15
-96
-55
-68
-107
29
-35
8
88
96
37
39
123
-41
-99
41
-57
-33
-34
-86
67
-73
44
79
-92
37
-81
-56
54
124
3
113
66
-54
-112
-43
95
-107
-12
-91
87
115
-10
-122
0
-64
-37
91
4
-125
-31
-70
52
-74
-19
13
23
110
-113
87
48
48
-49
-85
90
-56
12
-123
78
37
-79
-37
-42
-113
-85
51
-3
-16
52
108
-37
-15
-20
49
50
-32
31
-116
-83
-104
-36
99
-39
-84
-64
74
117
7
110
102
-24
2
107
-43
-54
-108
-79
83
-94
-4
-116
-20
-124
35
-5
-86
53
68
88
-76
36
114
-110
-68
19
-90
79
36
57
85
20
-99
28
-104
-41
45
-92
-29
55
13
-101
75
3
28
22
8
-97
-105
88
-8
-50
18
42
67
-37
-88
-108
39
30
-50
102
-100
-45
124
-73
-120
1
-123
-37
-42
-3
-40
56
-112
-74
29
-75
109
-13
-37
-74
-116
-77
-44
40
116
-34
-120
-128
91
-45
96
-22
11
-97
86
0
-81
48
-13
-51
-127
-104
7
95
51
-61
-67
39
94
-109
51
-102
-85
-84
-39
98
-109
64
15
60
-122
123
-84
45
-88
16
-29
-93
-90
-85
124
-97
-97
47
-92
-32
57
-103
41
-66
-128
-14
-5
101
118
71
10
37
-120
-1
31
-65
-68
-97
97
-116
14
23
-18
-12
58
89
11
54
-125
-62
-117
-4
-40
85
89
71
-89
79
-105
-76
69
-18
-126
-122
0
-92
104
22
83
12
-100
-109
-14
-15
102
116
-60
105
-5
-12
22
-82
125
-9
-31
107
32
-8
109
121
-101
-50
-13
38
-101
-35
-9
-31
38
-105
-63
-40
-70
91
12
96
22
-100
4
56
-69
-24
-34
-25
117
-11
95
6
53
-81
-79
33
71
-89
84
-30
-121
11
-110
71
-28
94
-33
-98
-112
-36
-127
-109
-50
103
93
-71
-21
125
-88
-30
41
-99
125
84
-17
18
-16
24
18
-119
-97
20
36
38
-127
105
-102
-13
48
103
66
58
-37
32
-127
-39
62
123
-9
-9
54
10
-110
-127
28
-43
-38
82
-43
-51
111
-95
86
25
-5
-85
-15
16
-82
-17
-104
-86
3
-101
62
-73
-47
-26
4
-40
24
57
-41
106
4
22
18
27
-113
-119
-124
-91
-27
66
26
54
12
84
113
85
20
26
123
72
83
-120
12
23
43
25
23
78
82
95
18
-28
23
-78
111
-39
17
-32
-57
-82
-74
-67
-27
75
118
-69
27
27
61
4
100
-44
-53
29
65
6
125
93
19
119
57
67
126
17
23
-121
-83
17
-30
-99
-103
-41
-95
-99
-42
16
22
108
-72
-38
-27
113
41
-102
89
61
-55
76
-67
90
-104
97
120
86
-97
-119
-35
101
-53
77
-111
-118
-121
119
24
-120
118
-36
116
-123
23
-19
59
93
111
-37
-128
-85
-55
97
-73
-85
-121
46
87
33
-33
0
-19
-32
-106
-38
14
43
-103
-42
-121
-29
34
7
101
-35
-95
52
-15
-112
-112
-91
79
33
-6
63
-97
-108
74
61
64
-33
103
-105
-65
-83
-124
113
81
-46
-98
-54
94
-62
-43
123
118
72
7
38
10
-107
-93
59
35
17
-126
37
93
-109
51
-88
28
-51
69
-7
66
25
74
102
123
116
48
-84
-84
78
-44
-94
-96
-122
-109
116
84
37
-12
-89
59
63
-111
-27
97
-63
-123
-18
65
-3
3
30
-49
-113
-122
44
-81
-78
-27
-80
-119
-42
-117
-50
59
87
104
-82
34
39
25
72
-8
9
103
73
-45
-14
-30
-12
36
-81
-40
12
81
81
54
-60
13
88
30
76
90
64
40
98
16
35
-73
36
-86
66
-65
-123
41
105
59
-64
-74
-71
1
-107
-65
-84
21
36
-17
66
56
77
77
93
118
-94
-25
-99
-13
39
117
-58
-46
107
84
59
-4
-69
-12
118
-36
89
4
-118
-98
26
-73
67
83
51
-124
-29
13
76
-41
-85
-2
82
43
120
28
89
16
-81
-97
17
46
41
-71
-123
88
83
68
-62
121
55
-103
113
-13
37
-18
-2
17
70
-101
50
10
-41
104
-1
44
87
48
113
74
24
-63
106
22
-18
69
-61
-105
-77
-34
-1
-84
90
60
18
-94
67
-24
68
-40
-78
85
13
113
-47
-41
-6
-97
85
50
-28
-6
67
-28
58
28
125
68
-15
122
26
2
-92
46
35
-93
78
-105
115
57
88
-83
8
112
40
61
56
51
18
-126
67
-41
-72
35
29
15
47
-105
68
-36
-65
-9
2
-110
75
-118
85
40
-102
4
23
-34
-16
-17
107
16
-26
-54
34
80
87
1
53
49
-123
42
-76
80
16
-98
64
-91
42
-11
18
-88
75
-23
78
-108
59
-93
-39
121
-109
-25
-6
77
89
-67
-10
82
91
70
-68
-63
-99
123
-5
60
105
14
77
113
-83
32
30
88
37
119
-70
79
126
27
-66
84
89
105
-113
33
105
-12
106
66
100
9
-44
120
-42
-112
-99
35
23
-31
-35
-20
-33
-90
-80
-39
-87
-34
17
36
92
-108
53
-122
109
18
101
-60
7
-118
-56
-122
-95
77
66
-76
-34
40
93
6
-88
119
-91
-35
-34
37
-126
68
83
-57
-29
77
102
24
-92
3
125
-8
-95
-58
-117
-44
-98
61
-30
66
28
-82
103
15
23
89
-70
-109
81
55
16
-27
50
122
-72
71
-119
36
8
69
-25
-23
49
-86
43
7
-18
28
-98
31
-43
12
-11
112
124
40
20
8
82
-55
60
-15
28
-59
-23
-102
104
103
-46
90
39
1
-86
-54
-59
-22
69
58
12
-102
-100
33
33
-27
119
94
-87
75
82
48
64
-113
-115
15
-33
-27
115
41
-117
-117
29
-90
51
96
-68
51
7
104
125
-75
111
-51
47
-32
7
-80
-61
-82
33
109
78
-104
67
102
-17
-124
-111
-2
-120
40
57
22
14
95
-12
-116
42
-126
-124
27
121
35
51
38
81
-18
-92
-109
56
-52
75
71
69
-22
74
-92
-48
-76
17
95
90
-99
-65
35
71
124
-6
122
10
-123
33
26
44
5
-80
10
-76
-3
103
-29
22
28
30
36
91
-105
78
-28
48
-16
-95
-59
33
29
-28
-53
-14
114
111
-90
10
27
40
7
65
-30
-25
39
85
58
-82
-30
42
55
28
-9
-125
-15
28
-97
82
82
2
-70
82
-10
28
45
-47
-42
103
-89
22
-97
40
112
104
122
-59
30
-25
111
-31
40
-30
-6
1
108
-91
-113
62
-91
-99
29
105
-69
-30
-29
78
103
-85
-38
-22
-91
-4
-115
-88
-79
96
-102
-11
25
55
-105
45
-95
-2
118
-122
68
123
-86
-91
37
86
-22
124
-120
-63
-26
111
38
-50
-116
-104
-83
-85
-47
-117
44
-77
39
71
17
-49
115
-20
-63
-113
-13
-53
-120
121
8
-12
100
106
96
-1
-11
-21
-3
25
-85
39
84
-105
59
26
45
-71
-103
-54
46
-92
-19
23
-128
-78
-128
-55
42
-121
82
87
68
-119
121
32
98
-18
71
-14
96
-107
-69
-125
-53
-51
-71
-40
-70
53
72
72
-18
-3
85
97
124
53
-67
-99
26
100
19
-4
74
-18
-108
100
-14
-2
-69
53
-51
5
-52
7
17
42
85
-87
-81
10
21
68
43
-51
6
-3
-67
90
44
30
93
-1
6
101
21
72
53
-113
-49
82
88
-99
-110
3
-25
107
116
-53
103
-81
-113
35
-35
-9
25
-92
69
81
-93
96
-89
2
39
11
-46
-82
107
-7
-118
-87
14
100
-102
-63
6
-3
45
-117
-20
41
-3
15
123
55
-95
-17
58
-77
115
85
-64
51
-54
106
-78
27
-37
-93
-54
-91
-13
104
125
-6
-91
-80
-1
-34
14
-32
71
-43
88
118
109
33
19
36
-96
-62
-127
17
44
47
-120
31
71
122
-88
3
-108
10
95
-32
17
99
-18
9
96
38
-118
-67
55
-99
99
9
-120
-108
-48
36
116
-100
-109
126
-43
64
-117
104
34
-54
-74
-116
-126
68
42
-79
98
104
72
101
55
-20
3
-42
80
45
48
71
-125
0
-38
61
53
-48
-2
80
-68
66
5
-118
-123
78
-60
88
-21
79
-107
89
-75
18
126
78
72
-42
-47
111
111
-57
6
83
11
-14
68
-95
108
-40
13
33
-120
0
-90
-45
-30
10
126
124
118
-61
68
39
53
-9
33
35
64
-55
38
-97
-64
76
69
-28
-122
-107
-27
106
-94
112
47
-75
-94
38
120
-118
8
30
-59
-120
19
-4
121
-11
-127
-83
22
21
49
96
85
-20
2
72
-40
97
-34
-100
-99
-31
89
77
105
96
-109
-84
12
21
-53
-89
-16
34
80
-54
78
-29
-7
-44
24
-118
63
-76
-123
-49
-31
-39
-128
-8
59
108
-127
7
107
92
-21
-101
-47
49
-98
124
23
-62
114
54
17
-105
20
-54
-49
-109
2
-5
-27
-93
48
69
-54
-43
-85
28
-51
92
69
-84
-117
-40
15
117
27
111
-106
55
33
21
114
-65
39
-19
-79
-91
-19
123
102
-62
-43
4
106
-25
-100
-90
-4
-71
-97
-89
-86
-74
-40
-57
77
33
39
-91
78
116
125
-118
-61
-122
3
-70
-66
-110
123
117
92
-85
-35
42
-36
-89
-61
52
-92
95
-103
-75
21
-21
121
103
-128
42
44
-37
-109
112
-39
-9
92
-82
-111
101
-97
33
-12
-79
-92
-12
-127
7
66
117
-62
80
-67
-48
-15
89
-56
55
30
114
18
121
-30
-45
-112
-81
-6
-93
-83
-65
64
-105
-71
-105
86
-128
108
-107
29
-29
-36
-88
102
-30
101
-35
-10
85
0
-33
97
61
10
-97
70
123
22
70
-104
-119
51
75
-12
-65
60
-61
-3
103
24
54
83
30
95
-18
-59
-35
-94
-50
53
-23
-28
-29
99
84
12
-38
40
71
-1
-45
97
-33
-53
-71
-114
-111
48
4
75
119
-111
60
-27
69
-26
-33
68
8
-68
32
-9
-71
-71
58
36
112
89
-98
5
-33
-63
-127
1
-31
-121
75
-5
-78
98
-88
90
102
67
-111
0
-53
25
23
-115
90
51
-105
-112
78
-41
117
-83
102
34
-90
-117
-4
-42
57
59
-70
114
-12
62
-110
-75
-81
-113
78
-34
-100
-10
1
-14
105
-128
-10
77
-86
9
-98
-57
-110
90
59
-61
7
87
-80
82
82
-103
70
-91
109
85
-9
48
112
-119
22
19
28
87
6
55
-124
28
-47
88
-25
3
-65
-125
109
-91
124
-50
29
-91
-100
-117
-108
-79
97
47
124
77
-18
29
-102
-6
-50
67
50
64
-12
-60
110
-63
-90
78
114
-57
125
-6
57
0
61
-118
-58
113
-62
-122
-61
11
63
123
-53
25
24
-25
67
-5
8
-119
-5
37
107
33
103
1
37
-88
86
-8
-23
103
76
-8
-15
1
-72
108
-98
-118
-88
63
110
-6
109
-85
57
29
106
-41
-107
-108
17
40
-122
-85
-75
34
72
-29
59
62
-10
-88
108
-9
13
-99
-112
-48
56
45
70
-83
110
22
-87
-114
-123
5
-58
-84
108
9
-10
101
-37
-2
90
34
-78
-109
101
-18
37
72
-7
99
56
38
108
75
105
-73
17
9
-49
66
-102
-65
10
-121
-115
27
37
-90
62
52
-12
-119
31
-114
-38
-87
78
-80
-93
-45
-19
123
39
125
-112
103
69
-46
125
115
110
-108
122
86
-85
95
-69
98
121
115
123
63
52
22
-26
93
115
-70
115
32
14
-120
-82
-58
10
-38
94
111
-46
-23
111
52
113
99
-101
-56
-34
-27
-15
-11
89
2
-118
24
-71
-61
-39
19
-40
-93
-32
98
-14
98
34
35
-22
95
-106
9
-109
-119
-54
86
119
89
-78
118
103
-82
126
-39
-38
55
86
108
113
-99
120
-13
59
108
-5
17
15
-123
-31
66
-76
27
-4
-2
-21
7
77
42
-10
25
83
52
-63
-80
88
-77
-95
111
-106
-105
-12
37
-104
-2
23
51
31
41
16
-109
-81
-103
113
97
-65
-125
-51
39
83
85
23
94
-112
74
52
111
-97
18
103
-92
53
45
-12
85
-24
16
-47
-43
73
66
114
116
18
-80
-95
-66
-76
12
101
55
65
67
-9
2
106
91
-86
-87
91
-114
113
71
-76
107
-81
83
119
-41
-116
14
-23
-98
107
-35
92
119
15
43
-56
57
121
86
77
-126
-98
23
-123
-57
-17
108
91
-33
-105
-39
-26
39
21
-127
-86
-21
107
-66
-128
-59
-67
-113
-24
72
-62
63
-1
111
40
24
28
37
-121
108
-19
122
-53
102
-11
87
81
68
-92
85
-68
80
110
-33
-29
51
-48
46
35
-4
-77
-76
-33
-104
-121
-18
-122
6
106
-44
121
114
-8
-106
96
-48
73
-109
-89
-16
-77
69
112
-17
-32
-90
-24
-16
100
51
-58
-76
-61
47
-122
71
86
-89
-78
-2
120
55
-32
-101
25
-48
97
26
6
-40
110
-51
-14
-116
93
-98
105
-19
-33
12
38
43
-69
69
-121
-74
-50
4
50
-76
109
60
106
62
100
100
33
24
-106
-108
101
-4
42
-64
111
19
120
-52
-39
32
-120
-9
-1
24
-68
77
13
-107
120
-57
96
-59
64
40
-102
-63
-69
11
-86
-71
10
-22
74
-22
-21
85
103
116
85
113
-87
91
109
63
72
-82
88
-66
3
4
103
-52
-107
103
82
-21
-25
-28
-111
-26
-103
27
-20
-75
109
-71
32
67
-85
45
-120
67
106
-35
17
-74
23
35
75
11
-113
-79
23
21
100
48
-103
-120
-112
-61
63
80
-66
-104
-49
21
79
-49
79
125
86
49
47
54
-104
-12
-84
-19
-59
20
-101
-113
-126
-121
-70
42
-45
-125
-121
17
18
-79
-23
-46
-11
-61
-48
-116
-92
23
104
50
-74
23
-122
-99
-23
-47
-117
69
34
-73
-27
59
-87
26
-77
-24
-111
-35
83
-125
19
57
0
-111
7
-114
-128
8
-47
40
9
81
25
-79
-70
-62
34
108
21
90
118
53
123
35
56
-15
76
44
-90
-32
35
70
2
43
-37
-82
31
74
97
-31
-10
8
21
11
-127
-37
-7
-107
110
22
1
48
-89
12
63
-73
-92
-73
-59
101
82
-1
-72
39
48
-120
45
-125
20
46
-62
60
-11
81
-53
78
31
-8
73
11
-83
-69
18
85
-86
45
87
120
111
38
49
1
75
33
-59
33
-64
-12
0
30
17
-49
-60
-52
-100
-7
62
-6
0
-108
-22
72
-38
-61
103
124
-62
77
107
103
-125
-72
-108
-30
-53
-20
-118
6
-23
-103
-38
112
45
103
-98
123
29
87
109
-99
82
-104
67
4
71
-92
-67
99
124
90
47
-66
31
0
42
47
119
-89
82
52
30
42
-83
-40
58
42
-112
10
46
-52
4
99
40
37
49
8
58
53
-49
-94
-68
-105
-105
-87
75
4
-25
110
88
-13
64
-3
-128
113
-17
-107
-41
91
-27
-95
61
-126
-119
-53
26
86
76
-24
98
35
49
98
47
-61
-19
61
-43
5
83
-108
91
40
14
-71
-7
117
83
-36
31
29
-42
-70
107
4
-22
74
50
34
-96
-76
-97
30
66
12
104
8
91
-111
2
-21
-16
-48
-98
-119
68
-10
120
32
22
95
42
53
-93
-29
11
-23
-53
-2
-115
2
54
-18
-39
17
-106
46
104
58
-4
26
-27
-102
13
67
21
-70
103
-86
7
73
-102
73
-86
12
61
-73
-118
59
-29
55
-48
104
46
100
113
97
-40
-109
117
20
79
88
-32
71
93
20
-23
55
-92
-105
-66
73
63
-55
111
-107
-53
122
55
-27
-32
93
-74
85
124
125
-54
92
-106
-26
96
69
81
-107
50
-71
59
-37
82
-19
36
-27
34
-43
-120
42
76
-52
47
-119
-45
-18
63
19
97
63
-69
-55
0
126
60
23
-2
8
-107
121
62
-73
-2
-53
-15
-67
87
39
69
-12
99
-41
95
72
-61
63
54
-99
-68
18
4
-82
41
56
123
-102
50
-90
-119
18
-92
-83
5
-99
-4
-51
-16
-17
-34
-112
125
-114
-93
-121
107
-81
-124
101
5
-49
-127
-120
-61
56
-50
-60
126
-57
118
-101
-16
-3
-70
-39
76
-71
22
-123
-113
-100
122
52
-26
58
81
-22
-128
74
-75
68
124
126
13
26
-119
32
-119
-56
-48
80
-89
48
-83
104
-15
38
101
60
123
19
-50
-24
-48
-56
113
84
46
-88
-74
-123
-52
41
-3
104
-20
85
105
125
-55
-80
32
-38
-103
36
28
-34
92
-42
-79
-128
-127
124
124
38
-41
120
109
-113
-122
-112
39
97
-13
36
-30
48
80
65
79
-91
92
59
90
-120
4
-67
-17
-68
35
-51
72
116
-22
104
-35
80
36
-22
-80
-20
120
-118
28
-42
33
106
-79
-122
-10
-50
-4
-53
-5
45
-64
124
71
-4
59
126
-90
119
-71
120
-1
3
-43
116
-106
43
53
122
2
-116
-18
-12
-94
8
86
79
-86
126
-33
46
-79
4
106
24
42
0
-114
29
-93
-128
-57
-15
-92
80
-111
-29
-114
-33
14
29
-93
44
-14
45
-50
91
6
49
5
6
110
-56
8
2
76
120
-4
47
10
-104
-59
126
29
-65
94
9
-25
-74
-50
90
-46
-95
65
-76
46
-88
30
85
-73
82
29
28
104
-127
1
59
105
-69
-32
24
97
79
126
-118
-37
114
-59
-114
30
-127
126
102
18
-37
-85
108
-10
1
-33
9
62
7
-7
46
-26
49
-7
-21
-22
82
-62
-97
-36
-88
-92
37
-107
90
93
-4
88
-91
42
120
-8
-116
91
-114
26
-118
-65
-18
68
-75
-8
-55
-72
-111
-49
-18
502 3670
3423 24
4109 4026
1872 1738
623 1421
2347 4801
3317 2430
444 2779
1011 2275
3108 1447
4645 1666
4598 128
4389 1126
4789 320
2295 1182
3357 4160
707 2552
4471 1096
454 2721
1733 2794
1641 136
4147 3429
2631 4175
4549 2727
576 3189
3401 15
357 1018
3442 2629
3926 1386
1149 3226
1190 4825
1861 1115
3474 2020
3822 762
192 3311
4257 4558
269 4165
240 2218
4893 4036
2109 4983
2504 4443
3090 1744
4782 1455
4522 3518
2461 1655
2594 3571
1985 751
4103 2184
4846 2677
4216 4068
1488 734
2494 854
2588 2878
2467 3444
909 144
1020 1207
4247 1390
1642 2638
3194 3514
4262 2728
4392 2324
3720 1447
2378 1480
3733 3
3112 3816
367 1873
875 4097
1526 2852
116 2624
2248 4496
75 1094
3247 581
584 2905
663 1645
3187 1411
3075 3780
2515 1364
3097 2817
4760 927
4105 2544
3254 3934
2014 565
3781 1391
791 3785
4827 1523
659 3391
3581 2345
2044 2836
4907 1313
1830 2498
2624 1413
4669 2598
829 2927
1501 4370
304 770
1666 1146
4866 1247
1233 3721
3952 1961
4668 1158
3608 1873
3101 2369
45 4430
3322 3334
1757 1115
3205 2933
3085 3836
3083 3683
4677 1826
1117 4271
92 607
1364 1422
3241 1708
3304 204
2741 3069
1056 4897
1197 4749
4240 3671
478 1739
2345 319
786 650
4602 404
538 2146
4494 2773
3107 1068
2059 144
2830 296
4142 2237
4993 1097
3520 4536
1998 2138
3770 1849
2555 1487
3752 1085
1426 3516
3285 2719
3451 2224
2964 3671
2186 2912
4485 1041
3971 3111
3844 4462
1227 2694
2758 3173
2548 3737
4887 4963
3306 2995
2111 1855
4062 1621
983 4654
3119 463
2279 2432
2961 4592
3365 2314
722 3258
2075 4426
1251 2739
3529 3743
1731 4196
2317 4220
3088 718
4670 4148
1360 3482
4840 4799
2944 306
2979 4083
3617 2984
4052 2686
1283 391
1121 2919
4713 1304
1152 3242
906 2883
776 4469
1042 2882
1157 1221
1256 1847
4388 1766
2924 2420
4869 660
4158 4459
617 1758
2439 3403
1702 1351
4942 3413
3397 4231
2331 1827
2095 24
2255 215
2930 536
4955 4251
3277 1037
2651 1554
1343 1802
4201 2605
4813 194
3193 4616
608 4238
2171 4309
3212 2118
1255 3321
2721 1123
309 4718
632 151
4361 4241
998 4384
2281 1438
2305 794
4825 679
12 3020
3842 3811
4815 3412
2527 4833
1990 3266
4912 2308
1043 1611
4806 3761
1672 4559
4280 4137
195 3337
1966 1972
4664 1606
486 2647
2245 1743
93 3420
3078 1574
3351 4143
3160 4209
3154 2954
4515 4527
3385 3716
1493 562
458 647
4039 3191
1153 686
572 3208
883 793
2849 4562
4971 3171
2460 1078
1458 391
4298 3234
2424 2259
3620 3105
145 440
4205 1245
4458 3521
815 225
811 4525
2189 2060
1959 4936
3446 4410
154 3011
2571 1232
2564 4717
61 2855
1268 822
564 2851
3346 1315
685 1442
528 1021
1051 4566
1069 3760
73 256
2320 2457
3763 1065
1425 429
2869 1064
2712 2709
2055 2739
2258 3294
678 2748
375 1552
2798 1495
3794 1334
3049 2141
4552 3200
3184 4130
4409 1528
3222 2691
14 4928
1040 1314
1876 2928
4931 4081
3463 2048
970 1585
887 1344
4403 4898
4774 1100
4136 2576
2763 4837
3950 3651
3929 4362
3278 143
2298 158
2920 2563
1106 1774
4330 3784
2257 3144
277 3422
764 867
3245 4820
2715 2088
298 2730
4229 3046
3060 3606
985 3004
1382 4684
1697 910
2219 1688
211 1919
1592 2030
1677 3626
2844 4754
787 3069
1646 1443
1303 2172
738 4248
653 4975
172 3300
2597 379
1290 132
4416 1412
420 152
4550 1796
3339 4520
4285 773
4580 2613
1938 196
2487 449
2792 706
1362 4829
2039 2909
3358 1351
2237 1765
358 3121
2514 1451
4913 4183
3 1194
4117 2658
3921 3568
4489 4124
1369 1681
2493 4425
4212 2847
3585 256
1410 1599
1812 295
2396 3046
2768 4473
3846 4808
3040 962
3288 980
2691 1546
3817 1196
4449 2956
2843 4638
3635 1001
1889 157
337 50
4983 2903
3539 3164
760 2728
2905 4098
1917 1530
1614 1437
4042 1230
2170 1457
1092 3452
2263 3989
1143 346
4653 3106
905 799
1696 4622
1113 3111
2846 4718
1228 2959
4412 1222
3915 16
4884 4965
1675 4758
499 1101
882 1094
4857 4437
2101 2660
2421 620
573 1972
3554 1183
1015 754
2319 1611
778 2051
1658 11
297 2420
4236 4609
2696 2254
4505 3744
1175 2828
4574 395
723 4297
3669 2205
3630 1383
4754 4245
3622 1185
2705 4182
1593 114
3653 3796
188 674
3508 3809
3580 2420
1944 79
3190 2620
908 3168
1563 4060
3693 4102
3469 2442
3485 677
272 1207
4120 3973
3742 296
3667 828
129 3966
4293 46
4712 3776
138 2781
3276 281
4049 283
3600 3888
159 4513
1910 134
2719 1894
4569 376
1154 1353
2822 407
4305 2950
4911 744
1795 1932
3164 514
3750 3735
2356 3664
4410 587
1678 3777
566 1725
1089 4451
2262 2377
4243 4648
3236 4750
4924 2166
860 230
2058 3444
47 4132
2576 3486
4016 965
839 4864
3983 3472
3186 2863
2091 4965
4547 359
4812 3061
2865 556
734 4186
4622 3457
1243 3179
3041 4690
2022 3811
969 1403
2788 2563
546 1103
4773 2603
4170 4457
493 3972
1278 2997
4749 3568
3902 3403
1500 3925
2244 1012
702 2031
3265 1595
2834 3491
4604 3068
3492 2561
4198 220
1766 3208
3227 4378
3104 1453
3806 465
2418 2609
788 2431
2831 4940
777 1732
398 2825
271 1363
2300 3137
748 1654
21 3696
1432 1893
611 2814
3958 3063
128 4800
2896 1934
1777 19
3411 3634
864 4245
1294 300
2777 4837
2730 519
1703 3217
4536 3261
312 307
3509 1172
2462 4055
3118 449
607 3268
2587 4194
2698 136
3233 1605
1652 3100
3706 3096
1797 1308
3832 4226
2001 1468
4554 2287
3880 319
1711 4579
171 946
2097 1142
1285 4154
826 1484
2121 4196
3877 2639
705 3377
1867 2070
3927 4753
2391 2502
1528 2723
514 3392
1302 108
1018 1452
3732 2647
4054 4753
2590 3673
3871 261
285 2729
853 1444
4661 4946
2104 701
4996 38
3131 1325
67 3207
4619 22
1558 642
2693 4927
3169 3745
1145 1534
4232 4358
4084 3676
407 3772
170 1221
3708 1681
2169 1745
1782 1784
439 4455
816 643
773 1721
3862 390
1865 1156
934 1335
4367 4801
2977 4346
3366 3545
1963 1104
589 2191
2916 2353
1999 1596
876 2807
2684 3932
3080 2559
359 3865
3298 1146
3202 966
1079 4747
4466 3020
4269 428
2082 1297
2701 4678
1581 313
4227 3431
4770 1716
4166 2739
3946 1475
2542 1368
3941 4699
1027 1896
3251 2577
2524 4223
4776 941
77 1115
3267 2139
3134 2329
4915 1964
2981 1768
1102 3568
2850 1047
3974 3910
1773 3883
1345 3155
1351 2839
4779 1407
4652 87
76 3414
2105 2051
4092 3791
275 1864
1849 4121
1994 4526
3734 3228
3287 2042
1398 2412
1452 1148
3483 4492
4115 4372
2184 2254
3851 1159
4721 2419
642 51
2606 1368
4219 1201
2250 3848
366 1956
2489 2835
1553 809
2112 210
3670 1787
2036 1827
2500 4497
3982 2427
1884 2147
2619 1978
340 4272
2812 1881
2826 3928
4787 644
3690 652
1083 4980
1262 3020
1237 560
1462 1687
961 878
3478 1723
3454 3006
1967 3838
3077 1746
4456 1453
4131 3171
4591 4189
4228 2708
2266 1053
2592 2936
4894 3933
749 1158
3976 2650
3561 4173
4317 2474
674 469
3217 1647
4829 2529
4189 1822
1890 1319
1207 2858
4221 4002
4870 716
4612 254
728 4735
4858 484
3475 4805
1722 4076
3709 338
2989 1616
1700 614
4557 2271
397 634
4245 526
3762 2810
336 881
4316 4082
4363 3072
2290 4162
4040 1659
2813 2094
3820 2304
4662 1094
2772 1407
1052 2350
1906 4082
2745 2635
3447 550
2269 3272
1710 2898
3418 3587
4593 1631
65 1615
4012 419
2316 3967
2179 2443
4814 1195
4543 924
2025 1512
1527 3688
4023 3521
58 389
1308 2658
2026 4203
2220 3805
3015 2455
1688 2430
3645 2071
534 2808
2018 2070
4192 4964
3784 1654
2010 3737
4375 4364
2120 1223
233 1973
500 1559
2024 3344
2743 3457
3246 3441
1355 2866
665 3441
958 3562
4008 3788
4288 2106
2862 60
2477 4268
2925 2484
1685 543
3533 1824
4430 3373
3188 4509
3248 1530
1577 1712
87 2448
946 3235
3786 232
2811 3726
3577 2060
3335 1241
1242 2682
4149 1257
438 352
4038 900
3878 574
4047 1771
740 861
459 2268
2379 2405
1099 4636
1937 1033
1768 539
2695 2212
3490 2199
3638 3975
1844 46
1098 3445
3780 2636
1567 1724
17 1785
3746 3606
1310 957
4100 2535
488 579
1866 4439
1611 3972
654 3450
2027 4378
4425 3579
4982 3858
278 2152
3109 1920
1082 2254
425 713
1112 456
4111 2229
2099 4741
1475 618
1589 3081
1186 1271
1513 4220
4757 4717
548 1482
4106 947
2582 4608
2657 4380
2136 3511
843 1647
1512 628
4206 2355
942 219
2020 4898
1586 4167
80 1515
1110 3940
2756 3936
2779 4793
2223 2857
709 3631
2731 1273
2988 1610
571 4483
132 1723
3899 1705
2334 1755
1276 2573
1472 3558
921 3373
2538 50
3981 889
3738 1385
1839 767
4051 3691
4520 4798
3011 2650
2668 4771
4397 1769
2190 1908
4981 4524
3590 246
4947 3253
4528 179
2709 4809
2775 2457
1085 3448
152 639
3047 1635
662 4026
2787 2706
4758 3646
3122 1142
2380 2069
2172 244
4516 4384
737 1295
2732 3507
2185 1831
2065 4687
332 1877
1503 3953
4299 3537
1738 4195
3744 3959
4691 3430
3956 1298
2984 2565
857 4638
4583 235
3546 4150
3993 3578
2307 2068
542 338
2175 2203
4183 3043
48 3086
2194 4656
2447 562
4689 4877
2848 2927
2254 1532
2150 1205
554 3856
1146 4966
2158 4617
1663 935
361 3471
404 3934
301 2108
4948 1840
3578 4470
4572 1835
2672 2565
836 4928
1585 1862
1860 2033
1305 4448
3016 32
3019 1713
3957 2607
4640 1142
3904 1439
2270 2897
1403 4905
2669 3936
1128 3237
2285 2246
4841 412
1030 2852
450 4950
2518 708
4171 1892
2581 2403
2607 3642
699 943
2134 1561
1378 1579
3954 2427
563 1451
2634 2214
1156 2077
2156 2683
3861 55
1374 196
677 818
2852 4876
1523 3484
224 2426
3045 349
3900 3491
4116 2338
596 3572
1596 4455
1375 2127
3495 3848
2987 1639
3425 1427
2697 4014
3938 517
814 1607
4630 175
3712 2006
505 4348
390 4881
1250 1238
4184 834
2526 818
897 3978
4252 8
406 1155
4944 1556
1948 280
1580 3570
1628 4175
491 1004
3643 4323
2503 1869
3886 1317
4567 1459
1929 2528
3252 1448
1172 51
221 2430
1758 846
592 2919
639 3305
4704 1324
3297 1390
3939 2814
620 194
2234 4737
3404 4928
3713 3883
1519 3437
1265 1873
4074 3551
927 2954
2480 4613
4843 1606
3177 4535
115 4830
2043 3587
2706 3482
2064 2766
4899 2002
341 51
210 1393
1847 2382
3392 1120
3293 3340
1037 2472
2778 38
3087 2722
2330 4178
1848 4524
694 2481
4739 2534
2240 204
1381 4399
2539 2546
2877 2235
111 2360
20 4113
2580 333
2585 503
4728 2406
1480 2510
1858 4592
2280 3637
4868 3472
2910 3633
1004 4545
4744 4355
199 2767
3810 3349
4177 3390
3760 3010
4921 2671
235 950
1745 879
1647 1073
885 1715
2227 3123
253 4379
329 1634
4493 164
4736 4675
2711 988
2272 4405
1619 1850
4923 4132
2958 4004
1819 4970
2318 3918
1036 3057
503 2720
4680 4902
3710 3249
3978 879
671 1681
4734 34
689 1178
2056 4090
3369 4444
4729 3295
2222 330
4137 1597
7 558
455 143
753 1539
830 4767
612 3683
2704 1989
2937 2159
3821 325
3419 4487
2350 2819
3556 2084
2566 827
485 1328
1200 4875
4218 1229
937 3722
2897 1739
356 1400
4644 4530
2178 96
4934 1338
2110 2152
3263 1617
335 2676
842 4698
4672 2127
2833 835
4530 3688
4822 2536
371 4233
133 2739
3165 3240
3234 4208
4181 4533
1332 3142
4778 27
3232 822
3741 1301
3300 2577
4883 4514
4742 3966
4255 4956
4005 2968
683 2196
3065 955
1802 977
4256 2667
2589 4321
2959 2881
2543 597
951 59
3574 1826
3691 25
890 3493
2726 3023
977 4349
3888 1108
1380 4263
2388 991
1604 3591
1473 2066
137 2855
3657 490
2725 4059
4223 223
3408 1016
1898 2764
1409 3059
894 1196
279 4436
364 3876
4050 3836
3649 1013
4975 4140
2689 3343
282 3924
1790 2464
1912 670
1464 3336
4768 324
763 3884
2898 3516
4366 313
1776 3824
4453 4110
3059 3192
744 4876
184 1615
4001 2857
3872 4608
10 866
1306 994
351 2870
1006 2727
84 918
4603 711
2344 3959
4562 805
4957 2264
3502 652
2922 3026
156 4930
352 1416
1024 1509
1940 3314
3010 1651
3352 1327
3883 3149
4267 2070
626 4856
2728 3066
1236 411
710 1692
2819 2404
1568 113
4379 1811
3798 834
2649 3920
468 3198
3661 4335
3213 1931
4844 1921
1800 547
4943 4210
3226 2206
4576 720
1301 1951
4578 2613
954 2051
3133 2546
1235 1230
2161 3629
1195 4740
35 766
3866 716
2810 64
3443 1846
1863 1662
3066 1293
3782 2907
2823 4468
4808 2828
380 3776
3333 3512
3393 4495
3672 850
2856 1638
1748 1755
1531 3464
1909 543
3773 4290
4506 4024
1833 3391
2583 2997
4834 2828
3111 1562
4902 1977
4845 4476
3337 1561
1349 2481
1246 3197
4248 4700
1635 1798
2228 1924
4938 2744
2892 1637
504 2620
900 525
2647 1892
2784 980
1835 4279
3264 236
369 4794
4032 4190
2368 4349
2942 3086
3489 2885
1692 3572
2313 3371
3000 4160
1815 2469
513 1274
3923 3868
1837 562
2643 4231
1808 1088
3415 4230
4254 112
4297 2889
964 4702
4015 1498
913 3461
4374 426
1591 807
1556 2261
1536 1496
4495 2048
1075 476
3557 1489
978 1221
1875 1123
2083 645
509 850
2513 2662
3838 1936
992 4484
4460 2703
288 3805
2384 81
1789 1771
2723 3727
3457 1956
930 89
320 2699
1026 3336
783 1324
2354 4027
4886 3772
684 3854
1728 3098
2371 213
4249 3024
2366 3259
1136 1927
4905 314
670 2635
919 2611
2978 1772
108 3699
51 4945
2995 1131
2023 2028
706 4848
1533 1047
3977 2479
4635 2508
3696 259
4701 3994
123 428
1546 4810
2575 4031
4762 940
4872 1061
743 4568
3548 1321
303 2176
1735 3180
4340 4945
157 68
2062 2387
3171 295
234 3882
1661 3833
3307 1269
4413 3106
3881 2351
3911 756
4607 1490
691 2100
4925 2554
2801 4707
3126 2436
1038 2459
1975 2343
2310 1476
1338 4487
2108 3847
3503 1141
1297 2699
1922 3544
4885 382
3905 421
1341 1615
4478 2983
2968 483
4901 3121
473 2165
3593 790
4020 2037
3758 870
4730 161
2875 3197
3403 3468
124 2066
1240 745
1594 967
1955 1340
4548 599
2782 3334
700 4014
1419 2232
2210 4333
3545 3722
4568 2221
333 1643
4347 4877
4391 2753
1570 3414
3372 4984
4564 3728
1524 996
4531 4565
3664 2853
1579 605
1831 3687
498 4830
3598 4891
483 4852
827 4820
3779 2871
1319 4496
2851 1836
3281 1743
2708 4405
1295 4560
1277 2720
2674 2759
2903 4385
1008 2142
2750 295
1982 1407
182 1945
4065 2613
2713 1091
3481 1140
2667 229
3841 2094
1845 3207
3945 3530
1674 724
4059 3355
4563 4517
3827 4759
2051 1752
2794 2202
2417 3951
1631 1446
2353 3050
2836 4450
3828 2876
3238 1142
3551 3071
4407 1798
2127 4432
3800 4992
3120 2511
4769 2087
4771 3084
3125 679
1521 4910
3249 2660
39 2297
2501 2507
2710 912
3755 4688
3377 4922
3858 3386
3745 3791
4801 2204
539 2358
445 568
519 1348
2517 1869
3364 1144
2323 2376
785 667
1097 3989
4534 3652
2357 1946
2360 2333
2394 4560
731 1218
4624 4034
2154 2718
911 4474
3969 3856
4235 2839
1293 1385
2277 2579
4703 3387
4479 3505
215 605
3538 4027
323 2628
3168 4318
3144 4706
3224 3062
865 1331
3584 158
4950 1821
3889 1656
1081 1881
4088 4457
1342 1778
4589 4706
2599 4780
2031 3195
2322 3379
1859 1401
3136 3687
3215 2790
928 1805
4819 2734
1616 631
1247 518
3046 4154
4190 3740
2670 2239
474 3210
813 1326
1723 3383
3043 614
1105 125
2195 2301
2466 3061
2785 3210
4579 841
4596 162
3799 2037
3677 4459
4533 1366
2448 3273
3378 4368
2364 570
4394 4279
3349 4197
1284 1211
4230 3767
2894 3070
789 1460
1418 117
2135 3570
4060 3565
3519 1915
2484 4587
1989 4608
2673 4419
1600 42
71 1970
24 3582
1292 1791
2646 3161
619 2963
1823 2325
3686 3056
861 3704
1538 4509
3370 4372
1163 2472
1311 2752
1832 4889
4765 3259
870 1949
3500 2827
2046 1104
2814 2860
4178 1894
3151 1492
2595 3027
1486 2321
230 4687
2832 1724
1803 922
2217 629
2157 4517
2336 536
2370 1791
2302 1379
2965 2196
1737 2990
3343 1315
682 1904
4903 4289
4933 1653
2449 2392
3534 1434
2072 3972
2747 4176
4387 3673
2722 4164
4113 4697
2955 74
1962 4687
160 1064
2338 4402
4173 4080
2200 2182
3753 530
4847 4055
1068 761
4775 2560
2403 1104
2153 421
2983 1814
254 1648
4176 114
4542 2562
3676 2820
757 2511
1357 2879
4573 4078
3595 3951
1434 3228
4191 2638
2005 4888
2610 342
1976 1575
2361 2893
1076 3456
2352 4073
4211 510
198 4099
4043 2088
3522 3498
819 4892
4725 102
1164 1540
3949 396
4383 1576
294 561
2544 1727
4270 637
3887 4461
258 648
4995 1918
4954 2292
4826 2
4751 1335
4958 646
614 484
3689 1796
971 724
1686 518
3579 2511
1328 3413
388 3319
3229 4390
4873 2671
1392 2808
33 289
4732 262
1601 1554
2463 664
4962 3388
1799 2247
1169 460
3139 1315
3412 4368
1406 1905
831 1495
3096 3012
15 3654
976 2973
1598 3353
1961 3272
580 3266
2998 201
3250 2016
2842 1964
374 3374
2143 3373
879 3723
606 2114
4408 1062
3434 4046
4625 695
3368 4169
3100 1760
2815 806
1939 4153
2321 4419
1383 967
3788 74
973 4788
4080 1416
1530 2085
2933 4187
3510 4150
265 4627
4584 1428
1396 1811
1223 3145
647 4676
717 2397
11 29
3420 933
3353 1111
1456 49
2314 2881
1201 1492
4414 1344
4597 2553
1423 3640
3633 3448
4107 2114
3679 3102
4838 1639
4130 4053
2523 1574
427 4353
4124 1183
4718 501
2060 1918
2569 1413
2276 1267
3289 270
1142 4360
3654 55
2786 1993
4949 775
1326 1933
3410 2622
3826 3909
2932 2545
3095 2284
2621 4128
2029 245
1 2211
4946 1413
3647 2835
947 631
2986 3986
325 343
2348 884
131 4095
4373 1532
2868 3292
3729 4421
3341 1428
809 2876
2507 2117
4322 1615
4637 1271
3970 3777
697 1807
4666 252
2304 3910
3793 1267
2927 4788
526 2327
4979 4802
4405 1318
704 862
1320 1539
1017 1914
3998 4419
4437 3797
2853 1610
262 3152
3631 3636
2605 3919
3718 2803
3069 3601
231 2363
4555 4527
754 3563
4272 3660
2994 1752
139 3296
1505 2805
3860 3501
3006 1334
4167 456
2329 3032
3942 2759
3273 2557
4863 4540
3559 489
4185 2294
676 4836
4215 3634
2992 4803
3123 2556
774 2218
4209 4984
424 4818
517 4551
1055 522
651 118
2529 3206
3615 3558
4077 4588
1827 409
1196 3613
4364 2609
4081 204
2054 4069
3347 238
3655 1957
1094 4502
292 922
3704 3906
2552 3523
3183 884
3547 3400
545 4906
4417 370
1244 3751
3766 1525
4064 1435
236 3896
3282 2084
2700 1920
2640 3940
1925 416
2390 4003
2238 226
812 399
26 3176
249 780
1287 1612
1995 1390
4586 3332
4448 3486
2400 106
4927 1897
511 2455
3033 4048
4128 74
3025 4961
2567 999
2464 1753
308 3027
2907 888
4695 1629
2209 1896
2633 1943
2680 3361
3034 2935
1420 1347
1211 803
461 4424
1599 2006
2409 1479
628 4260
4468 3064
2658 179
232 3699
3808 3511
1514 2117
4146 3009
4182 1468
2502 2126
3761 4920
189 669
823 4352
2249 795
2724 2275
4967 1155
1905 1763
3158 3736
4411 4151
451 1368
4455 3663
428 3498
4791 852
1629 4575
2678 863
49 4342
2458 1238
3796 2068
4002 1726
3449 426
2703 3367
4070 2738
4985 1123
3113 4671
4631 4431
4592 2985
4763 3843
755 4129
750 1645
4737 2553
2751 4910
1483 2912
1088 1479
1747 2040
4069 931
2766 1750
3759 2469
3610 2405
2253 125
4733 54
3992 1824
1852 3182
1746 496
1636 4310
997 2435
1248 648
2908 3141
1021 1618
442 313
2187 3840
3456 666
201 840
3137 1532
2147 3053
4258 3555
4179 1928
2343 610
311 1470
4148 2962
556 4310
2362 3371
1947 228
1048 2532
2093 2239
3663 3345
1883 276
4083 3130
4087 3967
512 1377
1497 4795
1958 2398
1134 2817
2411 4398
1430 1881
3811 2251
2142 238
1730 3388
963 2948
1785 1272
1560 307
3058 349
1442 4030
766 3192
3523 3433
4467 293
2796 931
229 733
1074 3155
3460 2829
1984 727
1657 806
2900 2395
3604 447
2899 2160
877 4187
245 100
1578 1322
583 2100
3644 244
228 2007
176 266
476 555
432 1371
465 3037
767 4783
4336 2119
4310 2559
3324 2067
1765 4532
3051 3737
328 835
1384 1125
3613 1892
4461 4350
1708 1736
3849 3865
2827 25
681 1623
1151 4523
711 492
3228 652
3149 3488
2586 1590
4741 1637
3634 3662
1118 3180
686 19
4259 2049
3413 732
4283 4358
379 4360
1433 3141
1331 2326
833 3003
384 2973
2870 2525
2934 2780
4156 3391
1662 4490
1873 1569
1267 3576
1491 1450
4992 850
1014 1729
521 3004
3117 3944
3685 1826
4071 2468
3197 1391
3458 1103
1221 3845
353 2864
4565 3739
2928 4058
2666 1545
2395 1720
4436 3303
3235 4428
2547 1545
3812 3269
4438 4811
1516 3964
3517 4821
4470 1187
4386 3592
3467 4928
1417 948
1107 1667
959 3348
1736 3997
4488 1173
3671 56
2456 3576
4497 3639
582 3731
3767 4313
2885 1953
2972 4835
3854 2437
4382 2858
3161 403
2453 1137
891 2522
4225 1125
1367 4952
3340 2626
4714 1555
2676 2652
2340 1457
1066 322
2375 1532
1784 1100
2809 1919
4575 2688
1739 4772
4006 3321
804 1850
2602 1670
400 136
1385 2627
2883 3406
1621 4918
2973 3323
1049 242
3455 3816
1490 2459
4134 392
2824 3155
4086 1352
4058 3409
2243 3052
2491 4850
1365 1005
316 3651
3607 2440
878 3867
541 2231
4048 3383
3506 3416
1576 1904
322 4965
3727 4804
3586 2297
1091 922
43 4935
3141 2252
2066 3805
3437 1755
568 4197
4415 2132
1239 4726
436 3632
143 1179
3582 4848
3855 2444
1809 3295
587 1496
1704 3830
558 196
613 2966
482 1194
1783 2685
3302 2608
251 1324
2122 745
4014 5000
98 3507
1073 142
2540 3360
2226 126
4303 2629
2393 1478
1080 996
1125 1841
4291 1931
3345 1298
3091 4525
3525 2333
1179 4909
2762 1204
2541 1781
1479 3717
3790 2889
2485 3464
3884 4300
2789 1946
4828 1540
1133 3311
4852 3012
1670 1373
3195 1339
2757 2425
4140 4835
4891 4164
4125 4879
1001 1933
3514 4656
4055 2435
615 3966
3612 863
3605 3895
3637 4917
622 1439
4172 4965
4194 3201
1954 1537
1288 3917
4767 1401
141 1177
2760 989
3116 4424
3295 4150
315 3751
2351 2929
848 1729
1970 2139
2604 3272
2866 1184
1041 1610
1063 1973
3651 668
4099 1448
204 2213
518 3220
4634 2521
1750 666
471 4678
4970 1401
3705 4523
735 1855
3979 3155
1104 869
1261 1691
4446 968
1610 2459
2465 2799
2874 4034
2215 183
83 1603
1786 1139
1911 4200
3067 1778
4440 3852
867 2416
8 3073
13 2993
46 1484
2558 3542
3962 2385
4599 1372
1904 3987
1391 4504
4401 1415
4674 2268
4418 2445
4909 2224
3527 1542
2749 1354
4344 3464
2971 3032
1836 1466
1168 893
3044 1496
4746 3092
2617 1231
920 3987
4545 2004
1167 1337
370 4862
4369 1253
3576 4154
4423 1673
2177 4753
2511 3803
524 1304
932 1895
727 1258
2736 4994
4764 4978
531 3430
1141 3774
1770 1259
257 3997
4121 28
2909 260
1229 1495
3807 3898
2451 3014
4433 4220
2512 2045
1330 2781
1707 2261
4072 1446
3220 3286
238 581
4610 3430
3511 4320
3428 268
3072 656
266 4541
453 321
1573 365
1651 3269
3897 3910
2636 295
771 3255
2294 536
1794 1389
4480 3963
4028 3681
4097 363
1370 377
1034 41
2174 3166
2702 4157
1439 1090
3240 2069
1907 105
2369 721
2455 180
3063 1054
2904 1286
4482 121
4222 4682
835 733
4523 4018
9 884
4977 3472
4187 3145
1923 2508
643 1318
1218 667
597 1498
3984 4431
1518 1542
276 1575
855 321
4651 403
4300 1127
4837 3611
1920 1087
1767 4126
2296 4761
1289 3299
1436 4328
2399 2754
181 242
3628 3526
4648 527
4362 4817
2614 1054
3843 3319
147 2554
1807 1428
1535 4018
4323 338
2365 4496
1822 4093
4502 1564
3619 4013
3488 2735
1494 968
3639 741
1307 44
2374 2880
1148 3038
2037 3624
1487 3308
3932 2052
1597 4085
3400 4676
1238 3684
2945 118
3441 1461
1489 4663
648 4594
446 2840
1648 1850
290 950
2804 4321
2265 4264
948 2957
1687 2620
355 4044
421 1843
989 4424
2975 1993
2359 3988
1300 889
1165 2115
2860 1299
300 991
1376 3221
797 2151
1270 4208
4956 1123
3142 933
2089 273
3882 4882
1304 892
1650 4402
1926 3602
3031 3504
1811 2137
3219 3624
1455 522
2283 4265
225 1002
4856 2532
1582 4266
2071 2050
338 4632
2183 3221
1053 319
3079 3192
40 2430
673 4629
2635 3865
4174 457
1993 1684
2192 720
4356 2301
4623 4710
821 4836
3386 672
2057 41
3274 3916
1952 410
348 69
4241 4783
418 4991
2887 1155
956 155
1899 893
2033 2854
3768 1109
645 1936
792 383
5000 3603
4203 1039
3870 2761
291 1545
4424 801
2611 3466
4521 3908
2476 1850
3329 960
2045 1714
3774 4296
3549 1840
1416 3953
2166 2960
880 3852
1511 1431
1424 307
1100 1397
2598 4447
1918 3684
2790 3544
1541 4892
1881 4510
4824 134
1903 4939
2435 1633
2531 1361
3266 2193
1269 2386
769 1643
2475 1627
742 3354
1116 715
19 4434
1216 4687
259 2076
4275 1943
417 1987
768 1699
1296 217
3698 4800
1983 3379
4022 1951
3140 2079
4748 4335
326 3656
3830 1761
386 177
256 3928
1732 4511
3402 1123
1927 3991
3589 1609
2473 2534
460 2165
4261 516
4556 219
1855 69
579 562
3896 2308
1445 2472
4345 4928
3231 4101
252 901
925 1902
2241 3360
151 1701
2301 2041
3268 180
4685 3214
3320 4426
4220 1916
2116 4490
3674 929
530 2506
4636 2966
31 1826
506 3802
4848 2532
443 113
3092 1318
2080 1571
2144 3327
3789 2918
1492 805
2117 2568
4526 4312
3336 3560
1829 2967
922 3185
4477 3868
732 3452
2087 2259
1259 372
2902 4788
4284 3736
3323 4037
2273 4292
399 3062
2148 799
1554 1402
3868 4833
2068 3143
2404 3129
4290 2520
2167 4196
4642 3560
347 2207
1869 4794
268 939
3445 3565
1352 3629
3313 1676
1180 4061
4199 1411
4428 1339
1477 3020
3874 988
2917 2913
4123 1902
401 103
5 4618
4600 2432
464 4537
190 1769
2574 1665
4966 2413
3535 2113
535 2561
726 2221
136 4587
452 4800
385 2911
2457 1506
2032 3259
4772 3587
1510 3497
4385 741
914 174
2664 910
4658 4066
3127 3005
4818 782
3587 4910
2446 3361
2628 1469
3429 1058
850 4835
680 1204
602 4671
1978 97
4017 4101
3479 1691
924 1007
1682 869
1115 4919
845 2957
1624 3772
2659 4974
1902 1208
2402 3852
3715 4329
3082 1337
4969 489
2638 2549
3920 1322
4707 1171
155 3959
3494 2199
3805 408
2808 1572
4656 3726
1347 2358
1086 2888
4963 2858
4799 1607
4422 4314
3707 979
1725 3614
2639 938
469 44
929 4716
1123 1450
4144 3225
3459 4141
314 4679
4853 1070
4643 1379
2720 3563
1059 621
3482 3507
4053 4119
1260 3695
2970 1234
2131 4994
4756 3239
799 3406
494 3999
1654 4820
1279 1676
1888 3922
3048 4089
3145 362
318 2437
3356 4286
4722 1620
2203 1724
4688 239
4368 1272
4888 701
4941 1834
363 28
2196 896
4325 2052
208 1908
661 4439
3935 1850
1484 1060
841 2974
2063 4000
3531 1495
2188 3642
4529 2006
1613 3105
2879 3683
3530 950
3724 1064
4152 146
283 4337
1159 1801
800 1537
918 1547
4816 859
808 2259
3813 624
1095 463
4349 3471
4700 3967
3550 62
4698 2641
1753 1804
4353 1981
4745 3438
1841 3743
50 2308
2560 4141
3379 2738
2682 1509
1796 646
555 2034
4135 4939
4879 4663
3225 1312
634 4803
4213 4974
4797 2139
955 1935
4524 4678
3885 4338
4882 1529
3473 3847
1726 1609
1752 3961
1877 1805
4590 1335
636 4620
803 4332
2991 475
2737 144
4011 4068
2838 2124
4306 4334
3394 2468
243 2040
1547 4952
3130 1668
430 3668
2591 2521
1264 2306
334 2805
4472 1437
422 4518
1932 187
3497 4836
1693 4338
490 207
1394 1740
3967 1694
4271 3129
130 1054
593 1555
975 4250
408 213
866 3711
2332 4089
3739 2182
4390 2805
3427 1208
2765 2521
3071 2412
4321 1090
4994 1997
1931 2828
1615 4313
3348 2625
4647 3869
1886 2021
4761 4802
3301 2533
4952 4102
177 319
3719 1373
4063 772
2420 1348
1951 2632
3147 3008
851 4324
3318 820
1684 1217
1816 4660
4895 2128
4937 4003
3239 3847
2444 3513
2727 23
3933 2081
1679 3360
588 1422
805 2047
2335 4474
3230 2229
4621 466
2193 1336
2173 627
3778 95
4832 2608
4960 3253
818 3030
3504 2182
4384 807
939 1077
4431 630
4803 669
3751 3319
650 161
1605 1139
4676 3471
4798 3196
3948 1147
4133 569
178 1787
4633 3001
2570 1057
2407 3114
3940 3609
795 2828
2936 4159
4795 1934
1607 1232
4690 940
4335 1077
1551 4984
4208 4292
3916 2015
1640 3259
4519 862
3801 1120
1012 2214
179 4294
203 2551
1645 4476
2483 2559
3013 1705
4900 4263
3541 1316
3809 4193
895 4715
1780 1751
1393 2367
1202 4442
4233 2140
3997 4859
4304 1919
4162 4657
2123 4314
1618 4035
3296 3206
1842 1155
1565 2346
1312 2940
3722 3765
220 1945
1964 610
3314 4030
1499 2616
2770 3384
3375 4451
1232 1622
4800 1412
362 3387
1891 3678
2337 2969
4997 4279
372 1155
2434 2982
4151 3388
4585 4091
2397 4880
3004 3553
854 832
1450 194
274 2626
185 4616
2492 343
1971 81
912 3157
601 4582
3199 106
1588 1681
1991 2246
3625 3771
4849 718
158 2085
547 1437
3757 3963
2308 3596
4150 4646
2419 1318
57 1583
3528 4559
2309 4686
1744 405
4696 725
2445 218
3156 718
2342 4010
3642 4928
2748 581
2644 644
2392 4807
2141 206
703 3618
1064 1778
2145 3717
174 3135
4289 3360
1759 2769
3907 4723
2858 1724
3717 4068
1804 3592
484 85
4984 2346
1779 342
4372 834
1878 4073
96 2839
3876 4193
3903 1013
296 1057
1574 2213
4632 2181
2876 2443
4406 2085
1988 250
3603 2755
638 4809
4398 1096
935 1945
4343 1176
2229 410
1965 1522
1465 3421
3947 4786
4697 1778
3963 652
3695 529
2893 4702
4752 4641
164 3565
4793 3847
4559 2686
1147 2291
3487 4919
217 405
95 1003
1921 4320
2947 4865
2165 508
1718 2508
2914 581
2198 475
52 4614
4195 4073
968 2408
1457 3360
1714 2803
3262 938
2985 3021
457 2162
616 4360
2976 2088
4945 3182
4057 4337
2292 4780
4138 798
1506 2652
54 4094
1184 4517
1623 2367
713 4503
3814 1633
3056 4404
1003 1887
3731 4075
1476 1972
213 2767
4079 389
2275 1379
759 3173
2015 2038
3735 134
2128 414
4918 4601
1760 4755
1467 1132
3008 2096
1468 2618
3783 3312
4511 3009
1502 3201
1825 376
3815 1000
2884 4817
4041 441
591 100
3869 2252
4766 4473
2919 1793
3563 1821
110 4024
1379 387
4796 3303
990 4665
4127 4784
3444 784
957 4434
4066 1272
3737 3505
4512 4871
4442 3792
637 227
1336 520
261 3432
4265 952
1411 624
980 1572
3032 770
4357 3255
4090 1496
161 1372
1671 578
4570 3433
4929 4339
4594 4263
467 1857
1435 4204
1025 3777
2837 1324
621 2499
2235 3818
1734 4889
2759 3409
2734 2274
3198 1405
173 1422
1252 3726
2918 4618
2797 4566
2550 2939
391 4804
214 3435
81 4780
2282 2694
2650 1956
2168 3964
3448 3038
4965 3552
4031 2149
4538 569
2579 373
679 2454
2872 1887
4341 4616
657 1361
1515 944
4110 1440
627 574
741 4687
1368 807
2268 874
1334 1649
4443 1299
4990 1882
4096 4671
4427 4833
426 2114
2854 1942
3660 1210
4747 396
122 873
3680 4546
4426 246
1792 1189
2655 360
2118 3218
1065 1622
3260 2414
1402 3994
4007 4175
4464 1525
4348 590
721 790
449 2441
63 2841
1772 2079
2622 3259
2996 2690
1956 2738
82 239
3659 3321
979 2182
4613 267
1930 698
725 3029
2600 146
1114 1997
2211 3496
2030 1828
4463 3491
456 4089
4794 4939
4498 2857
3014 1681
313 413
2415 1139
3999 1715
4867 3995
3913 4089
1140 1627
4862 2017
1972 392
3354 4376
2125 3021
3407 383
3867 1969
1756 4139
2004 4358
94 1062
4735 4874
3507 520
3570 1895
1583 4665
1215 44
2482 4118
3128 1676
4961 4119
3180 862
1138 2140
3384 2818
3042 3597
246 2405
533 2130
772 3363
2012 1182
1543 995
3453 4056
1713 1550
64 4809
2572 1132
3028 3837
2733 523
2113 1850
3540 3001
102 3769
1843 3859
1135 437
4865 716
4025 1791
720 1318
2506 4821
1572 218
1914 3499
1668 4964
527 4792
4024 3765
2956 3416
2761 166
2553 2767
3105 1496
667 470
2486 4094
2041 1171
1771 4251
1622 4095
205 2562
2855 1701
1019 4786
3330 4980
1913 1208
3064 2954
4922 186
3839 2889
2641 392
3699 2383
3740 4396
3355 2629
3588 4434
736 4710
4509 557
3196 2231
884 3305
1981 508
2707 2050
944 4320
2791 4539
4444 1900
2525 4673
4004 4200
4792 100
2239 888
664 2119
4164 1437
2608 1720
4118 410
3975 3466
376 2048
820 373
2440 3666
3081 4708
4210 3964
871 1448
3596 4296
1897 4514
2742 287
1217 2656
1676 1187
3505 2341
4102 3848
2247 3468
869 4370
3325 2382
586 2259
1810 4988
3363 4989
3496 3601
487 1469
4968 585
1575 520
3206 2232
1634 3829
1781 2251
3537 4926
515 4358
2469 1315
4073 4263
3892 3665
200 1892
943 3361
692 4354
3922 3875
1522 3597
3155 4892
3342 4238
4475 216
3834 2714
113 3775
3440 470
150 4307
1854 1047
1632 4301
4450 3146
4615 1609
1254 822
239 2626
4224 2665
1199 387
3606 1691
1191 3312
2333 4319
2278 1778
223 4904
569 3542
3536 3795
2692 1395
3052 4705
1924 603
4781 148
3007 212
106 1028
2841 2974
2999 4313
801 1840
339 4421
281 2739
4657 3990
1299 4693
1974 575
2620 1032
3747 696
2559 745
2537 3898
289 2880
4314 1960
3765 510
3026 536
2882 3618
3376 2767
1126 3924
4119 4154
1532 2496
1828 59
2349 2326
2675 2341
4823 2776
1005 411
1111 4595
3237 3471
2328 1108
4377 3243
2293 1415
295 4694
1344 4334
2260 2688
881 1481
89 4671
1496 4496
4850 923
2677 2648
3192 3361
810 2306
1337 846
1853 1209
4935 4188
2681 78
4292 3299
4056 1266
2470 3955
1935 2069
3848 260
27 3175
1206 2805
3484 85
2545 824
1137 1609
965 2840
3286 2627
2960 4655
4163 165
2119 3856
4777 523
1606 656
1443 3167
1045 560
1504 745
1880 2557
1673 4842
3191 3383
165 898
3374 1508
3426 387
2259 4294
2573 4743
1587 2431
2325 529
4351 3359
2528 1566
2070 2132
4094 3853
2653 1466
4504 4180
2471 60
698 1973
1122 381
4727 1188
1013 3818
532 1639
4755 3121
222 3853
4104 888
790 1359
403 4508
1198 3986
1084 3258
1023 3259
4830 1451
68 4399
244 4875
1896 825
4193 863
1205 354
3327 4786
2102 1916
3847 394
4860 3988
105 3409
3652 3873
2009 4876
1895 4750
1934 631
2137 3754
1130 1208
3966 3471
1529 4611
2805 3173
4281 4302
3873 2454
2752 3711
4784 117
2306 270
2857 3730
3906 3621
242 1973
3244 3312
1791 419
3359 3743
4720 2974
3084 2596
2738 655
3857 1928
4308 3311
1150 3284
624 29
4702 3919
2206 419
3321 2382
415 263
4618 166
3258 1444
2069 1428
3471 746
350 4207
1108 1525
2436 1454
775 751
56 3493
2085 2387
896 746
1850 1719
981 1058
2941 4686
3054 4035
2326 1633
2549 1335
3172 2264
2601 1933
2152 2694
3395 2532
2935 3218
1893 953
520 3995
3599 1665
4541 1820
4513 3678
1689 4214
4833 4682
644 2861
2355 793
4186 2618
899 1559
2216 1660
4358 2452
3656 886
2951 4282
3968 4082
2767 1358
1046 1742
1778 3121
4141 761
3005 2780
2478 2519
330 1882
1705 641
2616 2505
1440 4788
2176 4473
1209 2035
4114 1441
4307 148
4089 3439
4030 3166
4686 2929
4500 2551
2474 4750
4278 2740
2208 3772
3055 4788
995 1595
794 2163
3864 346
3361 3106
3764 3001
2479 2829
3501 226
4331 1192
1716 1698
3189 1441
3094 4155
4161 1943
1633 4312
1690 4535
510 70
557 3910
3299 2155
3214 2817
2468 91
2061 733
346 1327
4339 2098
3681 4499
120 2233
4045 658
4264 3124
4319 796
1625 1448
4831 4402
227 4842
3825 3856
237 3018
3326 2888
4034 567
4551 1834
3450 3785
2098 4429
4160 2929
2627 3310
1544 3726
1617 79
3829 1977
2191 3943
2443 923
2714 3121
1481 273
3985 2007
1754 4145
2021 175
1552 690
1033 25
3650 641
354 3836
4788 3173
4474 306
1608 3919
856 3959
1316 4000
1719 248
4217 2835
2817 1101
4836 4078
2019 3334
4333 1335
1131 4711
2233 4484
2859 1627
3316 598
4710 321
2081 1361
4611 3068
3795 2578
4018 1851
1363 2050
2242 2546
1953 2090
134 4326
293 117
4315 779
2829 1942
4553 2864
655 1817
3592 4251
2630 838
1986 3914
2929 4617
4759 3996
780 1222
3093 844
3433 2042
2160 631
1322 3416
2654 2818
2496 1022
2488 3692
392 2521
982 501
187 4639
4295 936
2376 1275
1900 146
3772 3702
2803 578
1371 3290
280 1460
3103 672
29 1659
183 1158
4399 66
2224 402
3609 529
4159 3431
1887 3673
4095 747
2151 4620
4370 4987
3831 1892
3565 4046
263 3614
4395 4540
886 186
342 4061
109 4835
4750 933
903 121
2546 3937
3106 4320
4447 3833
1709 3937
2754 1109
206 605
1741 3835
696 317
3472 4378
3334 2509
119 3673
4914 1901
3711 2155
2197 3283
516 1057
1885 3465
2284 577
2679 3562
59 577
2042 2251
1620 4650
4445 1377
594 4441
1220 3279
1846 345
2408 3845
4705 1665
216 4939
3173 1459
4250 3018
3124 3791
4122 2954
2535 3725
4132 3003
2450 3837
3614 1096
2577 55
250 4973
175 1549
3989 3389
3201 284
264 3754
1949 1214
4878 1659
1318 1534
423 986
148 999
107 1901
1517 1603
1173 317
112 3486
2800 2382
4540 1801
3480 4496
4785 1404
1281 718
3853 3017
987 3640
2913 3452
4988 4101
2426 1224
2661 2049
1077 3566
2793 1373
4953 2106
560 2774
3623 3057
3439 666
4601 3132
4626 1667
2864 2799
4027 4085
1644 2943
1627 1755
1660 1161
718 4724
3170 1798
3972 3253
2084 2509
4371 1166
307 168
2963 1090
1129 2038
1176 3430
552 1701
3020 3543
2139 3934
3430 902
3627 3462
2074 402
559 1035
4683 4451
4003 2835
4740 1090
1471 4093
4101 2921
440 4699
3675 4711
3163 153
2050 3256
2088 3167
3209 917
765 3572
2993 4649
4312 1144
2683 4486
4535 4877
3914 3371
2149 413
1542 1174
1353 3777
3823 1090
4537 2530
2520 3312
931 1286
4435 492
4421 3270
30 2034
1548 3009
1225 1412
1047 2950
1161 219
4462 574
1960 1224
578 2437
3526 544
3432 1461
2557 784
4067 4628
668 1550
287 2746
898 3152
2652 3223
806 146
2381 2565
3990 431
4226 1273
1275 4876
1395 2642
549 475
2225 3390
4253 2106
2694 3382
2432 1070
1400 3951
4678 3792
1638 1448
873 550
2613 1010
1060 3816
126 3050
1072 4157
2923 4889
3636 3421
4036 4581
127 4046
4514 892
4326 4780
4877 2073
2773 1549
3573 1664
1549 3174
3658 3776
4287 4231
3283 1478
2181 693
91 90
714 2410
1915 2034
4320 1485
2286 2911
1699 3017
1509 2839
3909 2038
1879 6
3986 2776
1806 2980
4577 163
2159 1422
186 2497
1562 3255
2943 1016
4496 3944
2671 2686
1103 1350
4365 3785
481 2126
248 730
1664 4329
2205 758
3290 3560
402 2729
4546 1534
3640 4641
2339 4508
3572 2162
3338 994
4650 618
3908 2114
1775 4396
2699 2946
3544 4075
78 4978
2873 3291
4999 3468
4724 3934
4638 38
3775 2412
4354 577
1335 1090
2990 2519
4991 3601
4202 2878
3930 1715
3890 4687
3138 1537
4033 74
1101 2740
1412 3931
1603 1749
3616 2623
2163 1002
3012 672
3280 1461
1377 1566
2536 3552
3516 609
974 2472
4268 3928
286 2931
2888 4558
3917 575
762 756
3176 1451
1389 2980
409 3863
3182 284
2940 2490
902 36
1224 2182
3567 23
761 3702
858 4327
2847 3624
863 3928
1764 3925
4641 1155
3132 4009
3305 1245
4301 2034
1997 1182
389 324
4527 1813
1520 1729
2565 625
1478 916
2000 3960
1482 3569
1187 1691
4807 4044
4263 489
4380 4434
3611 2011
23 2264
631 3804
1321 595
1373 4871
2246 1851
960 1109
2687 437
3062 1498
1361 3934
4890 3424
687 2138
1761 4318
3624 448
3678 802
284 4620
4324 4609
2578 2584
4617 868
3162 3629
2346 4508
1820 2442
1174 4659
656 2401
1441 2442
4667 3468
2497 2341
1226 479
168 3381
2274 4978
1874 53
4820 2521
2939 393
1413 3135
893 2637
118 1415
3524 1155
3465 4378
4452 618
933 746
3792 3309
2201 86
1798 901
666 2383
1749 3462
1438 3115
3515 496
2182 1210
1774 3073
4673 4986
1571 448
2103 2746
3121 3879
4510 1387
3391 4716
4917 1656
4483 784
4286 4035
1537 327
4165 3953
4620 1979
2938 3555
4242 724
2410 2358
3641 3648
2199 3618
3597 874
4393 832
3018 1397
1727 3360
2067 477
3694 4896
4919 2840
4684 962
2771 3553
1155 4508
715 1298
207 1354
4332 658
479 3211
1801 4035
4663 3499
2437 3099
2495 3405
4260 938
4889 3216
3702 3499
3785 635
695 2490
2261 4790
4026 4675
1824 2377
4693 1996
781 495
4839 1401
936 2948
2740 2048
1127 1957
2459 3835
1559 434
2891 2007
4434 1078
3002 1428
1291 1595
3089 2618
4274 688
1740 3629
2783 3038
2688 3255
2835 3824
360 3901
405 1706
1213 950
4277 2271
3626 872
2287 4490
2828 2642
3435 3835
1882 729
2429 416
4906 4175
4892 2086
53 2040
2053 3039
2626 1234
1691 492
1429 4810
219 719
395 4076
202 4154
2895 2373
1323 817
917 585
2645 1139
605 2505
1348 701
2007 331
1333 2886
2554 2949
4188 2358
2416 3070
4251 4609
910 167
1181 4904
305 2551
2867 1144
4432 3499
2911 2953
4671 2115
2078 1957
1350 1649
3036 3493
4810 2632
3837 716
2002 3512
1788 739
2625 3692
2997 3200
2490 1029
1595 4009
846 4451
2551 162
1525 209
2901 4503
1936 2034
1222 4951
1681 1701
4082 1210
100 561
1805 3961
4499 2717
1057 4019
3350 4972
4587 4517
3174 3261
1495 4659
419 635
2946 3943
4296 641
3666 4972
3542 2003
3070 2311
660 1210
1054 4311
2140 3270
1178 4804
1919 4021
2799 729
1451 2839
3143 4129
2912 433
496 4473
2718 2232
1039 2593
2212 4628
410 4802
4473 2632
3988 3980
1263 1315
4093 635
193 3284
4717 2107
1992 577
2386 4491
1399 1388
3022 1339
4821 3486
941 950
2780 3673
1470 1555
1564 1366
2516 3934
1282 2086
2155 2038
463 4346
163 2382
3730 3038
4487 1555
2949 4811
4360 3944
1372 1162
1271 3865
1856 2931
448 3074
1561 1698
3498 4616
2880 1007
267 4237
796 383
1680 3701
3723 4805
2686 1327
2327 3135
4804 2969
1969 4709
4313 3725
4000 993
1203 4898
847 3259
859 4329
477 4457
1683 3682
770 3371
142 3980
3621 3315
3728 3029
1437 4897
2561 4155
1729 135
3208 4544
42 3987
2926 86
180 4973
4400 1996
756 3602
1584 3769
1928 1070
3001 4168
4234 4507
1626 4659
1189 3673
3934 2017
824 3272
4508 3166
693 635
2271 2264
1498 74
2481 561
2967 1314
4681 3863
2878 3662
3787 2367
1230 1945
4998 4699
3553 4196
32 3380
658 472
1659 4930
4859 4476
2413 4139
4441 2656
4871 3409
3776 1245
2663 1404
3468 1834
4239 635
752 2498
2498 319
3380 169
4061 1266
135 2252
2472 3332
2377 3218
967 3029
3053 2861
3769 2297
4237 629
1404 1358
3024 1062
2016 2980
1540 3964
3438 194
2931 349
3924 1539
2532 1557
4987 368
4973 196
543 3700
2230 434
25 1340
3146 3893
414 260
299 962
3203 2003
2107 1421
4880 4854
3953 441
3388 1132
1340 4168
2612 2106
2660 2980
733 4238
302 1431
2267 3216
4665 1067
551 3038
3210 1192
2252 1388
22 2423
807 2433
162 3259
2124 3409
641 1460
4920 3421
74 2221
2623 1029
3682 4817
1050 349
4196 730
2311 2423
1427 507
28 1818
3098 2076
2422 2077
953 610
1314 55
3291 1044
2048 2648
4503 986
4465 1946
2076 3936
2717 2974
1698 1010
3373 2299
3175 2533
1339 630
2383 85
4861 472
1204 2214
1569 618
3562 2982
2092 2423
4939 1868
306 4561
4654 394
618 447
4629 270
1942 2509
3996 331
3594 1979
4932 3256
2221 2264
4738 1665
2596 945
2753 4719
1354 758
1826 4276
3980 1763
4639 2845
3486 4609
4355 1408
540 4581
4108 3110
37 1717
3037 2180
4029 609
609 1028
3152 1669
565 411
4013 4139
1453 1566
4694 4854
3021 669
3332 3754
2003 1212
1208 4916
1534 4558
3918 3532
779 4608
3218 3211
3955 4864
3824 1590
950 3912
1388 2729
433 3270
88 2584
635 3748
2952 2806
2164 2802
60 2431
2533 1231
4783 825
2966 1612
3919 255
3756 1834
2957 675
868 4429
4605 4875
103 447
2716 1317
3569 3662
3027 260
2405 3875
3477 600
2162 2096
321 4723
739 3646
441 1461
3362 79
2534 1035
544 3153
1044 3259
4908 2774
2962 4687
345 3791
3167 3398
507 4558
2207 3491
4608 2953
3292 3436
1742 1183
1857 1231
3568 4491
1987 3771
3749 2974
952 344
2807 1485
2341 2231
2746 837
4019 4518
3684 2180
3073 1210
646 1071
1286 1273
117 2886
3360 1870
1463 2430
3279 3257
640 1139
817 3275
4595 3421
4075 2802
1977 4419
1029 1724
4682 3994
3936 1818
1933 3910
2079 1421
3754 3818
1022 3207
3312 4481
1356 2974
1762 701
604 3315
844 2414
3039 4273
4910 4429
4817 3389
3255 4207
241 3697
3311 2406
2522 1317
2385 4743
1669 3074
1210 194
85 1219
2530 2508
4709 2509
3464 1459
4726 4112
1061 1241
3893 3344
2615 3552
3629 2297
1706 4805
1421 3944
3017 1979
70 1193
3310 1637
3910 2974
4276 1868
3275 2568
4566 2656
3845 577
4928 4207
2690 114
2213 38
3221 4145
3583 2609
413 4282
4517 716
166 562
260 2739
1359 2656
4976 4484
3185 1346
1763 3030
1193 3835
4986 3204
2861 1449
2452 1459
2038 1943
574 3315
2948 4154
4476 212
1474 1144
2214 945
2556 2315
3555 926
1821 4328
3700 349
4660 1667
1096 1449
4459 3994
2013 2382
2840 435
1818 4780
3521 3431
1087 3818
3284 2739
1755 2795
1031 4897
675 4126
38 1386
2372 4046
3797 2129
1447 3863
2406 996
3632 1183
2568 4402
437 1192
2729 1241
3030 994
625 1212
4616 3959
146 2052
3382 3061
212 3721
1139 2401
2845 2289
4719 984
719 3371
3973 1309
3135 3668
104 2806
3253 570
4454 926
585 4439
1078 2006
1838 2264
4571 2871
2603 3476
3308 3687
3591 4481
901 3575
4091 1274
999 2315
6 2637
2052 2954
3035 3405
3697 447
3513 4881
1194 1258
3115 4139
751 4200
3560 3102
1637 247
1241 4046
1415 1249
3995 1192
3381 2982
2950 2256
4044 3803
4294 4302
4972 2251
480 1721
849 2401
3452 69
2132 4279
2441 2204
4711 4649
2776 2802
2133 553
1387 4481
324 962
3099 1862
2126 44
4068 378
4805 2774
4157 1813
2974 3204
1185 86
3406 2034
2806 3601
1908 1787
2642 630
2584 1449
4309 2509
3668 4916
633 3518
581 4723
3166 169
1327 4675
4896 2008
4809 4904
365 701
3925 4692
1192 34
2438 4378
4046 3461
344 2291
1009 4381
3891 1162
2774 3207
2618 3303
1901 2562
4699 3564
3692 4197
4204 4881
962 3223
4155 4558
3261 1182
4200 1132
1124 3646
730 1428
4679 4420
3200 3303
3965 4951
4558 4854
1973 310
2825 4352
3068 4582
247 4780
4606 1431
1950 4786
1397 2047
466 1996
1266 1996
2818 1769
3416 196
4396 55
3476 1188
590 2802
945 1871
2412 2632
310 4881
2231 2236
3987 1448
3875 377
994 378
825 2563
2425 561
197 3512
4352 3701
3714 1062
2665 3928
1231 4238
4964 1814
2047 447
2073 1313
3421 522
3242 2236
1407 2969
1132 3743
4649 1449
368 3431
62 3114
3964 1234
1968 1444
4273 4716
4786 1273
167 3223
1317 2100
4346 1002
2034 3803
4342 4420
327 3803
4904 3901
669 3371
3852 2921
1814 2609
3726 1609
1485 3818
837 125
1071 2011
3493 4692
991 387
4687 4078
2130 4376
3701 4098
1090 784
475 3803
1405 708
255 1422
3398 1000
319 3367
3259 4420
4145 4168
382 472
2982 4327
1695 1721
1000 2871
2096 114
3243 4076
872 2006
3833 343
1787 501
2886 904
570 396
4076 2510
1309 3269
1817 3211
3294 1182
3367 4197
447 3114
3414 1459
3898 349
4544 4021
1158 4501
4328 4627
889 595
4337 226
3396 1566
4930 2629
1177 4581
4490 3256
629 1590
4492 577
2367 2769
4035 3683
3207 3344
3102 4168
4 874
1058 3665
2629 690
1431 472
2871 3499
4588 66
1253 3223
1245 3802
4484 1870
1272 996
2086 4037
16 3665
3216 3850
3405 3802
2414 1868
2373 1864
2521 3470
4743 4180
4628 4539
4143 4112
462 1446
3865 2969
3703 4037
508 3319
1401 2114
652 984
4231 4501
3532 2324
194 3943
2953 3512
3110 1469
996 1325
2739 2288
3994 4855
2433 3558
1460 1166
2499 435
2028 4802
1035 4491
3571 2890
218 4439
1469 501
383 1280
55 1701
3315 4010
1840 3074
41 1643
4708 2291
600 431
3303 2906
2129 4916
2889 2430
522 1162
3601 4507
3409 862
672 2980
416 2969
4951 3023
988 411
411 378
4311 3057
4126 1062
394 610
2115 993
2100 4318
99 2509
1656 2637
1007 1016
3057 2954
3003 3050
1032 2969
1171 2519
915 4429
4532 4716
840 4381
44 3552
125 746
746 603
1466 1324
1390 2921
2299 4851
1630 1916
2563 1508
1325 3223
1324 2980
378 1273
986 1507
2609 4561
3937 4197
1183 3461
2382 169
209 4168
1212 2431
923 4078
4329 4581
993 3721
393 523
2454 3552
529 2562
191 4246
1566 387
4731 387
3422 1507
3931 2662
4581 822
3552 892
4978 966
2510 1590
2821 3153
4916 4898
537 3646
3204 4207
4835 4129
226 1545
4875 3150
4959 4855
3159 1459
3491 1120
2915 3683
940 562
2632 2017
874 1851
2035 3960
2106 2204
4338 2006
1214 4855
2236 1701
1653 1701
3431 3462
834 2202
4560 1550
3943 412
3272 3602
4419 4359
3309 1639
523 317
1894 4085
3319 2802
4457 2297
2398 3716
2562 577
832 3566
3894 429
72 1712
3665 2011
97 1448
4154 4507
4402 828
3223 3961
1720 1946
1234 4692
2648 4098
4864 2755
3076 2430
2204 4266
1868 387
1862 1219
1170 3802
2090 888
4378 4481
3850 2839
3662 1422
3856 4404
4404 1743
1545 2781
567 1188
1446 1028
4715 1751
2264 497
114 1694
1639 701
1916 2795
3257 2363
828 2288
926 2685
69 2839
4989 1144
1555 2980
892 3178
18 4481
1067 3466
1219 2921
1946 140
2312 4491
3179 724
1508 3129
1769 3721
3424 3157
66 1109
90 1002
1590 4153
2816 1980
2969 2289
387 1667
4675 3818
1996 3687
3466 101
1643 888
3802 2291
2324 4327
1665 2505
716 4897
2094 2881
3009 712
1721 2839
2427 3961
3646 1609
149 4197
984 4876
3050 3564
1751 852
3819 1016
2017 1701
4246 3687
2146 1602
758 4609
4627 3086
904 1557
86 2180
3518 1667
3499 121
3470 1449
1870 1358
3879 1793
1743 3575
701 907
4318 2401
1016 3328
690 3129
3371 101
3818 4507
2755 4723
724 4659
1712 3383
3648 3959
3512 2256
2921 561
4376 1109
435 1160
1249 4881
489 429
4207 1257
1945 1444
4129 4659
562 3029
4139 3543
2315 4098
3836 949
3256 3270
1298 3803
4486 553
3148 4214
431 2008
3743 3803
2863 3328
4238 4009
1182 2011
2389 1366
1539 1448
1386 1941
610 4420
1257 4085
4716 1329
4279 1459
501 3840
4790 3944
3387 1258
2180 1366
1274 1358
3564 2218
798 3462
1280 1507
2358 4518
2431 4021
2011 1313
144 4926
2387 907
412 2423
972 822
4168 1943
3153 3928
1871 2251
434 4980
3328 3991
1346 4854
916 1329
1166 3863
3038 317
595 536
3859 3721
3074 4429
3791 3618
3150 1109
4350 4609
712 4169
3928 4855
3389 1120
4582 2685
599 553
2505 1602
1717 3960
1892 1655
4780 2769
4936 966
862 4854
1612 3436
525 3543
4876 3716
784 2423
2509 4429
1414 1313
495 4706
2008 1550
3618 1273
4659 3181
497 4420
575 396
4098 1070
4302 3417
2256 1120
1449 2251
708 1979
101 2202
4518 938
2363 3840
852 349
1507 4266
3061 343
2297 2781
966 4169
3181 1609
4334 3270
4439 782
2781 4429
2289 688
793 3721
3344 3687
4010 3687
3912 36
4169 4614
630 2769
2291 1724
1120 1724
1258 2519
3960 3461
1609 1428
4214 3895
79 2218
1667 4655
2 2519
4609 729
1461 1459
1979 1366
3771 3736
3777 1366
4802 2662
3835 4381
2218 3086
2077 3687
4940 553
3804 1010
381 3417
4359 3178
4614 938
2423 3687
153 822
2890 3178
4009 2735
4851 273
3959 1444
1428 3816
4491 1109
4197 649
270 1813
4507 888
3558 1454
2401 745
577 4561
2442 536
1144 4723
1980 2839
1834 121
4842 1793
2685 4429
3863 2138
4811 4723
4420 3129
3270 3271
3816 3736
3086 782
169 4266
3901 4481
888 2049
4881 4753
2735 4974
396 3748
688 1028
4085 1655
1943 1188
822 4753
1454 3688
4112 4469
2954 3543
3575 2519
1649 4037
4021 4897
938 3721
3023 747
34 4706
3462 782
2980 1864
4327 470
802 2744
4175 3748
3951 2764
317 1550
3129 2593
4481 3566
1941 4451
598 4692
2232 273
3399 4655
4897 2662
4381 1109
1864 561
4266 1070
2637 1062
4244 331
273 3687
4855 2744
3566 2906
1602 4180
4898 3390
3683 1188
1557 1093
1408 1715
1448 1459
4854 3331
1070 3673
4723 3803
4980 2040
4451 2202
1366 196
1162 2593
1851 561
1028 3461
3721 2662
3895 1701
2662 470
1715 1273
1002 349
3840 3383
3271 1329
1550 4974
3029 745
838 1109
3944 1724
377 2303
3331 2114
3602 4469
4655 1273
2593 3736
4180 343
4974 2288
3961 2251
4874 2430
2820 3716
3461 2764
4153 536
3157 1957
3673 343
4429 2006
3114 196
1273 1062
949 196
2430 373
470 472
603 1444
2795 1793
2202 782
907 1655
1655 3991
3211 2006
1459 1062
2138 2881
553 2802
3390 36
3417 4037
4926 782
1315 4692
649 3736
2006 2764
561 36
1694 4692
3543 2049
1093 2251
1724 536
331 343
4525 4692
2251 4561
4037 1813
140 747
3803 3748
1109 745
4539 4282
3736 1358
343 745
1188 1010
429 2802
2744 536
4282 1119
1701 3716
2764 2049
196 3269
3716 3178
2288 2519
1329 2839
2508 1358
4706 4561
745 1062
1010 349
4646 36
1444 3436
2040 782
1062 1160
1793 492
2656 4501
4692 1160
3178 3436
2114 2303
4561 2519
1313 1358
1160 2303
349 3748
1358 4078
2839 4078
550 373
1422 782
3436 3383
36 2802
2428 4501
4469 3687
747 3748
4753 782
2049 782
1119 3687
3748 2769
1957 1813
373 2519
3269 2881
2303 472
3383 729
2769 472
3725 536
2519 3991
472 536
2881 2906
782 3687
3687 536
4078 3688
3991 121
3688 2802
121 2906
536 729
4501 2906
729 1813
2906 2802
1813 2802
2802 492
0 0
