5000
-84
-125
73
120
-120
-5
-110
-72
116
-45
1
-122
100
-5
-118
-97
-30
80
-103
-116
-34
-47
-67
112
-16
-44
107
-86
108
-84
-37
51
42
-68
-56
-124
-91
108
98
34
79
61
-123
-27
-6
67
-104
-91
109
-97
75
-84
-41
-25
-48
48
4
-72
-88
3
-59
43
47
-13
-12
-71
4
-32
77
-97
28
81
-72
83
68
51
-121
19
-11
-122
15
92
32
-7
79
88
-47
-30
17
50
1
-111
-69
-97
-62
-117
66
-80
-48
126
-32
125
92
-1
45
-99
16
111
74
45
115
17
-70
-42
-118
-59
-42
53
-67
61
68
75
-34
-85
-46
78
-81
11
-41
93
-17
37
98
57
-27
32
-110
93
-50
78
6
102
66
-8
18
-28
93
-80
-4
-99
95
-57
70
-36
42
112
-43
116
62
-125
96
47
-61
-110
13
121
-126
55
-78
-77
-101
105
-17
-60
11
-83
-102
67
42
-13
53
31
-33
-55
-50
-66
69
120
-118
-121
66
59
-126
-2
56
117
104
54
8
-102
-93
116
55
84
90
-16
102
-82
-38
-58
-37
-93
-16
-110
-86
83
97
106
52
-123
20
38
89
-61
-39
-94
-65
112
-42
-44
126
29
-125
-74
-10
-71
-128
-25
-99
-127
103
34
42
-101
5
38
-111
-39
-56
-93
-38
-83
13
-56
-125
-20
-59
-121
-96
45
8
-118
-106
116
2
-20
60
89
124
98
123
14
88
-106
104
11
40
-23
-87
109
-99
-93
103
-126
-89
5
114
45
-104
23
93
0
-37
-92
68
107
7
-17
28
113
94
-115
-66
-95
105
126
-22
-80
5
84
17
109
-56
117
21
99
-7
55
11
-41
15
-47
-31
-71
-1
-122
-81
99
-59
89
76
-71
13
-8
-4
-78
-107
81
-66
-96
-1
107
54
36
-20
79
-80
87
116
87
14
-28
-60
113
118
19
-38
-113
-113
-94
109
-93
88
-21
-65
111
-7
61
-7
-16
-54
63
84
8
85
-57
-68
-85
40
-70
91
-90
8
-20
84
24
38
-39
57
64
-123
91
85
-41
-14
-16
57
-110
59
-56
79
-1
-36
0
-30
-26
118
-62
39
-115
-33
98
50
-50
55
-16
25
58
-88
-92
-115
-118
-106
-110
29
7
60
-51
-11
-117
3
-18
-90
39
-58
-75
-65
6
-107
-107
96
-70
47
57
4
-17
-101
-33
-67
-22
-13
39
-26
56
12
66
35
-81
120
123
-113
79
17
-67
-95
41
-111
86
25
17
54
-68
37
-103
21
52
-70
-81
-50
-74
85
-100
-93
39
109
-59
-40
57
34
125
-25
13
-81
-63
83
-59
-106
22
23
12
24
-34
-55
-45
45
-13
47
-107
-86
38
108
36
72
-93
100
-55
-7
60
-122
14
87
81
37
23
-24
124
36
72
-32
-36
-28
-94
115
125
-104
77
-34
-121
-105
12
-36
105
30
-80
-41
47
86
-27
125
-35
84
-106
-28
18
110
77
126
19
105
-127
13
112
-85
35
96
26
-52
49
35
-103
79
-108
19
89
123
113
-124
-88
72
-121
-127
75
-57
-125
83
-98
-61
66
-29
46
115
60
81
-22
27
24
-113
-61
62
23
83
126
-97
2
-25
-40
-79
106
94
-3
66
-14
-73
125
100
-116
-38
-67
92
-15
-70
67
-68
-79
10
-1
4
-85
63
-80
25
-36
-127
-24
123
54
52
19
-125
82
35
52
0
-55
81
-20
109
-105
6
69
65
-127
0
-90
-113
9
97
50
-121
-70
13
-29
60
74
22
-26
103
73
-106
66
95
27
24
29
35
-51
76
-49
-92
64
81
-48
78
-30
-85
-27
-66
4
123
82
-10
-36
116
53
-40
1
-100
117
-23
109
63
119
58
25
50
58
50
37
-95
118
-27
26
-94
113
-69
-96
-76
-54
-71
-37
20
-22
122
-122
118
-128
94
-27
69
-48
-104
118
-26
-115
-28
-95
-16
36
46
-37
-103
-100
99
35
121
72
-107
-117
56
-85
-37
1
-63
63
47
53
10
-8
80
-7
-7
-21
-52
65
45
-108
-100
105
-7
72
-49
105
6
-121
-98
114
-88
95
27
-25
-79
-68
-120
24
-66
-121
-22
-44
-43
-119
87
-107
-74
-126
-120
71
-66
98
-21
39
-95
-5
-69
-70
-128
-91
-65
-110
-122
17
13
-122
34
-53
-112
99
2
73
42
107
-96
15
-8
60
-58
-11
88
-21
-44
-118
22
-16
-10
-42
115
-3
32
-43
-82
-116
-55
53
-39
-8
49
-70
35
39
-18
-101
-77
-91
105
42
-82
11
120
28
72
-65
71
-53
-46
120
52
22
77
57
-84
13
-18
121
-77
-38
-57
-16
-37
-96
-120
17
72
-57
-128
70
-83
-44
-107
114
-9
-51
-14
-38
111
-24
-27
115
-70
0
-17
-56
-62
-20
-53
-20
114
119
87
-60
-59
102
58
2
89
10
106
-37
50
78
-79
-41
-98
-125
8
58
10
13
103
54
104
51
-61
114
18
75
41
67
-40
-15
-99
-28
-115
-13
86
28
-42
50
-46
6
-15
57
-44
-101
5
49
-57
-112
-126
102
15
16
-88
-102
51
-36
-101
40
-112
-22
-121
-68
-9
106
-91
-5
-77
-25
-127
18
101
-43
-25
-97
-47
-128
103
25
122
-67
-89
-40
45
-73
60
-100
-42
-40
-62
-92
66
124
-88
90
-117
108
31
-21
-53
42
119
-51
8
-73
-100
-24
45
113
-89
73
-68
-28
-125
54
-74
42
-105
-61
-15
-103
116
-107
111
-66
103
-13
68
-109
8
56
-94
-49
-75
-39
-29
98
35
3
-31
-1
39
89
-76
80
20
79
22
-101
17
108
100
11
8
-77
-92
-27
-89
-32
38
-118
63
-91
-39
-30
-34
99
-46
-111
-24
-78
-13
33
-15
-96
-53
106
88
-128
-112
72
-7
67
-2
80
84
-21
119
76
68
71
-58
19
-93
-8
67
12
-125
-22
-31
111
36
73
-91
16
-127
82
124
-115
25
91
-115
-92
93
102
61
-62
-126
-84
60
112
-114
21
24
20
-86
-31
-27
-67
-49
113
87
85
107
-109
-49
7
87
-66
64
-79
35
39
-113
-88
27
-81
104
77
60
114
-45
113
29
19
49
106
-26
11
41
-127
-27
-71
83
4
29
88
6
81
69
96
-75
4
-64
-39
-95
69
38
-33
-119
91
101
-7
-124
113
85
-60
107
59
126
87
-99
119
96
-96
51
1
119
59
-30
12
-52
17
-36
-35
-66
17
-5
-107
-42
-42
58
-68
-18
9
47
-81
4
19
103
-46
-19
-10
-44
72
120
-89
-53
-44
-7
-4
-125
-54
34
125
29
0
-6
36
85
-46
-29
-106
-36
-76
84
-16
-80
100
96
74
-52
-32
22
-27
-42
-31
11
5
12
-117
-62
-14
47
-77
125
-36
-83
-56
28
79
53
27
-110
116
99
-107
-83
99
65
-33
-76
34
2
120
82
44
19
77
70
-46
83
-114
-121
-121
-55
112
-100
89
26
79
72
79
-10
-92
-99
-74
14
-5
79
119
54
-2
69
67
-113
-48
-22
16
98
76
55
29
24
-31
106
95
-77
-127
39
41
-77
-80
-103
89
-55
-117
106
-82
72
-12
-121
99
104
50
28
83
-46
5
-97
-52
28
56
-60
-70
117
44
-31
64
-54
-56
111
5
108
3
-121
28
51
-48
-106
-29
86
-5
-14
-14
99
19
15
-90
15
-12
1
114
10
35
50
-63
84
115
68
69
-99
-101
-107
29
-120
107
-58
113
-60
-34
-27
-83
-114
-92
-120
21
85
65
-25
-39
-96
-20
-39
-52
-111
-24
-12
-98
121
-26
-117
86
-46
-52
126
81
-23
-66
-36
-88
-108
109
-64
-99
41
-19
-112
-111
-12
77
24
41
-77
-100
40
-88
-115
-79
101
-48
89
14
-42
50
26
-128
-107
74
-49
-58
-59
39
16
-20
-122
-4
83
81
119
40
109
-11
115
20
110
11
11
-15
82
-68
104
55
106
-55
-41
65
22
115
34
53
-41
-91
85
-63
115
14
110
-73
19
110
-69
36
56
32
36
66
97
14
85
48
59
24
-63
-103
23
-24
52
94
-41
-116
17
-62
-3
29
101
28
70
-100
4
44
-120
105
-89
17
-59
-117
-23
50
-87
108
-125
63
-67
-58
53
-22
-97
-1
-115
-126
-126
-80
-78
-19
90
-20
-109
-16
-49
51
125
-22
-40
-113
-69
-112
-23
104
-110
-84
76
30
66
-21
-110
98
26
-104
88
22
-90
-24
-15
-22
-66
40
-36
35
-120
-64
43
-28
-79
101
-25
-76
-82
17
89
108
-73
-78
94
-128
90
-73
101
-78
-73
20
-109
44
83
126
-18
-109
0
40
-3
-54
106
79
27
-18
-57
-93
123
84
7
-98
-66
-41
57
-2
23
48
83
-75
-122
68
-27
-128
8
-73
-74
98
-114
39
37
-5
-21
-90
-120
-18
-50
2
-119
-127
101
85
-2
-127
-107
125
116
37
125
-6
69
75
-47
-15
-83
-36
61
-16
-83
114
-7
61
40
6
45
-68
94
-122
-77
-29
-26
-49
117
-64
110
-47
103
62
83
2
40
-74
-3
25
96
-44
-29
-60
119
-95
-21
97
-95
48
-100
-35
-109
-110
-123
88
-12
-102
-90
-13
113
102
-99
-1
0
-75
43
64
-50
116
-66
84
9
-65
96
124
-59
17
-8
-120
-122
-34
65
40
84
27
-82
-40
107
71
41
42
6
-113
72
-101
-26
62
-104
-7
-76
-121
18
-78
-81
-60
111
-36
-84
-11
-89
-116
-42
19
-24
77
-79
-47
-29
85
19
-68
-57
27
-101
20
-77
-51
70
-49
-114
-92
114
-58
-9
104
91
-3
-115
-1
-112
-18
48
64
-123
43
-121
81
80
-116
-115
-102
-70
-108
91
-2
54
113
-9
-60
-12
125
126
-8
79
-13
62
85
-66
11
-42
110
81
93
121
-104
-65
-104
-37
-29
-71
-29
74
121
-37
-9
4
-95
92
-55
43
-64
122
114
-114
81
-67
95
65
1
-83
118
39
-24
-42
-84
55
-90
94
-128
-100
91
-10
-2
121
-65
-29
-14
-83
23
-32
94
80
76
-7
-39
-70
-19
41
-90
-32
-38
-14
-31
44
-82
-84
-57
-128
120
-25
112
-126
-81
-112
-114
45
52
-120
64
-2
95
47
-59
-80
107
-67
-2
119
-27
-53
-66
13
-82
-59
-70
-14
-37
-109
108
99
-31
-23
-41
21
-121
125
17
43
-82
105
60
63
122
-59
101
85
68
52
-69
99
49
18
-125
-46
96
-36
-49
29
7
14
122
-15
79
99
-35
74
-36
-57
-32
72
13
12
126
-11
-117
-5
42
4
75
-108
69
-108
-27
78
-114
-127
98
109
113
43
59
-30
-69
-49
-2
48
-54
-48
55
-7
125
-85
101
97
22
78
119
-102
116
-5
27
49
-109
-57
124
-8
106
20
-67
7
-12
-98
29
-117
2
45
121
-115
-15
-61
-89
86
-125
-61
-96
-125
-3
-83
33
102
111
50
-19
1
46
40
46
59
-89
-20
101
-80
16
-108
-116
-100
92
-106
115
-65
100
-56
87
-41
-61
110
116
-74
35
62
40
-16
18
71
-112
57
23
-27
99
-21
67
60
-15
71
57
-103
-27
26
31
91
-83
14
64
113
-26
36
-117
-92
-19
67
89
-38
104
115
124
32
69
-105
25
-10
-120
-87
0
39
-88
118
82
81
-114
32
63
100
-115
36
-47
88
79
18
124
85
85
10
30
69
64
-76
36
45
-104
112
54
-82
-112
88
-37
-37
-128
-81
-43
-15
-66
-62
48
-76
-66
34
-93
-40
-102
-90
-111
37
10
53
-107
-34
-45
-36
-34
72
119
105
-78
-41
75
-122
5
39
-8
84
-43
59
-81
-102
122
-77
-31
116
-53
96
62
98
91
106
118
47
-110
101
-77
80
104
-114
-56
32
-84
3
-17
-70
60
-79
96
97
-18
30
111
-72
39
33
-98
-86
-120
-14
80
18
-118
-120
100
36
108
4
39
84
16
-29
-13
58
118
-8
-29
-50
26
117
-5
-59
125
-66
76
-119
126
-48
-90
-63
-65
-86
-18
98
94
-104
-6
-61
42
16
58
52
-107
-109
-106
-40
121
-32
-91
51
-78
69
106
-77
21
-12
16
27
-78
109
-117
112
111
77
-108
104
56
7
-50
37
9
-97
107
94
-94
-17
-28
-83
-125
-58
-5
-5
34
-112
-114
33
12
-41
-95
-60
61
51
9
7
-33
-124
-93
19
9
22
-65
65
126
124
-40
-21
-10
8
-82
-62
62
-29
-112
-100
-92
-103
-93
75
-66
-111
22
115
114
33
-70
-105
-11
-30
31
-8
101
21
123
18
94
0
78
58
99
-1
-109
108
-70
33
-68
84
-98
-85
-119
-7
42
79
18
-78
80
-96
26
-40
64
101
-32
-105
-51
-11
-22
11
-88
58
75
-19
29
-34
66
58
-127
104
-59
42
-106
81
-45
59
-16
89
-19
50
118
73
6
-103
-66
22
112
89
-65
-74
101
107
25
-7
-73
-93
31
10
-77
103
-112
12
63
-74
107
52
52
-23
102
62
86
122
-101
117
-95
-99
42
78
-108
-75
18
86
15
-29
48
-115
126
-25
107
-3
-121
-55
92
126
21
115
115
-81
124
53
-20
41
-71
10
-73
-37
-72
35
-49
-107
24
20
-107
45
-31
-29
68
-116
-125
-116
-18
-22
74
-1
81
78
-36
-17
-114
-94
-67
-64
48
-18
-72
-21
39
-103
69
-128
67
-120
21
-58
24
85
-93
21
24
15
35
-39
-70
49
94
-66
36
-115
-33
124
-115
5
-60
64
-104
-3
-68
50
-27
10
-78
11
-77
-13
10
-111
-63
70
27
35
-86
72
-50
-108
-90
-120
-43
24
118
-115
108
-62
23
-108
-81
-123
91
-12
51
-71
-108
-89
34
-51
121
36
76
-91
-52
85
-19
19
121
126
-42
104
22
23
-108
-51
124
-123
-11
-105
25
64
-73
16
-106
77
106
-40
-118
122
-128
-99
102
42
18
-102
58
-116
-5
59
57
-77
-99
-114
11
-96
-23
-96
-20
-113
-63
-87
-64
124
-34
57
4
-115
66
114
74
27
-31
-103
34
-99
13
19
97
53
8
-84
-93
30
34
38
-74
103
54
8
-42
-16
-60
85
4
-8
-35
31
-95
36
-107
118
10
39
-92
-102
-22
30
25
114
-82
106
52
96
2
-114
0
113
-33
61
-84
-62
-126
116
21
-64
108
47
-69
-68
100
113
-52
117
50
-11
-115
-60
-66
38
66
-6
-84
-102
-33
-68
46
-100
-75
-42
-69
94
97
-26
93
-87
124
31
-3
-17
99
-27
66
29
-73
18
-52
-53
-95
-77
-91
-67
44
123
78
-73
42
84
-26
68
-12
64
-70
-105
-104
62
59
62
-28
116
-48
-118
-63
-66
-62
49
-18
-41
-57
64
-127
-62
110
-128
54
-69
-125
9
-39
77
90
13
98
21
-99
-121
-96
-57
-14
66
46
-71
3
6
-32
-118
-80
-108
-114
-122
28
-108
-104
-28
-38
47
120
-49
-59
-128
67
58
-93
19
-128
-77
107
110
-32
-42
66
32
-39
47
99
31
78
-29
-51
28
-23
-35
-23
65
112
23
93
32
-122
-113
75
119
-65
105
41
56
-8
99
-83
-78
-1
126
-127
65
46
116
-122
-58
-63
72
90
73
-111
-52
2
42
64
20
21
55
50
30
-17
112
-111
51
49
-124
-16
3
33
108
120
84
-112
13
-76
-115
-21
20
28
-54
-31
85
-42
-25
15
-75
-94
-114
102
-53
55
43
-18
-45
-67
-62
8
-67
3
-66
-42
-17
-43
46
-126
5
-61
-64
11
-59
47
77
-103
0
-124
15
58
31
73
124
-33
-87
-62
31
41
72
-104
-21
-76
-123
-93
-113
73
-121
-112
89
72
96
62
6
-8
68
62
-69
-70
16
92
73
-39
-68
-125
113
-12
76
-123
-45
-36
12
6
119
-93
13
118
-37
-46
56
11
-101
24
-15
-87
-45
-35
87
13
-7
42
-55
-77
19
6
-109
-47
32
-108
2
-65
86
102
-2
-57
-61
88
-48
-23
-114
59
-94
-16
-41
39
-108
59
82
31
-9
-90
105
35
-41
-15
3
80
-82
-39
104
-1
106
86
-59
85
-14
-61
-51
-1
18
-26
-90
4
27
113
-59
-118
23
68
47
-62
-68
-61
-112
-90
78
22
-105
-35
35
-65
99
-15
-55
38
65
63
114
-49
-41
58
98
-116
-44
-119
-25
9
-85
-9
-54
91
24
126
14
13
75
-95
122
-44
-34
-32
-43
-27
85
-126
-86
0
-16
-26
65
98
45
55
-50
40
-57
-95
52
-59
-84
-49
-111
-92
-67
-97
70
-42
27
-15
-28
-87
-60
-39
-94
-52
-84
40
-104
-79
124
-18
105
43
114
-5
55
15
110
115
-8
123
94
89
17
23
15
-85
-50
31
-18
17
-128
-10
-60
-54
-96
74
77
48
116
34
-9
20
-78
-16
14
102
15
108
-45
49
-82
124
-75
-91
-98
65
-66
-19
-105
66
-95
-68
86
-21
-12
10
-50
-67
-39
24
-62
122
44
-95
8
17
74
-120
-53
47
125
-31
-8
-62
92
-63
-71
99
-26
71
-32
-99
1
-10
-98
124
-51
-4
93
-47
-2
114
-35
-113
64
-42
67
76
90
-98
-57
-114
93
102
35
62
-89
-86
126
31
-113
109
-114
-46
-14
-35
-48
42
-127
-30
-40
-103
27
-24
62
111
117
-89
40
-105
-112
-38
-57
114
11
33
-23
41
82
17
72
-14
-66
114
-55
46
47
69
-76
36
-91
67
7
117
-50
98
-99
124
-24
-19
-76
-96
-115
73
-20
17
45
-45
-24
-85
22
-123
55
30
-13
-115
0
-97
85
-85
93
-36
-20
80
37
-22
118
109
68
-6
-45
109
46
-21
-79
83
22
-109
90
-20
119
40
77
-48
-81
-50
94
106
-14
72
-107
61
59
81
-114
-39
-55
24
16
-53
-73
-41
-112
13
87
-41
-53
-108
75
-70
12
95
-101
7
122
34
-108
115
57
-1
71
41
117
-36
-15
75
-56
39
-43
64
-74
-72
-29
39
117
-7
86
-61
-63
88
32
-95
-76
64
-2
-39
-84
118
-30
79
67
70
-12
-77
-43
70
-37
-107
57
21
102
-63
118
85
-98
-120
-26
-32
16
-107
73
73
-109
18
-51
80
-88
-117
72
-67
26
-47
-34
-72
-1
12
14
99
37
3
125
-65
114
-88
-126
-2
-116
-123
106
-83
-11
90
82
-116
14
-30
37
16
70
107
-103
102
-15
43
97
104
-58
-95
46
123
36
-40
-99
34
32
-127
-71
30
-110
74
59
-91
46
124
23
-97
22
-31
-17
-86
-64
56
2
67
8
-119
38
-13
26
-27
48
22
-1
-125
-46
126
84
-67
-110
-9
123
-16
58
32
-74
-49
-80
47
2
29
-95
53
-87
111
-32
-18
51
-92
-124
-125
-52
49
76
-104
-128
38
-126
-109
-1
-28
-89
18
-73
-114
94
43
-12
-119
85
-5
-102
44
-7
-28
-67
-53
92
8
61
49
115
-2
100
102
-81
-91
87
105
-112
20
80
-75
-123
13
107
-66
-128
67
-64
48
15
42
-48
-121
-53
-122
-77
14
-54
-43
-6
110
-80
-57
-38
-5
-99
90
26
-106
16
67
13
-127
49
95
-21
-83
-19
98
26
59
114
-116
-112
-101
119
60
31
64
24
-28
-126
-29
-77
-87
-18
6
-14
120
-126
-9
78
76
-66
-29
-80
3
93
-96
-117
-40
-64
-18
32
48
100
57
124
115
-68
-99
-67
-85
-49
75
-128
-8
106
64
68
-59
-62
-13
6
65
89
23
114
-84
-78
59
-46
109
15
-61
63
-84
70
77
-98
41
-29
92
-120
-2
-72
-51
-79
108
6
121
-104
113
-117
-19
-4
-13
-81
37
-101
-26
-6
14
-87
-120
123
-34
-22
81
31
47
17
-86
-84
6
-18
29
-99
71
-51
-17
-122
116
-19
119
-96
-118
-10
-34
-90
39
31
-92
109
37
-79
-87
-78
43
90
96
122
-96
62
-29
20
65
95
-23
53
36
11
-128
-26
-96
97
5
-48
73
72
88
67
-46
84
24
-67
45
42
-47
123
-19
-14
109
92
89
106
-123
14
6
117
-78
37
-20
-62
69
-59
33
-128
59
-94
-81
14
-43
69
-40
-113
-35
-128
6
-79
26
61
98
-126
-3
80
41
105
40
-17
-76
16
106
107
-4
-101
-44
80
-62
50
-44
-53
-62
-89
17
97
-69
2
117
-108
-66
-8
58
124
35
40
30
-31
122
-40
90
-49
77
108
-20
-108
-18
24
38
-110
-42
-24
80
-128
-81
33
38
-93
-35
16
-60
118
75
-89
-50
92
86
39
52
-3
58
29
-76
-9
57
-70
2
-50
-96
120
24
111
-85
78
-123
8
-8
42
74
-38
-123
98
-121
108
-11
-44
63
-11
89
105
90
122
-88
-53
-116
48
89
-43
65
-102
73
-70
-7
-12
98
105
126
30
-24
109
40
102
98
19
-126
99
61
-26
38
64
-53
-14
74
112
-123
104
-110
-95
56
-119
-1
-65
-63
75
-127
44
-32
68
90
35
109
-71
113
105
-32
-124
96
-72
-128
23
118
-59
12
15
91
69
-8
-74
-120
58
-67
-33
47
117
-39
91
-23
84
-37
-109
-32
-116
78
-126
81
-21
-101
-46
-99
-120
7
36
118
-61
33
1
91
-37
-110
-21
-119
30
-45
10
-10
120
27
63
-57
-119
-25
-117
-68
-78
88
-69
-9
-21
-76
-22
-52
21
36
32
-40
36
20
-57
126
-53
7
106
105
-36
101
-104
-5
19
-80
-25
-128
83
-12
11
-56
-112
28
-4
89
5
-67
37
-46
17
-118
-56
-115
-109
2
23
7
-95
52
-113
-128
-112
-42
85
44
85
-24
51
50
125
37
-92
-44
28
67
-85
115
97
-122
22
44
122
-84
-107
76
74
-7
-8
-5
-26
-19
-93
39
80
27
-115
90
-116
-44
-121
-8
-37
92
58
-125
35
-123
32
126
42
18
123
97
-79
-36
-107
42
102
1
46
-46
89
-89
69
16
-37
13
122
-86
66
16
-84
26
39
6
109
18
-80
-123
-37
56
96
-49
-7
113
77
-94
-102
-15
59
-98
117
-46
-57
-115
-117
-64
-85
-97
117
-120
-18
-72
-61
18
16
-46
-68
-82
-12
14
-118
-62
-105
-101
10
-62
-103
34
-19
35
54
-2
110
92
37
68
114
108
-92
-99
29
116
-65
-66
-59
94
104
99
103
30
111
43
-5
45
-58
45
-22
62
64
83
82
67
39
-34
-107
28
-61
-117
-127
-80
93
-41
1
-64
115
50
75
94
-82
116
-78
-72
-68
-82
-50
2
-51
-7
25
-1
-95
48
86
119
68
6
119
32
-71
112
-31
-11
9
-54
30
-7
99
-100
89
8
16
-33
-48
108
-95
-64
-4
-110
69
-110
-76
-18
-116
-123
-34
-42
-74
85
-49
-65
-92
-48
-95
-97
30
-35
-56
-93
110
16
103
-110
-110
40
-32
106
-26
-117
4
26
71
29
107
-46
-99
91
94
-126
14
48
59
-41
107
-98
-3
99
-95
60
118
113
91
-71
-107
39
-23
102
77
-83
70
67
83
-91
84
26
-56
20
-41
-64
26
-44
106
-18
-13
-57
58
121
-64
-70
-55
-50
-80
-101
-110
94
-16
-52
62
91
-87
82
81
52
111
-126
111
106
-16
-40
21
101
-114
58
-74
-43
18
97
22
52
-98
102
-67
108
-54
-74
75
34
-47
1
-111
-41
-4
100
-69
34
-6
-77
8
85
123
-121
-52
-105
2
-78
-34
-72
49
106
-64
79
84
106
14
118
54
-6
-112
3
-116
-53
37
118
82
69
-38
111
118
-48
9
93
34
-70
-81
-109
22
-79
80
33
5
9
-50
63
-26
34
56
111
-12
-71
-114
-43
-13
1
-2
20
100
15
68
-30
97
-56
-39
24
48
-60
74
119
-36
-72
-106
58
-7
-71
100
15
-28
-43
0
-71
86
2
34
-67
22
84
-35
-72
-89
-5
126
-46
63
-123
-106
50
-12
70
126
-74
75
-112
99
76
107
-60
11
-126
-97
81
-104
64
-56
-115
115
107
-12
-65
65
57
-114
-120
10
85
10
67
-42
-68
-6
-113
53
90
105
32
77
-23
110
107
110
-99
-25
-125
82
111
-123
-1
-128
-19
-14
42
-11
-25
35
-90
36
113
-100
77
-34
46
-79
4
55
51
124
-7
-83
61
-45
108
-23
-100
120
-39
-34
-7
-79
110
96
46
-108
-60
57
-110
-40
-78
-24
-16
4
33
-52
-22
-117
-44
48
-18
-42
-64
48
-12
-29
-57
105
-124
-25
59
-41
-120
19
32
-61
-95
-40
-70
115
-32
74
-55
-31
17
111
-21
125
-76
-113
40
74
97
111
78
-98
-15
88
60
-1
-82
-128
-44
29
22
112
40
-123
-28
-5
60
-49
1
-112
-96
57
-98
-97
120
-75
-24
-49
-59
-38
123
97
67
18
64
73
-18
24
-12
-120
-83
47
115
116
-110
115
83
110
-31
-31
-124
-122
49
65
84
-103
-71
82
-35
35
19
53
12
126
-101
-68
110
-13
33
-92
-127
-125
-56
-41
-37
102
-127
40
-95
7
87
-119
-82
123
-21
-28
122
46
-42
-17
-113
-19
45
33
-90
-14
26
29
-114
-107
45
-12
-29
54
125
18
77
118
-3
89
-55
-107
-97
0
-88
94
-76
118
-22
66
-18
-115
-127
43
62
-58
123
-127
15
-101
75
-59
45
-22
32
35
7
28
6
86
93
28
119
-59
-111
-92
18
110
18
47
-118
122
-82
-22
27
70
54
121
-58
-36
70
-97
77
114
-4
116
49
-122
-71
-56
-78
-67
-74
85
-126
9
30
27
73
-52
-98
-72
10
53
101
46
108
-113
69
-125
-8
78
-5
-69
-33
-124
87
57
77
4
-19
83
-43
-86
20
-11
121
-26
0
-52
12
-104
-81
-91
108
-66
23
-46
90
13
-35
77
-94
-58
-106
-74
83
39
-49
14
-98
120
-42
36
-55
49
18
-41
-40
103
-2
-74
117
51
-42
-26
55
-54
32
-112
-68
-100
-67
25
70
-4
23
2
-40
105
75
-102
124
-46
56
-66
18
-112
-108
-75
-74
50
91
-59
-89
-46
104
101
50
-93
-5
-83
48
-1
80
40
-113
-21
-121
-60
-95
65
-112
6
21
-111
-125
81
-68
96
-62
105
81
84
46
-48
72
86
-73
101
-90
119
23
-92
-113
-29
2
71
117
2
-9
-91
-38
-109
-45
109
126
104
90
59
76
6
-40
-68
-54
22
-126
69
-31
-66
-105
24
100
-7
-92
0
18
118
-83
87
-54
-49
-78
106
38
55
88
112
-9
119
-69
-76
76
-76
-11
3009 1222
458 2139
2224 1844
1165 3638
3043 1105
2118 1738
1394 2814
4214 3233
4927 2215
626 4776
3486 3952
110 4749
3286 2439
4107 1314
248 2610
3631 3100
1145 4903
2775 461
2256 2116
1588 1055
2143 4115
2003 3453
3265 4473
2812 2101
3219 2483
1075 2124
194 4633
554 4475
3598 3895
1576 2774
2610 3887
134 4360
3263 1395
1936 4265
1431 3179
3911 103
68 2872
3270 4382
436 686
3086 367
366 517
2357 2595
4273 2445
4229 1581
2819 3728
1011 1033
4063 4773
1101 160
2927 2426
3923 1346
950 3085
2983 2681
3470 1096
1779 2056
1133 3998
4061 1083
2706 4964
4396 3573
2868 4565
2539 87
1946 4234
1724 2380
3072 54
2509 4461
1959 3461
837 3408
1057 627
2458 974
719 1824
341 410
3869 4709
2841 1539
656 3543
1348 3418
3970 1712
2298 4042
413 2207
3126 4262
53 1940
1363 1860
1733 1925
3621 760
3838 2566
56 513
3137 2925
4827 1295
4520 1283
532 31
1618 812
3161 1242
2435 4202
17 2553
506 2568
355 1424
3830 2115
1798 181
1453 2749
4108 305
3635 3929
1247 4680
1438 1047
1661 1549
998 3503
4380 755
546 888
3634 1334
4481 3271
2493 3603
2750 2095
1714 4397
831 670
1024 2918
2284 4756
777 1080
4136 400
800 2609
4342 1135
512 3577
564 2441
1935 2369
1207 3302
565 3933
1262 2946
4753 755
2863 2504
1965 4623
1365 93
3383 2872
3397 4446
286 1037
4382 2065
2695 4012
3058 3244
4028 4789
2692 3733
2311 2877
2024 2628
1744 477
3530 4313
1409 2507
4062 3939
962 561
3459 3977
1049 2828
4653 3675
2858 4794
2837 4633
4510 2088
3384 569
1653 4277
2779 3275
4968 3692
4871 2988
1556 4992
2842 489
522 905
4047 1000
2168 1689
1352 2043
2973 865
4805 1771
2787 2035
4755 2537
1534 4378
3417 45
3647 3472
4476 4812
3295 4971
3406 3309
3927 3802
4119 612
4073 4239
2985 481
2994 529
4737 893
1200 2830
2459 2364
3181 1754
421 3433
1290 2833
4691 3661
2846 4678
2776 208
2766 4390
3276 3572
3246 3527
4248 2327
2852 4430
100 351
1198 2304
3902 2665
4830 2062
1393 1218
3542 2574
490 3733
4668 1565
4444 4278
3249 3346
4910 3315
111 3638
3463 3684
457 1170
1887 1385
484 3606
3648 2657
3770 4888
3812 2778
154 3807
2280 4771
3130 161
4430 1686
297 4803
1309 426
137 2818
4656 3975
4684 673
2658 726
3462 617
3298 3217
1695 3498
3016 1112
3042 4731
916 3964
876 1036
1612 3242
3223 633
2305 3194
1174 1830
1172 4221
4903 1929
3759 1670
3925 3432
2907 864
4613 4795
1034 1483
2660 105
2228 1608
2154 4124
4242 2972
1301 1985
4068 4023
1675 217
999 1472
2289 3277
2069 3188
1237 3169
1645 4154
1671 4809
1951 2972
4045 2485
3487 839
880 986
3214 4874
689 3943
761 1314
451 4605
3844 666
730 352
4398 1783
3747 94
386 1073
1344 3904
3995 1227
4517 2404
3724 4189
4637 1012
4249 2528
1765 326
1211 4051
2440 4078
1492 3654
1839 4132
583 4998
4831 1238
2279 216
1688 266
314 3499
123 4169
940 2581
570 3847
1922 12
3260 2268
239 3714
969 1507
4158 3931
412 2404
2800 4619
977 2588
1603 234
4318 1329
3907 4198
3936 1254
3662 3413
811 374
1480 2998
4356 4826
4376 2177
2981 4034
635 2771
2693 1810
1030 3533
3019 4470
633 2135
4095 3768
426 3244
2040 4091
3897 3261
347 4739
1146 4894
2880 1122
4716 1708
816 85
2517 206
336 842
553 1491
271 774
1853 4946
1108 3328
1032 1114
3448 4117
3278 3790
4673 3351
391 4406
3851 3482
864 1900
954 3983
356 2930
4250 1337
1875 3512
1806 2209
3398 129
4584 3170
2225 1347
4545 4806
753 2443
683 1045
949 4589
519 2954
3055 22
2128 4261
4602 1452
205 3451
4415 2808
762 1366
2891 1313
4286 3556
3407 782
4031 3580
2717 2431
4634 138
1260 3354
2013 2471
1383 1571
1055 3401
3640 3748
3537 1274
2966 4507
2190 1564
3244 4629
2976 1655
3585 963
3062 1089
4298 1077
1782 3809
793 2108
3941 10
3547 3034
2325 1130
4040 3593
3365 967
3721 4776
4833 4874
229 2137
2918 1115
2808 4051
3321 4459
808 116
1017 1312
3806 617
814 1866
1524 2851
1507 2339
4438 3561
2464 3596
2644 3847
2335 4418
359 4597
3734 623
623 2185
2433 4154
3544 1138
515 3525
2194 3284
2781 595
109 3963
728 4020
1919 1630
1456 478
3972 29
3455 540
2304 2700
3373 1333
4098 1535
1778 804
975 2274
2205 1308
4639 3912
338 1757
70 3567
3281 1826
2544 3445
1900 844
4851 4227
3795 3151
87 2352
1665 3093
3322 2403
813 4060
2392 4141
4433 628
4161 4915
3521 4483
951 2504
3465 3680
958 3340
3741 1461
2318 362
500 1384
269 721
925 1929
2872 636
1528 2967
2916 1716
2245 3603
4035 2577
215 3138
3935 3758
571 714
1314 1955
1841 3100
2197 3810
4721 2106
2783 4829
502 22
1546 3368
4070 839
4116 101
2997 1735
3702 3873
1039 1333
4862 4033
2281 4491
4355 1074
2162 4295
120 4751
1579 2049
3216 1350
2723 1516
3328 4039
1252 3611
2393 613
2665 4484
2546 4178
2792 1427
4296 1298
393 3596
901 944
2725 870
4082 2136
2654 882
3904 369
2687 3157
1535 3695
3358 942
2562 3867
991 4625
2307 1720
1399 1539
1591 4732
4764 1964
453 2500
2303 273
1472 646
4473 3157
3280 1632
1377 2202
169 3594
2340 4251
1137 1854
150 2491
4492 1195
1761 1327
1819 1672
1156 3040
4610 2746
1897 4933
4196 3645
4447 2568
3252 3566
3258 3483
3110 2364
4308 2220
1038 455
1933 3275
3402 973
1550 2049
3863 2673
3439 1283
3873 4164
2878 61
1302 3067
4283 3810
3496 673
2122 241
3410 2689
1265 4213
4032 4263
1716 845
3279 2548
3977 2366
4202 3885
1800 909
1960 39
2193 3476
567 4735
214 4693
4849 4267
3981 2820
4671 2594
3713 2769
4537 4648
778 2645
3649 2239
4499 4750
2915 3918
4854 1521
4112 452
4964 621
4236 2761
3132 3676
1736 1558
3600 1627
1543 3334
1767 80
259 791
1131 3396
4607 4188
1048 3956
4303 1628
2496 3240
1461 4386
3959 4373
396 1079
602 593
2666 3627
4568 1005
3254 3327
4835 580
1605 2294
4984 913
4414 3437
284 4044
1945 1713
4169 3728
2432 1315
345 3607
2126 4891
3571 3200
3845 2947
4961 4134
3629 3237
476 3756
4174 1738
2243 988
1407 4917
3094 3343
4556 2051
3284 253
2236 3257
1204 1916
3893 3306
2196 63
4640 290
2949 3136
168 4364
3096 1424
2334 3746
2042 3984
4924 1016
850 2157
4768 4297
2159 216
4231 2036
1640 3000
518 4181
425 2682
1934 2141
2310 4635
102 4183
3012 2404
73 2500
4269 2743
3597 4863
1159 3205
4255 3135
802 3424
3725 557
3308 3379
4071 3737
4456 3456
3259 4622
2356 1589
3526 935
1177 1458
3705 4409
4590 3548
1811 590
1590 846
430 4219
559 4387
2375 3892
1920 4013
1664 3411
354 3591
3943 1353
161 1828
4422 894
4197 4746
1655 4497
2816 2187
1018 2765
3796 2564
915 2192
3017 2112
4440 2556
3010 4159
3896 526
4509 2404
2584 2843
1141 4321
2112 1081
615 2782
2173 4754
482 223
3316 4128
1449 3789
4938 3202
596 4881
1310 2103
4896 2238
266 4496
1977 4591
2803 3103
3665 1554
4354 4546
2560 3437
2296 69
1629 521
1224 1195
1764 4204
2187 4320
2995 968
4518 363
1641 4251
1114 1065
4393 2586
4791 4297
3349 402
1003 3910
2481 1519
736 948
881 760
4739 206
3568 4541
604 4789
1102 3348
4188 2854
4942 713
1813 2836
4731 2989
1961 4790
758 2294
2649 498
1553 2587
3044 4787
2761 2231
4920 3645
1768 3604
4535 3168
131 1558
4179 15
2741 2585
1388 2899
3129 2056
4388 3668
1649 4416
1802 1094
3490 1143
4661 2283
3347 4367
612 446
4598 4844
1599 4241
1844 52
4021 3849
3658 3583
2460 2815
4052 4386
3084 1415
2520 2401
4916 1574
4491 57
2290 431
829 4550
4819 2743
4879 1690
3079 454
819 4786
2174 1014
2806 1941
2830 1369
839 4325
3616 3230
1886 39
3531 2358
3870 2078
51 479
1746 3583
4948 4334
3975 3460
62 1855
3436 1346
3501 3081
4905 3454
695 1406
3667 4284
2455 3107
4971 833
3561 4630
3157 346
3305 2389
641 3424
4906 1006
3788 1587
1682 2259
1106 3895
3282 832
2136 2755
1643 1879
3473 279
4220 2933
186 653
609 1803
4015 2902
4979 782
1271 4351
4449 2413
2473 227
3203 1633
840 208
221 3045
4152 1983
1360 2900
1274 4374
2828 4528
4368 511
1871 3264
4722 2346
3516 3268
1147 145
2970 4392
699 4294
1827 291
456 2139
1587 4708
1815 403
2027 1817
27 702
3464 2911
1428 1511
2091 1361
3150 4952
4301 3722
4769 4803
2372 4713
830 3990
4238 487
2348 35
175 2124
3772 1050
3335 2825
4209 1987
3031 2169
3548 4477
1468 3540
4219 4050
1554 3380
3722 4779
1219 1817
3425 1226
2450 1964
517 3001
2037 578
2851 282
2768 3153
2339 3813
2683 241
2793 3726
1000 853
3742 4880
2471 4875
2151 4429
2777 2540
4367 874
4426 2801
755 2867
4147 2045
3656 4077
1016 4383
2384 4203
2294 1867
4190 4337
2149 3018
2306 4555
4848 2589
2967 3199
4192 1949
1956 4387
2320 461
1821 2057
1447 2925
851 2379
1267 4004
2100 4886
3348 1327
1517 3965
3660 3519
3701 3180
1658 3056
4643 2376
561 4804
1279 3915
3399 1824
966 905
1537 4130
1278 803
931 2005
249 1627
1099 1119
3746 3753
1115 1033
2932 1694
2352 4934
4741 308
4524 1434
2381 706
2575 2081
383 3694
43 3882
3567 862
1401 1912
323 1525
3185 1803
3541 3778
1285 3273
1523 3375
2738 4937
3395 3077
3783 4
2643 2581
2487 491
1999 3504
2556 1835
935 2247
4720 2405
2957 4669
1486 3156
1307 1270
4534 3005
1269 3212
4608 1501
3442 1952
1339 2606
2302 1559
1849 118
199 3099
3456 212
3958 4080
1578 4375
3050 291
3641 1233
938 2125
619 4588
2570 4504
1124 1489
2571 4546
373 3593
146 1679
1270 159
4322 1236
1539 4892
4574 511
2641 587
63 4154
4555 1493
2364 1624
1051 197
2875 4516
1421 930
2137 2153
1324 1970
3670 4
4743 2146
3719 3239
1892 4034
4149 3559
1415 2498
1854 1376
2368 3953
2633 928
2811 3834
857 2598
2084 543
817 4575
2688 2350
1610 322
651 1859
4907 1095
3940 2287
113 4502
1644 1378
37 459
714 444
4808 4729
582 1357
4254 337
3781 1330
2724 1766
3990 4143
3443 2712
3021 3843
895 3704
1312 2631
3070 2839
2485 767
2232 937
1825 2358
1903 1836
177 4756
3195 3867
3255 4055
529 1915
4593 3563
1705 2438
149 3558
241 3874
2134 528
2323 2574
4696 3488
4587 3607
3720 1807
4890 4578
545 908
1082 4931
2395 1469
825 3468
3449 746
4751 4427
4017 1851
3498 404
595 1305
3163 707
2402 499
2820 4429
2157 2884
4327 2175
2286 4773
2614 1939
2057 4542
3188 3962
4401 953
3494 4605
2180 4676
1991 4939
1904 2021
4320 1619
2906 455
3523 2913
3630 1784
3234 2657
2488 3344
1334 3762
1014 1149
3360 617
722 2276
2542 657
1081 1684
2276 4305
3535 899
4955 1561
818 1581
922 642
1248 306
3554 4932
322 3026
988 668
2921 1288
4697 4915
1217 2086
1574 4268
85 2615
1581 3330
3999 2608
3815 2608
4802 157
3591 673
402 2952
2097 173
1188 1432
2060 461
2482 3948
2624 176
1158 4965
3416 1416
3569 1731
4771 2301
4624 4804
2462 2023
4319 4713
4300 3706
3122 4309
3074 4129
384 4654
4175 1891
4597 3954
2078 746
538 2237
1708 4738
3134 1436
620 3955
1464 2597
3900 251
1346 1631
4501 1364
4858 2955
4056 472
4051 2007
4918 783
3961 4619
1955 3565
2740 122
4904 1549
4834 4186
4058 631
1293 3144
2937 4150
944 3481
4566 4958
3076 673
1620 438
1398 2847
918 812
593 4596
1525 3424
929 2931
3577 390
1496 483
4563 4966
3231 1005
1043 2850
4014 4796
3421 2420
2886 2208
4105 4570
1584 3485
3109 937
4884 2514
1170 316
187 3677
2148 2396
2543 1182
3468 2267
1623 2972
2283 2053
423 1901
3151 3215
1139 4454
4090 2292
1728 4361
3048 59
4170 2477
2191 2896
2726 289
176 2549
2088 381
3481 1163
2167 1978
2588 367
2000 2569
879 4157
4241 4569
3636 4178
4889 3215
1777 153
2946 1663
807 353
3225 2247
784 2443
2051 3712
3088 2059
115 4951
3908 3560
220 3694
463 3081
2534 228
3797 2106
1722 4375
2678 2634
3912 4844
282 2379
3000 1226
3317 4193
3326 4987
3446 1110
4348 1808
1317 2960
342 474
3092 1092
677 2974
489 256
4511 2253
2217 367
936 64
704 2251
2587 2604
4648 1090
262 708
1065 955
351 184
3352 2117
2825 2436
4274 1100
2553 3529
834 2980
3337 2082
4288 2338
2287 4925
3302 2961
754 442
1071 2532
3957 293
181 4675
4873 1877
613 2423
382 4576
3114 4796
2821 1650
4810 1127
1868 1902
4428 4337
4180 3329
760 2453
1766 2110
541 4005
790 1941
4710 224
3973 782
3121 2733
4167 1725
1361 4127
1423 1331
658 3890
706 1196
796 1001
4729 1444
3668 2965
4125 2871
346 1288
1632 3762
985 2862
2882 462
2052 2058
376 2047
392 4818
526 1745
2914 1973
2021 130
913 702
429 4471
2032 3033
1755 2152
1019 4962
661 2772
779 1261
2016 3823
2152 3503
2239 680
542 666
3266 1240
4232 3325
1109 4387
3614 838
273 3879
1345 2140
30 732
4682 2015
2130 1972
4646 687
3506 3799
163 4512
3611 4928
3046 2628
4803 4194
588 3208
1628 1781
2569 212
237 2567
2315 1751
4638 2934
3707 2913
646 2079
2049 4427
2250 3127
1289 1726
352 3652
173 1435
551 2748
942 1710
4050 3101
4672 224
3085 2103
3309 3800
1118 397
3387 3049
1684 787
4519 4441
158 4142
2430 3913
4483 2843
1567 3881
117 4030
256 981
1976 2583
474 233
309 493
2478 4809
4700 2008
133 2928
353 3400
1435 3824
4100 956
4809 2424
4717 2904
1184 2346
812 80
3704 3379
116 4709
265 2144
2615 1243
2479 906
1557 3879
2366 2076
1362 1791
4345 2223
1896 3339
4323 197
1720 136
1879 2657
1452 3620
2230 4573
617 3861
3332 1982
3154 3002
1615 579
3411 692
1093 803
1594 4622
746 1090
4198 4629
725 1891
1918 630
2077 2804
1020 3037
13 2332
665 1763
2409 4746
4195 2621
3607 4442
3829 713
3240 2312
1303 4863
2672 514
1850 1723
1337 3595
4470 3206
1194 4570
3527 2754
1511 2312
4981 217
4735 1542
4311 2744
1637 1846
4868 1088
742 306
2524 2233
516 1476
148 2669
3408 3879
170 1060
4618 337
4013 878
1617 2590
2942 2685
4719 4876
4792 1250
2720 2182
952 305
1070 3176
3960 4812
2265 4079
365 419
2887 3339
832 868
1551 1865
568 3921
3655 3409
3771 4244
1110 605
3292 4464
2507 4554
3354 2709
3177 4246
4796 3939
3800 3389
3320 3480
2709 3536
3529 1943
4536 1679
3950 1459
202 1088
40 4451
890 1826
1572 1911
2401 2199
600 718
2113 1570
1864 3212
141 2755
2703 461
4775 2331
1206 4538
4504 1086
4995 340
3715 3763
3113 697
1007 2470
587 2719
1326 3288
4636 594
2309 703
4480 2107
294 716
1756 1466
797 1863
3432 3764
771 3510
842 2053
3466 833
3059 799
204 573
3273 1228
3082 478
140 283
4081 1053
3536 32
810 2015
2799 3171
870 3602
3514 723
2185 3884
618 3716
4372 4234
1444 3420
1463 846
2351 3139
4159 3757
1913 3329
3543 898
49 387
455 767
1809 2763
1027 621
238 1516
1113 2451
247 867
4844 1698
1635 125
2418 178
2617 4644
1656 2082
4078 1282
4124 847
1799 1085
2905 1429
4083 680
206 4087
1342 3817
4143 222
2861 1805
144 1735
4727 5000
3028 1235
1325 1571
1485 3849
67 2127
885 1927
3714 1735
2316 2422
1050 1633
4950 2677
768 332
1923 3748
1669 1386
2818 44
3190 3914
4215 1300
540 1943
232 3718
58 189
3227 3997
987 179
3149 1446
3540 1215
2931 1690
4629 92
3726 2848
569 4801
3991 1580
3551 867
3036 1214
401 4732
4976 4692
4641 3605
4507 4660
1670 511
2009 531
4841 1442
64 2866
4647 3563
2747 3583
712 4734
408 2742
3996 250
4616 3755
1441 862
1062 2515
2917 1069
3495 3497
4041 2102
321 3381
3431 1487
3639 4914
4806 4912
1366 721
3344 4441
3765 4338
3918 164
3816 2948
15 2417
3164 3102
2602 4985
3420 2374
1912 1323
4963 1239
370 690
2700 4353
3025 4450
2989 4706
1246 1193
1971 4309
4842 4951
1479 374
1060 1715
1189 548
3404 1997
841 3066
1769 3682
781 1652
2594 3677
2399 2495
1943 894
1126 291
4550 3944
1958 3139
4788 2696
3777 174
1994 4102
4029 2272
4262 3846
1814 3549
4239 2014
1162 3847
648 1676
4217 4199
2796 281
2012 4642
4832 2494
4513 4193
2260 4252
2535 1119
1311 3609
4919 4622
1066 1256
4694 1218
1349 2631
555 4538
398 698
2870 3798
579 3849
4128 124
4576 4821
921 1842
4962 3315
4003 2244
2527 2189
478 3610
2548 1674
381 1558
4386 1347
1639 2797
3269 4018
1168 707
3804 3274
3850 1692
1519 1530
255 4338
22 1889
3920 3646
4402 462
164 4756
4138 632
3680 4733
2810 2698
3528 2370
4276 2904
3533 4379
510 1662
856 783
2117 1245
4007 4307
1982 971
4361 428
2605 4540
3251 242
3325 947
2802 575
3909 1451
1425 3141
2736 4815
2604 2630
1465 2299
1491 4580
3006 416
4223 3579
2502 1442
3159 2533
2960 2378
815 1353
2285 1001
716 2388
1700 4512
1558 544
3418 759
1975 3787
563 1257
1505 1789
4265 4331
1197 361
1490 3218
1404 1885
3124 2762
3378 3140
2651 1512
1759 2438
1788 3217
84 4770
8 2510
130 3706
2408 743
731 2804
640 348
2962 1804
3625 4935
1208 2242
2164 3671
724 3774
2427 2856
3511 3170
1748 3007
3222 960
3550 3275
1654 1153
956 2529
1870 2011
1123 2632
138 219
2257 2831
4186 732
3786 3165
3272 2125
4457 3730
574 4922
2129 3589
4413 1103
1820 986
872 3559
234 647
3890 3626
4030 2583
4571 1297
1624 1626
142 3684
3303 2093
95 4425
2746 2469
219 1616
4164 611
3916 2431
785 2913
535 3288
744 2755
283 1709
2463 29
2014 869
3672 2958
1575 2834
1916 3403
3751 2948
2277 4038
2108 805
4258 4922
4860 1121
504 1069
1353 4145
4562 3803
1054 2041
1015 302
2742 155
2969 584
1619 1521
701 4939
2531 3754
3038 820
4622 3333
88 4006
3699 585
4649 3599
2498 2930
1830 1794
3419 2308
3801 3969
409 3051
3513 277
2398 3304
3606 2655
4475 243
2618 4350
1256 3825
3291 1944
2835 76
4385 3889
1583 315
823 1504
2848 948
2755 375
3997 4569
1047 1340
4153 4789
2202 1144
1163 653
1405 3834
3932 1218
2536 835
2682 3068
3429 2979
597 664
2722 2515
495 279
1681 2847
1837 3045
2557 3584
1470 3299
4213 2522
486 3068
2832 3588
3968 655
3350 416
693 3116
3237 3003
531 399
3766 4959
4306 803
225 2817
3967 2411
667 93
3351 1911
1426 912
1417 3922
2963 1609
2269 2394
3168 2394
274 1135
1792 1040
3752 4786
4635 3311
675 4216
908 3434
3791 3825
2083 4837
3116 3189
2119 1144
1205 4514
1308 548
3987 2566
4633 4495
10 2901
1690 4687
536 888
4778 2355
4325 855
4732 299
4759 4251
2200 1810
3128 556
1890 3836
2186 301
3290 933
4123 1176
3229 1291
105 1757
3643 642
616 2745
726 3390
3403 4203
191 1296
78 3213
4096 3306
2773 4008
2719 4588
3485 3428
4619 295
1731 4263
1370 573
3018 4364
357 2992
4193 3153
2419 1804
967 4878
1693 2629
1128 326
240 2923
3318 3560
29 4538
2898 3389
776 1674
2680 3754
3886 3324
2748 562
2124 1555
3034 3333
2400 4151
899 4468
1970 3447
55 2347
317 2144
4866 4377
2104 4692
4912 2020
798 1119
862 4182
193 1908
4573 2107
838 1437
112 4141
917 3215
3661 869
4350 2043
886 2845
700 4435
4632 1005
2426 2363
4076 1899
1911 799
1625 3677
4044 4142
4305 2823
907 343
180 4434
4588 2160
1103 2909
433 1411
4465 4745
2370 25
3520 1434
1359 1397
4804 3081
1320 4885
544 2639
1784 3081
3969 3682
1509 3213
2105 3112
1116 2072
957 3628
2278 3711
3813 1972
909 3876
4043 2843
2714 153
3604 3239
1127 2632
447 3346
3005 4163
855 4178
3871 3763
4683 492
666 2504
3675 1725
3355 898
1506 2894
4861 4115
2576 2639
2708 1512
1259 4874
2663 981
2840 340
3039 1122
1532 2251
1264 4000
1712 3868
1166 4666
2913 1378
4620 3232
610 1169
3363 3867
3053 4908
2815 3236
2403 4183
3602 2252
833 3437
1090 1867
3184 3499
1037 42
1889 3140
3339 2512
4944 3427
647 4059
2070 1902
4046 2033
147 948
4247 3277
652 3948
710 4516
3856 2600
2920 3001
3165 1335
1458 4251
928 3953
1522 1990
703 4786
2655 3642
1142 471
1281 4453
3824 1510
3848 2948
4089 4987
1810 2659
2445 4172
3471 3860
2385 196
664 2461
3593 3953
549 1368
3390 4201
3087 281
379 1154
1983 2600
2912 4840
2922 2512
3104 4758
2501 4681
2238 3428
2249 4346
1358 4429
3099 4181
2497 2221
268 1008
2072 4122
4268 2008
1180 3589
2204 968
1484 3377
1838 4412
1225 3333
3013 3508
2939 1473
1218 1150
1866 303
3733 411
1045 3345
853 4460
3858 3095
4748 2704
668 4442
727 3264
4326 208
3172 4359
2417 1395
3809 3696
1758 1378
166 350
3370 2087
1600 3622
1883 4857
3842 2491
2229 1067
1429 1773
1028 2094
1382 4502
3939 4352
4437 3944
3508 4928
791 1552
3914 2291
4578 772
125 3437
2244 2407
1739 3945
1347 676
523 741
2468 1012
311 4210
2893 3735
3827 1855
446 1009
3849 4789
4351 1
4114 4738
2116 145
2367 4337
33 1927
82 769
4427 329
4130 4853
3952 2968
2182 2597
4541 4252
2896 4894
2234 223
3430 1863
4294 4134
2467 2242
828 1040
4745 2324
3587 2345
3139 326
3892 3167
3146 4522
3754 5000
2469 2561
1420 547
3033 1483
1561 333
4977 4623
3866 705
1439 4362
1130 2145
2936 260
4038 378
789 4199
769 3367
674 2864
2958 3262
245 1328
4659 3336
3710 4577
2857 4377
3651 1418
1772 1604
1650 788
3434 2836
4996 493
1389 3624
4617 2599
4049 2987
3876 891
3862 4177
632 1473
2120 1351
2215 533
3749 61
1622 3454
4469 844
2899 2034
2565 2538
2904 4621
1295 2382
1851 2114
4132 4991
3664 4946
3469 3663
1251 462
2854 9
75 3253
2737 4366
410 2585
1672 1076
3974 3695
614 3962
642 4117
822 1176
2671 2522
4423 121
3994 3315
3479 2140
4307 1053
2784 3642
2135 1100
3451 307
3027 4970
2222 1998
3343 4572
1186 4293
2933 3242
3934 24
3822 1740
2312 318
4211 964
4744 4680
4669 1238
1422 3753
3447 1076
4140 1614
2598 1750
2552 129
3681 4909
2272 2510
4472 1947
303 4079
2951 3669
4779 3437
4689 2640
3956 4665
3682 4251
625 4224
47 1149
3583 672
2297 1518
1829 4155
4980 527
4758 680
2110 2022
155 1283
963 2085
1582 4726
1338 4471
1677 794
2183 2729
4742 3064
428 2638
1229 1436
3141 4957
2439 4324
4085 4760
3091 1750
4321 2625
4377 439
3492 3133
4993 2909
3118 369
4594 1369
827 1125
4811 3692
3868 2371
4773 2282
4708 1877
407 1033
2098 734
4366 3030
2214 2952
4664 4137
3504 2648
997 687
242 961
5000 2131
1026 1518
3951 3461
1585 2456
3843 960
1692 4679
4923 4383
4467 4628
2326 3626
2133 2353
2330 3877
1355 3545
2743 982
2436 4018
2909 4883
4080 487
3556 4309
4724 1948
3173 3758
1876 1673
721 3678
1715 3596
4442 2396
3051 4959
3102 207
2101 3626
871 118
2849 325
2321 1063
2824 79
2446 2332
4291 1601
4450 4310
196 3709
2979 3774
2540 2514
2734 4522
2477 2080
1175 3187
1107 2247
2390 3580
405 1760
1774 4285
3888 3368
2600 3381
4189 1824
970 3106
887 4251
3572 2275
1258 4406
4698 2235
2300 1508
1762 2704
3415 1154
1527 3301
1041 4075
1005 2885
3948 826
3885 608
2132 1380
2727 2166
2166 2955
775 1873
1056 3507
1614 548
1223 737
1077 2952
4399 4135
4908 1998
4875 3078
1460 2601
3938 3652
1261 2582
1948 1373
2581 2629
1009 86
4495 427
3338 1542
1957 24
1944 4625
2374 4243
2639 60
858 2008
7 3427
1196 2637
4408 3736
31 3738
735 190
4558 1190
3073 1390
3052 979
4200 4163
3814 1780
859 1350
337 4945
2422 3760
3440 3773
3394 2986
3107 4914
1702 1476
387 2574
2938 287
2472 12
697 1088
927 11
1498 4840
3120 1025
1713 678
3743 1242
1144 4776
1633 1216
1416 1884
1321 4034
548 2254
2035 2568
3657 891
3744 4965
4975 1835
4205 2563
734 4917
770 4972
3931 2609
1228 1381
136 4302
3437 4644
3460 79
572 4383
3310 1230
2897 971
2350 636
688 1780
1266 562
4065 1489
363 4115
1901 3409
3574 1726
1097 4235
3700 636
2516 81
4917 594
1489 4443
3784 3167
2150 709
2877 4816
2495 3802
1754 4772
1433 1607
2611 1742
3356 1292
1789 217
4036 3170
2341 2142
1277 9
291 1263
400 2347
1547 4789
1648 2638
1390 657
1322 3560
3368 1914
2506 335
3123 4987
4514 222
4299 4606
3723 3001
358 2628
1937 1313
2011 4725
2771 258
974 2650
403 3106
3565 844
1427 2749
3782 1013
3945 3592
2871 794
1008 1963
1828 2919
1002 3127
3872 2397
3525 3659
1183 1476
2161 1969
4131 416
4888 598
4540 4894
4543 4650
3758 2990
3180 422
581 1185
1874 4024
2047 1930
2622 3570
4054 4488
1941 1749
4279 1845
1856 3947
4375 1698
3056 4370
2982 3998
1783 4364
1074 2259
3769 4885
743 4204
2636 4786
1893 4599
1031 2530
128 4416
201 1552
2987 1845
537 539
4240 1387
3865 3509
3852 18
1563 994
4292 444
1938 212
1735 3054
3787 197
919 3057
2943 3299
1462 3762
1245 4794
912 3696
4183 4546
4349 2998
4994 875
2371 2177
2940 1327
1235 2959
4787 543
1268 3582
627 3685
3610 4069
3690 4129
3135 1275
3068 4310
1878 2466
4631 594
21 1570
3653 4654
1781 251
4126 2123
3676 327
2090 4010
2558 592
2883 246
3083 2577
79 4876
2657 2668
4988 1771
61 591
4363 3401
2523 705
849 4275
4836 1949
1589 369
2754 3810
671 3615
3220 607
2347 2593
3499 1696
257 3599
854 4786
1776 892
4952 3374
1272 4462
663 4599
1545 3745
2814 4118
217 2396
2131 937
3832 4139
4949 1647
4767 2333
438 4998
4660 590
4746 307
1905 3147
1243 1483
1488 1330
2876 4057
1333 4453
3119 4337
1412 3828
3560 2522
1586 659
1580 4313
1540 1940
1254 2620
1780 3179
655 2789
250 2251
1626 4676
3066 101
2971 2291
3003 160
1230 3711
4148 3889
2850 608
692 4313
1795 71
1442 2115
4840 2659
4883 877
2823 4772
3297 643
787 3090
4270 4277
3917 3986
25 4163
2397 2490
52 1323
1036 2652
3708 2642
2085 2171
1757 1544
2022 4814
3739 3622
2038 1749
2 4313
1931 763
1848 2956
2246 1323
308 4557
905 2425
3688 1481
4451 2247
2519 449
1721 2175
3329 2689
1710 4118
1646 1495
1212 2160
4177 4251
66 801
2804 4266
2361 654
1510 3763
2664 805
216 3067
2065 1880
16 4464
4972 3412
4287 1478
1023 4275
3064 4474
3580 1328
2626 4394
3624 2075
1298 1699
4843 2030
2712 1052
23 3576
766 558
406 416
3054 795
1683 894
3808 2573
1171 3810
1824 2628
3200 1533
328 508
4872 1013
629 2950
644 2595
3584 4623
2071 3762
4650 3839
3035 2577
1042 2684
4383 1179
1448 3315
1300 2838
251 2996
882 182
990 4893
277 4259
2034 3262
1 76
3040 575
3515 4424
794 4405
1046 1304
4362 1315
2749 4206
2424 1514
2625 4178
4266 4226
3767 272
2869 441
4662 2068
316 4156
4876 2247
1846 4757
4033 4263
2373 4059
4970 83
598 156
3444 469
178 2735
2258 4828
865 1044
3288 1963
404 1455
4531 2158
1662 1894
3768 591
129 4586
1742 2593
521 2521
1989 4251
208 1244
1357 2322
4586 3253
1753 1727
3831 1335
4245 329
2396 209
4439 1840
1135 1857
3396 3898
127 2554
1250 2753
3586 1236
2772 891
1651 3517
2064 1608
4267 685
1402 4332
2213 3145
1842 1403
4417 91
3275 4436
4847 3673
4688 1178
933 1052
72 1660
4353 372
2431 835
3208 1495
2901 3518
1949 4925
2271 4163
631 2953
4233 1073
3998 1292
763 2856
3650 4781
1367 4122
4839 3379
2945 3753
1354 320
3426 634
4346 2058
4542 2838
1379 4628
1858 2010
1410 1906
4389 2674
3256 1140
3588 461
2580 2745
1220 3198
4516 1699
4606 906
1078 188
1621 2632
3933 3145
4747 4181
3883 2188
3512 690
3646 4145
1686 4304
4922 12
2411 1381
4766 4738
2314 1596
3855 4227
475 2856
4458 3538
2170 1117
2172 4711
2756 4364
2465 2992
4225 707
3913 2412
4595 937
3186 3131
580 3285
3125 222
104 747
4530 2538
2291 4985
3488 4820
711 4965
4010 1689
389 3689
3187 4525
182 3049
3491 4462
427 4532
4290 2599
93 2595
3285 1450
1899 2407
468 2181
310 2788
1597 1378
4178 3619
2461 1244
4464 795
1273 1763
1616 2889
643 4120
2494 4280
4956 4665
4358 2163
3518 3562
1063 499
4357 1542
3189 1613
860 362
2716 4057
470 2627
122 4459
3312 624
4048 3860
1482 4226
4454 964
4482 4187
520 4666
2926 3144
968 467
3915 3692
590 3955
390 978
4395 2561
2667 4900
1173 3985
1831 2266
1926 1538
2358 1372
4315 207
24 243
3738 19
3895 4381
2360 3238
3727 4880
6 3342
4704 2874
2251 4523
4478 4521
638 3937
3212 1234
89 906
4331 4611
2745 3821
1201 878
2198 782
4895 3049
1808 59
4297 2087
739 2701
4059 39
1153 4837
4990 3988
2690 2068
2416 2790
159 3401
3304 4317
920 3230
3882 3037
4583 4965
893 786
2609 1474
897 2491
1478 4390
3507 4893
3929 3307
2955 3964
1323 2175
1512 4503
4420 4859
3988 1182
2121 1873
4448 1902
2608 252
2634 1467
3215 4855
4378 1674
507 3242
4 2394
2053 4663
982 4500
2008 1843
696 4738
2210 3615
4951 1845
2582 1668
2292 3524
143 2532
1501 4816
3594 3502
1803 327
35 3493
4685 2074
3049 2169
2429 2102
996 3684
3171 4253
1530 1374
4142 4711
4947 2919
3376 4902
394 4012
2874 2635
4776 923
444 2809
499 96
281 3117
101 2668
3745 3294
1980 2879
1276 4628
3919 1178
4072 2142
385 2616
2282 28
4553 432
4736 2511
4184 4605
2010 2522
1006 2864
3878 3314
4867 654
3277 3575
3333 1972
2324 2267
4667 4601
2561 1840
3489 2839
4812 2454
878 4701
2944 2050
1855 1796
2934 2017
2662 1947
3257 157
2059 1095
2790 1222
3001 3063
2991 3364
1566 3340
4774 3989
690 4958
1440 2764
2080 399
4941 934
4528 4260
1694 2415
3080 3874
44 2769
4899 1214
1508 2559
680 258
4527 1236
2074 1288
1167 2327
3369 3524
3138 2295
1385 2252
3179 172
4134 902
4770 2454
1968 211
4612 2093
1562 1791
4088 2637
2739 1396
501 4064
1972 4978
2797 2807
1202 1592
4508 4958
3663 717
2448 1500
2707 3592
1282 2829
2319 4312
2950 752
9 440
1190 333
1231 2176
4539 2264
1974 4821
875 4974
4930 1793
4027 4338
2343 1833
1833 493
2109 2847
2061 4532
1697 634
4432 494
3581 2537
1652 4728
2533 2701
3534 2847
434 2853
4982 3926
2668 3861
3793 1330
4752 3381
3509 80
4314 4394
235 900
2758 1835
1419 2096
1494 961
360 2795
1469 2526
417 4271
3906 4094
1403 3428
3828 678
1964 4859
4891 492
2928 4024
3894 1021
4488 1121
279 4991
4018 4329
4460 1685
4004 2829
2631 2500
550 2369
2721 1351
3887 11
1040 2574
2261 1836
2138 1138
2674 2884
2421 60
1917 3553
4925 80
326 4118
747 3737
4680 4525
2055 4777
2606 2181
2794 558
2349 3232
1520 3937
1740 1004
1181 280
315 2564
4712 2333
195 327
4312 4740
3698 1068
3306 1727
2607 2235
2822 1752
888 3105
4210 2005
2160 4230
1504 528
4738 1598
1255 948
1642 2572
3779 1179
670 2710
3162 1888
3301 1797
4880 1834
3103 2063
3209 1516
374 4807
1104 2925
3632 2394
2627 3836
3061 3111
752 1885
4133 910
2043 2386
2394 4182
189 2769
344 3176
477 2423
986 4663
2698 4421
1185 3247
2387 659
4410 3029
3807 1313
1940 3792
1908 673
2405 4954
2412 1608
2623 2199
943 2076
3601 20
3566 2645
167 2075
1696 3761
1993 3538
4813 4605
971 2079
3386 3502
3143 2015
4434 2786
369 2900
1863 2621
153 4218
4344 4431
4060 972
3924 2221
2333 1751
4339 3105
3461 3476
435 99
4391 2511
4309 3757
4253 3740
2697 894
4025 4218
1954 3910
1990 3618
1592 605
2547 2673
4522 461
1450 3433
1336 3962
26 443
12 4850
459 4317
1001 4780
4384 14
362 1823
4887 630
4144 2677
1902 4407
19 3884
1685 14
1862 295
4246 2518
2068 2181
2259 1408
4580 4461
2699 2155
653 1380
2763 4546
103 2656
3117 2140
2114 803
3989 340
442 2115
3947 4230
1992 1443
3142 4816
2694 2752
1667 1880
3319 4838
4807 2220
3532 1611
1192 4086
3236 2165
774 1029
2579 3371
4429 36
585 1095
4203 2715
4259 3075
1676 1233
3735 3678
4565 2537
1299 4589
645 4926
2391 873
3379 676
650 4687
3433 945
2585 1210
94 2673
3192 4967
4341 1805
2447 1981
4718 874
1216 2521
2219 764
1852 2676
1797 3522
440 4336
2365 1570
2026 5
4926 3612
4084 2637
2081 2353
801 2331
4226 32
4064 3821
4828 3032
4271 1434
4935 3242
1221 4106
399 3718
2782 4570
288 1796
270 74
3032 3618
4526 1089
2629 3711
2062 2964
4418 930
3389 106
4106 2701
4280 709
3483 972
3732 3811
852 1010
59 1329
2903 2480
3677 3327
2590 1161
2925 2163
2268 2965
3199 1634
1571 3549
1823 2066
1593 3445
3022 1786
4252 2092
230 611
2499 2843
873 2525
1877 1088
3879 69
2993 2972
3361 4967
3353 4797
3178 331
676 756
2056 375
307 757
924 4933
2452 3818
1292 48
1747 3854
599 4983
4338 449
3264 4909
1086 3359
2563 4645
4585 717
2895 174
2635 3243
4881 2833
2087 254
509 1213
4275 679
4781 4734
1414 2691
4960 3105
3193 1542
1927 3573
3717 2805
4150 4532
4900 494
4936 3
2559 2457
3071 2188
1725 4295
313 121
4224 3392
3232 108
4706 3011
4709 54
4390 4141
4461 3238
69 2646
607 1544
3605 481
2992 4723
4110 4561
246 395
2952 3835
2650 1397
2317 2890
3136 4459
1199 4703
1907 3949
2929 2911
415 4913
340 3160
679 388
4551 4838
1925 1446
1155 4316
2526 4005
3226 2751
3877 324
2221 2076
1790 2752
1544 1513
1835 4332
685 848
1727 3596
3921 2670
3210 3840
3313 786
1988 2331
1253 4626
4626 4818
2566 2902
3342 4570
2529 1791
2223 3578
2184 4011
4657 76
4503 254
601 4726
4582 3391
2155 1459
2965 1816
4328 1794
3582 4163
1729 2826
2817 4934
2308 3248
3078 715
972 4663
3638 2337
3198 2831
3519 3627
2377 3283
295 1386
1371 4567
1466 733
2892 3780
4127 2676
751 3613
4227 1909
3757 2050
2336 3480
3097 866
630 2404
2865 4596
190 1929
1869 3014
3382 1884
3642 1125
2466 4431
1474 4122
2086 4139
3684 2853
1459 978
491 1834
3480 2274
3819 14
3773 1723
1678 4621
980 4726
3127 989
4182 1432
2382 639
3686 4554
750 1238
904 1487
3075 1953
2474 1717
804 3618
1966 4901
891 3874
3709 1240
4191 4761
334 2809
2073 4228
1335 4604
3366 2274
673 2718
826 1151
3037 3562
1701 74
4572 14
1773 2975
2890 2295
3596 4453
4185 3289
287 3156
1952 3250
4870 290
1149 2255
902 3221
2798 576
71 4877
3401 1836
3475 2961
3687 4630
4798 4026
2156 1666
108 1313
2163 3986
2123 1341
4856 3810
318 2839
1723 3023
1164 1577
76 3790
2829 4333
3711 4113
2503 3965
299 3764
212 2233
2002 254
4397 3105
3857 1857
1067 329
1529 1434
1125 1909
2484 243
2555 2345
2019 2661
2659 1455
4824 3484
948 2293
1080 1709
2103 3774
4877 2017
2295 4459
2266 2911
2423 4829
4039 1150
2710 989
2275 1240
473 3357
372 2252
3148 145
4954 2270
1857 3336
3949 528
4987 3362
1476 343
4850 3689
2980 910
3057 162
2441 863
348 4902
3112 124
3274 843
2165 3755
1233 50
1374 218
508 1091
2067 584
729 224
4293 4264
3962 3007
4548 3564
243 2454
4135 3476
2762 3982
4801 2788
2691 846
4141 4113
1734 4340
2964 4549
1606 1973
2264 2947
1064 2702
4459 3299
4687 1981
1709 107
4794 3755
469 4728
3207 2491
584 3590
4599 395
1187 2996
1604 2115
2363 200
258 2801
65 4392
3644 1775
1564 4445
1176 1446
2603 2789
1785 2420
4826 3669
244 2476
2549 3069
4985 4477
547 1244
3955 1711
4302 2595
2332 2153
3307 3336
3837 3622
126 782
1770 3105
50 3367
3891 723
3712 4207
2025 3224
1296 3453
2096 422
624 3776
1570 4707
4387 3435
3111 1375
4373 3983
894 1891
3926 2428
2573 959
261 782
764 3414
2522 1601
4317 3964
2675 151
1674 2764
1396 973
3595 1242
3299 1596
1117 1726
3327 3002
4929 759
2376 4523
3002 1457
947 3191
821 994
937 1381
3196 3778
4079 4728
1378 332
2212 556
1704 4094
4628 1091
2344 2181
4251 4997
4497 467
3762 312
4786 1148
1706 4494
2791 4359
1351 4000
2267 330
1804 964
4477 2551
4552 4230
1035 3472
2092 3204
4163 843
4405 4579
2476 327
892 705
2788 1657
2327 332
1910 803
1222 694
3205 4567
4365 4644
228 4658
4005 2592
2689 2189
1275 1088
2757 252
4502 2218
1521 4549
3794 4329
678 2140
756 275
3615 4846
2833 718
1284 4162
3197 4627
2948 3899
1140 513
1095 4208
1413 4403
1752 4561
3805 2342
1089 4115
2179 4966
591 48
3524 3166
2425 4546
3262 1845
662 2954
3170 3268
1369 1432
1801 533
305 2490
4019 3427
1329 1791
3864 4825
2322 3889
1880 1647
4234 2015
2599 3029
2140 1526
3030 3971
3654 3875
300 848
4785 4151
3405 2728
4560 4479
1914 4484
592 4838
4194 227
388 132
4489 4284
4002 773
524 2054
3334 2486
4882 2514
2911 2646
3840 2528
4821 4484
3555 2063
748 106
4928 2577
960 3133
4037 4885
4016 4859
4681 3637
1984 1832
3575 77
707 171
1751 4137
1418 2145
4001 139
1996 1771
2066 3517
1203 1998
783 4400
983 1376
1673 2005
682 738
2354 4652
4151 5
263 160
1627 1950
1998 863
3763 4505
4008 809
994 4206
3194 1094
3928 4529
4092 4734
4494 1157
3047 2018
4155 1331
1657 694
1487 939
639 4675
2475 1059
460 3505
1328 2805
3314 995
371 4446
2711 4462
2500 578
3716 160
4886 964
3984 3293
1213 1963
298 2894
3388 3067
1953 4983
1822 2759
4324 2428
4332 4713
3982 2661
2262 1134
3289 2646
773 4561
2900 4969
3590 2233
1368 2153
188 1424
3381 530
4097 4797
637 2388
2299 4931
2910 941
3753 3627
4172 2388
330 1316
932 118
866 3474
4705 3802
2007 1805
4244 192
2437 2082
2646 2879
4760 1138
2648 992
395 1214
2006 1169
2530 1257
2248 1536
4934 2630
2444 329
1249 1607
2583 4204
4714 3144
2153 1836
124 2774
2189 2079
4425 98
4443 2705
3576 1750
1898 4723
2859 1004
3106 976
3095 1129
18 42
3467 2338
1364 3666
846 824
2406 2039
39 481
2752 2489
1796 2169
2442 2518
2018 4846
930 3549
1193 2359
3228 4216
4394 293
4701 3323
868 4493
4011 471
2867 304
1832 3669
3557 2089
3835 1699
4295 2094
432 2031
3453 4837
2489 946
503 3248
2767 4864
684 3818
4316 4820
3060 3817
4663 844
4789 4740
845 4176
185 757
2856 1569
2036 836
3233 1446
2642 3692
4728 4463
1012 4109
2532 3253
4581 1698
2630 479
594 2652
3166 3011
462 2220
4915 1098
4762 1647
903 54
3756 1568
2063 1160
487 1195
1873 1807
3294 4237
4793 2780
4282 4529
3764 1816
2192 1703
83 883
3174 1872
681 2924
586 4404
3703 3218
4855 1069
3412 2638
2652 3963
367 2273
869 1660
4959 41
304 1601
3826 715
1602 3740
672 2715
1967 2030
863 4853
3300 3776
4400 2975
2601 2270
2453 2681
1608 3776
4406 3191
4725 2208
2242 2888
795 2379
1319 2388
4168 539
3045 2974
3539 4678
443 4263
2004 2449
2211 91
1236 3247
4567 4999
2313 4343
877 3622
4160 603
953 3450
3790 4278
467 2988
1154 4749
2941 3345
2888 4686
1749 3131
3392 2670
4892 3414
3549 3608
4256 2567
4407 4310
4730 3854
3785 705
4772 2961
3810 780
2731 3818
4997 3067
3802 2127
2550 4263
3899 3230
3201 3622
621 3020
3669 4336
4419 659
1121 4230
527 539
4335 4921
496 2809
4257 183
959 2089
861 606
2331 738
2541 114
4822 3618
1052 4869
1291 2685
3422 2456
3637 4121
3545 1687
4846 45
1151 2158
42 1013
3903 1895
4763 2235
3108 449
1596 350
3613 335
4162 2510
1372 562
4546 3283
4549 1327
32 2449
4829 1169
2031 397
3346 4463
4864 3248
2813 4523
3728 4538
4122 2218
923 114
1549 2338
3964 2996
745 2147
4991 2227
2420 2619
1061 4561
809 4605
2902 4468
628 4333
3213 2628
4557 4651
2274 2620
4885 1033
786 290
1058 2733
498 4909
792 3696
466 4493
898 2647
4086 2514
1906 782
1962 4651
4404 576
2342 3538
3206 1663
1397 2288
3011 4713
4094 3133
973 847
4212 4932
3452 4933
4690 1391
4992 2632
411 1195
3836 4754
160 2751
3853 4538
2338 4859
3645 80
844 1483
3579 2263
4496 1392
4515 2862
1076 361
4313 91
1930 3380
906 589
2998 1861
622 575
2181 1915
2076 687
3674 4441
213 4057
3008 2935
1053 2127
331 1094
4281 439
28 2843
1538 1542
3500 3081
788 203
1726 2514
1836 4532
4121 3
46 4330
3090 1794
1666 4165
1493 275
1997 2577
1022 1111
419 418
2959 4222
1215 1847
2572 4157
896 2089
3211 5
4009 1457
192 224
2388 260
577 1384
2789 765
2301 210
2491 2023
2240 4591
1565 4118
654 4564
1340 4761
2486 4678
4603 2923
2206 2686
4228 320
106 2977
691 1424
264 2778
2125 4412
1981 2545
3881 2177
3693 320
3100 705
3730 3922
4894 3792
4462 327
1741 4334
4596 1514
2567 1812
4820 4547
4967 1872
1711 74
1072 3457
4529 272
4359 4337
3493 397
2593 2908
1386 4109
3476 3204
3413 4965
946 4221
1630 4137
1241 3718
2107 2866
3101 1094
3375 2919
4644 1607
4790 3438
236 1091
3697 4902
911 4623
3414 2826
883 3696
3156 2492
1979 2705
1152 2578
1531 4999
1238 738
528 2845
364 3731
3345 4652
278 3748
1573 1541
738 4525
3659 4670
3472 4201
335 4911
3695 3846
1437 3391
1763 4525
578 2836
74 3330
472 2345
4333 3026
1119 2029
539 4523
1087 2637
2273 2612
2632 4077
2673 4075
2050 2568
2518 4166
1150 4506
3859 1513
1094 4053
3029 4564
3371 1884
3323 461
2099 2774
3618 709
2270 2095
2414 3847
1214 1847
3474 4330
4713 4893
48 1467
3182 2415
4206 4506
211 2328
1859 4371
4893 2778
4921 3077
1316 2528
1120 4838
603 1134
4216 1436
4621 4953
1161 2839
1446 534
165 2169
1445 2015
2786 86
2935 926
2760 2404
1178 589
534 227
4533 741
4156 2177
3077 1381
4093 4424
525 4686
4371 505
2769 4505
1730 718
4285 3454
2809 961
3979 3729
3241 2483
3860 319
333 1376
636 418
3144 3423
4953 1963
1288 1210
3435 174
4564 2751
3069 4392
145 1687
4347 657
350 1454
2568 3004
3183 4859
90 2079
2158 3609
4570 3761
4272 2386
151 4945
575 3024
3293 2596
5 375
3202 3846
3628 4446
3331 4999
3799 4381
3502 4208
4733 4034
1025 3098
2715 2753
3445 4208
1313 910
2751 3562
1987 1244
4592 4609
3372 3340
1963 3612
2142 4699
97 2701
3152 2728
2956 1341
3217 1286
1068 1373
1044 3115
293 4066
1376 198
1280 3652
2001 926
2218 3503
3482 1327
3775 4974
4723 4614
197 945
1732 380
4897 1356
573 3718
329 4263
1500 479
2884 2208
4958 1257
1660 3774
77 4946
2195 4278
1793 3341
1239 3093
1029 2093
1816 4666
2978 4561
4538 3041
4479 2362
3235 981
3553 3620
1718 1668
296 174
723 1503
4601 4569
4756 3427
2093 4569
2612 2528
2415 3098
2968 1112
107 461
4466 2203
1745 1380
4940 2538
713 2058
2227 4740
2058 2231
3792 132
4707 267
4243 4034
4838 505
3718 2653
824 1805
157 4642
1436 3336
2686 992
867 339
1297 2139
2753 488
2404 1817
3115 4022
424 4146
560 3457
3315 4575
4263 4575
3089 60
1084 292
2578 3620
2188 4575
4677 4699
135 4795
2255 4615
4337 1226
3841 2470
4204 3889
4665 2862
3140 2480
3503 4946
2640 4364
1457 2759
4412 2046
4898 2030
3817 2337
2677 1179
252 2885
1160 4931
2586 1132
3105 1985
4695 4799
945 4416
3098 1341
448 198
2044 3966
659 14
1073 4914
2839 3692
3311 4559
2511 2705
611 2866
2801 183
3296 2017
3454 4023
465 361
2855 4666
3427 2778
1467 3478
2293 926
874 2241
1894 4075
2669 505
3153 4336
3 634
4937 1812
320 702
2237 1079
4077 3622
2923 4409
708 2679
3944 1134
3985 224
4782 3341
4000 4655
2984 926
1306 4699
121 3330
2827 889
4625 80
608 4436
2253 2203
3992 4674
2838 2701
2645 4569
3774 2574
4379 437
1387 732
3706 1634
1100 4686
3978 3367
1775 3736
2456 231
479 2039
4569 2089
3867 20
2041 36
4658 118
375 961
2780 4024
2735 3839
4577 1305
3267 4750
4909 3834
2094 3224
4091 2480
218 3558
368 737
2619 2457
3562 224
4579 733
272 285
3803 2679
3167 11
3776 2807
497 3131
1950 782
3158 4726
2577 1226
2954 4485
327 2834
1861 1085
4797 3694
3552 152
1406 2621
3922 3093
275 741
4615 2171
1010 301
2616 34
4630 4278
552 1771
4171 464
1384 3081
4857 1430
649 2203
203 1499
1059 514
2288 332
4863 2028
2054 2515
2953 41
4165 306
4874 1750
4678 4066
4369 3626
1636 2146
2144 1091
2538 2254
4699 2679
3847 1434
1350 3283
1157 4416
1921 4965
3283 152
3592 562
4187 2836
3692 4409
4099 3612
324 4676
2873 1867
914 3428
705 2082
2637 848
2525 4780
4777 799
4012 4109
772 2355
4693 1287
41 301
343 224
2111 1226
1069 3633
836 686
2795 2613
2220 4053
4117 4986
848 4336
2449 454
3685 361
3626 57
702 1668
605 2005
2226 2030
2676 4024
1092 222
4651 4978
4726 2705
1817 2574
4157 533
4129 4945
4343 530
1847 995
2679 2930
3450 4845
4609 2030
2020 4498
3740 86
2765 2621
3362 156
3155 3818
2095 332
3004 2551
1395 4173
4452 3287
3930 1559
2831 4075
1611 4589
1533 2894
562 1138
1283 4933
4674 4181
2252 3620
4554 3833
3271 2329
657 1495
4352 2834
3620 799
2470 4446
1843 481
2106 759
3901 4506
4666 1973
380 4022
4623 4230
2853 3478
3884 2386
1304 4816
2208 4069
3683 4277
492 3839
3145 96
3760 4853
3428 4800
1834 1400
2924 1750
4652 820
2774 471
2079 4815
4053 4784
332 1373
686 1111
1483 378
4166 4575
1867 3942
3024 1209
2638 4431
3204 2628
1687 3874
1668 1969
4207 1332
1021 4284
3671 984
3175 3522
4235 4278
543 4173
2514 910
4817 2847
1318 4559
803 1096
2203 1286
2178 57
2551 290
4512 132
1794 227
3861 3380
4493 4463
4471 3942
3612 4686
1555 4463
1138 2028
3937 2457
3833 4421
339 976
1939 464
2389 3093
2171 3953
1932 2620
910 222
4500 3457
1689 4645
4453 4679
227 805
2359 1750
2930 4845
4431 1915
3825 2684
4795 3243
3224 1475
1481 4715
4815 4113
2628 397
2207 976
4943 3245
2438 1598
3023 2685
1985 2947
4145 2537
54 4264
3522 4973
2620 4740
4289 3478
3457 319
4304 4474
4559 3336
1750 3026
2169 1947
992 4445
2885 3191
3880 4020
2685 1986
2537 422
4605 4914
3385 3230
3409 152
1391 3942
3026 3946
884 3627
1129 2864
1947 4818
3015 1430
1595 4654
964 1552
4525 3599
4837 2015
4024 1240
3609 2410
2175 2141
1381 4914
2082 4042
2380 3633
709 3287
3268 4057
1924 1257
2046 4901
4692 4715
4765 1356
1560 1679
1552 4416
1812 993
422 2355
1331 1577
2346 3980
513 4999
1717 4486
4931 3666
3367 3014
1179 81
3633 1294
4939 319
2621 3736
4859 267
3608 481
1143 2728
4416 2199
1978 1647
3239 4020
4487 4006
414 2176
2369 1542
2730 3147
4532 1473
835 2505
2015 556
4067 3971
2383 4614
3364 36
1079 3393
3750 1096
1294 4277
3253 3340
3678 4057
2947 3324
1568 3505
3679 3834
3176 4424
737 4074
4137 493
2177 1475
3477 4784
1942 3854
1169 3248
4474 4284
210 1518
3242 4199
2457 4230
4278 1234
4575 20
1242 4627
1091 4392
1928 3517
1888 1341
1182 4218
4146 1826
1703 926
4101 1872
820 3221
4544 3854
2919 1634
4057 4600
1885 1598
1631 2996
397 1807
254 2528
934 2986
4374 226
2696 2510
2990 1497
4506 3160
3854 2574
4486 3694
2702 2729
3673 1663
2845 4711
1240 2355
1542 3905
449 3147
3689 2589
4310 3617
4411 3497
4087 3377
36 1083
4173 2030
3666 717
2513 2247
1477 740
733 1430
3559 3020
11 1607
2233 2778
2733 511
34 1915
2764 1663
3250 1514
1232 3458
1526 1882
3131 939
3243 4139
1033 4780
3340 2147
2209 1375
2589 3963
2512 3391
1698 439
2483 2005
4642 993
3458 978
4066 1647
805 4237
2684 378
3497 2241
2999 3694
276 80
4852 319
3287 1995
60 780
3729 1085
3063 4655
1737 4103
2977 3755
4715 1973
4445 2201
1392 2744
939 2732
1430 4945
533 4330
806 1895
4230 377
3820 4468
1541 3558
4455 1195
1577 2355
4561 4711
2201 2889
4932 4485
566 3846
20 2451
4111 2017
233 955
4208 3573
1013 4757
900 4409
3846 1227
4645 1915
1105 3564
4783 171
1287 2759
514 1195
3374 91
505 2075
2378 207
740 3093
302 1845
4055 2836
260 4277
3834 3755
1315 1471
2974 3875
4914 669
2826 1995
2807 1559
2864 1826
2836 3578
1607 4611
1244 3380
4360 96
1499 2574
4120 418
2860 511
2681 979
720 4761
2029 2881
4978 4757
1227 4547
4901 452
4957 4913
4264 3761
1330 289
2139 1475
3578 292
1929 4845
715 464
3623 464
2591 2443
694 4201
2834 1257
3971 1343
1473 1132
3780 3942
4761 312
2115 483
485 4676
4370 2778
1986 3336
717 3818
1434 1408
1699 4670
209 319
3423 86
4702 3821
4654 81
1400 132
530 1134
2141 1882
2713 3400
2988 3324
3007 416
3627 1343
3617 2596
4999 4022
2881 4392
171 2759
3874 3696
4670 3517
941 4485
1424 3966
4199 4277
452 418
481 1872
325 1516
1909 1411
2410 955
926 1882
889 978
4946 2653
2656 2894
979 3942
4042 1257
1719 92
2785 4109
1518 3169
1195 2413
4104 3067
1513 2889
3839 2145
4800 4103
4034 2407
3761 4818
377 2732
556 3976
1884 4966
3438 253
4436 4381
3391 976
4703 741
2597 2089
3510 2844
3953 1548
3133 1134
3191 4965
2866 4113
2505 139
1148 4446
2510 698
162 3067
1454 4986
3875 3380
2705 4139
4845 2490
4749 4814
3564 2434
3966 3942
2701 231
3789 86
4221 4902
4757 461
483 1895
1516 454
4945 312
1475 1375
2704 4020
3247 759
1411 4913
253 2508
4974 1995
759 1609
2199 2386
669 4675
1840 3147
4441 687
847 4966
2263 995
224 1891
1332 2147
289 4113
2521 634
4181 2413
488 2996
4823 976
1503 4902
132 3065
4711 3505
2329 961
4740 3778
179 3248
4118 4878
3821 2661
2778 3954
2039 1613
511 4284
3910 361
2428 1601
1872 3983
3983 2613
1680 4329
4069 557
1085 2033
955 2337
480 2337
4679 3261
1356 4604
1514 223
4799 4750
2805 4969
1559 3041
2862 1601
3441 3393
81 1432
1375 4902
445 2508
4818 2504
1191 1122
4336 152
1865 3538
2996 2728
3976 780
1915 1786
3359 4498
3573 843
1771 349
3020 222
3400 439
4969 301
3889 995
4734 2235
98 2362
1226 92
4218 4381
687 4424
4983 4485
2089 3041
3798 2379
2145 3898
1234 2490
4591 1210
2379 471
1515 3484
3993 3081
1263 2454
1380 231
3696 976
1111 2176
4409 4816
223 4403
1818 184
1691 4498
2492 2355
4381 4284
4675 1373
1613 4600
4330 1327
96 285
576 4485
2528 4814
292 3818
4816 2048
3546 3622
749 4403
4103 174
4933 431
4020 799
589 301
2353 1663
3980 306
4611 3330
2023 4237
2515 2744
1373 3755
3336 2574
3330 634
1495 4260
767 4421
2328 4655
38 2574
2759 3014
1663 2894
2545 995
757 3622
4989 2451
174 4334
91 226
2843 156
3484 1455
4505 4604
312 2596
14 4340
4284 1083
2451 4109
1786 3946
1891 1973
139 4686
2443 4784
80 1548
4026 2033
226 1305
4261 2045
2596 4075
4902 2407
660 4604
4754 3160
1004 4998
2454 3517
1807 4237
2017 2176
1638 1408
3424 976
3622 4022
2889 1895
4498 86
3736 4750
981 4973
4446 2355
1969 285
4878 222
4074 984
2653 306
1569 2564
782 2908
1327 2961
4676 4403
2147 4627
3245 431
1098 3558
1305 4547
2975 92
1455 2613
1707 4614
441 3818
4986 2030
2647 3942
4176 2504
4237 4523
3324 3478
1791 3147
4392 1845
2362 3818
2048 4113
2986 4260
2386 4973
3067 3778
494 2407
2075 2670
2231 3169
2030 2894
92 301
2744 420
1088 1134
3341 3248
4139 2879
198 984
2592 1112
4006 4403
4260 732
4329 1096
1826 4966
3965 2490
4966 2005
461 4750
4547 2613
4115 4484
2337 1760
4521 361
4023 4911
464 1443
2972 3041
3694 765
45 1679
3230 4334
319 3248
3147 4403
3393 450
3538 267
3986 2413
976 1845
3748 2961
2480 989
3963 1738
1122 1471
2247 2554
1738 4600
1598 984
4973 4334
4627 2216
3081 1787
2028 431
3014 2434
4201 3619
1443 471
1995 634
634 961
1609 2005
4468 3905
231 4825
2732 2235
1132 4484
450 207
1502 4614
2102 3946
606 4614
418 3065
2961 1471
86 765
698 3377
4780 1659
1257 2434
1895 4825
4589 2235
1881 2554
4655 2728
2908 2045
3041 2670
2661 1136
1209 306
558 2254
2216 3377
280 3905
1083 493
1860 378
2146 437
3357 378
172 741
114 222
2894 4484
2045 152
4490 4865
118 2554
4109 4911
2127 4604
1408 184
3563 3811
4277 416
2355 471
1805 2729
1548 2595
2613 2407
3731 4485
4604 416
4484 1343
416 4334
718 2176
1634 1471
222 4911
3160 1659
557 2254
4485 2254
2670 3954
3898 2554
2554 1286
1112 3823
4614 2235
207 780
306 995
4022 4913
3505 119
183 995
2005 4853
3823 3603
301 3619
1536 4784
2729 3570
152 1497
1787 4075
3221 4340
439 2407
965 741
989 200
420 1601
1743 1497
3905 3652
2564 1343
3478 2407
2718 2770
2407 3169
978 1760
2574 3603
1497 361
2844 3377
57 2595
843 4075
3558 3380
4113 3517
3093 2728
3603 3755
119 1760
4825 3599
3778 4869
3169 3218
2490 290
1134 1845
99 4814
2595 1973
3942 732
1136 3248
4965 3517
4998 1286
4340 4421
3261 1845
3599 431
3811 732
2345 765
1882 1471
3619 361
431 349
4222 3218
4403 200
4424 3946
1432 961
3818 4750
4911 1760
200 4334
2504 3248
3589 1451
2434 4523
4784 3691
2770 1286
3248 4814
493 2235
361 4463
1341 2508
3691 184
2728 995
4686 4364
156 2241
184 1096
4869 1647
4102 4750
1451 4913
1659 2879
1210 3218
1679 471
4865 799
3218 3238
267 4075
1973 993
984 4913
1647 454
378 2254
1096 4913
349 2033
4463 1601
4913 799
1845 2254
1601 4075
2241 3380
4853 1343
2033 2508
4154 2847
961 1760
3737 290
285 993
3377 765
2235 2508
3570 765
732 1286
4600 1286
3517 780
741 780
3065 3380
3954 3755
290 2508
1471 3380
471 4075
993 780
3946 3380
4750 780
2176 4364
4435 4075
3652 3380
765 3238
1286 4523
2847 4814
1343 4421
995 4421
3755 4334
1760 454
437 2508
454 2879
3238 4523
2254 4523
3380 4814
4421 4075
799 2879
2879 4814
4364 4334
4523 780
4334 4814
2413 4075
780 2508
4814 4075
2508 4075
0 0
