6000
113
-95
-92
-103
-95
112
-77
-45
-78
-128
106
-22
-115
10
-107
-118
110
116
9
-30
-65
49
36
-11
-54
-110
-40
87
-14
-108
-43
-13
-94
29
41
55
-98
119
19
-92
-95
-85
113
43
-51
-19
35
-19
-19
15
-55
87
-82
47
-30
-56
-125
-69
-66
40
-90
1
-100
-25
-29
-105
-124
0
-37
107
104
19
-121
-126
-84
115
-84
95
-61
42
-95
60
-109
-70
-66
93
60
-18
117
-21
-68
125
-113
-74
-85
80
87
-31
83
50
-37
125
107
121
16
-58
9
-46
-26
-51
58
-92
-10
28
57
-9
84
110
-32
-53
87
38
43
-89
-53
121
-60
-45
-62
-16
114
-74
-104
-57
-9
32
-110
28
-18
80
114
46
-30
125
-123
92
-118
46
-83
56
5
-82
62
-99
-12
-106
-121
47
-124
-95
-92
-42
-34
21
-34
-71
-107
-14
-87
24
113
-69
-36
51
11
-62
52
73
100
-26
29
68
53
84
105
85
35
78
0
-81
103
27
90
-104
-68
-94
95
-13
55
34
-79
21
102
91
98
-83
-37
-62
48
-14
-41
37
-28
-100
119
40
-30
-27
24
82
-53
-120
-75
-50
31
-58
-35
-62
-6
-11
89
96
-9
107
14
120
-5
-122
1
-69
-117
20
-54
-46
-44
-33
64
114
61
-90
78
122
85
1
76
63
-31
-109
-14
-3
-15
34
-79
-25
-89
-72
100
-17
-95
33
-70
14
-53
-83
119
-27
-38
11
26
84
-69
19
71
94
-15
93
-30
42
-5
114
64
1
71
27
-12
45
-105
-72
-28
3
72
-119
28
41
-27
63
121
-43
-15
-46
82
57
70
107
120
-89
-39
-19
85
-117
70
-12
-4
10
68
-55
-57
-48
37
25
-77
7
-91
70
55
63
119
82
17
122
-62
72
-80
-72
123
-65
79
-23
-53
113
123
43
2
27
-1
-112
21
118
38
24
-54
5
-94
124
-86
45
117
-62
59
91
-95
-88
108
-116
-79
5
-87
41
-36
-22
-57
113
-124
43
-24
-95
-65
-100
-117
-118
96
63
-108
60
-84
126
-41
-43
-125
11
16
54
35
-64
-87
9
25
-69
-99
-83
-119
-2
-118
5
-35
87
110
101
-45
-71
111
63
-19
14
-103
-14
117
-18
52
-50
21
91
-43
72
-110
120
-92
89
48
-109
36
9
-44
101
-79
-54
31
-117
84
12
-7
104
17
121
-16
58
65
111
54
-96
-92
60
-94
-73
-47
75
61
69
101
-116
-49
-66
-70
-45
10
-15
58
-38
-2
63
55
-128
-87
-37
35
-9
5
-13
-93
-90
126
-2
18
-27
7
3
-24
122
8
36
-11
-47
-115
101
24
69
68
27
-55
-50
-107
38
32
-52
117
5
104
60
31
61
-38
89
-23
25
-88
26
-83
50
93
-6
110
-54
45
111
40
1
-109
-37
17
78
-29
41
-55
26
-12
87
113
61
-86
104
-5
-76
109
-100
-25
-36
10
60
43
40
87
126
-60
-68
80
7
-29
-128
-61
31
49
-87
104
92
18
21
-54
118
-46
24
77
23
112
-43
17
-46
13
-33
53
13
31
-32
-8
-58
123
-55
60
-86
-63
-94
-86
14
-107
25
80
66
-14
-122
-72
12
99
-119
44
42
18
-73
69
82
-90
-26
-48
-100
82
-3
-126
84
28
57
-95
52
14
10
47
-75
-8
123
108
-6
6
-111
-16
-18
-14
-113
-30
-45
58
45
114
20
73
-22
-71
15
111
81
-61
86
30
65
70
17
63
-3
100
95
36
53
-113
-53
76
-72
-104
-62
118
-69
-80
-31
-20
28
-41
125
-20
-80
118
59
9
-111
-92
-127
56
-34
38
-22
-21
-78
-61
-120
-54
-16
-75
-98
-8
38
-94
-44
-38
4
82
-113
-53
25
-53
-98
109
78
102
-116
61
34
-49
-34
59
-105
74
-38
66
95
-6
32
72
-67
-52
-53
-19
-114
50
-12
94
-103
-3
-57
-2
80
-26
1
-114
-106
41
-53
-66
-93
103
106
-78
9
-115
-27
-20
15
38
0
87
15
86
-113
39
-22
10
0
102
17
-36
-111
34
123
-74
64
-79
-127
124
-19
-122
-123
-56
-115
-61
98
6
-8
-123
-127
92
7
88
-7
-75
122
-43
7
-19
-48
44
42
-99
38
31
-53
-127
10
68
2
120
95
33
55
125
-58
96
27
-86
-64
-128
-6
95
-9
-128
-10
93
52
52
-87
-30
80
-14
-51
-86
17
-37
-3
-98
31
105
-35
93
102
-111
12
-22
-63
44
74
49
-81
1
-101
46
-128
-111
-73
84
-59
-127
-123
86
-74
97
46
123
119
-89
-127
90
-19
62
-51
-79
-44
79
16
-56
-92
59
-58
53
38
-78
26
-111
3
-82
-63
-49
59
32
-65
84
72
109
-12
15
105
-54
-5
43
111
-2
-63
-51
118
-23
-53
48
31
12
77
116
-27
-101
90
-84
-45
-40
124
-58
-26
26
-79
-109
-90
70
108
-88
92
-34
-115
30
42
-88
95
-90
81
-64
41
71
11
7
83
-37
-3
68
-11
-92
-72
-49
-42
-22
-86
-113
123
1
77
40
24
60
76
-61
-98
12
15
53
-26
36
-121
122
42
-119
94
-96
-26
-10
-35
82
-15
21
-125
86
-8
35
19
109
21
-35
-14
86
63
-127
106
115
-44
-97
87
-38
-125
-99
-43
51
33
60
24
71
-48
-41
46
118
7
-34
-102
-88
61
-41
-3
-51
27
-7
-37
54
-40
-48
85
-108
-2
-52
69
-87
119
-26
108
-123
-120
-82
-53
6
-72
-5
-120
40
-51
-50
-47
83
-71
-36
-18
112
-39
25
24
86
20
115
-111
106
-9
-92
96
-91
4
12
-22
89
-91
-79
96
-102
-122
-64
-20
19
13
-5
-47
15
8
-122
89
125
104
3
75
75
-69
56
26
-109
3
18
-111
-107
81
-61
-54
-45
-23
94
-84
98
-106
20
44
-101
-82
62
51
77
-61
-40
105
17
14
93
64
69
37
-101
-91
-4
-3
-78
94
-112
-104
-79
26
66
60
15
-32
20
-11
-95
-62
-91
4
29
0
-44
-85
4
-64
-43
-104
71
67
-7
113
-115
4
-3
35
-103
-8
83
-90
90
24
-25
-68
119
-2
22
111
53
28
-22
-100
-27
-98
82
81
30
-38
56
33
-68
-115
-96
63
-6
-29
16
-1
-81
78
14
-30
62
6
-38
113
55
-110
-92
80
-8
-74
-116
-48
77
93
99
112
-107
96
-99
16
45
17
107
-78
121
-66
71
-53
112
-24
19
121
93
94
-5
64
-9
55
77
-56
-53
9
-29
-92
-56
98
121
-97
119
-24
-120
-62
47
-123
-100
9
74
-62
-103
-13
115
15
57
8
-16
26
-124
110
114
-37
58
-65
14
65
18
94
120
31
12
-105
-11
49
61
95
113
112
-88
-79
9
41
-37
50
-11
19
-24
-53
-97
116
-52
-72
-110
6
-55
-8
-86
-82
104
98
99
83
-6
-23
68
15
52
-9
9
121
-119
-100
31
108
-123
-1
28
-58
81
-41
20
116
104
-54
-35
17
-99
113
92
-83
45
81
-35
57
19
33
-103
-81
-90
-44
-8
70
-94
66
68
110
-42
-39
-57
-96
44
108
-59
-108
-3
-104
19
-56
23
103
109
-44
-69
47
-41
-66
32
27
-103
-114
-102
89
123
114
32
-74
115
-74
-88
62
-83
75
-86
-28
122
-97
100
-87
101
112
-92
116
-29
90
14
25
-100
84
14
98
59
13
11
-93
-84
-95
60
-80
84
-117
-14
-13
-28
110
-73
42
-49
74
-50
114
-1
-67
-98
-30
-121
58
53
-29
-128
114
75
-90
119
-78
-32
-97
-14
-29
121
6
-101
78
-25
-61
-36
-9
53
-120
18
-76
37
40
94
-113
-12
-30
-56
-81
94
-6
-94
20
-76
-92
-67
99
17
-109
-43
-85
61
-60
125
102
56
126
-21
-117
-90
-68
-43
100
31
1
-93
89
-115
-73
-24
119
-4
0
89
-88
-66
-101
-85
-53
-17
-50
88
124
-28
48
9
-94
74
-37
-87
-125
-56
49
-99
-94
-122
27
106
65
-47
91
51
112
30
67
2
87
66
-35
-7
-74
23
-59
-125
121
-3
-62
-77
16
79
-67
93
-62
124
-20
106
48
123
-43
-42
-67
25
-37
-56
80
-39
-48
124
-21
-43
81
46
39
-60
-106
114
90
-120
-35
62
-91
23
-12
48
-54
56
47
-65
94
-80
-9
-55
100
5
33
-20
-6
-62
-46
18
34
-120
66
-33
78
-73
36
-10
101
112
-16
55
-79
36
85
-39
86
-39
78
-86
102
-88
-105
19
101
18
64
80
-65
120
-43
39
-127
-5
-14
105
-69
-112
-90
100
43
100
-9
-78
-110
92
-111
38
62
100
89
-125
36
100
97
5
116
-71
11
117
-67
-48
76
28
16
-2
33
44
82
-10
73
-14
1
-96
-125
53
-49
-102
4
42
-95
-68
116
-84
-43
-108
15
-97
98
-74
29
-73
3
-47
-109
68
-100
-101
-11
63
-47
-106
95
-113
-78
-63
-120
-109
-64
-68
-1
76
-86
-115
-118
43
44
24
39
-108
31
84
-96
119
-99
-63
91
-75
-30
-15
-102
38
-113
5
-61
83
-4
-33
-87
70
-116
-17
-98
-48
-40
-42
-84
-120
-2
87
117
107
-12
-2
35
58
-128
-1
10
-62
-88
33
94
79
-44
-17
65
-38
-50
46
52
-68
-42
-79
28
55
103
-78
75
124
-49
121
88
-81
51
108
65
-87
45
92
-12
42
-103
-78
13
-17
117
-70
104
81
43
62
46
30
-27
-86
93
-105
-60
111
-62
17
-85
-30
-79
95
-14
58
-59
-87
111
-95
-85
-85
75
-105
-15
9
-108
107
-29
40
-122
21
-108
125
81
-108
-92
45
20
-80
48
4
-55
19
-29
92
58
33
61
-108
104
-103
-109
94
1
69
-51
37
99
35
17
98
95
-4
21
-8
-8
-32
-71
-114
17
-32
110
77
84
92
39
-59
36
65
53
12
109
21
-5
-20
-54
-85
-5
70
62
-111
-14
-82
34
43
94
50
73
56
-5
-71
-31
91
126
12
-53
-124
-53
-24
-48
-97
21
48
-57
104
113
0
50
42
-95
-65
68
120
-75
50
-47
95
-22
101
-23
-125
-22
-14
-9
0
-35
-126
-19
83
-40
-95
35
-26
36
-53
-65
-117
-56
73
-123
-80
45
-34
98
-122
-76
-124
64
79
63
98
-9
-61
29
-121
108
-120
8
-23
63
96
25
39
-106
44
67
117
-8
39
119
39
24
-88
-7
14
20
11
-51
-50
60
118
-17
-111
-110
16
74
-26
-117
108
-67
101
106
-69
-117
-27
58
56
114
29
115
-49
-99
-116
30
38
18
-123
-90
-111
15
38
75
-61
-49
4
108
93
37
64
113
-49
9
8
-126
-64
-56
-63
-61
104
121
122
107
37
79
-92
-40
-34
-33
-36
-8
37
12
102
-123
106
-113
1
-17
-92
107
-122
-50
-37
-95
-40
-29
92
86
-97
92
81
-123
-65
34
-108
-85
23
83
93
125
-55
17
-92
-105
63
34
111
-15
109
107
-29
20
55
-112
59
-75
-39
85
-5
-23
-120
-1
-17
-36
106
-79
124
-99
-41
-92
-116
-122
14
-95
-81
-123
-86
119
-107
-62
53
45
8
13
-65
60
-98
-15
-66
-48
9
21
72
99
1
-76
-50
-41
-39
121
-90
-113
-125
-84
121
80
70
-98
118
71
91
-65
-121
89
76
76
126
-21
-33
-1
-48
-67
110
51
24
42
39
63
-68
-116
-72
-64
-62
97
88
-86
121
53
66
-17
-32
-14
23
120
5
85
-12
93
-46
-38
4
64
55
-57
-50
111
13
48
-4
25
-124
-48
25
44
124
-123
-27
8
-61
-1
100
56
64
-57
-41
10
51
-49
-99
-12
104
-17
-77
-99
124
-128
-35
8
59
40
6
-24
57
-13
17
16
94
-100
-61
35
-61
-120
-70
85
-105
-31
78
-35
-104
91
8
-35
-100
-18
49
120
83
-106
-59
-19
-108
126
79
84
39
-102
-87
-112
-86
89
44
32
59
-27
-110
115
102
-36
80
121
-13
-59
101
-26
67
-9
117
25
0
-7
120
-50
-96
-80
85
47
10
-24
108
106
-1
104
35
78
-90
80
-32
65
-87
-121
109
-103
-9
39
-15
103
-27
73
5
123
-59
-128
124
-59
114
85
-127
76
31
-119
119
-104
111
1
-29
-82
0
-56
42
-63
124
-87
-29
94
105
55
-93
116
-49
91
-67
-79
-5
-99
2
89
-76
26
107
-20
101
49
-33
74
-79
-115
111
-89
68
44
84
113
-27
47
-31
-110
7
36
82
113
95
101
53
-2
63
5
-105
-77
-41
-13
22
84
112
-109
-55
-88
-87
-20
-91
-118
-103
-26
7
28
-115
17
37
-36
97
-114
-77
-119
36
65
-61
-85
-76
-11
96
-3
55
30
-87
62
25
-78
21
-102
13
-44
119
-54
8
-58
-20
-103
-120
34
117
-10
-70
-18
70
90
44
-30
-113
-94
-8
-90
125
-119
16
97
8
-78
35
109
78
-57
61
21
-45
91
83
-51
-21
119
-57
65
76
-102
69
95
-118
86
-40
36
-71
-9
95
-79
-62
-17
-10
36
-89
122
95
25
-23
52
-20
62
-111
-65
27
49
77
-54
-96
114
126
-45
-76
-50
-25
1
-10
-17
65
64
-26
123
16
-77
96
63
86
84
-49
65
110
28
110
-66
37
-19
29
-14
-124
-4
-58
60
74
15
8
-117
56
85
-34
-13
-61
86
-120
96
46
-66
24
-88
64
46
-115
24
56
-20
-37
-85
-35
75
-88
53
-15
44
-18
-122
-44
-104
-10
70
-99
12
2
-74
2
-96
-98
19
-26
79
68
3
-107
-33
63
-63
103
-123
35
39
116
115
19
-19
119
96
95
-65
-104
-9
17
67
-96
-109
48
-5
-99
-44
-28
-81
-104
58
-105
-20
-12
-112
73
46
23
81
-41
20
58
30
122
-83
15
27
6
37
118
22
57
113
14
-122
40
-40
-33
-3
-90
-114
2
69
100
35
-31
-19
-60
42
-125
-106
111
69
-76
-61
32
-51
-107
-50
67
-90
-60
-29
114
45
33
64
-121
32
-101
-63
58
55
-64
-47
24
31
125
-34
10
-81
-56
113
-120
-99
-34
15
-90
-24
70
85
-108
57
-77
-95
-7
-75
-8
29
88
-12
54
-115
40
117
-6
1
-48
-110
77
34
68
-125
-100
-16
-78
110
96
-51
79
-2
-112
33
109
-108
-122
-101
-122
58
-63
48
-108
-97
43
-120
-32
-57
43
-47
92
-60
95
2
111
-2
-108
21
-68
-22
-27
0
-62
-83
-14
120
0
-32
37
71
76
-110
107
-72
-79
14
124
-85
105
63
125
26
79
-90
95
-94
-109
-88
41
-56
54
124
-112
-32
89
113
84
-119
-4
-40
95
85
68
61
51
74
117
91
-56
-33
-101
112
-34
-23
-91
117
-18
35
-68
13
-7
75
36
80
-13
7
-83
-21
-12
24
-41
-60
56
124
114
50
41
-23
-75
91
76
-83
30
43
126
5
-87
-52
-97
-95
46
23
27
8
40
-19
-44
54
106
-56
-4
-106
-90
27
-23
77
87
12
11
111
-70
91
27
-16
-96
18
-108
93
80
57
21
13
31
-65
123
97
-112
95
83
-89
46
0
24
57
-64
-42
-45
64
-1
-90
82
-12
-71
60
124
102
-100
12
-8
49
26
81
94
-105
13
-103
58
1
-78
2
-47
-85
-93
-12
90
-93
58
-59
69
-47
-99
-96
-128
93
-103
-52
66
75
51
-41
-25
-92
27
-79
-76
-48
-107
52
-33
-111
61
-107
-19
80
-23
-116
-123
-27
-80
94
-109
56
-32
-47
60
53
17
-85
86
-46
1
-47
-119
-75
87
-95
-85
74
-69
77
-54
49
-123
91
-114
26
39
-62
101
-5
117
-37
-45
124
109
-54
96
-122
-76
-43
-26
-119
42
-124
-16
43
22
102
97
19
-40
-112
51
1
7
-123
13
-19
101
-70
59
-116
118
79
-6
-104
26
22
-96
-112
-14
-11
42
-89
-64
108
126
-75
-104
32
-111
-15
-54
-3
-59
65
-49
-71
-53
-70
115
121
110
54
-86
110
74
101
-82
-5
28
-36
-7
-107
-20
0
5
115
23
-39
-37
-62
-62
-22
65
5
46
75
24
80
-8
26
-39
-2
121
-94
63
-59
-27
120
-36
-19
31
92
78
-37
-87
-115
60
25
-43
99
25
104
-9
-73
10
51
-22
-4
99
-113
-91
-112
-4
-77
22
-82
-91
38
86
85
-22
-90
-39
28
71
-116
-96
60
-54
-37
-29
-7
25
-118
124
33
91
64
-38
35
-87
74
98
-78
69
26
20
20
-33
126
-24
73
-53
-21
97
-71
-76
-92
122
59
-128
14
24
43
96
-108
-110
120
-32
-119
-105
-81
54
-93
69
65
108
-112
-1
126
-3
-86
44
104
-48
-4
96
-71
95
-94
20
73
-103
-70
94
95
5
-3
26
-94
31
-115
-91
-56
9
30
-109
80
-87
27
-42
120
125
71
105
21
-79
56
-120
49
-16
-5
-4
108
123
88
69
-95
-82
4
67
13
102
109
47
-44
77
-9
-66
-23
-38
-33
-88
-114
76
-61
-54
-93
-7
66
38
111
-86
-71
-50
-75
5
-57
-79
86
-96
-20
17
115
4
-56
-14
22
-25
-10
18
9
-19
-89
-37
-20
-68
18
-128
49
-73
40
-116
55
-126
-126
-106
1
-105
111
91
64
-83
5
38
117
-51
-70
-43
55
-97
122
85
43
-46
87
-56
52
-84
41
-67
-38
-22
63
14
-88
-13
-110
-22
27
43
-96
60
107
-22
84
50
-7
107
-79
11
56
87
-73
118
-19
-47
83
-61
112
-24
-101
59
-79
-56
99
-54
-118
93
-52
78
-121
-1
-86
-91
-38
24
45
109
-124
-93
72
19
-73
-20
-70
111
-118
34
-36
99
96
106
125
-66
-126
8
69
30
-38
111
-25
110
26
84
-65
-22
-92
122
-64
67
119
60
-106
-58
95
-21
58
-71
-6
66
71
-52
102
-63
122
51
-119
100
-116
-11
-73
4
76
12
53
-38
109
-49
107
15
94
34
121
28
-85
-116
22
118
53
-78
-58
-5
72
79
85
-77
-126
-128
-108
38
41
-79
59
-29
67
24
59
48
18
-68
1
26
-42
71
-60
-74
-49
106
-41
-47
29
110
-126
-114
-88
64
-29
99
-92
-34
41
82
125
-102
-73
124
-122
-38
-45
-8
-70
34
72
8
88
-34
109
33
61
116
-32
-118
101
44
-55
76
-10
46
99
95
-21
-99
-126
100
-90
-63
33
37
91
85
-56
-125
-94
19
99
125
-8
68
93
-99
120
120
-98
116
-55
-90
76
-89
113
56
-29
-67
-39
14
121
-89
86
49
-37
118
124
14
-108
107
122
-126
54
2
101
-103
-98
26
-87
-38
-1
-38
35
-56
-86
86
28
-16
-80
-56
-69
-41
36
101
2
-71
109
3
52
3
-54
-114
-5
-46
13
-90
-21
85
-101
29
-86
22
-60
-97
-73
73
67
-23
125
-96
-44
-8
-44
74
79
46
-2
-23
-3
-91
10
95
26
-99
-124
116
-66
20
71
-89
-10
77
-46
-123
-111
-123
3
-91
96
-80
-125
-79
-70
-22
73
97
-81
85
118
-7
117
68
76
-59
76
75
8
-45
-97
-39
99
-84
-61
29
14
119
56
-18
-36
86
-81
-82
93
-82
-124
59
-74
123
95
13
115
-26
92
67
-24
-88
82
79
49
107
21
73
-91
97
-66
32
-116
-128
-128
-122
22
50
14
-34
94
-49
14
27
-59
-62
-34
-27
13
-89
8
-87
-20
-107
123
-65
-60
-74
-82
96
100
110
-106
19
14
25
82
3
95
59
33
-22
7
39
115
124
-56
103
-16
-82
-100
-53
29
21
96
-98
-21
-90
32
57
15
-89
-80
73
114
107
-1
30
-78
1
23
18
-120
-88
28
120
99
93
21
31
70
-88
22
80
6
36
-65
-4
-24
-73
-94
68
-112
19
9
-42
-32
27
12
-16
-88
-90
-86
-8
83
-95
-18
10
126
-122
42
-18
64
62
-62
117
-42
-36
31
-12
-67
53
-71
18
-23
37
75
-98
48
29
-82
-27
-20
78
69
102
30
52
-75
115
-71
-86
-105
34
84
84
-96
-54
-74
-76
124
22
5
-113
-18
-66
21
6
73
-123
-29
119
6
-43
-33
79
-30
-70
23
40
-110
117
-73
-40
48
-25
-127
-124
30
-100
-10
76
-48
15
97
-66
-36
-32
-93
67
115
-104
49
41
-121
-91
53
-13
91
77
32
123
94
71
14
-118
-103
-105
56
-38
43
17
104
10
-84
24
45
12
88
-124
-43
-125
84
-90
-19
91
-65
-76
-94
30
70
-89
97
-24
-40
-27
-22
23
-98
103
-56
20
-20
-39
107
96
110
-74
-74
96
33
-14
7
21
-92
-56
-47
-43
-33
-55
-62
5
-112
-14
108
70
-66
-70
-46
13
-87
83
-87
-22
-111
48
-83
126
23
-85
98
47
86
-76
-99
11
123
13
18
-114
-107
124
-104
-34
-85
78
-9
-115
70
20
-72
78
113
57
-69
-104
11
49
-95
69
-66
11
117
102
99
79
44
61
-26
-62
-126
-64
11
95
93
-16
-49
46
-87
100
122
-84
12
44
-75
67
-98
36
104
-119
-57
115
-67
73
-103
-9
-21
46
122
-69
-83
-26
27
-17
104
20
-17
37
111
9
-19
64
75
121
39
-25
-45
9
-109
-105
62
62
93
-58
101
46
-20
-109
108
-1
16
-71
82
17
119
53
-52
-110
25
-124
103
-120
-34
-128
-62
-8
74
-58
-87
73
-7
-56
-91
-111
83
15
-93
-93
5
58
2
80
9
107
-117
-29
-62
12
-26
-32
83
69
-106
-50
44
-77
-17
-86
28
61
7
-24
-64
-15
-67
92
35
62
62
13
21
107
101
-60
-85
-2
67
49
-34
38
-95
-96
-100
-43
-41
-87
89
108
-34
-53
-50
-45
47
84
30
102
124
-99
46
-53
-5
-103
118
-102
58
84
-63
15
-110
102
88
-85
111
-57
-36
44
52
-69
-101
-67
101
72
17
75
-62
-96
37
6
-16
-16
-62
107
-20
85
-108
-114
-114
-61
94
102
-13
-67
-125
-49
26
120
-88
116
102
-96
-120
59
73
98
24
-23
20
-5
-115
-83
-18
49
-96
-43
115
41
-27
-85
-101
82
-90
-8
118
-95
34
112
121
69
81
-56
-3
16
-74
-88
-116
126
-16
49
-1
79
5
-63
75
-23
35
108
-75
77
69
67
-111
-95
-125
76
-27
56
-106
115
-15
-99
12
27
-83
-112
-12
3
-50
-82
103
26
37
77
42
-64
109
-30
-81
-109
4
59
-86
-106
-124
95
-112
-18
23
9
112
117
72
-31
-57
97
18
85
61
-17
86
108
50
-65
72
-80
93
-80
-38
-39
-83
-76
0
-106
-125
15
53
-107
118
-44
-65
-38
-16
-70
77
82
-106
61
105
-71
103
-85
-93
-79
-50
-64
108
-57
93
-64
105
-59
-88
0
-69
-10
-42
-128
103
-93
37
-32
116
27
-114
72
65
-105
52
-41
-82
76
-81
-10
-116
-22
-26
10
-93
-8
-81
-15
88
29
41
-59
-14
31
5
-26
56
-44
-61
-83
-44
-18
-62
-4
81
84
-40
-56
-120
46
1
-12
105
-15
72
-128
11
4
105
-97
-32
-77
29
67
112
-38
45
94
-38
43
51
66
-94
-41
112
82
-9
-87
55
6
51
25
-62
-70
4
11
75
65
45
-97
64
12
13
-99
-53
-74
118
38
9
43
104
110
-97
-111
-79
23
-65
-28
46
-21
-60
-71
-71
3
-59
-77
119
123
-16
-1
-117
74
-59
-66
17
90
11
0
125
-42
-118
-107
-79
-14
-123
8
-81
-119
74
-6
114
22
-27
-5
-109
-92
-102
-52
25
93
94
-49
39
-127
58
6
65
83
115
-95
-54
11
-10
76
-75
-37
-121
-38
-16
-82
0
-72
-105
-24
-63
71
-52
98
105
-98
36
122
-88
-123
56
-127
82
-120
-119
-42
65
88
-117
119
-24
-68
106
8
46
-116
-41
-88
-44
75
-61
-48
-58
4
-30
24
-17
-33
-96
-27
104
-98
-19
-37
77
-128
35
-20
-40
-36
110
-45
51
40
-91
-63
-26
50
-17
14
30
-69
-92
45
116
117
-45
-43
-110
-125
-99
-91
98
8
99
60
-90
-76
38
20
65
26
-88
109
-31
24
-34
-122
90
-96
-105
-47
-63
-56
-115
-61
-22
-25
83
31
30
-101
-68
-89
-4
-67
-34
-13
-69
-77
-111
33
63
24
-23
-96
54
111
-97
-94
28
-23
-37
-125
60
11
-63
117
-5
-99
-125
-67
94
57
-49
-116
-5
-43
61
-77
23
12
110
119
124
120
63
-51
-31
-37
-15
-68
107
35
-30
-110
16
-128
115
102
-89
34
-62
70
-28
2
41
118
124
19
-114
-109
91
-12
40
65
21
15
-24
-89
-26
-84
0
58
-102
93
23
-109
-75
124
36
-16
-19
-55
24
-93
-91
-54
-87
-40
98
85
-101
-109
-29
24
-42
22
-9
-33
40
-42
8
-41
-99
117
-74
47
28
41
-17
-50
94
79
93
-105
75
38
-13
90
-95
-118
54
25
93
-30
75
0
28
69
-64
-66
-49
2
112
99
-81
45
-104
-91
26
118
113
37
-83
-5
70
-5
47
116
52
112
28
-112
14
117
59
72
113
11
-108
114
16
95
74
-55
40
76
6
-78
-35
-20
-67
-96
0
-31
-107
-48
-102
14
-90
-12
60
89
3
46
7
-38
-71
120
13
122
-18
66
40
-60
9
10
31
92
24
-5
63
-15
27
-74
-63
-75
-62
107
60
124
73
59
-70
-54
21
-11
-71
55
80
-6
-26
-27
7
-6
-116
96
42
52
32
-31
-16
91
-45
110
-53
55
15
-83
-31
-97
64
54
-36
57
-42
-61
27
68
87
12
91
67
-107
-75
74
-87
-6
23
-127
-23
-19
-7
-38
-28
104
-40
44
101
-41
35
-108
-99
88
75
62
80
-82
117
-69
71
-82
55
-60
108
-60
66
41
22
-89
-12
20
7
43
-66
-102
-37
-27
55
49
-97
-81
-61
5
51
-111
-114
-17
-67
88
58
-103
-82
64
-25
123
-22
-58
-62
-23
19
-5
17
-22
-28
23
-67
-41
101
-1
-111
-3
-18
31
-50
-125
24
-127
-84
110
8
-98
-80
87
-115
-68
22
26
92
71
-61
21
-53
-77
-93
25
111
-96
52
-10
66
-2
81
99
-37
10
99
-68
-53
43
-24
38
52
-102
-89
-68
33
75
124
-33
-50
-19
-77
-40
33
-125
-92
106
114
-114
-7
-4
-115
-29
-51
-56
94
46
-10
-51
82
-89
-60
-123
-99
-65
-23
-106
67
50
-67
-86
2
-24
7
3
20
126
-31
-128
-116
11
-41
2
-21
75
-87
69
-43
-19
27
-68
-3
-40
-13
45
-4
23
38
-5
-47
-41
40
73
62
11
87
-65
16
-111
-9
0
-116
-64
-102
63
113
25
62
53
-95
4
-32
-115
35
103
-100
118
74
47
90
125
-103
-34
-105
80
121
-33
48
46
-7
56
-73
126
36
-17
107
-33
22
-77
-34
-81
-80
125
36
-96
-27
-128
69
87
-37
24
-101
1
-54
42
21
29
9
119
-22
-83
91
98
-60
-80
-78
-64
-20
-64
-61
55
-123
-124
65
-11
76
97
4
-59
96
41
9
-36
-102
-99
65
63
87
-77
105
117
112
22
-29
-74
39
61
-90
100
79
112
-105
-46
57
20
-95
-74
92
-59
88
-1
-108
-29
4
31
28
97
-48
5
111
-78
-98
124
4
40
-40
-14
-98
-83
10
-12
-79
-38
87
116
9
70
13
51
31
18
-57
-13
-112
10
-42
-26
39
-24
-98
63
-46
101
-7
88
53
-69
-95
14
31
-22
-52
-46
31
-105
102
-113
-1
62
-110
17
-77
-48
-66
-76
-88
-3
21
48
-5
72
-5
-19
-61
-5
96
34
-101
-26
-108
66
116
49
-57
46
-39
115
53
-1
43
118
-64
41
100
-101
74
19
99
-106
52
126
48
-45
124
57
121
-83
28
70
39
123
-9
119
119
96
55
-107
118
16
-26
108
110
87
-16
88
-21
67
124
19
-14
15
78
23
104
-19
33
-71
-80
-42
-40
18
46
-40
45
0
14
-124
-55
9
45
16
86
-45
74
53
-125
46
118
104
-121
-39
-28
21
-28
-64
-22
91
-74
125
-45
12
35
-92
-81
-112
-16
-7
64
95
-21
-125
46
49
49
-61
-27
-22
105
105
-28
57
-115
72
-88
-15
-20
31
-114
102
58
39
-30
74
-73
-33
25
22
-46
-15
14
88
69
-67
-61
-104
73
-106
-44
-79
-19
-95
-17
-30
-103
92
109
-30
19
-58
-100
32
-31
5
36
114
86
59
10
-98
39
122
-25
57
31
95
4
-53
62
-81
-7
23
-29
49
10
-65
95
-87
-23
52
-7
-105
-97
95
-43
-122
77
99
-64
80
-4
-95
14
108
-87
61
52
-101
-17
-13
48
-67
-52
80
27
73
-18
109
-41
94
19
-32
-24
40
-113
102
-125
-108
11
119
-90
-124
-24
-7
91
38
-68
-46
-103
2
-3
-72
-72
55
-124
-111
97
-127
52
89
-64
23
96
-34
80
-20
24
34
-115
-99
-23
84
-28
-83
-78
15
86
-83
85
-44
96
-86
116
-4
-106
15
-43
8
120
-39
-89
92
-97
-51
45
6
75
-62
14
-90
-100
-72
118
-76
80
108
82
-99
-103
-127
-90
83
39
-101
26
-101
-120
14
-77
-66
-117
3
4
21
-39
-7
-23
93
-52
12
7
-107
-5
76
61
-86
-94
97
-50
23
98
-89
102
-79
-35
99
38
93
-65
-2
-126
104
-9
50
-9
-10
-63
116
-95
-80
67
-83
8
83
114
-76
-1
-80
-105
-100
79
126
-61
-128
-69
20
-110
38
2
54
-26
-60
-109
121
54
-48
77
-92
-3
54
-67
-89
17
-31
-86
-1
87
-20
126
-119
-76
-70
-96
101
-7
-57
-59
123
-12
-111
-79
-96
21
28
-100
-84
64
15
114
10
-28
25
70
-6
103
-114
45
18
-58
-105
75
-28
-38
97
109
9
-100
-64
105
-27
-21
-3
50
-115
-15
116
22
6
-87
3
-56
-52
41
32
105
50
53
61
-61
74
-66
-18
-6
7
1
24
68
96
-25
-24
-73
7
62
-95
121
-102
115
-13
-14
-88
-118
115
-25
102
10
49
24
-114
-4
115
-106
-87
43
101
96
124
-67
-28
104
-44
-4
-78
-10
91
105
-106
-90
100
-36
31
82
90
-68
108
98
-75
100
-65
27
-81
41
118
12
-66
-58
-92
-7
55
-16
31
-85
28
-86
-92
101
-82
-43
82
7
-44
86
68
-87
-107
-123
78
-68
-30
-39
-68
95
114
-65
103
123
-25
86
123
-24
92
-37
-5
-47
-47
-101
117
-109
-105
-100
49
111
-16
-95
20
45
5
17
24
9
-62
-114
-5
15
109
108
-100
111
-40
100
72
-14
-57
-9
116
35
-59
-17
-22
-116
-109
50
-11
-116
-98
89
40
-59
9
75
12
-62
106
126
76
-124
-43
-36
65
72
112
38
-99
-7
12
30
-88
-105
103
80
-122
-22
108
-39
25
117
112
88
19
-19
80
48
60
90
-72
-97
31
-103
12
-44
48
112
-8
4
45
-20
109
-65
-79
-101
-107
74
-79
-91
-74
105
102
-1
-77
-110
-41
73
-2
56
-126
-109
-87
32
-81
112
43
58
119
7
112
-49
4
55
67
-10
-7
-84
-63
102
-114
-70
87
-49
82
-37
76
62
25
63
55
72
90
-120
48
76
55
-18
-114
-113
115
-49
11
38
-5
-28
9
59
118
-68
3
-48
109
17
2
-23
82
114
81
-91
-25
-122
5
45
-11
-92
30
62
93
-78
51
-114
-25
-110
35
113
47
42
-96
89
-47
-10
-108
112
-24
-40
81
-13
-9
-10
-97
34
-117
5305 247
2407 385
3068 1458
5687 4011
4443 3991
3619 2297
506 1711
3934 474
5102 1007
4709 2038
2073 2984
5566 5808
4696 834
3566 574
3075 5302
4737 521
4881 385
541 1690
189 1767
601 3377
1152 786
4932 131
1679 4834
4346 2823
153 118
1515 3261
5550 2316
2754 5615
4421 1713
5308 5823
545 1007
375 4123
4389 4953
1030 3716
1783 2056
5153 1015
5693 4582
3678 2322
5276 4812
1399 4798
3930 4630
5322 5284
1238 927
2638 5610
2940 562
4871 3491
1251 1836
3267 4091
1073 1243
1620 995
1442 4472
5958 2672
1314 710
3155 1245
4200 2789
897 3026
3751 2243
3895 2706
2024 5788
663 4667
2199 838
4263 985
5576 3835
1933 4903
2680 4556
3352 924
895 4803
1993 2639
1396 1528
233 1329
5373 824
2704 512
2190 4845
4257 4577
1307 5173
49 261
794 3419
625 345
227 5590
4445 2089
2889 4171
979 3235
4964 5195
852 3837
258 1733
2532 5726
1332 3308
473 555
746 5586
758 4953
2966 369
1217 5007
3353 1463
2411 3300
2592 3510
734 2907
2472 5543
2158 216
4789 5988
2595 3594
3738 5303
3558 863
253 4245
3158 4248
2858 3760
5330 2022
1082 1570
5727 5410
2004 4074
70 592
4574 1810
3372 201
1585 4021
4770 4361
3298 923
5388 3351
4495 2854
5750 4656
4315 2767
3332 640
344 1035
2105 4773
3183 4034
4534 5987
5169 4425
3639 4438
5446 246
4530 247
4249 5795
790 2605
3450 2789
1803 1562
4583 9
658 1511
2133 3501
5137 3790
4133 4944
2738 1901
2423 4734
1638 908
3289 3476
4067 3805
4882 146
4380 2164
5745 4650
5581 5347
5638 2235
4028 3016
1819 316
4056 2844
1696 1161
4836 1137
4984 2429
1596 2930
3919 5897
5261 5022
865 3198
2097 4169
4161 5639
427 2753
709 2143
4979 1428
1328 1333
2100 2751
296 3052
4891 4359
5915 1324
2742 1896
5903 413
1664 1303
2236 185
1356 1443
5150 4989
4906 4079
2453 3575
50 5906
2918 131
2952 355
1814 527
4575 4671
2796 5478
5533 1715
5585 346
262 5791
2740 1658
188 2761
2435 3823
3610 3470
2980 5155
1477 3612
2009 1257
3990 3974
1555 4151
150 4169
2930 3093
333 3102
751 1182
1628 2466
5897 2836
4149 2562
4013 3532
4982 1037
1541 2755
1937 5249
2122 617
3494 1428
2144 1991
5300 1122
5744 5902
4248 1697
4626 4136
3775 1273
3811 588
1736 5017
339 2982
3391 2175
1362 3087
2542 5291
2678 1140
5609 2445
3537 3071
5807 810
1295 1833
3527 5073
5598 3458
4231 2482
5359 5932
3837 5174
3810 5093
4942 3038
294 4178
2187 2933
1083 4286
939 1333
1673 329
1734 4462
1517 4498
1921 1202
3769 977
1085 3535
116 2230
360 3006
2502 962
3218 2628
3968 2666
3752 5080
510 5242
2767 5960
5512 187
4625 160
2983 176
1634 5194
2112 2328
3235 4175
690 3293
5044 381
3367 4459
2712 3459
5187 1059
2766 3366
5498 5917
2939 1947
3148 357
5426 5430
2476 3262
5974 5472
3031 3497
796 84
341 3195
4598 2630
5441 5502
5334 1366
3722 1868
3072 5739
2862 570
1025 1711
4362 4470
1182 1550
1422 5580
5873 154
4819 1648
4208 2068
1730 3973
3758 2132
947 1450
381 793
2332 9
155 2727
4034 2682
400 4922
4392 2228
534 2519
3258 3392
4394 4330
5992 972
3830 2884
2886 1045
992 5790
1530 4338
747 656
4648 394
4479 4953
14 3150
4713 4423
2145 2095
5176 1608
4194 3123
2241 1014
3049 4101
2682 512
1480 1550
518 232
577 1787
2572 2849
443 3355
1571 130
413 2615
5983 2822
2626 2329
5189 82
1826 3304
414 5094
2329 5406
4949 163
969 138
1686 3194
5042 441
1859 1352
4517 1174
562 5482
3567 1351
1893 2523
3647 5336
3493 4300
1302 2157
166 451
2387 1632
2127 3517
3490 1352
3843 1554
2490 4532
3144 2334
3413 3979
3333 3150
3192 1333
2201 1141
717 2720
5035 3290
1938 3239
2669 2101
325 4848
3633 1894
5944 1494
3043 4436
2296 982
1786 2925
3355 2776
4657 4910
3466 3645
4023 2892
2373 1354
989 2915
4759 322
4905 2891
4052 3000
3933 3014
1059 1721
3543 2210
326 4040
1150 2003
4256 2282
5793 4929
1470 4329
683 3734
2549 1692
5375 1466
2264 4920
1094 1468
2475 3559
4187 2326
640 2840
423 5146
2291 3657
2270 3244
178 369
5642 5200
4212 157
3929 4590
3491 5294
4328 4475
3592 3771
3121 4708
4462 4619
2800 5818
2928 776
3198 3229
2778 5863
5244 5988
4735 1176
813 1057
401 4245
1067 4329
2822 1321
4471 2361
2695 4353
1742 1243
3901 1516
138 4907
2990 2598
5878 5844
3217 5348
4466 2143
34 59
1170 3499
787 3066
4160 2656
3510 723
2272 5523
2560 2177
145 4572
738 4381
2413 2520
1862 5722
3760 4818
631 2214
1551 2696
1678 753
336 3162
2797 1755
1260 2188
808 5918
2994 3773
2132 1430
5990 420
2864 962
4708 5191
1829 2948
4291 4947
5656 5549
1916 804
732 3695
3328 511
2044 1359
5683 4457
3363 600
4912 3984
5977 5452
2056 1586
3725 990
2125 4784
2101 4969
1666 5232
4316 1127
5346 5427
4089 3451
5768 1852
3748 3271
5534 1072
5847 5092
5634 5006
1215 2293
5739 3470
3102 1832
1961 2080
2060 307
3284 1124
5417 2208
1004 112
4875 1184
1605 4457
1055 4130
3089 5867
875 466
5918 5126
2761 1559
4054 4769
5413 2141
5352 5696
4992 3005
1758 4595
3980 1968
3824 628
3348 2847
1434 962
2083 1032
1448 5320
5269 1553
2183 1828
5943 224
5703 3632
2197 1641
5857 1403
2124 5199
3936 4391
5440 1365
5148 2037
4332 784
1243 4437
3924 231
715 4546
3181 5111
5083 2667
5802 5570
1617 1662
314 4535
4516 4851
5953 134
2216 1935
2382 2500
1903 4823
2537 2624
5820 5275
1927 2539
3999 179
5232 1637
2970 4079
2524 3808
3997 2336
1892 2651
3816 4589
1371 151
250 2153
5105 2855
1426 5279
4569 3960
2268 447
347 3322
5225 3918
2951 5467
3848 3149
5954 4602
2956 1565
3898 1102
1922 4172
1861 4966
2422 5714
3797 571
1603 1752
2621 5586
2998 2221
3325 5740
1435 5321
2605 2498
1698 2414
1926 2591
3397 5765
3247 1232
3139 3668
3798 899
4652 3253
713 147
5783 302
2525 3536
4010 73
2724 5700
5333 4334
1860 239
4691 4019
5037 1776
5401 4792
218 4118
5618 2558
1722 3459
1985 3978
1621 1478
4682 3361
1097 2765
1741 4381
4700 4869
809 4617
1110 2037
5316 3305
1694 834
1173 240
986 3707
4364 2131
5643 5234
3249 5159
470 3746
1644 1224
4403 229
3961 3221
2760 3762
1636 3593
2544 3835
4971 3720
3613 2277
3370 1153
3774 5791
2690 2368
4037 1871
661 3659
1650 3047
597 308
5119 2440
5424 1683
2424 5197
3675 784
3136 4570
2779 635
3271 3239
3784 3539
5367 4422
4019 497
1486 759
4613 5
5725 5565
3422 3719
4109 208
5628 769
5104 3431
4767 2890
4367 3313
608 932
1737 4455
3888 4958
1568 58
5141 4317
971 4195
2913 5210
3626 5023
3958 4017
93 4941
141 1104
584 456
5274 4892
2137 2447
3454 194
366 3652
2222 3475
4464 5720
3883 210
4298 1929
664 3163
5437 1232
4108 5968
4448 2447
1631 2547
397 1754
5846 3544
3304 3739
1485 596
1038 3134
2180 3204
1189 2523
5651 2348
3576 2350
5038 677
2426 1276
208 1801
1489 2801
3514 1831
5558 64
5168 847
3954 4989
1579 4131
2007 1908
1062 1604
1932 217
1949 1968
1181 5286
2415 3519
5617 4147
4326 522
1419 603
4784 585
4033 1690
5230 3427
4296 2710
3179 3912
2398 4776
4141 2752
4381 4596
5082 5942
3512 2186
4282 3382
1394 1727
2154 4750
5976 2450
5290 3227
3046 5364
4204 3408
2759 1561
5869 2522
4088 1879
5625 4329
3467 1755
4796 2627
5825 5364
3262 2628
5929 4437
3727 3386
905 1195
626 5563
2349 4375
5479 1904
3206 3414
346 1548
3855 801
2276 1843
3910 2312
4310 5852
2536 285
576 340
916 2728
2898 4183
4140 3440
221 2696
4055 2240
2400 305
1377 1640
2671 5098
2008 139
3251 1525
249 1577
5299 4103
167 5468
3279 4267
433 151
2483 1076
639 2657
2780 119
1224 1576
3211 246
5779 244
3602 487
2171 4177
230 4433
5268 3770
1801 3393
3147 301
3847 2410
2962 1261
1531 3441
37 1250
3692 2676
754 3411
900 448
3471 4242
3978 3517
4271 3694
3221 1279
5345 4423
3508 345
4689 1795
2747 1953
2497 2084
3274 2601
4039 5870
5664 2314
5859 2142
1179 4483
619 917
4848 3268
323 100
3224 1053
522 4850
3387 4818
3475 5860
4063 756
438 2325
676 2752
1597 4372
1756 2408
39 5923
2936 853
930 5206
3717 4154
501 5795
3541 5776
5841 3230
2660 1918
854 3051
4253 3062
2861 444
5458 5112
4359 5510
348 1326
1830 5231
1286 452
5531 5955
2826 1955
3151 4967
5864 407
5010 4373
5681 5648
4839 2300
3331 2295
4835 3329
4679 5658
3994 1032
5521 961
3434 812
2203 845
5660 4922
2384 5996
3931 3407
2477 5893
3106 196
2412 1317
1890 689
3079 5601
5753 3010
4955 4428
5336 4428
4238 2099
4096 5629
2892 4331
2495 528
3873 239
4956 4531
4446 5797
5882 2223
833 5905
315 5110
4192 5349
4062 1910
3188 4545
5645 4139
1186 310
735 3991
1633 1219
924 2768
1833 2775
755 1575
1492 3862
1978 887
1512 4151
5055 2213
987 229
3731 2757
3426 334
4100 2805
2473 883
1971 1701
5933 5278
4563 5325
2372 3787
4044 2968
425 5523
1701 2485
378 1420
5340 4337
8 4656
3674 3329
3709 223
4493 3737
1191 1880
4685 30
3317 435
2215 5714
3437 4309
1036 428
109 5131
5190 3838
3115 3311
2651 4203
2469 130
292 1304
1137 202
1542 4869
71 5326
2351 1135
2050 3495
4205 4350
890 2069
3342 3732
33 2205
441 1256
3942 4890
5477 5637
5125 120
5818 1246
858 1330
1988 2810
4305 3665
1609 5242
406 4274
5123 3917
5567 2297
1539 3189
4669 2593
5049 1086
5160 4889
1496 4861
1615 5972
5228 3255
5722 4449
1200 3572
2420 4165
4180 4376
3645 4452
5374 205
1821 3327
5309 3407
2383 3430
5926 822
5079 533
1999 73
4726 2912
3766 4762
4371 2688
4568 5278
3679 139
5488 3476
5886 3153
1049 3912
5898 3705
4884 4712
4189 3864
3223 1065
4757 5987
3295 4331
1340 5892
559 824
5601 4159
4171 4427
2406 4182
432 3828
749 5962
4151 1881
3004 2467
1760 5400
966 1495
4434 4270
3637 5788
4560 4917
4017 649
3665 2772
702 4934
5182 77
5529 866
4057 1802
4639 3418
2972 693
5981 610
1733 2771
5486 3501
2499 3204
5117 5002
4556 4419
125 5694
2211 3430
2553 764
3996 1715
483 1374
3587 4510
3386 5986
5491 4844
4898 5002
583 4158
945 3023
2877 173
2336 2548
328 304
2248 3673
2015 5914
4637 5378
4993 2394
2507 2071
5626 864
4505 3791
3175 2815
1232 3505
244 770
120 2784
1845 3435
1057 4794
3884 5145
4127 1484
5172 1998
610 359
2555 5248
1187 5455
2474 1953
767 235
224 4580
2280 2088
5571 3696
376 1007
4243 4195
2391 514
5655 2914
2186 531
528 4280
5063 1231
5921 826
3093 159
2620 3345
1372 3565
101 698
3580 4179
1755 1711
3017 4667
20 574
1160 4126
9 5425
2213 1458
4736 791
3955 1864
3719 3938
4045 4664
5553 399
4576 4324
5103 4764
2814 1645
2601 4025
5065 4152
108 1635
1979 2640
3066 5549
2684 2599
495 1759
5351 5018
3655 173
2654 4402
278 1120
2806 2286
2668 1595
2965 1149
5006 5236
698 5272
4393 418
5473 1113
3302 3456
2113 3415
16 4173
2417 2505
3611 4011
5195 219
3021 1602
3484 1779
4102 2528
777 4812
4487 4860
911 3551
622 4137
2844 5393
696 3099
4024 4349
3346 4903
5998 45
585 288
1161 3358
3184 4341
3214 2640
4899 1939
5422 4425
5214 5861
3926 410
2263 5338
5737 3329
2589 3463
5796 2794
5107 1143
5064 327
4586 3119
2005 5999
4030 3255
1258 937
3417 5552
4975 1393
437 13
1720 4840
451 889
3960 5697
1423 448
3807 2672
3186 5297
64 3671
2325 2533
5605 5116
2506 5774
3463 802
2771 5574
5210 851
960 4782
5138 4772
1900 4382
2648 486
4286 2300
1144 1593
5303 5237
3897 4584
4939 884
1418 2143
1213 4124
3036 5423
993 5596
434 2210
1276 678
4234 1034
4888 4633
4209 1575
4941 2845
3163 641
2734 4515
3806 3863
4619 4922
302 618
365 2347
201 5410
3590 415
2217 4428
496 670
281 2551
2606 3529
2179 4323
447 4723
5940 3962
1192 3783
5786 4779
836 3045
3983 2667
4112 1225
3299 4191
5694 3100
3974 5078
5022 5040
4467 1510
1478 1366
4923 4608
2640 2891
2728 1602
4825 4608
2790 5097
2775 1954
520 402
2246 5715
3971 3243
752 5339
5790 5899
3970 2588
509 5089
1289 4117
4786 5997
1964 2219
3483 5588
3720 504
4350 479
461 2075
4627 4413
2185 2028
3269 1384
3904 1310
3893 2450
2915 4769
3091 2011
5165 1494
4078 2795
5289 4621
2107 297
3852 4463
2467 1559
5199 759
5856 2675
4289 2716
1120 5201
4155 1812
1600 5537
1338 4275
1135 2012
5200 193
5145 4247
382 2292
5233 127
4889 1780
565 1273
4582 3773
4686 1626
4430 2256
4581 4754
1405 1197
5770 3146
65 1129
1726 1942
2554 404
2616 1680
4766 4733
5800 4122
3389 2279
2481 1373
2402 3932
3785 958
2705 4174
331 792
564 5690
498 1115
5087 3853
226 4191
2457 4934
5532 232
137 4041
5097 3534
4728 462
2655 2517
198 2527
4592 5514
4540 2896
5368 563
1210 3161
5077 1891
907 173
3306 165
481 5517
3808 5383
2528 958
4322 3382
2494 5848
3260 1214
4150 1871
102 3482
4304 2708
2906 3078
4821 1345
2666 2302
3283 1263
844 547
2512 1207
216 3311
3918 685
2288 5546
1211 4473
3817 1063
2253 3341
4311 5397
2751 3016
2831 158
3648 1275
4207 666
3956 4260
5478 1102
3571 3823
4068 535
2614 2302
802 3728
1550 222
580 2038
3180 4377
3984 566
4431 3220
4722 4887
3805 1768
5487 5775
5671 4643
3732 1275
1429 4771
2590 5301
4946 3481
4645 5278
5111 1618
2395 1151
122 5866
3464 730
2462 3290
4703 51
3469 477
5594 4561
4855 3057
3783 2828
1447 3853
2261 2244
5849 2644
1035 5155
5561 3986
4077 3212
5238 1699
5836 4698
799 2665
638 5843
4385 2905
3803 633
1414 2317
1203 2052
941 1778
677 5519
5674 1739
917 2120
255 4378
3265 599
1293 2055
2551 3594
3063 4357
5349 2816
1994 2500
4827 5668
5919 2194
4499 2835
1878 2993
5026 5381
5874 5972
1930 1545
944 1440
5453 1068
2300 4707
3886 1692
1777 1229
3699 4606
963 5637
5248 4483
1383 1647
614 3800
2631 4961
2785 5975
681 5378
3149 1456
830 3573
1976 1630
3335 1037
2675 1754
2714 5991
880 3487
2330 5712
1661 3167
1787 1163
5391 1952
2072 5092
3154 4631
1795 5048
2304 4254
1936 1883
4409 308
4241 5464
3988 5928
3902 3920
3773 4368
2829 2138
5659 899
2770 1005
3634 3243
1439 3551
1239 232
933 3122
3935 3673
1576 745
415 4113
4896 4224
4412 4712
2598 4153
4947 1808
2933 2257
5416 2676
4677 4481
266 671
5472 2736
2996 4874
2973 1842
1482 4780
194 2438
5482 753
651 3791
2338 4360
5776 974
2146 2094
3500 5711
1849 5622
4122 358
3385 5767
3599 2798
2136 1468
5781 2891
416 5773
838 2434
5997 3986
5928 2287
5716 3959
5629 4822
2207 91
4695 3067
5646 4221
5036 3098
548 3944
797 3972
1844 1493
5499 967
2999 51
2104 1616
4907 5755
2899 3307
2227 508
2173 2661
4453 1275
3376 5319
2914 4014
750 764
5272 5017
1942 248
3552 3112
1045 720
2513 2177
3042 5310
1369 390
324 5069
4961 4781
5604 4245
5734 2609
4644 5089
1337 499
644 4454
5962 5808
3275 3134
2267 3081
2262 5342
4454 3532
5464 5761
3067 4222
4230 5222
4307 3226
5973 5736
4259 2534
901 1587
5960 2871
3887 2736
4739 1271
1204 2198
4824 806
3921 3495
2388 1653
25 4354
1058 4297
2317 5525
2018 4317
1963 3618
3402 5014
2293 1962
1409 1105
5774 4843
3270 3617
4699 5537
2646 476
2510 2750
1705 3000
589 1054
1723 4294
4950 4007
5357 2033
4630 604
5155 2081
168 463
1234 3315
5262 3347
1467 5387
3981 2715
3572 1248
2588 4419
3787 1346
89 4497
1071 4723
3513 5078
2178 3907
322 4803
4867 4163
4606 670
5173 4549
4481 2099
845 3403
5784 283
3496 2809
704 5916
2807 5843
3658 4869
1852 1868
861 4914
2520 5213
4994 5078
1727 243
5801 1680
3754 2516
4823 2410
2923 4579
2054 1544
2209 111
4761 4059
5136 5204
3551 5728
913 4405
1305 4694
3379 2863
2214 3815
5870 5680
3108 4589
3713 3219
671 2062
1511 259
959 2366
1572 1008
837 2118
1348 4398
4585 2958
4001 5855
2077 4837
2375 4885
1026 408
1811 2580
3596 4104
806 544
2917 1813
991 2134
1050 2156
5559 1693
2218 53
2730 3938
164 5551
1563 5577
86 5574
2919 2550
871 1725
3890 5740
63 10
4755 1682
280 2517
1412 2118
2451 925
2168 421
1406 1896
2087 4959
784 4546
2452 4295
2556 2052
1659 2960
5354 175
909 3358
4974 4976
685 4711
4173 1473
4203 4854
2773 950
3022 1637
2872 4410
1278 5758
2430 600
5221 899
2794 290
5718 5004
2891 1455
1080 742
4422 1599
3259 1142
4460 5592
805 2609
1257 154
2732 5069
669 1972
5513 115
5902 2365
3595 2250
5582 259
5113 1832
874 4266
3499 4439
1885 2020
5766 2048
2986 268
2116 5040
3236 3047
2776 1575
4631 428
4125 4553
2869 2516
4864 5640
4425 5174
1212 373
356 982
4498 2604
4650 2251
4190 530
2111 588
789 1544
2540 3098
3812 2306
818 826
595 3441
2717 5627
1856 5884
5596 934
1817 5470
720 3445
2569 1455
5702 209
4156 5690
3326 4983
157 2378
1075 1641
193 2634
359 5398
59 1566
1250 2885
3226 3659
2298 1871
1010 5098
3845 284
3747 1707
4199 2166
5206 788
126 3529
5014 2275
1791 4040
2028 2443
2237 2625
301 2958
3382 4197
5493 1359
2088 5673
4833 3110
2192 675
1837 184
2071 3906
3716 4058
4870 3728
3891 1691
2729 144
1595 3516
4084 4818
1799 2380
618 1037
5686 5338
2649 5736
5325 1697
3548 1475
265 3676
2809 3112
4688 5259
1464 4302
763 5398
4198 3230
5714 3858
3979 4375
4587 3948
4262 5640
3660 2863
4391 1101
2109 2206
3293 1347
229 4106
4917 5821
1196 4840
3427 2764
385 2878
3020 3670
5201 1529
3927 3393
4769 5450
3457 4280
957 5000
1552 3695
2634 4831
902 3076
2278 3117
1957 1968
5623 1063
2694 2162
4269 3384
319 1654
4134 3663
1941 4692
2376 5332
429 5394
3239 2140
968 2912
5008 3839
1089 2591
3723 5917
2618 1642
2425 1689
355 739
4814 687
3871 1008
2622 3086
2723 395
4457 4504
1608 3100
5256 2813
2882 1969
2500 1622
3562 1047
479 1236
5804 1344
5407 4130
682 4528
1233 2242
2389 1298
1774 2001
493 1497
2984 604
5419 2020
4643 1567
1428 1490
5134 849
5723 282
1648 5832
4226 5608
5490 4621
1769 5018
606 3393
103 4596
3892 2150
4750 2702
547 1588
231 517
5414 2086
2134 1021
5700 5130
2575 3229
1675 1145
4390 4663
3667 1060
242 2521
4012 4718
1158 863
4223 421
4360 197
2019 772
1843 1124
3696 5665
2531 4558
649 2696
2172 5376
5403 5428
1753 643
4080 4220
2159 4877
5769 4959
4778 1751
1229 2189
5912 740
3478 3169
1180 550
130 2231
5607 179
5975 2839
3662 3401
3168 3208
3771 4633
3681 374
2636 4667
4193 4196
3756 4478
4491 270
2070 140
4195 1359
5945 4515
337 3431
2408 4411
3440 5669
578 3425
3208 5709
3250 5250
228 4522
5075 3408
2652 2356
4290 1061
5418 3161
2577 570
380 1647
2839 5480
4758 2353
4097 3869
593 927
424 5135
4191 2518
1738 4681
1249 5484
3737 5306
4536 1146
3122 5218
1950 5627
2252 2205
1635 5547
1554 2000
2492 115
4377 5809
2254 2547
2969 615
1454 783
5765 1336
5936 3032
906 3804
5013 3203
2870 4712
5275 2988
736 4079
5132 74
5775 2721
5690 3492
558 2718
3456 530
2065 1015
2010 981
4649 995
2150 3018
5877 4131
3776 5365
641 2487
77 3911
5405 5131
1958 4266
1854 3053
3728 5135
795 705
5302 1287
2656 3739
4618 4351
5875 3421
4901 1879
5600 4429
4164 2063
4178 1889
4170 3575
3096 643
4206 330
456 1680
757 4525
3607 1649
3234 3702
3875 4219
5194 3409
5666 3791
1953 2535
1002 3311
1690 1518
4214 2578
4066 4741
3878 4529
133 703
2438 1476
1663 3605
1544 5777
4166 1970
2284 5457
2683 602
83 3794
298 2873
1104 1401
1155 4482
1502 554
4663 5880
3712 4478
4280 5794
293 2243
1536 215
2208 2331
5538 1812
4188 4773
389 1321
1625 2348
3354 3455
4916 662
2496 3676
723 5922
30 935
1888 3802
1113 4158
4283 4221
2576 769
3278 2302
269 3009
3329 5941
1287 5573
1882 4363
2516 1809
3399 4121
4554 1018
5726 2157
724 4218
820 5705
1652 1433
1483 3987
256 2167
4268 5525
3444 4157
1411 1778
3627 508
4842 571
4341 896
2893 4202
2564 5901
3177 3315
5 1775
3452 1450
929 2110
426 2128
5101 4229
4021 4215
40 5377
3589 1498
4073 552
1847 4175
2985 1540
1116 2266
843 4361
4926 2709
4908 1457
449 4277
990 5663
4475 80
3521 596
5682 5814
5224 1360
5792 10
2048 2557
588 4229
128 1716
4331 3327
5721 1986
3242 2442
756 1498
5443 2356
765 2029
4616 2741
4227 5280
1235 3141
1494 2514
2522 1355
2337 546
5175 5842
4152 5430
4527 5986
1024 2049
2489 1321
3825 5900
5142 1834
697 4050
1671 4793
1928 4015
5096 4215
5881 1130
3146 1920
1820 2167
316 1702
5278 3474
305 4987
2416 3900
3767 5989
3609 3368
4665 5398
5778 4116
13 179
2784 815
4816 60
3010 4604
5946 780
1157 3815
4878 5575
4723 2802
160 811
1156 2051
4667 3740
1676 5708
2699 488
3025 1858
1401 1794
1044 2047
2883 2756
5143 3506
2685 1510
5539 1522
1934 2344
4008 1262
948 1712
4388 829
1479 3462
4570 3654
853 1744
859 80
4337 2306
546 4402
3779 399
4611 4110
2752 3704
1649 2061
390 2220
3828 3876
420 4370
4729 1708
3603 3029
257 361
3516 2405
2135 759
3429 5094
4748 5794
5162 1592
211 5301
1744 5704
4219 1707
3261 5001
5131 1561
680 953
2345 1881
1376 367
3222 4459
3502 5888
4277 1306
1789 5920
3056 1242
4632 1750
4293 1424
4933 2202
2832 2194
5435 3104
4094 5988
616 4799
2033 2327
3782 1488
4273 4893
976 1463
4297 519
4805 4372
4064 3369
5376 4210
4602 4251
79 1623
926 1762
914 3850
5502 2615
5815 1969
4383 2550
3628 2721
2568 889
4674 2295
245 4820
3291 1962
701 706
1872 5835
1853 5465
5129 2299
4783 4424
2579 3561
4302 925
3316 2763
1880 1834
1704 5777
4780 2552
1683 1430
4918 5056
1236 68
4718 4712
2290 2126
5471 2458
2279 561
3554 5791
999 1087
1465 4306
1145 3833
3605 920
5398 3710
4105 4376
2929 2903
1503 705
2151 1327
2429 3831
3663 4480
4158 5667
411 553
4276 1240
3832 5831
5394 2828
4546 4558
2339 4240
2092 1280
3820 3549
3290 2720
1322 1528
4358 5460
2226 5970
1674 3515
1562 679
1504 5547
417 2149
2245 1776
1651 332
5854 3998
962 1404
4070 1443
3604 3858
4925 4877
151 2057
5890 1754
1445 458
3327 4374
5072 471
4654 4018
1616 5978
5905 1462
804 4634
4370 2849
2791 4591
5179 3519
1430 4444
1471 2455
1668 3770
78 4902
5524 4800
2604 276
4279 3761
372 5762
4369 4803
1827 5843
3409 22
1549 1754
1773 5011
5888 3107
5254 5259
2802 251
4002 1115
1206 1006
5219 3762
5834 3462
96 4621
3403 2442
3889 3640
5967 3986
5011 5833
2003 3653
1221 3943
1321 1140
206 780
2830 2063
3672 544
1662 3076
469 759
529 2310
308 3715
4046 4542
358 2355
311 5931
5654 1810
3418 1840
5098 967
5327 191
3962 2219
4082 4832
2378 2243
17 3532
4788 560
1072 753
5028 5207
3770 2902
3078 2954
5689 3394
1802 5462
1164 214
700 3157
3973 4754
3207 2360
4590 2057
297 3453
1381 2161
1947 5833
1627 2202
1768 4003
1752 261
5749 4776
3532 2055
1424 4184
5071 4260
5315 5599
84 2633
1962 240
4138 2745
3923 492
1765 5259
4339 1779
4924 5988
5474 1317
4600 636
4672 5789
5620 200
792 2053
3846 1977
2 1384
3911 306
5653 139
2821 3345
5294 2240
304 5996
5033 3550
3624 5023
5264 3074
1469 983
5758 1747
3127 1785
5606 2255
812 940
2545 3707
1770 670
3092 4301
4183 1031
132 5128
320 773
1408 2547
5845 3858
1360 4680
4419 4026
4562 2961
3256 5246
5925 5171
2550 3204
119 1391
3137 4239
480 5166
4596 1462
2698 100
5372 1378
3833 482
3357 4802
1906 1865
4910 3362
5855 5257
2055 4119
519 3703
1970 2348
4022 629
4559 2449
4999 1643
5670 3219
3671 22
2511 3689
5390 4601
3515 5535
1460 2036
4401 4969
5514 3097
3726 1271
3477 76
737 568
3280 4038
4972 1254
642 581
5438 3553
4544 1028
2223 4074
4990 3459
884 2743
3563 3432
1660 4406
847 2308
106 1873
2244 1564
217 1808
1389 5526
3644 1870
1240 2702
5622 4935
3635 3231
4813 1313
5740 446
4960 3928
1575 1931
4478 5580
2661 2548
2900 3083
4954 4604
2436 2358
3084 1310
4670 535
953 1761
503 5004
1373 3503
3141 3632
5593 5931
4449 4079
1990 3185
2657 197
2868 3534
2482 4336
192 3344
1842 3608
1735 254
1205 2716
5116 2440
3448 3953
4136 1199
1359 5198
4651 4538
5947 272
140 807
4548 3906
207 4294
5156 4220
1533 4508
81 1308
1201 4384
1317 3364
234 1535
291 1395
2927 623
5043 1869
491 2561
223 5252
3371 1871
1823 5273
970 409
2847 3761
2131 4437
1237 3003
5821 4407
2624 3915
4492 1611
3582 5429
3381 557
1323 949
4250 2501
5110 1011
4577 5759
1096 2301
4353 2348
300 5809
1366 2340
5040 2739
1818 3539
2509 5298
4551 3268
3482 43
252 4927
2964 2049
454 3443
5051 3064
5861 955
1896 3894
2707 1510
743 5908
3425 1247
862 3670
2343 5982
1965 967
3117 2982
4751 1167
2123 3453
5580 259
1102 5319
3481 3573
5814 1357
5382 1402
5988 523
4671 5706
3404 1724
633 5249
984 5402
2444 5020
330 2753
5216 3392
628 4015
729 2958
3666 477
4856 3823
5789 5412
2749 1540
4130 3601
3844 3077
1000 1330
1400 1436
3791 5445
2057 4174
1923 3730
5386 4793
5185 4059
3625 1312
2641 1898
482 5677
881 5283
235 4629
5112 29
1222 2665
1570 21
1334 2597
2000 1907
5913 3189
2521 5574
1992 5135
5296 1178
2727 4996
1341 1214
5235 5328
2255 5252
3099 2455
5917 1167
144 4531
1828 653
592 2977
1630 4163
4945 1948
688 95
5252 290
111 4749
3664 2488
718 3915
3795 4011
1754 1846
477 1606
899 566
1637 4300
4461 4861
2421 2815
90 515
4953 1443
1112 4444
4477 4764
778 5827
2410 1037
1996 3257
2115 689
142 55
4693 4791
5578 500
3145 5265
3733 1299
5767 5523
2082 2718
1796 2946
2645 1680
1951 4508
5287 1384
1610 4743
5611 3233
3094 3638
2772 5397
1299 2856
247 4356
131 2491
5817 179
1622 980
2102 215
3231 24
543 1815
3591 1973
4020 4542
5570 1199
1068 5284
5717 3801
4242 4480
2711 2405
5838 5495
800 949
2925 2493
5001 2001
3100 4442
5178 668
5146 5280
4847 4368
1642 3200
1593 2903
1459 3015
3909 2017
5985 2902
965 3794
1066 3143
3040 2335
3539 2854
5207 934
3952 4515
4623 5466
2755 5211
5249 5966
725 5715
4962 2229
768 5595
955 5364
1974 2602
4355 3459
4745 3447
848 2359
448 604
3407 1981
5785 3734
4832 1151
5678 4532
5924 5090
4354 673
2954 264
4233 5595
5383 3125
3636 5024
3987 3050
5140 1462
19 2149
2114 2385
1639 4542
2446 2277
829 2143
4512 4235
5993 3123
5589 5501
4287 3714
1280 1441
2386 1343
374 3772
3511 4647
2941 4247
1349 5633
950 3343
5842 18
2967 171
92 5365
3965 1513
4721 3058
4573 5735
4005 286
453 956
4327 2574
1548 3859
1670 3159
2876 4828
827 773
1836 3453
5952 1543
5710 136
107 4061
2445 1840
3052 5806
1060 2346
2504 2659
5652 5791
3015 786
4324 1967
5603 183
5639 3685
4424 3449
4614 5819
4904 4760
4048 4633
5754 94
3255 3544
254 5583
3583 1695
3012 1982
5304 5283
3288 931
3615 3703
2993 444
4379 5281
1519 2157
3087 5310
1329 4435
4132 5062
1147 3489
3928 3920
95 5756
2359 1505
2687 431
2068 5337
1149 179
648 1708
3479 4706
1909 3113
5669 5127
3744 623
2902 2885
1070 4404
4607 1218
1553 5923
404 492
3870 1248
5151 4852
4996 5282
3356 1174
2879 2865
686 5029
3309 4345
3963 5810
2085 1413
771 2823
3014 3617
4211 2478
5788 134
154 4895
2689 3083
2926 5369
5811 714
1176 2781
3718 3369
1357 5193
1665 823
5218 2309
2307 2610
3801 3051
579 3294
113 1611
185 3618
1106 2126
1128 774
5709 1263
630 1714
1395 3439
2039 2871
3953 2736
4580 3006
1393 972
2259 4857
1713 4621
5319 5735
5339 2679
3248 2934
3400 653
4502 4921
5795 3526
4873 1290
2848 1005
3266 5887
3340 219
5025 4777
4433 1468
514 4501
54 3006
4220 4300
2439 4494
5892 1905
4265 1800
1330 2875
4177 1767
1370 5504
1178 177
1343 1977
4237 3813
3007 4550
5318 731
3465 1272
4404 2348
317 268
4126 4137
1954 1274
172 3676
4320 61
440 1146
5053 2841
894 4163
4628 4490
4998 5742
3461 5707
4059 5180
1831 512
1623 3453
708 1763
1475 1902
94 4698
5735 5084
5956 4591
2231 5935
220 5906
1672 1093
2825 2557
5843 2664
856 1266
1291 4314
4567 5273
1476 3982
1007 2099
5959 367
1042 1522
922 2320
3750 5871
4642 3349
1948 2443
1578 55
5258 3519
3730 825
162 4497
2679 4413
4438 351
3688 3124
5503 3159
1813 177
4615 2198
1491 1355
3112 3894
2591 191
4885 3705
4636 2975
1380 4167
363 4840
5955 1798
538 5245
2442 3307
2189 100
5047 5484
1560 801
4656 1778
5719 3561
4333 3041
2529 4416
2750 3334
2867 5713
4595 268
2399 1871
3708 2691
2342 5031
4776 1458
5984 620
5932 691
3650 3857
5094 3431
5421 3838
3105 5411
2081 3519
4880 290
4764 5665
4182 4528
568 2837
1300 3851
4043 4734
1008 352
5016 2843
1093 3455
1745 4254
4081 660
903 857
1588 1905
1165 1358
5234 5577
4497 68
1320 1231
3869 2650
4437 371
5688 2094
4620 2064
357 3858
2693 2043
2895 2880
5711 5705
1216 3598
1375 2686
4815 2356
4175 2162
4552 2855
3780 2935
981 3296
5889 4429
3200 988
1587 646
2266 5968
2824 5106
4352 5732
4087 2479
5496 4944
2885 1681
1969 928
5657 2743
1598 817
855 1361
4018 2401
2971 1039
4363 1545
3786 3839
35 2289
5237 4597
3538 2043
3969 4148
5773 684
5423 3213
2567 44
452 2662
3534 2095
5337 4978
1739 2484
2505 3814
3201 1806
3189 5385
5951 4334
1146 5343
5741 139
5697 2042
1855 4991
1997 4526
5885 5756
205 4638
2164 5662
4846 4415
4752 1543
3835 3967
4940 2269
3002 5840
4929 1809
975 46
4797 5227
4428 3411
760 5227
5093 5086
2459 932
5447 4522
857 3118
5673 2837
4083 2031
4897 112
3119 964
1174 214
2401 4612
958 4711
1917 5396
1053 3940
3005 2138
1839 439
3395 4862
5397 1131
3405 4522
1493 5979
2681 3857
362 4041
4865 1350
2356 4877
399 2944
5851 4340
3676 5661
3171 4935
5360 2165
1252 5454
5746 5009
187 5286
232 2229
4862 1559
3912 521
603 1785
4336 3048
4432 4196
1266 3535
4382 5323
3315 4301
251 1939
5115 4800
3062 299
5860 1065
2881 3358
5371 2302
873 5546
4252 1197
2038 513
4309 2539
196 1385
1074 4285
1728 537
5787 1029
3574 1580
4221 825
2988 4413
1391 5865
5227 5930
5430 1023
4387 204
5862 1121
629 5076
1069 1767
4111 4240
2191 1647
261 1301
4989 1746
4747 4849
2089 2480
1500 5231
3612 1995
2517 500
4817 4706
1273 2051
652 1226
4840 1537
3392 1358
1708 4135
5396 1984
4549 3503
5279 3545
3339 5091
1912 2480
53 4892
2896 2593
1119 5989
4509 823
4510 5602
5507 694
4591 1895
3085 1443
22 2946
3073 1989
4397 4476
3549 2090
5399 617
4091 2374
445 2155
1131 816
4790 3793
1632 811
1451 4435
5361 590
3027 3944
4442 2801
2161 1256
1214 1943
896 5139
537 1190
5949 182
1230 5934
204 5251
199 4016
3383 3790
645 408
2820 3804
4981 3361
2152 2816
1136 2103
1907 4500
4153 156
4876 4804
1822 1986
1438 3788
3749 2287
1505 2321
1935 4047
2783 2206
149 4410
3975 371
4301 1520
5050 956
2582 200
4295 5444
4564 4511
4787 1913
2663 542
1624 1507
3435 1054
570 1254
4526 2251
2175 5797
1271 783
2799 5412
3109 3053
3762 869
4872 840
1043 2257
2084 4533
4308 2801
1325 1245
3796 1891
4357 3369
4216 4245
1452 536
129 1715
422 2091
4658 5537
774 5460
2184 988
1806 4201
2995 2670
5715 4741
3575 552
2977 4061
2989 4106
4851 3069
935 3535
181 3323
200 785
4701 349
1706 2166
5220 1914
239 1883
3623 5434
3872 821
4810 860
5343 3794
1898 2447
4887 637
5803 373
3476 1241
2731 3818
5729 3742
3368 468
1241 3568
2086 5147
2692 4373
4523 2409
4329 4624
2838 4521
4075 4850
5381 5251
3561 3620
1185 1415
3977 3545
5713 3498
2394 494
2873 2911
1702 66
1989 5154
4372 2715
3244 2498
4518 2974
5972 4756
657 4995
3016 2404
3631 2032
5455 5056
4405 1148
1267 3814
2392 1766
1586 4485
1556 2552
4860 3097
186 38
2746 2478
2040 2346
4323 5631
5154 5494
3542 4853
3686 176
2788 1867
4095 1521
3008 3947
3742 2466
1134 826
2247 4041
387 888
822 4664
2286 4724
2470 5518
512 4274
465 418
2320 3263
4036 3906
2976 3245
85 4678
5380 3213
4444 4015
5452 934
3061 675
1810 10
2828 1881
4754 2062
1126 4414
1355 5159
3992 284
4668 1063
4785 2628
2558 5133
5680 2233
2031 4463
3640 1763
863 4366
4892 4236
4169 4065
2106 2075
5743 972
402 2096
4247 1759
2026 4852
1311 2036
2194 1540
3321 4435
3369 3834
1904 1543
1913 554
2167 1606
5265 2419
3470 2709
621 3518
4240 2432
5295 885
2527 1788
3241 1656
3054 5747
3480 2119
3690 1848
497 5525
5619 728
4260 5402
4344 3412
5027 4893
1342 1159
1967 3520
5109 3254
5868 2578
169 80
1142 7
1458 2196
2328 2700
4603 4886
1417 2157
3202 4347
274 2846
3778 4480
5475 4128
2108 4807
1368 1750
5073 5551
3685 391
4948 4808
2583 1353
5054 1564
2361 4599
3273 3597
5730 5314
2793 793
3673 1197
2610 3229
2314 5522
5263 4830
3525 1687
4118 3715
2126 4543
4215 2397
5695 4934
5548 647
1868 3649
2884 3308
4470 5192
4494 1718
3618 2585
2210 3588
636 2566
5876 2853
632 3349
4557 1386
1972 3178
4378 1883
3578 5492
889 5481
2950 3950
1138 773
2295 1413
1699 1785
3586 1977
3157 5329
2581 5208
1924 2029
4935 4009
2141 75
1231 1245
4826 5392
4474 1063
3037 925
2874 1566
2696 2653
5844 660
1526 279
1017 1641
1168 5060
1871 1056
1782 4325
3232 4120
1065 3003
932 1788
2220 4031
2455 3233
2374 370
3458 3528
180 2428
1684 5211
4101 1825
2225 5085
1195 4522
5701 3813
707 2212
1193 1721
3504 1731
2051 3703
2094 5088
5712 3585
1584 4500
2045 2297
1436 1316
1040 2943
4553 753
2487 1268
2488 3570
5777 3903
5243 5519
4773 1122
5906 2195
5742 5184
5805 2702
3941 761
3143 5331
2518 3019
1091 1692
3088 3877
2465 2963
1098 2202
3080 27
3039 1956
5358 3393
2193 4690
1797 2119
2239 617
4519 770
5212 5970
2710 2035
1763 3951
2863 364
100 2360
1687 3536
3693 1139
4561 988
1397 2450
3569 1347
1118 5828
3581 27
5556 5966
5164 3215
1583 1416
5509 4543
4584 4944
3950 4157
2944 927
5030 2260
4334 4486
1141 2035
4270 175
1841 4469
329 3938
5362 2095
4697 3729
1693 3263
4472 2774
4594 4579
3443 345
3799 4061
2461 1117
4629 841
3986 770
2947 1955
4288 4997
1565 2753
5756 3408
5384 4508
904 810
2932 1991
5588 2025
919 4335
673 5759
4895 4921
1387 2924
4469 567
3195 3944
51 5672
5823 3287
3555 1481
1691 3414
114 1931
5024 32
4217 1274
2397 2128
1681 4274
55 2949
867 4181
5205 1905
4707 3729
5313 1107
418 1591
5434 225
2340 3900
3947 5184
1612 4828
1298 3670
523 4535
4690 5408
2632 5999
1382 2602
2846 4601
1172 4306
3292 3446
1455 2432
4098 3193
1569 3706
598 803
1282 3585
5560 2901
1793 156
5236 268
5640 2486
3415 613
3086 868
82 710
706 2978
864 1975
1163 5866
4124 1208
409 2174
1398 513
2943 3840
4850 2854
4224 5826
4765 2273
4774 1824
2871 1108
1559 2501
4027 1657
379 1490
2434 918
5045 1490
5991 4117
1105 2584
5909 2366
3286 4579
2716 5385
5454 1709
779 835
2958 2768
3915 5255
4734 2075
1481 1140
3736 5658
536 2080
2691 327
343 5409
1714 5624
2238 4365
3419 4266
517 886
4285 5402
3503 5342
1223 3629
4638 4791
309 1046
3553 2960
5872 3813
5957 3338
2811 983
195 2659
3492 842
3344 3447
5771 2823
2922 3070
3765 4852
2021 4426
3966 2297
5543 1219
4115 5575
5449 2196
1771 2035
1015 238
1208 5938
170 3227
2273 3643
567 4014
3196 5091
3006 3378
3614 5894
2888 5602
5901 283
2921 4486
2460 5616
5281 3559
5530 4532
3608 3082
587 4473
1874 502
2578 1054
5658 4676
502 5436
5827 260
75 766
284 4820
5922 5192
2792 3788
2795 1437
2508 48
1800 5009
3431 3412
4741 5808
4103 1688
4604 312
5267 5080
1655 3361
2960 3277
2250 21
4928 5649
2961 1497
3131 1604
5240 679
4818 1611
4969 3550
1254 2782
2099 3606
3013 527
1274 419
615 2006
2786 476
4485 179
2924 3920
2974 4415
2121 934
5535 5120
1421 1219
5757 3682
99 3003
4123 2979
5046 1246
2206 4436
4318 5124
4822 2741
4730 2052
4772 4117
430 3616
781 4753
3474 1153
824 2369
4661 1061
3677 5615
2937 5545
5822 3724
2414 306
492 2271
279 3505
1190 1601
666 3982
705 3216
5213 289
148 2949
2312 2260
243 5463
444 1626
5828 4531
5830 271
3069 240
3153 918
1335 1767
2981 3281
373 1757
1521 3920
110 5546
263 759
2860 1574
908 5250
5555 4418
4965 4863
1886 5481
2224 139
775 4374
1292 4402
2534 3350
5092 1048
1125 1524
1940 2718
5931 1077
5108 4900
4229 4798
549 885
4930 5848
3441 710
3564 190
3159 4488
5522 5627
2647 3522
5084 2904
238 5184
2931 2875
1919 1385
1908 4319
727 5052
340 3851
839 1220
4837 4213
3597 711
5456 4742
5062 4456
3380 5342
4529 2043
2437 4376
3082 4922
4588 5203
190 662
2037 4345
1884 2228
4040 4274
4806 2440
5615 4698
4858 3768
2686 4922
1109 3804
5948 3985
2571 1816
4782 5085
5389 3506
3366 3669
264 533
2287 954
5942 4900
5031 5707
5242 2078
2366 1177
1955 2221
3152 184
5893 2625
3917 550
5193 4849
4800 4958
4503 3682
876 1804
4121 3468
1227 893
4852 3161
5311 4944
4349 4698
2149 3509
4343 943
3856 3851
2242 5135
5204 5436
2053 3937
478 1378
3862 3790
2963 4417
4995 4086
1864 2721
4168 5284
5321 4903
931 5648
5009 3412
3142 5081
5365 793
2677 886
5732 5707
5900 2147
499 1392
5480 1127
183 3630
67 342
1361 4838
3176 2302
3081 2837
3573 1614
332 1506
4402 4890
1566 5402
1966 5806
2200 4843
604 1915
927 3090
2447 5813
467 1641
1712 5635
2719 4869
3519 627
4413 5223
1388 3486
4319 1379
4076 3959
1640 2763
2611 2501
1537 3213
4488 3396
4451 371
405 2602
236 4792
4197 815
5183 1294
2030 4053
3560 2946
4513 2982
3657 5259
2866 582
609 3032
1574 5139
1468 4386
4239 4911
5350 4014
1960 2587
2625 2277
1352 225
407 5760
5017 695
2061 2552
764 2074
5387 175
4490 3123
3345 653
353 866
104 1166
1319 146
1952 5552
1858 1748
2758 3442
2347 4345
4051 3436
4145 431
4507 72
4006 1111
1041 1894
4496 1534
2735 3228
646 1514
5409 1095
2294 161
2258 1545
5066 3680
2897 2219
3129 4610
3972 1350
4368 2196
27 731
203 1594
3913 2458
998 946
3651 4501
62 1268
1654 575
2841 5174
1114 4902
2813 3124
2653 2812
3823 4609
2991 5284
1866 1805
2212 655
2586 350
2443 1870
1815 2942
1255 5772
2277 5635
569 2140
124 2840
5904 3729
4011 2292
5217 2297
3781 4966
1592 4232
4104 4538
5708 973
4640 5166
2170 835
4957 4356
1825 2160
1959 3044
2041 1143
4830 5794
5887 3734
3134 4000
2064 2080
2319 2818
3506 5782
352 5965
270 4411
4261 1877
2855 225
2282 1159
571 1031
4255 2169
4090 5707
5547 1123
1794 4744
3868 2369
1441 3414
4959 2367
4482 2875
4093 4129
2818 1259
31 2195
2851 1415
4997 5184
1473 1198
4781 5969
21 1499
4687 2629
2157 4977
5481 2058
176 1697
3579 3526
3584 1001
5285 5130
1685 2612
4609 4146
3287 575
2177 1183
3991 4922
4853 4218
3621 5273
4345 4714
1416 1680
3488 459
4877 1353
5610 1784
2777 3819
350 4890
5124 1461
471 1911
3867 5813
2326 4711
3793 2043
121 3907
936 2471
3204 3616
5699 692
2805 2753
4802 923
4384 3460
2240 3617
1462 5039
4321 5363
5467 3473
3310 175
4356 134
3661 1285
3951 741
1437 5612
656 3311
3388 459
2309 5667
4465 4927
5280 2079
2043 563
5078 1790
2570 1711
3197 5270
513 5497
5590 535
1834 1263
4476 11
4535 3173
3818 5385
5133 4545
1669 4531
2713 934
29 1881
4376 4029
5663 3853
811 5459
4313 4365
4365 2642
2360 1218
4480 4601
91 2390
272 47
4869 4489
4991 4009
3746 435
2281 3764
5406 2908
3632 2774
791 287
2484 3051
5813 4715
2526 934
5144 3790
5752 3220
4347 3753
605 5100
4426 3394
4139 3920
4016 5476
7 4468
3794 5468
1838 3209
388 695
5835 786
637 4533
4244 3050
4866 807
174 2204
870 3851
1351 1778
5222 3313
3130 2353
1027 5338
574 1092
5648 5460
3939 4427
5650 2318
3097 4225
667 4441
2433 5583
2011 1432
1122 2493
4167 24
4678 2331
627 2409
4985 5920
3698 3617
943 825
978 4958
4807 396
5469 4958
136 1688
1602 5978
2129 2753
679 2235
2110 1507
5608 5791
4486 3378
3350 934
1061 338
2067 3233
2982 3029
3524 4874
4418 5058
5989 2547
1792 5858
240 1557
1313 527
4396 2128
1384 287
4179 3414
3044 5661
3905 1721
786 2817
5004 1207
3351 5353
4727 1677
3745 3763
5677 4844
1099 2098
5400 4086
4621 1613
4159 3001
1431 1804
3264 3813
556 5326
2519 5251
5632 3535
73 2949
3531 5174
2016 3166
3687 3777
1088 3704
3414 921
2721 535
5832 2744
5099 5223
4335 303
1304 1875
5896 2025
215 202
1781 2285
4236 4725
940 5675
665 4829
462 4692
4092 5114
5574 4566
5023 915
3940 4314
1645 3849
97 5091
3989 3995
2904 4893
1290 1353
995 515
3462 3706
3594 563
928 3792
4811 4038
4545 1139
5762 5186
3140 4537
3077 3377
3308 1879
442 3829
2032 4186
3038 3164
4791 1700
1194 4664
5428 893
5831 386
647 835
1547 3882
435 2662
5121 1130
4934 3721
5039 1472
3252 463
1347 555
3764 3373
4578 5253
2609 5551
3557 582
3468 3649
4738 3840
770 4525
2062 3296
5819 2432
942 408
3653 826
2584 3358
2935 1056
1711 687
2093 3199
1534 4936
4186 1748
4452 4742
4660 5317
1901 1171
5191 2176
5508 4
179 4210
3055 5540
5080 171
2736 457
5459 2700
3937 466
1288 635
810 135
1474 3212
803 3916
4804 599
1798 1219
5982 282
2335 3428
5880 3057
44 2066
3638 3697
1943 2299
952 2894
3740 3364
2901 5056
2808 2658
2875 2715
4041 367
782 5317
1611 3041
5994 5706
3160 5100
275 60
4225 4902
2431 3296
2182 5966
744 4007
1310 1019
1710 3243
2702 5465
5348 4085
3683 5635
1151 5908
3116 3568
659 1461
4031 586
2074 5288
321 3606
850 69
3150 1052
2036 4863
222 3985
997 1100
2763 4756
2080 1456
1047 2079
3446 105
4338 3841
1975 2427
1918 1582
2096 4733
3133 3032
3336 1019
886 5246
5259 4987
5586 289
745 5808
1425 5920
4740 486
5986 4725
1718 4514
3622 739
4348 3459
5937 5147
4119 23
675 5468
551 1253
3944 4844
1573 4566
3076 5631
1766 2403
3185 1403
3113 2827
2946 5978
2843 5515
3408 4172
3225 1001
5184 5118
3057 3257
1707 5899
2130 3009
2202 4976
5839 2662
3303 5809
5707 1982
5525 1022
693 1378
4520 5415
3314 5245
5427 2380
3338 4181
3058 3319
2480 3705
5597 345
3656 4746
2230 2346
985 459
158 719
2907 3629
3800 3375
817 5816
3938 2903
5705 5192
1746 2299
4675 5591
5563 4879
5139 921
5799 3240
591 5363
5871 171
2299 1692
66 5250
672 3880
4500 1857
2269 5436
3857 4511
1677 214
2369 6000
2119 4254
5284 748
2630 4184
143 5451
3430 3565
893 4468
1991 1545
525 5081
4085 3032
4058 4407
464 4624
2322 2816
1336 5450
288 2718
3095 5633
4163 2143
5545 421
5091 1891
2908 1490
2229 2091
5463 4676
5020 2602
2449 2587
2471 1646
814 285
5979 4114
2076 4218
1095 2617
1350 5408
4483 5635
3710 4922
2643 5624
5476 3932
3453 5763
3759 4294
1005 2819
1209 3098
4032 5591
4763 722
1772 3378
5584 3118
1629 1658
455 3753
885 1498
5408 5114
2585 5379
5679 3518
4042 2945
4732 860
5273 4593
2743 5297
887 1432
5088 1581
371 182
3277 283
485 3700
5331 5291
5665 3849
5494 1246
2265 4936
466 4447
2903 1920
3497 4539
2221 4883
5404 4506
3982 742
3700 5549
5971 5090
1867 4857
5353 5554
4854 4281
1444 3741
5462 5761
4915 722
2703 4228
4455 3914
982 5231
4120 1532
2249 3090
532 3646
3829 1284
3545 1968
5806 3018
1456 5891
4801 1386
2603 2623
1301 3802
1063 2787
2987 5927
147 1013
1995 4762
5018 1902
4202 393
539 4408
5782 1133
5412 1899
2063 689
24 823
1604 4684
2234 1166
484 4834
2323 4617
3729 3789
69 4777
1808 12
5964 1127
5292 3826
3906 2938
4976 557
5662 521
3124 5019
1364 2948
5460 1594
4325 184
5341 5056
3104 351
4508 5895
1032 2835
5377 2138
5858 5180
5166 5969
1246 4222
2530 1130
1162 5941
3045 2765
3570 1876
2812 5676
3169 4232
2486 4416
1759 3489
3001 5526
3568 2466
3439 4174
1721 4641
4558 3814
1244 1353
474 4228
306 5884
3753 4794
4468 2128
3215 961
3540 1527
2181 1309
4911 3743
1079 5505
2774 1143
5196 3162
2762 3565
910 2364
1606 3815
15 1788
3125 3522
2744 1984
3813 1127
4820 977
475 5698
4725 4711
2565 1450
3922 4029
3831 134
403 2091
5395 5392
1920 3705
5668 4232
5616 5863
3826 4920
277 3838
43 4610
1522 3850
335 5246
5614 1262
3815 4951
4157 1463
4458 860
2479 1667
860 2466
524 4798
815 1945
1601 2450
3556 318
872 4968
1557 2709
1275 5379
1561 5059
5170 4538
3908 3735
4808 2354
5995 4294
2049 4106
1682 3436
4921 3050
5649 2419
4065 5239
3948 2468
1031 766
2725 5202
3668 3041
596 2849
3375 4683
4525 1641
5764 2128
1767 173
835 3447
1139 5505
2959 1014
3703 2541
3118 4000
3546 1154
3307 3083
3550 4542
105 2095
773 4000
1809 1296
2155 1021
1944 557
2596 4272
878 1443
1778 4967
2344 5772
5329 4973
1914 5879
1532 1064
4473 3881
5291 1385
2357 5621
1850 977
2602 2580
11 175
3646 4528
2274 5636
2204 2854
2756 739
5546 1263
4980 32
458 1466
1538 3734
4633 436
5127 4958
741 3865
5081 4541
1402 1490
2316 1101
5927 1506
2002 1367
4874 4988
3406 282
4539 1051
5579 4724
5314 834
5411 5704
1345 5159
1925 4061
2143 1984
1166 3577
4731 973
4777 4977
1523 3170
4511 1326
1870 2789
3616 5495
4919 2466
3240 5147
5231 4148
3433 4086
5523 3428
1998 393
3714 3161
5356 1641
4967 3030
643 2341
197 2377
2251 5059
1929 5963
4366 2035
2147 2243
500 2664
5980 4977
2662 2670
988 3861
209 3544
1873 1115
2837 5569
1225 2957
4555 4143
4450 2380
1022 2091
4634 5061
5147 2233
4135 4831
1641 5541
4435 48
660 1461
505 163
2390 490
925 2020
3035 1039
1805 4779
3509 5520
780 3593
184 1463
5260 4601
5366 2920
866 1392
4521 2139
3233 4859
5748 3253
2650 1374
38 3842
1011 4903
5307 3858
5497 1014
3914 1108
5676 4543
1446 722
722 5483
4920 1535
2321 163
3593 2156
171 5370
3123 2894
607 5431
4281 5519
2428 1169
3300 5541
1618 5483
883 3187
4395 2593
5086 602
4184 2025
5171 819
5270 1367
1779 1490
88 3739
3755 5433
4427 3920
5551 1277
3702 3442
5163 611
4612 5186
3257 3164
912 5034
5500 1188
3860 3182
973 152
398 3170
5506 4746
3943 4762
1404 1747
4724 2046
5520 2942
3768 1081
1269 2468
4538 3424
1018 4831
3023 3390
2781 3103
1894 3772
5696 2306
2819 2331
2852 2503
5310 3032
1009 3394
1294 3536
1700 711
2034 1115
3227 4849
4531 260
3305 2557
2992 5485
891 5895
5283 566
2709 1719
3945 246
4775 1869
624 36
2311 5095
728 5000
5306 3423
3360 3535
5833 5052
1508 599
1840 4692
2672 2059
2348 1268
1006 4844
2910 1108
4245 2533
3724 4399
3393 3866
1614 3865
410 1689
2764 5963
3412 1891
623 3050
5667 4641
3680 5495
2075 4258
4532 32
5442 1374
1545 1296
408 3920
3761 1657
3432 2138
5755 3018
1029 2163
5174 3863
3695 560
1378 4977
3103 3739
1524 1577
956 2233
5911 2432
1312 5324
52 4597
3098 225
2597 1432
2938 560
5251 2708
2674 2539
1709 4246
2301 2975
135 3649
446 4047
1100 2768
1656 951
5465 2275
575 2456
4306 5344
5852 3505
4000 4712
5041 4938
2059 710
2014 3630
882 3373
1487 4228
3297 1183
439 531
5032 2637
2047 3101
2733 3019
5208 419
2485 98
1353 2353
3840 4927
3319 4680
5355 2739
1283 563
832 1054
4330 4072
299 1716
1450 972
1084 5759
1646 2664
368 1883
703 3530
5058 5002
4375 4986
5573 5002
459 3455
428 5612
115 851
2720 5068
2012 5015
3320 2169
1078 4903
3707 1846
212 3739
2945 5760
488 5369
3841 3790
1003 2757
2368 5738
3495 2365
2188 2559
4172 1543
3313 4400
5848 4272
721 554
1014 1626
2427 662
3522 2633
1268 650
5527 61
5761 1968
5966 2491
4863 5542
761 4849
28 5122
691 1876
5672 3649
273 3706
2561 3489
395 5907
4361 1358
2514 4463
1689 1107
5431 338
4849 4834
678 1497
2541 1392
5286 10
5157 1680
1309 80
994 4794
2543 2013
668 762
1259 386
5445 2739
3866 2022
2563 3337
1527 1715
726 2456
1748 2353
2566 1945
5257 1643
3565 5996
977 1253
12 1889
759 5501
4857 3187
654 2627
4275 689
1318 1461
5865 1207
5637 2787
3763 4222
3451 2580
4142 3011
2017 5692
1046 3836
4146 2850
4809 3030
5824 5969
1848 2834
4798 712
3230 5069
4274 1346
5829 2836
1987 4922
1816 2753
4342 2353
3985 2715
4927 5961
4144 2232
5282 974
5192 313
2432 554
1911 4131
173 5342
635 1037
1528 2006
3704 3684
4399 1117
1207 4710
2350 3834
5692 5484
3533 2232
3205 2701
2635 1697
80 2546
4605 436
3819 1169
42 5544
3920 2046
45 4879
879 4251
3343 5485
5736 5246
5517 5863
1124 3170
421 1910
5188 1591
2953 5866
5720 241
1123 3281
4154 1657
2318 5797
2803 3070
2313 5370
4914 290
3024 175
821 3865
4966 4680
3606 3853
3790 4845
5812 961
5415 3487
5247 2289
1432 612
2594 4841
2285 3694
560 5293
1824 4254
4683 1107
967 4537
2573 159
5122 1115
1270 384
3060 5809
4828 2403
2006 3691
1039 793
1143 3111
1846 949
191 5899
3861 739
1956 1219
3212 2354
1028 2289
3874 841
1184 4258
1199 3518
1169 4610
2997 4771
719 3011
1501 2377
127 655
544 5060
4246 921
2753 3854
3268 5326
1543 3193
3445 4484
4400 5021
3246 1497
4958 788
312 4049
286 3178
3377 2628
237 1883
4047 3203
4504 4768
3473 1747
5884 5914
1619 4543
3436 1051
5241 798
76 2836
5448 3529
2708 892
1466 846
5090 2458
2078 3976
5780 590
112 712
2324 516
271 555
3378 5015
2069 4292
2292 4201
5599 5159
531 5837
1016 4414
4284 612
5612 4812
4441 4610
563 1154
1265 5504
5630 1037
2118 1132
2346 5826
1851 2810
5731 5914
2153 3858
5226 4014
2458 5029
964 1344
1729 1410
5965 3879
4459 3834
4794 600
4756 4228
1410 3337
5853 2768
4717 1653
1034 5021
4931 2748
4086 5518
307 4622
5271 5451
1056 3517
1154 4009
1832 4165
1279 32
2810 3836
26 4655
4201 3547
5034 4744
4003 1751
351 2042
533 2823
72 5516
2271 521
581 4099
3126 4137
241 5930
1751 2535
753 5114
2580 3120
4608 1780
4522 540
599 1749
219 4597
3182 3850
3585 4952
2612 3281
5159 4113
5492 5335
5738 5363
4795 4514
3442 3620
3394 1695
4515 3009
4116 2466
3854 1021
310 4684
1647 766
834 2587
5698 823
5328 5850
793 3028
5930 4029
4838 5332
1048 4944
4009 5747
1897 1775
1461 3684
4004 3507
2169 5211
5246 32
4267 5826
2310 3373
5501 3029
2627 3199
5636 1281
3041 4749
4968 1558
3998 3876
386 2450
2142 653
1076 1344
2562 594
2235 2367
1931 4970
4720 3311
3423 3281
5420 5338
3254 1968
4624 772
1910 653
1857 739
951 3643
888 801
3135 1218
177 392
3398 1775
2176 1891
4079 5211
3734 4843
3654 918
5317 2363
2853 4026
2327 4411
1121 4049
5565 5495
5167 2166
338 161
4117 2403
5320 915
303 5106
3358 5661
3187 3659
4312 1490
3547 5613
4165 5457
4547 4676
819 5987
2367 2637
2817 4890
2355 1021
123 1108
5485 5402
1980 5484
1968 1812
1488 4597
762 5810
1303 4845
1895 259
849 4771
4712 766
18 655
868 2315
3282 1540
918 4900
2233 5592
4398 3074
740 3849
4572 4647
3863 5661
684 1132
1581 3486
3301 2535
46 1440
5511 4
5056 3535
1643 2001
1129 4414
4439 4114
2405 5135
10 1127
3976 846
4072 345
3138 1750
5759 5999
1490 530
3836 3993
1887 3114
4589 3705
4278 508
4771 5068
3838 4666
2878 5180
3859 98
5323 3018
2836 2535
1607 2448
3071 4659
3359 175
2302 5763
248 2404
4007 5760
2232 2801
3178 4415
334 4610
6000 4014
5298 3272
2658 4641
4386 1308
2353 5484
1081 1219
5684 5436
3741 1218
4944 674
3739 1247
4053 5941
4416 4868
1087 4232
996 3598
3715 2697
3827 4936
3455 1177
5935 3789
68 5910
1653 634
2840 2737
4174 4408
2052 2020
2163 3701
5436 2955
2613 3050
3337 1228
946 1132
1365 1513
3373 5661
3209 5120
3916 2023
3074 5840
1324 892
3523 4489
2599 161
361 4715
4694 4340
515 1499
5364 5483
2046 1599
5809 5763
1784 572
1891 1440
4963 769
4936 4986
3711 3203
1407 2816
3834 694
5808 2833
2139 3009
2103 5198
4415 4533
5641 5794
2219 3485
4222 1658
3065 5466
4299 3894
550 5198
3203 1939
1463 5433
2289 1835
3472 2664
5095 5920
3424 2095
1529 2195
3243 5439
5583 3669
5067 2741
3110 714
620 5106
56 1064
3428 463
2765 5850
450 5402
554 582
4666 3018
2706 2095
5760 2916
3864 367
1148 1092
490 2979
1506 5706
3528 3643
1788 472
1812 1497
3362 3853
5061 5118
4601 1262
486 5850
3311 1580
4181 3312
4038 2091
846 5791
1835 540
3809 5613
5541 4147
4868 695
1863 516
851 5149
3881 4218
1358 2835
3839 2013
2027 3858
5085 4235
2160 1354
5393 1905
5180 1256
1540 4015
4879 313
4987 3788
5554 3882
1033 3899
2845 2380
2257 2607
1692 3885
3559 1090
2306 1757
4900 5537
4743 2501
5392 5239
489 4210
1308 4162
1680 5505
766 3601
508 1981
527 2637
2404 5895
3237 5568
1159 670
974 1037
3216 4792
4705 2546
1101 4803
5335 4506
5209 5552
5048 1658
2593 5592
287 2905
4014 3629
5342 4129
2979 5562
731 4351
285 2023
4937 431
5526 5569
2934 2600
4162 2547
4128 246
2029 923
2120 2393
57 1449
5540 5002
923 983
2834 2894
3792 4903
3967 2715
1724 3706
4977 552
1883 711
5544 5867
5910 783
4447 3364
1762 2854
5135 788
3757 3691
5907 5970
2835 23
5879 2912
2166 4218
4550 3033
2856 2385
5483 1262
3107 3903
5747 98
2440 3030
3772 3851
2362 1051
3544 5410
4514 1107
1484 4272
2617 3447
87 5002
4799 3669
783 1804
4423 3053
2787 4719
2547 3011
4506 4681
3090 5369
283 3577
1198 1052
5410 3172
1535 5595
828 742
3706 32
714 4501
5128 4524
369 3689
58 3029
5468 5621
869 3064
4015 3850
655 5149
494 1272
225 3156
1876 182
4235 1248
4706 5197
4524 1899
1869 5347
807 3964
1688 5587
5562 542
3959 3190
3876 1346
831 4890
1509 4456
5461 4903
117 4035
3721 1171
2722 5763
4664 769
1453 840
5724 3341
2757 2478
3649 1807
5250 4719
1945 4406
1327 3447
521 2128
2905 5883
3349 3529
2456 1390
4213 4597
2911 4970
5840 1285
2880 468
1743 4406
1086 3364
3821 5451
2700 5941
3882 954
2782 4533
4147 5149
699 3219
1117 2363
5223 5675
2739 921
152 165
3598 4317
3641 3390
3132 5934
5106 3459
4831 4351
1725 268
1877 687
2854 364
1599 3173
4841 674
48 3411
650 2001
5557 4107
5068 3161
2393 4902
5076 2619
2305 1472
1981 2909
4060 1433
5433 4542
1092 1546
2559 1111
5484 4843
4951 5245
5569 1228
1750 4408
1546 3925
516 2162
566 4803
419 1875
1379 3701
5007 3064
4228 2670
3384 2403
2418 3421
2380 3323
5552 364
4294 4210
1514 1247
2768 2715
1140 2546
3213 1879
553 772
983 2260
1023 2769
5647 1171
3822 3009
2942 5002
602 3191
5970 3789
573 4113
5005 3347
5229 2978
4410 5866
3743 367
5797 4673
5149 1939
5791 3334
4653 98
594 383
816 3030
5363 1582
4317 268
3070 1306
3489 5568
1472 3691
1749 1297
134 2381
3995 5120
1037 511
5591 1520
2448 5202
5211 961
2162 5425
3577 384
4210 4768
3588 1747
1776 5332
2978 3263
5675 4340
3498 3896
4411 4655
961 3173
5587 4143
47 634
1130 617
5624 4300
4715 246
5891 2117
3166 2370
4340 5631
5908 2815
32 4429
3652 1567
5504 4779
4894 3334
572 5542
1716 4829
4292 4049
921 3114
3501 5015
182 4659
2363 2676
5914 4744
662 2463
5691 2538
1658 4113
2174 2079
5326 5161
5572 259
345 4074
842 4834
4196 1
4844 5385
2275 4264
3789 468
4 3964
3364 202
2574 1103
2195 555
3896 3788
1339 290
5751 1761
3900 5704
5644 98
4110 5733
5772 1132
1986 3059
742 1946
4185 5344
1518 384
146 1499
3925 5130
1657 4417
710 3276
1697 3777
5255 4698
613 2334
788 2688
1297 342
3401 5015
5118 3210
2968 4890
3421 5425
2912 1703
5161 5074
4676 5968
557 3170
1107 535
4902 5402
3334 1127
2538 612
2865 823
4566 4890
4716 3019
1256 2859
4593 4943
4744 3486
3486 5939
2025 2058
3064 1326
5575 1054
3229 3347
4768 3899
2859 1306
5518 5186
4622 748
5537 540
4710 1188
1499 3850
2623 3174
3028 436
5021 1415
2364 5883
2688 552
4803 457
5920 1262
1306 5816
327 2815
772 2297
246 3219
5961 3932
3682 3777
3814 3156
3191 1498
1719 3946
3865 4541
4684 4129
1973 5202
2354 367
4218 4456
4351 2478
5661 2552
3210 2066
1703 1012
1761 3018
5941 318
4232 2718
1228 4314
3009 5277
2637 1516
3019 3629
4692 4792
1577 5203
3903 1495
5602 4571
4571 1284
3285 2403
5198 5297
1580 2850
2370 5000
915 5528
1218 5239
4528 3620
5266 3701
4266 1012
1220 2308
5968 3128
5059 3059
5344 2920
3526 4792
4264 1392
5894 5425
4762 2842
213 1001
2664 5019
5019 5069
3642 5215
2697 436
2385 2315
540 826
1219 2001
2801 1780
2503 1457
5451 5029
4137 1977
2117 555
2315 3033
711 3219
23 3879
2629 1285
1127 3853
3238 692
1111 3018
4050 3697
590 2128
5934 692
4374 5425
4829 4973
36 1520
3949 3220
2535 1108
2975 5938
2816 937
3851 2957
3701 4025
2849 1133
1804 3487
2546 2333
1285 5126
3083 1262
2894 5158
5763 1879
1977 937
3341 4484
785 2334
2515 5627
5685 3946
3361 2909
3505 4113
3193 5402
4893 1108
3735 3272
2090 2468
2491 5370
1564 1516
2745 3047
2501 1731
1449 2243
511 5450
3487 1915
4646 1277
934 3530
4533 364
555 2165
1905 1277
1732 2608
2409 3048
4952 4702
5938 2552
5029 5450
2377 2769
3033 3617
2308 5457
2419 695
2701 4635
716 282
5100 463
2297 3853
2667 4025
3 3228
3629 4251
5923 4414
4733 4973
3111 2334
3318 1715
5324 1296
2633 2726
3964 3535
4143 487
4883 748
4903 3276
259 4254
3416 3120
3459 1346
4406 1881
4436 3323
4779 2587
2533 5312
3263 3120
1133 670
2463 4983
5126 5542
2949 823
156 2628
920 4662
1427 1177
1177 552
2842 3411
4131 4373
4714 3365
3190 3347
2644 2827
5158 377
1567 3517
2331 436
5152 5633
3194 1183
282 5301
769 4456
3050 5837
139 384
840 4541
4760 4753
3220 60
5069 2639
3322 2670
2548 4501
5999 954
2058 2670
3174 202
2955 5837
2523 3245
5505 2909
4746 4647
1497 4913
5120 3899
472 612
1344 5810
3390 5568
5378 1520
2673 1261
4272 5706
5202 1284
1415 1188
5595 2466
3228 5060
3689 1296
2128 2539
276 1115
1 4742
4886 1021
826 367
3899 4704
2441 2748
4702 354
5528 4597
4861 2737
1516 367
3529 4647
3000 5114
1264 949
4565 1520
4749 391
476 2450
5916 2256
5613 972
268 4680
1717 3051
949 526
2095 5293
4541 687
1513 3003
6 1054
1457 5293
5728 3485
798 4373
1262 2789
5519 2066
4537 1001
825 3460
2726 463
2365 4542
3879 1277
163 4635
4025 4456
3003 2607
561 5060
5186 5950
4489 3777
1902 5627
5837 2557
354 1052
1385 4680
41 687
3047 1899
1052 2283
460 1667
2789 5866
4429 4970
5466 4254
2887 4597
552 3156
2352 5798
695 2205
5012 3946
4300 5000
4938 5070
1775 313
3694 318
1315 1001
1582 1495
4655 4973
342 3669
391 898
487 214
3162 504
4978 2659
5939 5950
5253 5297
5015 3164
1392 5197
2371 384
1764 2333
1715 5003
1498 5239
4314 1507
5432 4113
3396 3029
1175 3170
1013 318
1054 5510
954 2833
1790 1132
468 5000
3946 2001
611 5457
2260 1899
1020 1420
2659 4373
3853 972
1064 3281
5706 5293
5130 1051
4407 2769
2478 3447
5070 5338
4704 1247
670 1984
318 1108
3156 530
2042 2827
692 60
2165 98
1090 4114
5516 3053
3165 5568
5338 4845
2619 3659
5577 1253
3330 1277
5899 5003
3691 210
4099 3170
3518 118
5203 1589
2403 377
118 2079
2020 3374
3449 3617
5332 2098
5733 1589
5277 1731
674 2676
1374 2303
2552 1197
2676 5425
1284 5794
1103 4641
377 1413
1171 364
2493 2023
5057 1440
5060 4074
4617 1001
5542 1780
3051 5810
1433 4711
2587 1785
5181 5627
4579 5867
1331 3520
1899 748
2608 1982
2341 1248
2140 1695
1589 3880
2498 1012
3018 1507
4659 367
3517 1667
3670 3059
4597 1525
526 2198
1520 2156
4792 1889
1277 3669
1984 3858
5810 3842
1420 4129
3643 2205
5003 3312
938 2857
4113 1183
5369 4258
4414 5052
5429 1390
3420 1626
5215 1272
535 1881
1747 3520
2909 1281
4943 1594
175 1403
3601 2138
2098 4662
3620 1740
1115 3659
3600 3059
4742 3885
2639 5549
4973 2957
3276 370
2737 4542
3272 776
5114 1613
4026 5074
3296 313
2468 2615
5245 2450
5794 4456
5402 4417
1188 4107
370 3877
1012 1879
3410 5536
5515 3842
3880 5978
3245 5969
1507 4988
3659 3323
4681 1558
730 1558
3520 694
1510 4501
5536 2148
383 1667
5631 5450
1263 980
3684 5074
5177 3170
4890 4035
313 2198
5450 3535
2454 1413
4148 5850
5592 4753
841 3101
1613 5457
4456 5347
2642 5621
260 3535
4983 1740
3053 2243
3842 2466
3172 3485
2283 1915
1248 5510
3324 3788
5963 2196
2769 3030
5379 4542
436 5002
4719 3697
2228 3535
3894 612
1333 4035
4662 5312
202 1296
2833 3029
3114 972
3312 1132
712 4988
3374 1167
4061 2916
3281 1881
98 4049
2381 4913
2466 4812
582 748
1019 1261
2916 3411
5627 4069
1051 2718
3777 161
4074 1226
972 1108
5312 5288
507 1865
1403 3932
1261 1865
5002 5470
3669 4440
2600 2804
3907 1242
3347 3029
457 1413
5197 4680
2857 4922
290 980
1242 2957
877 1757
586 2815
5883 289
5996 3802
5704 4793
5089 3877
431 4106
3438 3957
1202 61
1626 2379
4599 3507
2890 2243
1982 1757
3253 3697
3161 5969
1226 4711
3507 2718
1281 2156
2748 5347
1363 2334
5489 5425
463 1495
3697 898
1495 3877
2156 74
4251 3858
2450 823
2256 165
4114 2741
4698 3460
165 4711
5621 1785
4647 4254
3885 3858
5470 1253
4484 980
4258 5495
5385 1590
3411 364
1889 1316
3485 542
5798 4812
2079 3323
3932 3128
4970 2615
1591 4129
289 898
4420 2396
4417 4673
364 4753
1326 1108
4680 689
5987 3032
2670 4254
60 1440
2035 2823
4176 2196
2557 3535
5564 5297
1153 3617
1247 823
694 2827
739 159
1875 2148
367 2539
5239 2850
1879 5826
3032 2196
3617 1167
2333 3219
3173 3030
2001 267
2396 2066
349 4049
3101 5495
1001 3705
1413 5816
2815 5866
1132 393
4988 2715
3219 4049
3167 2205
4129 2464
4463 2196
600 5549
530 3170
4029 5347
5293 4049
937 3170
4753 1807
504 1183
1731 1390
823 1253
267 2334
3530 1440
634 4501
1740 3858
3323 74
210 3164
3030 5568
2358 892
74 4440
5425 3059
687 5826
4859 5495
5052 2539
653 1785
5895 2464
801 4793
3120 4107
1253 2827
4303 5950
3705 4373
2957 3447
1346 4986
4711 4071
5439 1915
1386 3993
1757 1272
5816 3048
4834 3858
2827 5347
776 3858
3026 5635
612 892
2665 1881
5969 1440
1167 412
5000 161
4793 4106
1590 61
2303 5866
5495 4922
689 3048
4049 2205
3993 1525
617 5866
2539 3365
4909 3294
1881 1785
1440 5826
3048 5635
1915 1785
3164 3011
5826 3460
1296 2615
5635 2091
2138 3536
1865 4542
3128 3849
4373 3957
892 3957
5978 1525
1108 748
5347 2198
4501 3199
394 5457
61 396
4069 4922
214 2850
1245 4610
3849 4408
1367 4408
2718 412
4107 2741
1183 2148
3804 3788
1443 4408
5444 1594
1594 2013
4922 542
3059 748
4843 2741
5288 1272
3957 5633
2607 4812
3535 542
3034 2198
733 3447
4440 159
159 2804
4913 396
5297 396
1197 3294
3877 2022
2198 3850
5568 3630
392 2091
1983 2920
748 3365
4035 5863
5549 2379
2334 1390
5370 3199
2091 1354
3536 4641
1780 5850
5867 5950
295 1525
2850 3011
4812 5510
4610 4106
384 1077
2205 3630
2464 2920
5074 3294
161 1021
1946 4641
2798 393
3802 2196
4071 4986
3850 1390
5510 2823
3011 2741
1525 1272
1939 2948
1390 2615
2804 3170
3788 2715
2948 3029
1807 2066
2013 3460
1354 4673
1316 5633
4845 5301
980 1077
2243 4635
3170 4641
412 4254
5866 1021
5850 4986
542 3365
2823 2715
2379 2022
898 1021
4641 4673
5301 4254
2196 4986
1558 3858
2741 2715
1695 5633
4543 3460
5863 2920
2615 2715
2022 2715
5457 3365
1272 3630
1077 4986
2066 1667
3858 1785
4673 1667
3630 4408
2148 2628
3447 3294
2628 3029
1667 3365
3365 4635
3199 4542
3029 5950
2715 4542
1785 393
5950 2920
1021 2920
4408 4986
4986 2023
4106 396
4635 2023
396 2023
5633 2920
2023 3294
4542 393
393 3460
3460 2920
2920 3294
4254 3294
0 0
