1000
11
-125
28
36
-126
-85
123
-113
-19
110
25
-91
-81
4
60
-35
-26
-117
-29
-48
33
-39
-121
-3
-63
52
98
126
60
4
43
112
-19
6
-56
23
81
-93
48
17
27
-62
-126
-59
-76
-18
-67
38
-123
29
-28
-50
68
-121
-33
-66
2
-13
-24
103
-80
27
89
95
114
23
73
-15
-31
-45
84
119
89
-7
-74
-37
-59
103
-43
79
56
22
-65
16
-16
-2
-121
-104
-14
47
-88
-33
-92
-124
-62
57
61
-96
-19
75
43
-62
104
21
29
17
12
-83
7
-17
28
80
99
119
65
-124
47
-91
-66
29
-18
-128
-22
65
123
20
-126
43
80
31
9
24
107
-102
35
-69
-59
-10
-105
-43
34
71
80
44
-120
-49
-61
114
35
36
101
87
-26
102
-98
-78
37
-27
-87
-113
101
-91
97
21
-110
3
64
-17
-42
54
-128
-61
5
-23
73
111
-71
16
3
45
-121
62
-77
-15
-62
-19
-102
-9
87
91
17
-36
74
97
-73
-118
-57
-64
54
100
-61
109
54
-76
59
-73
-105
64
61
-36
-121
-76
70
-71
-106
-51
-117
84
8
-12
-6
-96
67
-34
-69
-46
108
-109
81
81
-25
58
115
-17
-61
50
-64
-42
-55
110
30
-1
-79
-100
97
-7
26
-37
113
-120
100
-39
-2
120
-47
-62
101
56
117
-89
92
-85
59
-53
-30
-125
20
-5
110
119
42
-57
-53
42
7
87
119
111
-57
-122
67
87
86
-108
6
-49
-123
61
113
-35
45
-114
75
61
69
13
51
-10
0
-23
-115
32
120
105
32
-21
63
-30
-65
-36
-112
-78
-83
84
-34
-70
-122
13
-32
71
-110
-122
33
0
-49
-26
45
-110
23
80
-60
-26
-28
-33
51
43
26
-15
-81
-34
24
15
-16
-36
93
64
-126
65
95
64
51
73
-15
10
58
81
-92
-60
5
105
66
-26
104
7
54
-86
-50
-120
55
-105
69
-128
-19
68
23
65
-127
-22
-60
27
90
-90
54
87
89
30
101
-39
8
90
85
53
-105
-22
-32
-36
65
-77
-110
-84
66
-13
117
-34
-39
-113
94
-49
-5
-94
-97
76
-106
-7
-27
-82
30
-87
91
80
-13
13
-7
0
100
-14
-98
61
117
12
70
-98
-63
-111
12
-60
-99
120
98
-108
115
9
-14
106
40
-109
-125
-80
36
30
7
-125
-30
108
43
-101
-22
-113
-31
-79
20
27
96
111
-102
-6
60
8
-97
-16
-39
8
84
-60
43
49
-44
53
68
4
-127
91
97
40
-16
-3
124
86
27
21
-72
-109
100
76
15
87
-104
-116
-27
68
113
122
-86
73
-84
-27
34
55
11
-54
-119
39
-88
3
106
40
-117
-23
-2
-89
86
-21
61
-7
-76
44
-78
-56
77
36
-54
-69
-58
67
87
56
-67
-98
-59
23
46
-106
16
119
-81
-42
-90
-123
-8
0
31
-97
2
37
-52
58
-126
91
46
98
83
-50
48
-37
78
120
-126
-18
-98
-25
96
107
24
-81
-88
-8
-38
-5
-39
61
90
-17
-118
92
35
42
-120
109
-112
-62
25
79
92
-99
75
76
82
88
-73
-25
-85
50
49
119
18
-81
-71
29
-128
-116
-109
-42
115
-92
-29
8
16
25
66
124
-63
118
117
97
60
16
52
97
69
-38
-117
-77
-102
6
43
7
-99
104
53
-127
-101
90
-83
27
-6
111
-4
62
-58
-35
-31
33
14
-34
-48
106
-41
-123
5
13
77
1
41
-80
-86
-19
-75
-53
-101
42
70
64
75
68
34
-28
-28
-80
79
-54
34
8
-47
28
-37
74
-98
55
-70
-84
49
61
-86
-99
-69
106
-77
47
-72
-100
71
85
-24
44
-39
53
107
-4
-57
26
-118
-19
53
16
-20
73
-18
-78
-20
95
-13
-50
84
-91
4
33
-49
5
-105
-54
17
32
-112
54
6
-59
-107
-99
24
2
-24
-56
-125
-46
2
-3
-20
58
-75
-125
12
-7
-98
-97
-66
89
107
-62
-125
-25
-109
-116
10
-90
90
-128
22
-37
-74
78
15
18
63
86
17
-84
-5
44
-46
62
34
-41
-40
-99
-109
61
53
4
-73
-9
-119
85
28
-3
5
-53
120
62
-103
-60
-19
-58
-1
-75
-78
-102
53
76
-46
50
104
-31
-107
56
-66
117
-74
-10
-101
-4
-85
6
-15
-61
74
-65
-14
-4
78
-1
80
-55
-69
20
105
68
-24
47
82
-91
78
35
88
-128
-116
-28
86
-11
-12
74
-17
96
61
55
55
69
28
109
22
-5
-50
-57
64
-34
49
-19
-64
-48
46
-51
42
122
-89
125
64
35
54
78
73
55
69
45
-77
-91
17
-94
-42
97
59
-125
-26
45
-21
77
42
55
98
-92
-96
35
-106
-97
125
-11
-6
38
-8
-34
87
3
122
113
-59
-49
-42
-84
47
103
90
-5
-60
-2
-125
115
68
-60
-1
75
-92
14
-85
47
2
-8
-101
-31
72
-92
-17
123
-26
57
-105
-12
-46
-3
9
-128
-80
-121
-58
77
-59
-117
31
68
-86
53
-53
45
84
10
-83
-40
-57
120
91
104
-67
-8
-7
-84
-58
-69
-39
-125
98
94
8
-36
45
-5
117
6
78
74
-88
28
-107
-111
45
-32
48
-12
99
55
90
71
-23
-127
44 599
962 30
122 836
849 241
541 334
150 233
779 868
659 301
889 743
720 613
991 863
514 198
997 518
206 834
992 611
693 13
796 254
425 685
54 612
273 897
149 926
591 801
131 184
16 372
858 965
904 484
386 334
955 700
754 697
524 413
45 94
324 984
170 85
399 666
686 52
299 15
461 10
486 943
677 463
228 603
546 142
268 488
642 519
462 153
110 459
942 887
851 576
413 186
823 956
235 893
929 928
490 781
237 562
341 776
450 620
448 6
886 117
635 554
840 696
772 940
432 902
89 598
737 572
46 69
281 266
265 918
119 697
646 113
301 494
480 843
909 615
355 978
683 857
682 735
945 388
525 18
53 736
55 99
735 809
733 799
50 216
126 966
148 793
75 605
990 469
103 93
104 637
566 417
825 979
158 64
353 161
192 901
232 487
109 194
419 313
136 77
442 634
390 921
320 571
672 293
584 916
143 47
343 218
666 937
551 805
201 71
356 233
911 52
615 283
484 154
375 828
531 521
121 222
540 848
930 387
875 842
174 638
10 624
706 409
856 72
443 401
57 60
298 193
789 457
602 619
656 181
662 83
510 874
715 84
127 569
827 792
372 168
288 647
724 731
439 708
77 52
205 862
8 552
191 32
42 458
13 792
241 569
389 917
360 417
338 781
771 719
67 412
221 469
219 210
79 279
843 326
559 725
511 625
1 357
258 168
671 366
86 62
537 626
948 252
501 151
983 582
882 570
207 760
188 62
251 828
123 186
160 941
776 792
309 68
586 247
453 49
261 710
51 575
926 689
161 940
883 380
367 229
426 977
736 234
267 112
308 633
661 145
604 279
859 437
297 766
62 556
638 181
884 755
516 20
445 66
743 678
66 651
416 873
457 816
573 107
468 688
12 135
640 606
382 176
980 295
669 153
140 377
423 770
817 440
420 249
555 81
230 637
73 901
83 906
695 214
935 61
458 753
199 836
708 538
327 579
88 952
597 549
222 172
600 964
620 90
598 183
162 996
5 472
37 48
649 328
750 224
995 475
447 52
658 171
134 876
408 263
626 176
463 345
63 61
905 325
255 744
310 479
880 766
393 673
565 691
828 560
473 922
248 94
392 112
277 365
924 697
506 181
760 113
437 471
572 862
292 394
383 933
793 412
528 70
464 759
854 933
24 637
518 774
441 129
329 630
52 236
80 719
208 821
790 34
545 877
641 702
949 180
169 987
799 870
303 276
786 176
249 782
20 726
125 108
72 894
542 223
561 488
212 943
688 966
117 781
497 810
710 622
387 141
844 891
239 155
673 289
937 548
455 845
116 928
915 481
476 762
26 898
118 113
797 370
690 107
32 381
549 625
570 925
135 316
792 398
679 284
252 961
272 571
475 701
11 517
90 388
245 97
29 4
747 766
872 890
322 9
69 70
325 23
986 496
509 466
231 637
550 379
756 785
554 358
366 240
571 7
152 276
742 865
956 788
845 954
270 376
967 186
147 352
583 835
567 820
908 154
913 422
287 644
236 198
864 595
704 145
729 326
703 984
738 233
820 687
226 959
332 879
130 965
145 181
70 734
868 888
700 536
359 193
848 284
64 369
581 625
795 321
805 444
428 21
284 317
593 470
487 478
547 257
752 544
758 594
966 548
630 3
639 769
837 919
931 538
963 502
577 211
41 634
712 128
76 999
861 266
838 102
488 535
826 146
874 714
613 985
113 365
643 544
296 923
627 483
767 99
881 379
578 474
717 496
660 405
759 180
599 246
495 954
867 668
418 378
534 144
202 394
334 346
592 897
368 198
836 938
782 896
302 970
144 766
225 244
60 286
810 701
832 842
740 404
493 349
168 664
890 709
897 517
732 590
527 164
562 888
587 279
975 59
300 271
120 719
99 417
601 505
18 652
15 663
651 974
777 499
526 718
59 36
943 282
469 172
403 761
953 377
186 173
358 342
106 133
985 499
220 764
675 259
502 211
357 411
939 27
692 533
68 816
787 183
313 421
609 543
972 409
831 142
129 654
512 378
124 373
137 171
164 323
968 749
636 504
907 769
209 713
156 193
278 917
505 247
406 647
363 378
709 240
1000 472
833 466
612 834
380 21
38 95
895 451
730 839
521 422
532 824
449 194
628 61
412 173
815 900
580 183
196 755
974 899
707 860
4 195
91 847
180 257
829 891
634 478
932 585
576 614
749 295
371 25
794 492
293 862
56 289
633 446
48 548
916 176
594 745
17 925
422 821
189 629
379 195
984 142
246 362
291 330
337 262
857 560
410 105
784 112
681 271
229 558
342 556
238 941
269 616
741 722
539 7
409 400
589 650
282 921
40 745
256 892
803 898
648 670
81 172
575 685
892 14
494 157
657 804
185 517
806 887
901 723
775 813
687 440
716 466
58 417
377 574
822 808
336 9
326 902
941 25
637 97
240 444
204 560
92 947
610 197
768 318
401 95
195 839
345 798
369 663
950 250
438 7
172 765
887 440
234 39
685 489
262 142
3 198
595 569
847 163
85 739
899 224
481 454
271 247
257 553
61 865
34 151
421 279
435 350
434 456
548 339
839 788
964 115
684 263
560 398
471 814
384 181
211 489
830 808
213 452
925 557
745 157
652 896
155 28
467 280
97 39
519 289
535 319
871 404
433 376
979 166
611 279
139 922
102 582
816 478
411 184
19 852
187 190
264 279
105 395
142 906
585 946
978 286
866 739
440 253
965 417
952 607
654 474
821 699
30 530
82 873
800 370
808 274
940 350
902 876
556 2
691 994
870 133
154 751
987 663
47 920
365 114
290 395
696 734
424 853
885 744
678 335
629 388
739 400
446 529
78 39
603 862
396 133
429 253
520 74
618 971
698 770
465 971
115 791
94 536
753 977
623 9
294 407
218 764
670 769
647 993
668 860
198 227
697 305
936 933
504 305
888 801
761 873
543 352
216 951
2 304
305 157
582 456
242 608
914 101
483 954
665 466
348 788
744 722
376 210
605 452
263 431
177 645
31 430
183 804
385 498
112 804
414 507
855 947
722 28
959 621
569 370
876 39
778 489
244 35
456 25
731 318
653 976
791 766
466 391
98 728
243 918
128 194
190 100
951 312
763 179
315 958
933 655
391 625
898 999
607 285
175 167
923 233
407 171
289 49
841 454
912 23
663 452
491 364
891 878
614 960
260 818
785 100
381 470
862 999
644 523
200 860
770 151
318 927
801 970
517 981
74 194
958 689
153 982
680 608
765 478
769 404
395 373
755 478
454 193
976 276
721 400
203 802
311 259
954 812
725 869
373 846
900 259
21 903
307 253
312 166
451 650
114 285
138 166
335 6
197 993
43 28
773 163
814 879
157 346
928 631
402 896
938 723
971 479
631 349
818 151
36 361
676 921
253 842
624 893
804 503
783 812
444 388
910 920
621 415
146 714
568 417
694 321
835 427
989 111
95 860
374 362
563 132
894 819
276 588
961 474
993 362
807 877
485 314
957 84
415 323
606 853
873 503
503 133
87 107
515 215
132 748
482 702
227 210
998 667
354 947
513 853
934 210
323 632
811 364
193 28
459 344
362 878
824 330
397 210
65 133
734 460
349 977
748 906
650 719
746 330
328 544
100 553
49 728
921 552
798 920
498 417
552 477
233 93
167 711
316 674
430 558
988 842
14 107
427 398
479 350
472 922
35 436
557 317
275 869
394 25
370 896
452 166
533 499
254 179
726 346
477 751
159 352
728 9
176 718
564 970
215 321
39 865
878 780
101 588
182 84
723 25
718 165
996 166
492 405
283 757
285 596
719 286
317 982
705 877
529 321
28 250
702 522
179 499
977 6
860 522
339 508
622 960
865 764
151 33
632 619
809 960
331 352
274 674
364 927
7 802
460 259
330 596
764 314
714 919
388 400
96 713
171 944
819 616
108 812
946 802
163 352
340 6
499 378
224 508
906 166
165 344
259 210
22 250
713 973
266 896
133 314
33 304
6 280
879 727
711 314
852 352
579 608
588 919
223 523
352 93
927 304
314 674
350 727
842 417
507 178
625 701
474 166
538 655
766 9
214 344
107 920
84 436
351 470
431 523
903 762
973 508
617 417
780 111
181 496
178 247
863 994
141 896
25 788
295 496
812 590
321 994
553 757
781 664
93 286
194 920
699 496
960 981
850 999
590 917
478 286
982 530
918 920
436 496
304 217
536 664
981 210
500 751
616 608
834 608
306 762
645 919
496 558
210 279
404 994
333 757
674 922
922 919
802 762
896 853
727 969
619 574
893 400
544 947
280 489
869 813
9 398
217 689
558 762
596 111
853 523
774 470
608 250
689 994
184 846
166 944
470 361
346 378
23 813
970 664
664 489
877 813
667 523
489 522
27 405
917 398
344 173
398 111
944 994
920 247
574 247
947 788
378 361
762 508
247 655
994 522
701 173
279 522
173 522
813 788
347 400
751 523
969 508
999 71
655 530
400 530
757 508
846 523
417 530
508 111
319 405
286 522
530 523
405 788
523 788
71 522
250 111
111 919
919 361
361 788
522 788
0 0
