80
57
-102
120
-89
71
-51
-66
-109
-119
-20
-25
-101
95
16
-18
-66
-56
24
110
-99
68
120
27
109
-128
-29
109
-67
43
-65
-71
-5
-122
-118
-127
35
108
-24
48
-32
51
78
23
52
8
115
-12
-39
25
100
38
68
-33
-37
42
30
-12
-55
-107
94
-69
-100
-108
-74
-46
-82
27
-26
-35
62
57
6
44
-4
-92
-128
-86
-20
-112
-112
22 17
28 75
8 18
49 69
58 65
59 10
69 51
45 65
3 39
5 74
7 4
42 24
37 14
66 9
44 38
48 71
47 33
34 30
29 72
70 1
13 56
55 74
71 15
68 39
41 12
50 75
20 74
51 23
39 78
52 40
61 72
57 43
65 26
17 36
64 35
24 74
31 63
54 62
30 36
27 36
40 46
62 33
16 74
60 10
53 15
14 72
46 26
79 25
26 78
63 9
78 76
38 43
67 25
35 18
4 76
74 1
10 77
56 33
19 76
21 6
6 76
25 2
43 1
73 76
11 9
33 77
76 32
15 32
75 77
12 32
1 80
80 77
72 9
23 77
9 77
77 18
2 36
32 36
36 18
0 0
