1000
-26
-34
-27
-26
-32
-27
-37
-23
-25
-33
-32
-26
-29
-28
-23
-25
-38
-32
-24
-33
-39
-29
-35
-38
-39
-38
-33
-29
-38
-35
-30
-34
-27
-21
-40
-28
-39
-40
-22
-25
-33
-34
-36
-23
-29
-24
-25
-24
-33
-22
-28
-38
-23
-33
-32
-32
-25
-39
-29
-28
-34
-23
-32
-40
-28
-22
-40
-32
-37
-38
-35
-36
-31
-28
-36
-29
-40
-22
-36
-37
-23
-32
-37
-36
-27
-37
-30
-30
-37
-31
-21
-39
-33
-24
-21
-27
-39
-21
-21
-26
-37
-40
-33
-22
-30
-21
-39
-22
-24
-31
-25
-22
-37
-22
-39
-23
-32
-40
-26
-39
-39
-38
-38
-36
-30
-37
-36
-28
-23
-38
-35
-29
-24
-21
-22
-38
-29
-25
-21
-37
-31
-35
-27
-23
-28
-36
-25
-28
-21
-31
-27
-28
-21
-38
-36
-21
-34
-28
-39
-30
-29
-24
-25
-31
-31
-35
-33
-31
-38
-26
-40
-31
-25
-21
-25
-33
-40
-22
-23
-21
-22
-21
-33
-31
-27
-21
-27
-32
-26
-28
-26
-21
-32
-26
-37
-39
-28
-26
-26
-27
-25
-26
-35
-25
-33
-27
-28
-27
-23
-30
-24
-39
-30
-34
-21
-34
-24
-33
-40
-35
-21
-29
-30
-36
-23
-30
-22
-27
-22
-35
-28
-28
-28
-31
-35
-32
-22
-22
-38
-25
-23
-24
-39
-26
-22
-32
-22
-28
-39
-24
-26
-26
-24
-23
-33
-22
-35
-29
-33
-34
-35
-40
-38
-28
-40
-33
-22
-36
-29
-26
-24
-27
-27
-26
-21
-34
-29
-30
-24
-32
-23
-34
-37
-25
-31
-37
-34
-36
-30
-28
-39
-37
-29
-40
-33
-33
-21
-21
-31
-40
-29
-32
-23
-38
-32
-28
-36
-36
-34
-28
-35
-29
-38
-31
-27
-21
-30
-24
-35
-29
-22
-39
-35
-40
-38
-22
-21
-35
-33
-21
-25
-27
-21
-26
-25
-36
-23
-22
-24
-31
-28
-40
-34
-36
-31
-25
-38
-23
-31
-33
-39
-26
-39
-23
-26
-31
-33
-31
-31
-31
-39
-25
-38
-22
-32
-21
-33
-30
-22
-30
-24
-33
-27
-38
-38
-23
-38
-37
-37
-32
-26
-34
-21
-38
-34
-33
-30
-27
-34
-26
-28
-30
-25
-32
-37
-40
-40
-26
-23
-26
-35
-26
-35
-28
-24
-26
-32
-29
-33
-31
-37
-33
-37
-37
-24
-26
-30
-40
-39
-40
-38
-23
-30
-24
-38
-33
-32
-23
-28
-34
-26
-26
-37
-35
-29
-28
-28
-22
-25
-21
-27
-40
-35
-37
-40
-35
-21
-31
-27
-38
-27
-26
-31
-29
-23
-27
-38
-26
-40
-22
-37
-22
-21
-38
-23
-38
-27
-31
-31
-38
-36
-24
-28
-40
-26
-26
-35
-37
-36
-40
-28
-35
-34
-39
-32
-24
-28
-32
-27
-31
-22
-26
-28
-35
-24
-24
-32
-29
-21
-29
-21
-40
-27
-33
-32
-24
-33
-32
-23
-26
-32
-35
-31
-35
-35
-25
-24
-29
-26
-40
-22
-32
-32
-29
-31
-40
-31
-38
-24
-23
-40
-39
-36
-36
-23
-39
-26
-33
-21
-28
-38
-38
-39
-40
-31
-26
-40
-36
-22
-34
-22
-35
-36
-36
-22
-23
-28
-35
-40
-36
-24
-27
-38
-35
-35
-37
-33
-32
-31
-31
-23
-38
-32
-26
-29
-22
-40
-35
-38
-29
-22
-37
-40
-25
-22
-28
-23
-36
-25
-38
-39
-28
-39
-34
-34
-27
-26
-33
-23
-23
-21
-32
-36
-34
-26
-37
-24
-37
-28
-32
-37
-38
-29
-31
-34
-25
-25
-36
-22
-40
-21
-40
-34
-40
-40
-26
-30
-37
-31
-27
-34
-29
-28
-21
-27
-40
-32
-39
-36
-25
-35
-38
-40
-25
-31
-29
-33
-37
-23
-22
-29
-25
-26
-30
-39
-26
-37
-34
-35
-36
-30
-30
-29
-24
-39
-32
-23
-25
-28
-32
-29
-39
-31
-37
-27
-29
-29
-33
-22
-27
-40
-35
-30
-33
-40
-33
-32
-34
-30
-27
-34
-30
-24
-24
-38
-39
-37
-34
-22
-35
-26
-24
-22
-36
-36
-32
-31
-32
-27
-32
-22
-22
-23
-23
-25
-27
-37
-33
-35
-27
-36
-24
-35
-22
-40
-21
-39
-33
-26
-24
-38
-26
-31
-34
-34
-21
-28
-25
-34
-40
-26
-40
-31
-22
-25
-40
-31
-27
-39
-40
-30
-26
-35
-21
-26
-35
-29
-31
-30
-40
-23
-28
-35
-24
-33
-26
-28
-26
-40
-32
-23
-39
-21
-39
-24
-34
-37
-31
-34
-36
-28
-26
-25
-37
-36
-22
-24
-30
-28
-29
-24
-22
-37
-24
-39
-35
-38
-30
-28
-27
-28
-39
-30
-38
-22
-31
-33
-33
-36
-33
-31
-30
-37
-28
-32
-21
-24
-35
-40
-32
-30
-35
-30
-39
-39
-32
-27
-34
-37
-29
-30
-36
-40
-22
-26
-23
-32
-37
-22
-21
-24
-39
-21
-39
-38
-28
-39
-24
-36
-38
-36
-38
-39
-27
-38
-26
-35
-22
-39
-36
-29
-22
-37
-33
-26
-29
-23
-23
-31
-38
-34
-37
-37
-29
-35
-22
-39
-32
-32
-35
-35
-40
-34
-22
-33
-37
-36
-24
-40
-26
-37
-26
-27
-35
-24
-40
-25
-26
-24
-26
-22
-37
-25
-37
-24
-39
-30
-26
-31
-34
-30
-38
-25
-30
-37
-29
-22
-38
-22
-29
-22
-37
-26
-28
-21
-32
-29
-27
-27
-29
-27
-25
-33
-29
-24
-34
-25
-26
-37
-32
-39
-34
-34
-39
-25
-22
-22
-24
-34
-32
-32
-31
-38
-24
-21
-40
-29
-27
-29
-23
-32
-35
-40
-29
-23
-40
-22
-28
-40
-23
-25
-40
-28
-33
-37
-39
-21
-27
-36
-21
-37
-27
-22
-39
-39
-26
-21
-37
-27
-39
-29
-33
-40
-25
-36
-29
-39
-26
-25
-21
106 823
623 849
297 743
868 18
138 186
94 262
876 483
64 400
705 511
794 356
178 267
481 131
1 328
599 887
268 927
591 746
368 467
232 280
966 976
261 986
363 604
429 494
84 291
521 116
754 80
602 367
654 649
910 502
722 889
171 323
390 657
564 303
286 60
316 684
216 229
125 692
288 761
998 289
500 800
789 803
464 572
612 655
158 536
911 514
919 610
808 358
648 447
9 28
19 676
320 749
8 898
751 88
852 746
239 77
184 246
840 396
175 709
746 606
310 419
711 463
275 781
191 276
907 342
525 939
848 537
571 845
90 515
174 548
443 247
929 946
803 412
497 208
272 887
145 897
282 253
176 284
32 204
546 944
198 121
200 72
133 586
450 298
211 274
192 344
358 195
858 303
157 474
89 750
315 285
908 4
685 468
413 425
815 39
645 665
934 736
426 679
615 208
322 485
732 830
326 263
972 122
826 674
495 69
899 924
775 539
361 967
396 862
786 823
212 318
228 299
639 996
357 97
617 726
567 672
544 217
935 923
55 757
997 219
950 975
407 350
641 323
718 847
672 505
148 253
235 401
486 644
99 221
353 791
489 324
721 774
76 122
945 888
795 749
196 446
955 843
276 1000
855 27
762 583
387 913
647 568
796 457
60 243
370 355
969 586
904 208
381 289
714 230
247 584
650 920
963 217
240 821
557 906
667 248
604 778
921 865
51 836
903 806
957 401
656 928
609 708
928 373
447 334
763 920
767 334
215 569
57 69
931 545
376 743
962 532
83 346
999 253
41 750
712 309
428 391
100 874
185 108
941 101
653 561
621 670
439 453
555 579
88 984
197 770
613 607
734 527
307 791
243 441
701 740
554 502
924 800
293 488
291 819
817 822
355 454
519 281
502 550
569 294
605 2
878 248
745 44
229 432
422 735
967 788
128 627
871 642
755 824
42 304
311 661
468 750
975 601
405 236
523 116
697 142
930 253
811 900
221 238
687 548
330 715
810 313
371 142
392 660
587 53
122 37
676 960
759 989
471 740
262 900
427 324
807 824
477 285
317 105
677 190
584 679
822 24
679 402
897 991
115 108
529 414
536 598
798 238
440 375
16 912
839 831
703 173
585 872
682 12
204 260
818 932
417 483
889 632
960 91
482 356
726 832
343 790
627 861
553 877
68 853
704 103
424 582
338 255
383 59
244 561
251 566
961 344
539 448
600 882
671 155
306 82
691 252
114 958
674 515
637 59
727 984
816 784
71 53
708 882
717 678
301 456
20 162
572 143
741 724
937 406
951 905
217 162
369 644
531 93
323 989
566 257
874 563
675 801
470 781
720 179
940 716
508 956
947 337
901 537
765 287
661 777
72 534
226 652
771 538
589 535
835 825
223 248
458 199
923 242
479 579
918 837
517 278
760 421
932 423
93 823
435 770
151 797
673 543
273 882
968 374
996 565
659 542
102 203
313 709
382 379
164 154
267 339
577 781
683 610
398 160
279 819
35 749
466 618
872 246
833 820
859 146
152 423
864 748
977 386
111 327
906 142
956 633
595 985
6 588
527 784
160 829
356 455
616 635
347 942
287 953
26 838
150 360
149 257
61 121
473 303
916 95
710 548
237 513
91 399
986 206
877 927
735 860
766 568
179 850
550 207
483 478
241 302
465 902
625 849
132 264
181 366
533 208
847 209
698 203
513 733
680 547
799 831
278 813
112 325
161 258
665 499
121 586
547 23
329 737
474 264
159 713
757 958
974 821
462 629
893 700
946 277
749 813
992 784
896 137
274 416
769 78
850 257
52 386
107 139
393 21
880 40
416 314
208 98
891 829
622 373
421 116
375 772
456 715
31 728
48 263
834 666
936 758
118 454
909 139
862 467
39 209
884 873
827 842
535 22
776 13
663 662
348 312
45 47
104 800
801 860
399 334
66 779
65 813
633 170
883 942
21 511
146 750
423 694
258 570
453 14
681 3
469 298
842 689
606 561
920 269
582 168
404 586
575 478
981 925
856 341
332 831
135 153
220 379
207 269
30 905
738 252
22 75
576 270
630 345
131 400
25 787
127 628
752 900
56 790
252 260
295 542
863 578
54 719
917 895
328 501
335 598
926 180
294 444
894 395
350 17
168 476
870 515
965 895
778 744
172 459
397 449
4 561
954 300
702 537
942 556
388 982
195 619
75 401
507 990
729 782
952 635
86 17
970 324
601 579
501 560
285 406
364 254
588 96
137 664
488 520
545 608
238 367
234 162
520 425
499 804
853 101
451 785
592 739
305 706
449 442
514 352
512 296
110 583
15 696
491 321
758 886
700 206
812 649
524 515
873 95
988 670
257 948
979 300
325 366
219 386
367 579
739 194
249 354
574 505
460 345
143 506
170 203
304 319
12 570
980 631
779 728
728 885
193 984
744 922
140 596
46 87
743 431
142 518
437 134
793 58
860 699
607 562
461 352
586 327
730 631
846 190
438 308
213 748
696 58
669 993
344 534
289 976
442 96
299 618
167 902
740 788
380 995
43 63
3 165
485 543
580 774
141 631
719 537
898 134
222 638
10 379
902 892
210 518
359 113
308 882
838 194
824 991
914 522
264 162
949 836
36 821
770 879
993 915
77 785
109 92
412 886
869 67
280 837
365 129
631 395
277 242
410 117
339 819
670 63
597 173
618 166
379 948
511 821
666 516
768 194
400 189
987 103
352 459
49 537
218 563
791 454
418 40
747 548
446 50
492 562
92 528
693 561
452 933
342 345
837 117
385 959
737 867
256 792
472 632
608 227
454 303
540 402
985 5
821 887
303 246
290 684
805 882
166 309
814 522
976 813
351 97
668 788
800 78
189 797
886 271
780 349
263 209
378 973
300 819
281 386
506 596
113 120
227 879
841 136
432 570
628 530
259 81
885 982
695 233
225 270
913 565
678 503
939 346
38 642
804 103
626 857
180 214
973 186
560 17
579 725
414 296
403 395
802 448
129 82
40 707
652 283
982 360
120 17
865 742
742 134
570 638
130 266
117 209
199 283
62 783
153 448
797 186
522 624
459 162
583 408
781 534
425 37
887 331
922 820
561 581
270 448
183 573
542 318
510 534
562 825
362 748
660 33
23 943
233 649
78 831
943 136
787 269
603 156
156 155
283 958
632 731
190 590
395 944
27 494
825 761
47 573
849 620
713 995
750 372
761 123
401 646
346 900
611 991
518 788
782 831
655 493
558 377
337 250
467 684
74 124
85 260
733 445
230 162
690 29
81 777
445 82
634 177
925 63
813 756
123 984
664 250
646 5
63 933
336 640
736 11
990 269
341 394
509 484
96 394
242 58
620 568
408 463
254 725
692 434
753 87
419 526
552 53
441 296
944 866
345 629
457 202
188 832
777 147
490 124
265 563
17 716
105 498
788 543
658 581
366 854
309 581
13 573
44 866
892 487
433 563
953 206
831 80
716 503
487 530
119 248
725 298
829 50
349 391
593 784
103 541
250 37
820 444
551 565
430 134
165 147
312 116
590 319
792 642
108 69
640 900
895 134
706 201
255 324
881 415
372 205
476 5
494 662
391 938
134 373
784 377
327 559
991 67
296 384
785 836
528 373
79 182
53 386
806 18
854 14
836 843
534 635
819 18
843 18
493 774
948 879
478 828
890 748
530 610
596 154
34 875
505 269
995 116
624 11
537 636
126 861
173 638
187 231
642 541
783 415
116 619
2 319
578 409
844 823
709 394
516 73
629 14
224 699
59 186
715 857
7 436
568 420
657 139
875 394
684 867
333 790
823 651
69 73
845 434
154 139
556 900
964 635
415 314
245 504
182 463
638 900
248 18
314 87
927 80
559 565
324 420
139 321
662 411
504 614
830 271
298 14
406 37
231 912
832 386
526 772
203 389
515 37
649 50
610 475
724 431
209 882
644 144
484 694
636 905
194 144
29 455
420 581
912 206
431 857
144 163
882 163
651 409
384 543
748 82
861 978
87 302
28 98
773 573
1000 984
394 915
136 723
163 503
177 774
543 983
377 573
549 538
983 18
101 958
879 774
331 888
699 58
994 915
548 253
82 162
594 201
971 809
532 409
731 58
772 271
124 411
205 269
37 202
147 321
496 565
202 302
573 888
411 409
373 790
302 764
271 269
563 162
764 959
246 186
619 643
334 538
756 978
186 448
989 444
984 689
389 5
14 18
938 448
155 434
434 162
162 635
503 723
888 284
541 774
360 11
50 707
11 402
402 214
318 905
707 97
95 866
480 958
24 18
905 723
498 340
688 828
214 236
448 67
444 70
253 67
958 598
828 97
959 33
409 70
614 475
319 475
643 475
33 538
915 900
436 598
18 292
67 236
97 269
5 374
169 686
978 73
80 236
851 635
689 900
867 598
857 70
455 206
475 635
933 70
598 98
58 321
900 321
269 463
266 635
463 386
565 236
260 866
686 73
809 723
236 70
284 386
201 354
206 386
866 723
70 340
386 538
354 73
694 321
340 790
635 98
774 790
292 98
538 321
98 581
723 581
321 73
374 73
581 73
790 73
0 0
