3000
99
2
-83
103
89
-69
118
19
-107
8
84
-34
-116
-94
-112
-127
-92
-80
-114
86
-80
-113
-31
102
-83
-73
-36
53
-49
-96
4
60
-92
-50
121
-8
-101
-34
20
-17
-1
-20
-90
-79
-111
-18
-58
14
73
34
42
21
76
-35
7
108
102
98
48
66
-47
-33
61
-3
94
18
58
107
42
-74
-119
50
-70
-45
-54
-109
-39
115
73
-103
34
33
50
90
24
-122
-70
118
-99
113
12
-90
82
-71
47
-31
108
-70
10
-125
57
-64
0
21
32
-95
-70
-54
45
94
27
76
63
-26
29
6
66
52
-58
126
-101
-25
67
42
98
-105
48
97
-59
-77
-100
106
-30
-21
-33
-21
17
120
-22
93
116
-48
-73
61
1
-87
11
-100
-105
80
74
16
16
22
-53
28
-21
11
-36
8
-59
-126
-21
45
-37
102
121
-48
22
-55
-66
-112
9
91
-56
-61
-62
-35
88
-116
2
-111
-67
67
21
51
-98
-40
-10
13
-90
-25
41
-127
69
-61
-125
108
84
55
64
-33
-99
38
106
-48
31
51
112
-78
-126
93
120
94
126
-72
56
-68
108
-5
88
112
-11
95
77
-116
-75
67
-88
55
-17
-70
83
96
-18
33
5
89
-45
-77
-9
-66
7
73
100
49
47
-9
45
71
107
62
78
97
74
-100
76
-110
-98
-85
75
97
-96
-17
-66
14
57
-39
4
-35
-20
-15
-4
72
-24
-88
-35
68
-17
69
22
98
-98
47
-15
-85
67
10
-40
-73
-77
-87
-53
-51
-9
-52
-119
-10
-46
-19
-63
78
-95
105
73
-64
106
24
6
43
44
104
-88
-126
-73
-105
-32
95
-99
-93
-75
5
-104
-48
-100
67
23
97
-112
110
26
86
125
94
17
-56
-55
-124
-85
32
123
-98
91
17
125
-93
91
86
-33
51
24
-80
-77
-78
-115
-110
69
-101
-39
-67
-4
-41
77
81
-50
-6
-74
58
84
-9
57
-113
2
-35
3
89
-123
-93
22
-128
-87
-15
-128
32
-64
-67
33
39
2
-66
-44
-71
-9
-95
-93
-36
-79
119
-1
-120
112
-14
86
73
-42
38
-47
-2
-58
-118
1
-121
92
-105
-32
-24
-118
-118
-25
-26
0
-102
92
-57
-94
-88
55
-54
-126
-3
85
117
-40
-14
-52
80
126
31
89
-13
57
110
59
-102
60
119
-48
-81
-90
126
-127
-108
120
-4
-28
-89
29
63
-52
-82
50
-117
120
-104
101
-51
13
-57
-8
2
78
-63
-77
-20
-18
-37
93
126
-49
-77
-76
-88
23
-2
72
31
-89
-39
-80
-45
-52
37
47
63
22
54
-60
-48
-62
-110
-54
-31
-94
-114
88
24
32
74
-89
12
53
102
-51
76
-115
-114
-111
-64
105
-13
-20
16
-124
92
90
55
64
126
109
-9
6
-63
36
-80
-42
17
86
59
-62
-8
-49
25
76
-110
-84
115
17
-31
-92
16
4
-28
51
-109
-114
-55
-31
116
-38
-86
118
-22
-13
-61
74
19
73
-87
-58
-46
90
108
21
-126
26
-67
-90
103
57
49
-36
-14
62
10
-40
49
26
54
-2
63
-56
-48
-63
-5
-31
52
109
63
52
9
39
54
112
-102
-102
45
-50
114
114
63
102
118
46
66
17
-49
34
94
56
-42
-52
-19
61
22
65
-90
88
3
93
113
-36
-99
-126
-86
108
14
-51
60
-32
13
-33
-31
70
-113
80
-45
126
-23
19
86
-21
111
7
122
57
-83
25
86
65
-8
-32
-19
15
-74
72
12
43
77
80
64
7
10
58
47
-27
-22
63
72
59
96
-36
34
36
-119
18
-45
3
-107
52
3
93
-94
92
88
-15
-51
-4
-35
84
-81
46
-45
-79
22
-93
-105
-119
47
122
-119
-94
97
-11
104
6
75
29
-55
25
-70
-95
-92
-11
36
28
100
-95
-115
-60
-12
-91
-67
6
-30
-71
43
-51
-41
77
-50
18
-114
-125
82
6
58
-49
76
54
58
72
-23
-71
68
104
88
3
22
64
-106
-65
67
-86
-28
20
89
-112
-106
-45
-125
102
60
-24
4
37
3
-40
-1
119
-49
3
108
122
112
108
-72
-6
92
33
74
-77
-113
79
118
21
98
18
-26
-82
113
121
-65
-101
-9
109
-23
-2
-101
-70
125
52
-6
-72
13
66
16
99
-24
18
83
85
23
95
72
1
-28
-39
-65
-118
-41
-94
47
113
-37
7
-60
-105
-32
-48
-125
113
-44
-112
98
20
94
13
62
-101
28
-114
-13
-124
-43
106
100
16
55
-83
-61
-47
-33
-30
26
79
29
-58
-117
-77
-118
115
105
-64
-111
15
-32
-53
25
-94
75
-57
19
-27
31
100
-76
82
-80
48
-75
-51
74
-116
75
-45
-5
87
16
121
-79
-8
-60
-110
54
14
97
69
-93
95
19
-58
77
-35
80
12
-23
-81
39
-127
39
-79
-30
-77
40
45
25
-77
-50
-14
67
-75
109
-92
-32
-73
-107
43
75
-42
-8
60
-88
122
-110
87
114
87
34
44
7
-22
105
-20
109
84
-112
-83
-52
-33
124
-52
-26
95
87
68
109
33
-72
45
107
79
63
-111
26
-34
-25
55
122
-105
-73
-107
78
89
-84
23
108
105
101
-6
-106
-53
-98
25
58
-58
-114
3
69
-94
-99
-66
-20
-72
-66
25
120
116
-44
36
-84
107
-2
45
-106
-2
5
55
34
74
-46
-26
66
-64
76
82
-84
96
53
-58
-21
-103
-92
54
48
-111
11
-74
-111
122
115
-96
-57
33
49
-87
-30
54
102
-30
-78
10
78
28
33
-112
-89
-43
-121
77
11
-101
44
-7
60
-39
-84
35
-55
-73
51
53
54
-18
-24
77
-123
24
59
-120
-27
-105
88
-90
-69
-67
52
-26
115
-92
-72
-81
-115
7
-122
107
-4
13
42
108
-37
-87
-52
86
-94
88
122
-113
-6
-107
67
32
23
48
59
-50
125
-1
-22
1
80
-73
50
68
119
95
107
3
44
102
49
-14
89
97
29
106
-115
106
18
-48
-29
-82
44
-66
109
-74
-13
-122
26
48
20
-126
-120
121
4
114
-34
95
85
9
126
-6
-80
58
41
10
8
-12
-116
-122
113
91
30
-1
119
119
82
85
-53
-18
-45
-38
-4
47
59
67
-66
-63
-85
109
93
-110
89
-108
29
-122
-48
31
-113
-112
126
-120
-39
68
73
113
-45
21
-25
-98
3
92
90
-61
-31
25
2
-80
29
-77
-95
124
-92
7
44
124
8
53
46
-30
36
102
11
58
7
3
40
122
119
62
75
54
-121
35
-96
-77
87
114
-16
-1
64
56
80
-112
-119
13
-87
108
28
-102
-87
-34
-101
-15
67
89
-12
-23
-3
-75
-89
-64
49
92
109
70
115
-4
-83
95
-40
44
70
91
96
76
-19
-19
121
11
78
-9
-78
-75
70
-21
91
44
-117
-122
93
-21
10
-4
79
-111
-102
-10
67
-87
-83
18
-57
-67
59
105
21
105
-117
12
-14
-113
45
24
87
68
-45
-120
-69
57
41
-107
-101
91
42
10
-70
-20
-66
90
86
108
104
-74
125
-8
-118
-80
-45
-42
10
-107
28
-9
32
27
-69
90
59
-62
74
21
9
52
122
120
-45
76
-110
87
95
-50
-49
-66
-30
95
-8
-10
-12
125
-78
92
54
-15
-120
93
122
12
-83
92
-115
78
-66
-51
25
-6
-48
-24
6
123
91
57
56
25
99
-125
-91
67
111
-38
-109
52
52
44
-25
-53
59
71
-33
-53
-90
18
-96
8
101
-118
-24
24
-84
42
90
-69
-19
4
-63
31
-7
-59
-34
-115
92
33
95
51
-66
-122
34
15
114
110
13
-19
-40
-31
-8
123
64
87
-31
-122
97
-84
-8
-45
83
-34
-77
89
-48
-38
103
-75
-96
123
10
-56
-106
121
-125
3
126
-98
51
111
-119
5
-124
31
-82
123
75
-104
57
12
-65
-127
-32
109
89
-51
-14
94
121
-60
-91
-28
26
48
73
-128
125
-115
-33
109
123
-103
-95
86
-27
-8
-105
108
41
27
9
-128
-75
-109
-38
-75
6
-23
114
-26
-109
-38
70
75
94
-84
26
-47
-45
92
-64
9
56
69
68
-15
-96
-21
-22
18
-61
113
51
-92
-99
-12
87
-43
124
97
8
86
49
86
59
90
-13
57
-54
13
-33
-101
114
-8
-26
26
113
-17
66
-95
-125
-24
5
-119
14
-101
-64
3
122
-63
-118
-72
-128
13
-112
90
-86
74
41
11
79
-77
98
44
-27
67
23
14
-103
5
22
26
-127
-111
43
90
55
69
10
-58
-69
-60
-106
-25
41
35
23
123
-68
102
-64
-69
58
46
45
115
6
-69
0
109
-92
-17
81
43
119
0
112
-62
-39
-78
112
-40
108
116
-120
31
-19
-64
110
12
-6
101
118
-2
122
-123
-3
-48
105
94
-119
-20
40
-102
-89
48
-44
18
87
-22
30
-125
72
18
64
-91
-35
-75
-73
-93
54
18
3
-62
-13
124
-67
42
-31
-127
-95
30
-111
-46
21
58
-58
-122
-112
37
-35
92
85
106
-8
7
-93
78
-117
122
-23
20
125
39
13
59
-33
-106
23
8
106
-107
34
98
93
26
5
106
-122
58
104
92
17
34
-126
-71
118
-61
29
36
-118
79
103
52
106
-72
-14
-78
53
59
28
6
3
-91
119
27
-103
-31
-10
-12
39
65
43
-101
94
25
-31
-110
71
71
105
91
19
9
92
-124
7
-36
-29
49
-17
50
-16
87
-74
-55
28
18
-109
-83
114
-72
94
-100
36
103
-81
86
-33
-71
70
-53
-26
117
-49
-70
-126
-16
35
-84
-115
101
-35
-10
121
65
-99
-39
90
-76
121
63
122
111
65
67
-56
63
35
-53
-31
25
37
-47
-15
110
-77
114
-18
-6
5
-10
-109
-15
122
-67
-100
-112
-128
-21
-25
-50
109
120
78
-123
-105
-72
-97
-119
78
39
9
-16
8
58
-73
67
-32
3
-59
-85
-67
-79
-24
88
-111
-54
-28
123
-67
4
-16
-78
-71
91
0
-1
61
57
-10
31
30
-85
-90
-58
8
30
-83
82
-107
19
-4
103
-108
34
28
6
119
10
47
-118
-32
114
60
-25
108
92
-58
46
-55
66
40
40
-66
12
59
-70
-77
101
-116
-117
-37
-34
36
59
-64
5
47
-7
55
17
-75
35
14
110
-53
-44
55
-25
74
-31
18
-117
-106
25
-106
-108
119
15
12
110
-111
-15
27
-9
-50
-108
-66
-107
102
-128
-50
96
97
-87
-35
100
-66
59
-26
8
48
95
14
-119
14
64
-91
-116
36
80
-56
-74
26
40
95
96
15
77
35
106
123
-8
118
24
-46
10
25
-56
-22
-109
-13
98
21
-58
69
-58
-60
52
59
86
-117
34
-44
-5
74
2
32
-105
119
-65
-89
0
34
12
-95
-99
82
99
-23
-104
95
-87
-89
-103
-126
-63
-52
90
-52
32
-66
58
126
-48
-57
6
-109
78
4
-103
-113
80
-84
-110
114
-37
-102
-34
105
-71
-124
60
-1
113
-66
-82
-55
-13
84
-53
37
-113
74
77
-30
-14
118
17
11
-12
-57
-51
-42
-33
82
-70
92
-6
46
115
-113
55
-97
32
-38
-98
-57
-117
107
-98
-113
18
-68
-4
-93
-49
63
-28
88
70
96
-126
-80
-111
17
40
57
-96
-50
-13
-102
-29
-8
-25
-29
11
-86
-62
-19
113
-58
-43
-110
36
86
39
-53
13
-90
61
-65
77
-86
-128
-21
-3
-47
-116
-56
-72
-43
39
-4
35
11
-122
-79
96
67
-23
81
-117
-102
107
-112
-55
-117
107
-11
54
-39
-64
66
-56
53
-77
38
26
80
-107
111
-26
97
90
-17
98
-125
-46
-17
-51
126
13
-89
92
14
15
48
57
-69
106
75
46
123
-33
-66
80
18
99
55
38
-87
-69
-108
24
-118
35
42
-73
-97
-120
88
-35
45
-102
70
11
-89
-68
15
-8
117
24
39
-50
124
59
46
-117
-119
123
95
83
-124
50
24
-103
-54
116
-57
122
-56
-95
43
-37
-93
-91
20
-5
74
-99
115
-55
-107
82
83
-15
-19
-65
-40
84
-52
-2
75
-59
12
79
-58
96
17
76
-95
-70
22
6
82
-81
17
91
-123
-97
46
-27
43
96
-42
28
-67
-123
-38
-51
41
83
52
-72
-94
-103
17
71
80
88
18
108
-85
-10
50
-34
-68
95
-64
-13
37
46
-52
-26
-80
12
126
55
-70
-70
124
-67
-82
102
109
-20
124
46
77
-86
40
-37
-83
5
4
42
-92
22
-127
-111
101
-43
78
-25
34
-116
17
57
86
-2
75
29
113
-16
18
-94
59
13
32
-31
122
-102
69
-36
74
88
44
103
-105
75
-4
-115
81
-87
-112
10
-34
99
125
-97
-56
-115
-60
62
19
45
53
112
-33
46
-75
-7
66
-120
-59
91
-109
-90
8
-31
-17
-112
-75
-89
36
75
-89
95
31
15
116
-79
-69
58
-71
92
44
-3
16
-27
-113
-86
70
32
73
17
-78
83
109
-102
-117
89
-25
32
-22
-84
115
111
-65
-2
47
-9
58
14
-96
-78
-123
32
19
72
-17
58
-64
-53
-13
38
-52
69
54
34
55
-80
-84
-107
-2
102
-16
61
82
-44
-78
-113
34
83
33
-58
100
101
-65
80
-103
-57
3
62
113
11
-118
0
22
-79
-6
31
-81
-49
-68
-42
-68
-89
109
-121
-35
123
-113
13
123
51
32
54
33
-95
-36
55
-49
-71
123
43
-17
-13
-75
-57
-120
-91
46
-118
-64
16
-45
46
107
15
-89
17
41
-57
-25
-69
-7
36
91
49
80
-113
91
69
54
-15
45
-112
52
-74
122
-48
89
87
-84
-22
-16
64
119
-19
64
40
69
69
-103
60
-96
-9
-77
59
24
-90
-28
-84
-54
-112
21
111
-48
104
-29
-32
14
-43
-45
7
67
56
113
48
-90
71
-18
49
92
-118
-25
-76
16
-80
-45
-125
-40
-126
-81
-38
-114
82
-26
-6
-13
113
27
-10
-35
-37
114
-19
-105
100
56
-31
-11
-89
-82
4
-87
-47
-66
-126
10
-12
36
-67
99
-84
80
-63
-30
-127
89
-95
62
81
83
-67
-89
15
-22
3
44
13
42
112
3
27
-76
-9
63
110
23
-84
104
-114
-97
20
43
113
59
90
-35
84
-112
30
-38
-12
21
-19
-54
41
-11
-28
126
118
-11
-12
32
-94
74
-4
81
47
89
-86
-25
123
125
79
32
-72
-31
47
110
-68
-45
72
-114
106
-58
0
-127
-77
-79
-29
26
-41
119
82
-90
-90
35
35
-104
-4
-111
43
-38
29
-5
-30
14
-45
65
63
58
62
-121
71
8
-50
27
57
10
59
88
58
94
-93
-77
77
82
39
87
9
-105
105
-40
-84
-112
79
-50
-23
-34
-78
100
46
-77
52
35
-57
55
3
82
-87
37
-84
-30
-79
-39
78
-88
-64
14
20
65
118
36
-58
73
-124
63
-59
82
-38
25
30
-97
-128
0
-32
-41
-45
108
-71
88
73
-83
121
26
29
1
63
57
2
83
66
61
78
-49
-95
91
120
-47
4
-14
-56
-49
49
82
-89
58
-45
-20
89
15
86
-93
-107
37
-109
-115
100
-116
-114
50
5
39
-8
30
-64
105
-6
62
79
69
-36
-63
78
119
77
51
-81
114
-40
-61
80
-11
-106
-55
-73
4
-128
32
84
74
-92
89
27
-120
-124
120
82
-63
-26
-39
-13
-122
-100
-115
-127
-19
89
121
-88
96
-80
81
-46
-31
114
-126
-55
32
78
-124
95
87
-56
113
24
-82
71
-82
9
-120
-37
-67
-61
-112
116
84
105
-98
90
111
22
-36
25
-45
27
121
-69
87
-107
-7
71
-128
-118
98
104
53
97
22
49
-13
121
-32
-109
-62
51
-127
126
-54
-11
125
70
96
-45
-58
125
34
-81
-9
-114
72
1750 579
1379 1459
2989 32
1411 35
2551 2767
708 1933
1447 2732
2037 727
1953 1055
1590 1190
1345 69
2618 1737
32 1084
2552 657
559 1838
1104 1408
2795 2491
1729 1922
669 2392
197 1920
2570 2195
1661 2106
1981 842
1724 2761
2772 1415
2091 87
1152 869
2788 1790
64 1221
1013 828
1216 1766
421 1062
1291 616
108 310
2260 165
1977 2661
1114 2125
468 1717
523 799
2122 1306
1794 1311
1919 2470
2147 2825
1800 13
2739 1882
166 1065
1955 1704
390 505
52 341
1641 1716
1617 2445
1524 1454
1025 881
2794 2613
1925 2885
134 1508
2177 1157
248 1427
129 327
23 401
1571 27
1192 358
2884 2190
2496 2566
91 1135
1621 1957
2300 702
1460 1754
31 408
2093 592
1429 2885
1583 752
1189 348
659 2070
1662 55
1587 284
2638 2179
2675 1811
514 2270
556 271
1164 2449
670 437
789 2115
1362 2403
169 1631
623 2833
1681 2992
27 2719
483 329
113 42
1619 355
2566 2626
1309 1877
1275 2486
1160 543
2427 443
434 1588
2871 2821
2326 2782
1746 130
1549 2462
2527 553
1260 1536
1334 60
260 1850
1185 1866
2643 1976
1207 935
613 2689
538 1868
1877 2438
1770 2025
1 2248
2856 458
1514 964
438 2581
968 87
2799 316
683 283
335 1783
2849 2703
1613 396
2209 1713
1193 1344
2493 1457
904 1603
1723 2490
345 2696
2127 1274
1124 906
828 414
44 573
1339 2960
2083 1563
146 2262
1134 841
647 2482
1879 1250
2358 333
12 2226
431 2823
2316 193
300 580
497 2816
2221 2469
790 2858
1811 1536
389 1043
946 1295
860 2501
1121 1793
1418 2389
2667 839
1470 1664
1183 88
2173 1937
238 2305
508 652
883 2422
1436 2699
835 1397
1219 1116
1749 522
2507 2939
365 2387
79 940
724 2852
17 330
168 2898
1873 1348
126 1909
2136 2657
731 2355
1257 2984
1412 1982
2710 699
637 2690
2042 405
111 1790
2790 1909
1752 2482
1298 1201
1930 159
161 1317
2845 2223
1067 2004
2463 1307
131 441
2077 2761
500 201
340 2137
1340 2296
487 214
1694 2155
2339 215
643 41
1962 517
858 714
1181 743
7 2717
910 2461
227 2649
2344 1995
1011 2560
59 2222
1973 2467
2441 1669
1616 1077
1084 1836
212 2990
1493 2569
773 1386
1564 484
1101 778
1244 448
1463 195
2987 279
45 600
2647 2728
88 1354
521 801
610 549
1187 622
753 700
2614 2935
2842 2504
1407 2500
1364 2670
374 1153
2644 712
2584 1123
530 695
2249 2342
1884 2343
684 1096
2273 463
38 2945
440 1188
2375 2820
1126 2681
2484 2257
177 923
2208 2676
1292 2541
2021 21
1898 378
788 437
507 2398
1816 174
1004 2591
2693 2993
2641 1943
850 2222
2386 1982
1589 903
1065 794
2753 273
1430 2409
545 2758
648 123
2199 783
1349 2642
2689 472
1923 889
1445 2498
2235 2783
1015 2649
1991 162
1156 1135
2034 155
1910 2848
1500 840
1019 1264
2723 2867
423 255
775 2195
2186 597
1595 2135
1912 1900
1964 2457
2129 2926
1141 2353
546 1209
2653 330
1502 584
4 1759
2363 2616
1431 2775
2844 1576
1082 2938
2152 1469
982 964
428 1086
2829 2206
2625 2703
2783 2587
923 802
1165 2032
1945 162
1864 620
1682 1353
1262 1821
1113 2564
2181 2065
1689 2983
1795 2958
1327 1316
975 576
2848 1410
2381 656
1658 67
2007 157
442 2351
581 2713
2205 2050
2916 271
1907 9
2107 2776
1637 1459
709 195
304 1632
2763 2610
1420 1391
493 435
1990 145
2861 2828
1296 2222
1579 2506
1576 1462
1668 2313
2483 983
533 155
846 1946
1515 831
2251 2104
1197 2397
226 415
618 2834
1484 152
2023 1831
1956 1109
2906 2162
1777 1090
1976 511
716 2480
337 2473
2047 1733
2488 2038
305 2658
2853 386
2528 622
2688 130
1342 1716
2299 281
2294 2922
2379 2660
729 1048
616 1952
1822 2270
92 1017
101 2098
2711 1880
2303 254
70 1432
488 1208
1376 2617
536 2897
2033 2049
180 1151
2513 1241
394 1400
1120 2805
2982 1250
1881 826
201 551
2598 552
1961 1419
2416 144
2417 1155
2897 2712
1119 1684
1449 1136
1230 1115
912 1758
655 1654
2611 1495
239 2671
1476 1937
2178 2972
2912 863
1944 1371
2247 1167
1653 2656
1933 1092
733 2241
1087 1713
1375 133
296 2931
572 2232
1882 1678
1115 2440
2057 1172
2642 1231
1654 155
30 299
1702 292
1198 2687
539 560
339 216
2022 2852
446 90
1330 349
2665 420
1227 1399
1093 1545
2160 2858
579 1130
1341 2313
677 2432
2341 94
1038 810
2943 1839
1832 2867
524 1496
1760 2729
865 2900
154 921
1713 2636
1683 1985
69 1966
1045 933
286 574
699 1522
1311 943
983 109
1143 2600
571 2238
1963 2823
1825 690
2376 2167
2002 2019
1033 1365
2941 870
1901 1344
2821 935
1517 829
2284 1868
2026 1385
1206 1012
2245 2709
2106 1002
278 690
2867 847
263 2419
1315 1405
1030 484
1150 2187
2184 786
2272 1848
1846 1998
2597 2321
2489 2065
2868 1748
1978 2006
393 1899
1819 2909
1225 660
1558 1780
692 1050
498 2837
285 1627
412 587
258 2362
1937 262
687 122
2425 2071
452 1693
204 2696
906 323
720 2733
2672 2759
2323 1834
2464 1076
878 1815
570 306
1987 550
378 1959
2729 1137
1190 1280
1757 1806
2349 336
2782 1874
1371 1319
2596 2482
2792 2977
2733 396
264 1821
2301 1534
1652 1677
1118 2722
207 759
2809 2436
242 58
1790 2302
140 1472
1495 1647
419 2278
2944 2734
964 819
77 2148
331 802
2406 1491
1399 2959
485 1365
2340 1855
2985 1154
2072 2432
1222 2359
1979 2577
2495 2901
601 1465
2132 1017
2050 2054
2590 221
1195 807
892 1934
2382 1474
2163 1631
56 715
472 945
2314 97
2112 1000
1246 2981
2583 2141
411 314
1378 1727
588 995
132 2
2088 366
1323 1211
657 2858
1271 2899
642 992
2084 2808
85 1083
2236 971
1425 402
2161 1943
1611 57
2962 2202
2460 380
2500 741
957 2686
1020 1393
338 2066
566 2290
2586 993
2222 674
2811 473
928 2191
382 1220
2796 1818
597 1078
2537 2261
2919 2888
2532 490
458 1319
2188 1450
1560 429
1367 2781
2925 228
2422 1774
1740 2840
562 622
1688 1793
955 2911
1331 565
63 848
1028 712
53 2103
2331 557
2854 2313
94 551
2901 1052
353 142
96 2966
1136 2727
1422 1784
2550 2767
1166 1116
2601 2846
1478 373
803 11
1711 456
292 1975
1272 567
198 503
2335 2846
2745 2403
1235 624
2516 2443
2248 2881
2535 2176
2539 2895
1270 1565
2446 2081
259 409
2966 2105
859 703
1337 2640
1732 2890
2768 1842
2524 1243
2 1285
2973 554
620 2589
219 1844
2504 1452
2656 1609
1128 1840
2608 1936
1212 268
1700 534
83 2371
593 1302
1518 2214
2724 2320
2673 2400
2759 609
781 690
2655 1677
2490 2961
1850 798
1775 1366
2681 654
768 231
2409 991
1766 1276
2081 993
1204 2947
2895 2632
1697 346
2975 2447
1655 2767
697 149
1332 1174
1201 1892
2291 2530
2362 1008
205 150
2233 2954
1895 1759
1293 2244
2573 796
202 628
1853 2776
49 432
1161 1350
2467 1133
449 14
2949 2942
1437 2694
1110 887
1542 1406
1006 1098
1167 1079
1107 1796
233 1650
2744 341
1506 2469
2651 1302
2224 2226
2399 2397
2258 1057
706 2458
1129 2843
1970 802
873 2087
583 2894
2976 2927
2334 2262
2143 2932
2825 596
1255 696
823 1301
584 2512
2219 2101
1648 2087
21 1716
2192 326
1706 57
1878 738
2354 2810
2369 1457
2588 2687
2263 640
604 1557
1866 718
2657 1950
480 1018
2304 10
2016 473
1686 849
1321 1062
1203 2288
2108 1307
149 2988
1555 1032
977 1705
2628 1024
1534 2540
1508 2183
2266 2530
110 2411
2423 882
1252 1320
2305 1238
1940 1213
1762 1153
2411 1385
2909 2741
48 2155
1801 1226
1965 726
1106 136
309 1361
1887 1282
2623 2698
1300 133
494 694
866 884
1680 2907
1050 1998
2754 2238
595 1737
2387 250
907 2658
1480 1003
1509 1773
1053 2232
356 424
1841 2087
2241 76
2889 1830
549 2978
617 1329
960 932
2544 2134
806 567
1969 2035
2269 1934
966 503
2963 1147
2945 935
291 1214
2372 1848
1307 633
914 2289
2639 2254
1088 1122
2959 2343
2992 748
2838 2230
2839 1559
939 989
644 2230
2869 1967
51 496
1170 189
671 1791
1396 1758
14 1112
426 2420
1182 1838
517 2400
2066 2319
391 631
2996 715
1947 2295
1570 1018
1052 1218
303 704
2141 711
1530 463
2589 1450
377 2343
2891 598
783 2571
1304 1602
2043 333
11 2342
1513 1696
2823 1174
2604 2206
1903 2193
2607 1487
1701 1943
1624 2775
1344 934
1492 1773
1598 405
1591 2547
2027 1543
171 1388
1010 2385
723 143
2933 1646
504 2085
2828 1737
141 2506
1029 1805
213 1423
2009 625
1698 1902
359 1768
736 1644
884 2121
2547 107
830 2756
1467 2020
2731 266
2877 567
1295 2850
1368 433
2220 1824
901 2923
496 853
1217 429
1158 1536
2078 2683
407 2400
2802 418
890 802
2791 1456
2187 153
199 2950
2882 2400
2306 1009
703 445
1153 2664
534 1754
1562 2501
2575 2289
2242 2031
469 68
187 2252
167 1491
2942 1386
2913 2174
1840 965
609 1860
2819 2820
1936 2827
430 992
2166 1417
1994 2634
2749 755
1833 2061
1663 2350
646 2900
842 2514
2932 218
1803 1319
462 2519
2197 1960
1778 125
2718 81
1320 1319
831 1044
2073 2503
633 1812
2289 47
2859 1003
2576 298
367 761
626 1112
1687 1510
453 2893
2052 911
2391 2393
589 980
1574 2202
602 1913
1631 2703
935 2388
1843 1521
2307 2972
499 598
1544 1400
1510 2096
191 667
1310 1632
399 999
2096 903
625 1209
328 1504
1174 2499
1643 2776
179 1566
1139 2063
289 653
879 1172
355 1283
738 639
2203 1419
269 962
2629 2879
2965 464
1786 1952
2836 2902
35 74
719 130
409 2497
1263 1943
543 1269
815 2900
2243 2568
2124 1967
72 505
465 2232
1605 157
1828 2114
310 2858
1670 2032
189 1737
2370 1948
1573 2420
1536 2097
2476 156
1276 1286
2278 1602
307 2879
81 414
2905 2286
1904 2302
2910 443
2743 1561
1444 1545
1186 746
624 780
2225 2226
1249 2557
320 612
1886 1496
1776 1552
1928 954
2113 1531
71 2065
1077 1360
316 2686
2800 1485
1079 632
827 676
1451 1239
2841 814
1592 2972
190 1781
1667 2558
967 2521
1935 1259
1239 778
1768 2682
2397 2938
690 60
984 2928
1577 685
2420 211
1926 2056
2402 312
2896 2756
766 1046
2085 98
121 1096
2626 2830
2875 1814
1395 1893
381 972
2562 314
86 473
2808 2277
2857 464
2876 2000
1302 2048
2956 777
1815 2738
786 1830
1258 188
780 532
1823 160
2195 702
2439 2128
924 1471
1998 2450
1299 1640
100 2215
429 1909
1312 676
196 398
98 2872
486 634
1737 1259
2045 1712
255 1857
1802 2636
324 2259
1415 2102
1548 1138
2378 392
349 1789
76 2109
629 1789
2492 2778
1360 388
2716 312
2017 2044
525 262
757 2105
2104 2736
710 2931
210 544
2786 275
123 1319
2218 1290
1433 722
1242 2820
1001 2212
1892 1869
2978 1769
679 2499
1392 2180
183 532
267 97
247 1968
804 882
2557 2506
522 1788
1797 1520
2059 277
2031 1494
231 1664
596 2183
119 855
2936 1318
1792 2117
385 2696
1784 2765
1798 1772
1089 2142
2302 1491
2102 532
1612 424
2103 952
1748 1835
1042 1448
447 1708
1516 1985
2512 2126
102 454
352 2105
800 2357
2393 314
1519 1163
2820 2444
1406 2159
1132 2632
8 1095
1243 1149
1756 2274
200 2748
2466 2525
580 1957
2064 114
2051 2760
664 1868
1096 1370
2632 1333
1941 2151
844 346
852 689
705 364
922 66
256 1457
406 1821
1076 2860
1868 2918
1572 885
2591 249
2455 333
989 2261
2613 1184
294 1232
1695 89
211 2564
1178 2153
1545 2287
2730 849
563 2691
2968 439
249 2126
1952 785
836 95
2090 1870
1269 2677
1503 2677
2470 1520
2395 1237
1906 894
2319 66
1597 2540
2201 130
55 116
2818 214
1393 271
60 62
667 2666
2013 2740
2858 327
251 1435
2348 2440
2451 598
864 725
1154 2279
2878 1421
776 2676
1889 2238
2958 645
689 2065
2518 2189
953 2345
2182 2198
2116 1905
1634 2582
2834 688
1609 959
2803 2907
2396 1148
1022 1650
1016 1538
10 2384
872 903
2927 2130
2215 785
999 109
2974 997
1466 2556
612 568
61 2440
2361 698
2062 868
1483 794
2872 701
1403 529
1747 826
1397 1827
1268 2322
2413 1708
466 722
1789 2285
874 717
1322 2110
436 2981
1103 2747
1196 621
1472 1929
1410 2120
224 2742
1675 1993
2477 856
1497 1627
569 318
460 2990
821 1318
1386 1730
1459 2515
2332 2457
2121 2879
714 2338
1647 2168
2671 194
2049 433
1565 2190
1265 767
1885 2128
1922 1710
756 1473
283 164
26 1734
902 2148
176 5
2126 520
1520 2674
2444 2567
2298 1280
1232 1279
2831 2005
2347 755
1575 2398
2461 1891
2183 1112
410 1528
887 2991
217 795
2893 470
268 293
484 1055
2384 120
39 1234
2145 2475
2054 2780
577 2315
1660 688
685 2946
2549 1806
941 2028
2408 1924
2015 2365
770 2227
253 1306
1512 492
2519 2281
138 2471
471 319
115 1108
2684 1679
1491 1543
2216 1215
2619 2742
1319 2752
194 932
178 1968
1441 1946
1550 1494
782 50
1719 1781
2926 2866
607 732
1556 668
2035 1896
1438 2892
2004 2146
1055 427
1280 2020
1755 981
475 2699
2986 1831
203 97
218 2456
2099 746
1736 1862
1650 694
424 1852
807 2634
2282 2917
2456 216
2714 1854
2329 606
2708 812
707 567
456 2694
1957 1223
1834 477
2089 1453
1238 403
2471 2277
250 2548
2994 1414
1826 2005
1992 779
2465 1062
2164 467
1159 1486
650 1672
479 284
2736 1400
918 1831
1462 857
552 2217
895 654
2426 2309
366 2862
1767 696
2775 344
489 1844
322 232
124 75
1264 1047
185 2605
645 1606
2556 2271
2817 1966
811 2211
758 1061
2660 2025
1559 2366
2621 182
1856 1975
2487 1273
396 932
2024 1102
1333 553
2703 820
2380 1435
2212 1277
1014 1721
921 334
2606 739
1820 1059
1034 805
1918 2917
2886 1005
1007 1032
478 19
1553 1281
1347 1446
2679 1173
326 2565
1163 2502
2543 1048
2998 1691
1728 240
1614 1266
1804 779
1351 1306
2980 275
2401 576
2864 2903
2082 2812
2028 578
973 433
1995 519
1267 2766
1419 2320
813 1301
1782 2154
763 1485
174 398
839 2019
2984 1769
1169 951
1538 463
739 819
2144 1883
2525 635
2522 2633
15 652
1735 2475
2191 2453
2649 1870
182 1237
540 2662
2898 674
275 948
1434 2694
2060 155
2036 2918
885 2517
2922 262
2810 2040
29 2018
1475 1086
568 2097
1490 891
2807 814
1722 2135
2012 509
958 518
1247 99
2555 2630
2903 1783
371 1409
2761 2727
2453 2038
2038 1838
1657 1365
1147 2025
2165 1714
2977 1092
898 1917
2698 1899
1413 1285
2039 327
1461 1814
216 151
2142 2798
1966 2720
1927 2019
1716 1525
1622 2970
565 1318
1428 1477
1471 2283
2523 1734
2756 832
93 2577
2920 450
2407 1679
544 1610
2080 321
1764 271
870 99
2850 379
841 505
254 1391
674 974
1095 713
1646 28
1915 529
641 3000
1659 1806
1817 2170
2935 2541
1677 1861
1908 2095
2930 696
2149 1656
1806 1240
2995 2325
2374 749
1765 103
1098 1211
1807 1233
1369 25
1057 2421
1625 1809
2432 1400
1920 1233
476 2579
615 2433
2494 1274
974 1305
840 1636
2293 2826
2678 2705
1409 2509
1501 529
911 1423
2929 1452
2327 1109
2911 384
2271 420
1391 1427
372 2356
384 1226
1314 1318
847 1872
1871 28
1526 1761
2827 988
395 2594
1383 1759
2697 1931
2474 799
2214 749
745 1725
1972 354
752 2530
1135 351
1005 329
2200 2603
1350 1040
2343 2677
1044 1566
2032 467
1094 740
237 1357
1162 995
832 1442
1939 913
795 2134
1356 1074
348 1109
693 327
2559 550
854 6
2740 861
2283 2140
1865 515
1783 1968
1283 2734
2472 2229
347 2695
2860 2364
427 2939
2846 598
2168 621
2663 2434
1452 1496
1531 2637
1584 67
676 2498
656 235
1831 777
2167 1041
2196 1967
2594 2918
1842 2737
2948 2676
401 542
619 824
2840 2270
2275 594
515 528
306 1313
420 2238
660 1245
383 1780
416 3
2746 1308
1950 1639
2918 2737
1223 1951
900 1761
2003 360
876 1414
746 2265
2742 819
2092 2324
1954 2563
654 574
153 2970
970 1875
1234 2758
2499 785
1380 321
2001 2486
1672 2777
2784 1567
42 849
1149 1454
1416 1684
1721 2252
1421 819
2392 2322
631 2691
2633 1535
1929 1316
173 542
896 971
2311 1563
2065 1070
1049 1664
2101 2281
1365 2231
2765 1070
2762 668
2894 143
2567 1710
747 2577
2789 1474
2865 1769
2521 2281
84 969
1830 1353
114 1027
274 943
75 2866
2574 1773
2094 1685
1357 54
2364 209
2312 1080
2274 206
2915 2881
373 608
2068 2154
490 2627
273 2415
221 2070
1839 2964
927 2728
90 40
2256 299
875 1387
1656 1985
808 857
109 2074
2862 2866
54 2771
1112 2997
704 1208
802 506
512 980
2981 777
2255 2390
857 1588
529 678
1061 519
1523 1902
2917 1606
2114 2652
711 1983
1398 1326
2928 2019
2433 855
862 1649
826 1691
1640 564
1123 772
1594 2726
2793 1138
2005 1632
481 2627
937 1664
1914 2600
413 833
1353 2668
2237 2603
1902 2706
2479 2705
1251 855
1486 1983
979 279
742 761
41 257
1567 1869
2281 2491
1971 1277
2798 2217
2133 1808
963 1361
2677 1208
1642 2250
147 2779
272 2131
1982 2140
159 327
744 2345
2771 1743
861 516
1494 1036
37 1214
882 19
1665 1725
590 1628
661 1468
1951 554
1837 1618
537 1172
2506 2366
2940 2250
1899 2279
2244 2747
1041 1949
651 1303
917 1448
774 1629
313 1671
1303 2505
1761 1294
1231 2585
240 2542
1527 1731
2371 2702
491 1876
1772 414
1917 290
801 2419
2748 2735
2870 2447
1130 2434
2040 718
135 287
761 573
666 785
1996 318
1890 2320
1273 1838
2806 1382
621 2421
2704 1075
1318 931
1671 2717
1727 2309
1636 2545
2207 2939
1146 2139
1488 1111
894 2450
329 1638
856 2571
718 375
2540 1742
938 2781
2855 2485
470 1673
24 158
454 1566
351 229
2953 495
635 1012
1105 818
464 2238
1148 2988
1821 1180
2118 1593
991 1827
691 2076
1528 2847
25 1032
1812 665
1791 1109
2835 2365
379 1844
1857 2969
2457 282
295 2885
241 2610
1200 281
1751 1210
735 386
2664 2534
829 1862
2308 2887
2937 1664
2654 2394
1390 2587
721 1835
608 1072
43 2883
1358 2265
1316 443
2350 1168
834 2204
1473 461
2709 1875
1443 397
2257 2355
2046 2545
1288 1194
2044 1861
186 1453
1679 82
1233 1286
1999 2609
2405 1253
518 1133
713 1254
2691 948
319 2890
1629 2813
1308 2146
734 779
1289 2480
1911 942
2778 2536
2320 2325
1734 2571
591 2964
1537 2572
433 1788
2231 2468
1066 2454
945 405
819 649
2727 2700
981 2533
2367 323
1551 2881
1569 2658
130 1620
2725 432
1566 1435
403 1056
2542 1301
1714 2097
1382 606
236 2568
2563 2008
2481 665
1290 510
2226 2508
1018 2670
2712 1091
1404 308
65 450
2071 2468
2403 787
2755 1997
1610 192
740 321
66 535
1496 36
1666 143
814 903
112 2148
998 1628
405 986
415 2454
2400 266
1938 877
1684 1958
1261 246
1618 2262
959 375
1810 845
2280 886
1180 290
62 164
2645 658
976 2609
881 1074
1427 2833
1205 1521
1835 1277
2213 2636
594 443
560 2545
350 128
1674 1854
127 1808
520 728
1540 2292
2648 1374
1144 868
2069 2722
1859 542
214 1599
1385 817
477 2317
2497 1469
771 2063
1759 2826
2365 1224
2514 1040
234 1993
2961 2577
1236 334
2324 1498
694 2295
737 82
34 2529
2268 137
78 2979
2908 550
888 106
1266 853
1805 2383
1620 1809
142 57
2025 139
743 1394
995 276
2296 58
2634 156
1554 554
1707 1960
2600 700
2174 2153
40 1035
1455 1741
2766 668
1071 1285
759 1788
2738 1623
2120 118
99 578
2076 448
1673 444
118 502
2529 919
965 380
67 13
1814 931
1588 2485
696 2533
1059 1876
2355 1596
1450 2067
136 2485
1062 2368
2458 531
1226 2595
2485 2620
1984 2952
2185 265
919 323
1635 344
2336 1615
1780 2785
2902 2246
2816 1769
2246 972
2580 122
2239 639
2636 2609
1601 2887
2442 2577
2285 2357
1845 1916
1958 1809
1717 1168
1985 1035
1210 1458
2826 47
1054 547
1191 1414
2967 209
2074 2313
2592 1171
2287 170
502 1883
364 2951
2687 280
1603 2053
2546 2254
855 441
1645 317
155 1194
2030 2719
2440 330
2156 2950
1942 1896
1989 1836
2581 2900
791 762
172 2993
2150 516
754 1600
2531 1632
370 1581
1851 980
2000 2873
1599 156
2997 2879
299 2265
992 513
2558 1122
2337 276
13 2180
342 1070
1779 1284
2501 2138
245 2751
985 1847
1175 1586
2097 557
369 1048
715 2721
2468 712
1809 1282
1282 1336
1381 947
1808 1138
270 1485
36 2292
662 1446
1813 1338
1069 728
605 2979
2131 1870
2309 837
2421 2313
2388 188
516 1281
105 755
336 2560
2572 1063
2722 527
2276 688
1511 1151
2990 2900
2321 2359
1678 698
1710 926
1862 1072
1741 2610
2674 209
947 1256
606 2635
2779 2934
2279 822
165 2063
1858 95
2801 2333
1986 1284
360 681
2767 2971
9 541
1581 1177
574 2189
2014 252
863 640
2469 2322
672 271
2353 193
916 1228
799 2705
104 1035
2536 1348
2510 741
451 2735
1913 2230
225 845
2951 1176
2445 1744
2105 2486
867 2752
2757 686
1173 978
1259 2345
2342 1739
257 1184
678 2947
611 2491
1032 474
1585 223
2813 1448
2517 2758
1335 816
1487 1002
2735 1208
2695 2006
2190 668
448 794
510 2579
1137 2874
940 2019
915 2438
2852 1070
1876 1454
230 614
1278 2503
2123 482
1081 1623
1705 192
1229 18
2726 404
1773 1245
358 333
886 246
2758 1844
2202 2360
232 809
575 2577
2658 1036
961 2061
175 1824
2193 1731
849 228
727 824
1021 2879
1793 120
1582 2228
2553 122
1108 1731
816 573
2048 2883
95 1224
1836 1844
2526 682
2328 1366
2666 2616
686 87
1294 600
2158 2970
2888 2700
1685 107
1968 1313
74 1432
2292 2863
2418 2223
622 760
1547 793
2148 843
82 160
106 948
2630 2360
748 195
1085 675
2449 2776
871 1676
2155 603
755 2970
653 2899
343 582
732 1580
997 614
2447 903
311 445
824 2520
1758 1799
314 503
665 2368
117 2873
2571 1058
2999 1626
281 162
22 2265
2890 2240
2509 1745
184 1633
2873 578
6 908
1083 2701
2383 1256
2262 825
28 1439
1286 519
1423 899
1604 467
414 1644
3 2830
2063 1305
505 2450
243 1405
1924 1027
2787 929
701 192
46 1477
2670 2006
2204 1602
2971 2705
2317 750
1224 792
1983 2346
969 822
2533 208
2318 1529
308 1676
143 321
2797 1279
193 652
1959 1122
293 769
346 2430
1329 2412
2436 1730
2719 1505
1529 1068
2110 1168
2252 2728
2750 2288
2879 2134
2676 2579
2770 2138
2189 1703
2627 2881
785 1070
2713 1900
1703 1676
573 2939
1092 1863
2502 951
2146 1248
1893 988
439 417
1875 2881
2705 315
2774 80
321 2210
751 793
658 765
2325 1469
1788 760
2462 2130
1733 798
1215 2851
1188 1355
2297 1250
1131 2100
1138 993
787 376
2900 1712
1563 526
557 1691
157 1366
215 1253
332 1384
1456 509
1370 2815
797 1993
2700 2394
1400 1111
2434 2450
2923 1894
1336 2734
492 1008
2179 1669
47 1897
1326 926
50 564
929 891
2931 1359
1208 317
2394 777
1179 2228
1731 2764
2410 302
2356 1521
506 2480
265 582
1277 1943
2957 2824
2686 988
284 145
2498 208
1279 2117
550 614
1997 2169
1888 1774
2983 769
2885 2706
1870 1127
2351 287
2055 673
1297 2359
301 1771
2267 1897
851 1763
1374 1002
1709 2847
2993 1600
461 818
1171 585
2701 1099
1541 2075
1948 2781
2368 380
1615 1363
1909 1712
1988 750
1623 2659
2295 688
1847 80
1417 822
1012 2087
145 956
868 2520
700 195
2637 519
1388 1363
1725 1639
1967 152
2115 2646
554 2211
908 152
1458 2290
1389 2585
2682 402
2804 897
931 1064
838 2650
2315 810
361 2702
1040 1000
1993 443
435 388
2805 528
1872 2211
818 457
636 2130
2640 972
437 1317
1051 2560
2960 933
2075 2866
2699 2515
1017 1220
2534 2863
2582 1522
2969 2385
1285 1036
833 1607
793 796
2138 1602
722 1346
1199 1348
1343 1048
1489 2776
2707 784
962 2530
2253 1064
2313 1214
1214 1402
2781 987
1102 209
16 1946
2373 1720
634 2954
2904 1306
1743 2587
443 2505
954 2151
2125 519
2952 2702
2991 2720
2538 1692
1787 2058
1608 2652
1638 1505
951 632
139 1946
2680 209
206 627
2366 1561
418 2569
1325 1220
2435 2404
585 444
2041 1046
2972 1692
1348 2830
1720 2169
2414 542
1980 1546
1606 1943
2955 1568
2947 1880
2079 151
893 2866
2390 2171
1099 1008
2473 1372
2752 2238
1168 128
1867 2721
1852 2056
2520 1479
1432 2887
1346 2429
777 2130
1869 930
2330 2777
220 1781
822 333
58 1035
2230 2715
2515 2140
277 228
764 1047
57 920
1883 2459
333 2669
1696 312
926 1880
2011 398
1691 2134
1338 2398
680 526
877 1546
920 133
1250 1481
1064 2450
2578 1072
2398 2694
1771 2776
116 2624
2172 467
2223 404
279 2721
137 2151
889 2206
2785 1781
1097 1632
2086 1003
519 971
2721 2866
1522 87
630 2098
1043 1194
1607 2061
2899 1363
2098 1058
762 1313
2747 1738
2175 1905
528 2954
2171 880
1248 1863
192 1602
2683 2140
1829 266
2359 1891
2880 2452
1036 531
2694 2661
1818 1485
330 1649
1827 2505
2415 20
1580 2254
2530 228
156 2615
688 325
376 2907
980 2554
1781 1354
1602 2480
1002 246
2764 2541
2198 1254
2631 1894
89 2760
1718 2814
2095 2616
825 2438
150 2605
19 551
632 2450
1578 1176
2883 2228
682 582
897 1026
327 2111
1649 996
2554 1949
2812 386
765 1111
2541 809
2117 794
2599 1209
2389 2265
302 725
726 1712
1568 68
1024 845
952 2587
1525 1676
2830 1384
315 2482
1245 2010
1763 1855
1464 244
1211 2443
817 730
899 548
2087 784
2615 2728
2194 2950
398 2154
712 2067
2119 2824
2140 388
599 2777
1874 2954
1699 796
2564 1535
548 271
531 1078
2424 297
1394 1539
1745 2345
1440 2006
932 1073
638 282
400 2404
2833 526
2715 603
20 2412
402 2587
1035 2603
741 455
444 1692
2429 2170
2259 1256
1133 526
2769 2310
949 73
853 388
1505 843
2277 600
1373 1482
2874 3000
2620 1692
2503 252
2696 772
2837 1482
2970 2954
2345 1916
325 2217
2153 68
2668 2061
1774 1664
2622 2135
107 2605
2603 1785
2560 628
160 2706
1090 2776
425 812
1504 2232
282 1116
1708 1328
798 2881
1848 2412
1796 1651
2310 1552
404 1676
1145 767
1854 994
845 1075
603 1254
988 2448
2452 2478
208 2652
772 993
1557 2652
235 1535
1281 511
936 2111
1596 2211
1651 2824
2728 1240
2577 640
649 2430
2162 2946
2824 164
1366 1228
2751 1521
1632 1628
2109 1543
1184 2100
2616 1975
1414 2815
767 357
1254 2111
1122 1844
2652 2419
1586 2176
2454 222
695 1712
2346 1213
730 1140
280 392
2169 2333
397 551
1454 1354
2548 2595
2159 195
2486 2322
1477 942
948 312
993 1060
2954 323
1209 1363
2170 2061
2019 987
1960 3000
903 1078
2053 2610
2624 1630
1639 792
2717 1075
1074 2333
598 1532
1284 195
2669 942
2338 1072
2737 1091
1068 455
387 567
73 354
1442 2814
1704 2333
1100 2234
2100 2646
1785 2892
717 386
1384 1008
1715 2448
2777 2593
675 564
942 2265
1552 1931
1116 158
362 503
2286 392
312 2229
526 1220
97 388
2579 2018
576 1897
2008 287
2685 702
222 2377
288 587
133 1799
386 880
986 1426
209 1237
128 1256
769 1469
1402 2067
1633 2650
223 422
779 2206
2412 551
2843 587
2322 1448
1448 1468
1934 930
1535 628
996 144
2419 1202
1111 1479
600 1468
1140 905
2815 2217
2776 18
1058 1474
1274 2692
2847 297
2832 3000
2706 728
2491 1073
2265 551
2939 1023
1897 354
120 805
2443 341
1453 80
503 1172
417 2568
972 2238
2010 1387
944 344
553 441
2229 1408
170 794
2061 1664
290 188
794 2250
2482 728
445 422
152 1387
1256 1439
1921 905
1769 792
2650 1426
1305 2863
2505 2206
2863 1241
2946 363
2851 796
2290 2154
1361 380
639 441
457 551
934 1157
1891 2964
2430 749
2128 1117
1218 1091
501 2404
2029 1628
2227 555
1824 2250
473 542
1860 80
1844 2545
542 1056
162 1533
2360 188
122 2734
1009 18
728 1313
2377 812
1479 1539
1109 698
1240 2404
640 2018
2459 1744
2056 1313
564 2240
2404 971
463 1117
392 1155
1855 2270
1142 1726
891 2352
181 1481
1008 1047
1306 760
905 614
1003 567
2211 1352
2568 2070
1692 1744
2067 87
2176 2892
2760 2773
341 1072
2921 668
627 87
1712 810
1125 2646
2692 812
33 1048
2587 2264
1546 1946
1023 1628
820 1157
1863 1474
509 2773
1426 1900
2914 287
228 668
1946 1593
513 1117
2288 1228
749 2702
2609 2866
2154 1000
1157 125
2135 244
2720 668
796 68
2333 578
271 778
2561 2234
1075 2478
913 1213
276 229
1172 527
317 246
455 994
2822 2352
2232 163
2139 1932
1931 1301
1507 2006
2157 357
148 103
628 2254
1127 673
663 2881
188 2006
511 1352
1799 1151
1628 262
2137 1739
1405 1372
784 561
2480 495
2887 582
2595 760
80 2111
2206 2431
810 681
933 1073
1498 1469
354 1742
1916 450
1328 1359
2734 1485
1630 2111
298 1177
909 334
1324 1091
760 388
195 2228
1037 459
541 2635
422 1377
1048 725
2261 1424
1301 567
547 1073
164 1905
2508 2270
1000 2565
1313 1026
2511 1177
2357 698
2950 2646
1739 2585
2111 1086
1177 2134
1202 848
809 246
1693 2988
467 287
1465 18
2773 750
1742 450
1439 1091
880 2070
582 1474
2661 432
1027 2058
555 1253
2130 1561
681 244
1060 2881
2070 1424
125 2058
1726 2732
2018 535
578 837
1287 2254
2646 144
334 592
2545 432
2585 1213
1468 551
1880 1372
1352 2428
357 1220
2431 297
1690 532
2475 2934
1627 252
380 614
229 482
318 1482
1730 1626
1626 1026
87 930
2662 158
1753 1317
2438 2690
2565 702
1738 1117
1600 1070
2352 950
2478 1221
956 2702
778 1446
1669 1905
408 614
1932 1228
2234 375
1543 668
1533 535
1975 2617
558 2690
1091 2924
474 869
561 2881
1408 1446
1561 2385
2569 1532
1372 532
2659 1644
2217 535
1086 482
368 2814
1213 2240
668 673
1482 1241
1194 2934
750 2732
375 592
388 950
2228 673
925 2180
1849 1861
567 1861
930 1894
2437 1894
1237 2907
2020 1026
2988 1905
586 2134
1072 2690
1485 2210
1664 1644
2006 1894
1228 2741
1401 2741
1838 1499
2448 943
2938 1424
246 614
1469 1220
812 990
2924 1943
990 1377
1943 252
1151 2250
2617 151
459 2907
994 1377
1974 702
2635 2254
1355 2732
151 987
482 261
1026 323
495 1253
2151 2240
843 725
1905 1644
614 1221
287 2892
2593 2270
2979 1080
1593 2134
363 1754
1744 144
244 2612
5 848
652 1046
2690 551
2605 2428
1539 2612
1481 1949
943 1754
1457 1176
103 2934
1117 2702
2134 68
1676 1896
1532 1039
792 2238
551 2741
450 1894
587 2741
432 805
978 163
2702 1221
2741 252
1900 869
2964 1521
987 1039
1861 2881
673 1424
1359 2428
1080 2610
2264 1220
1894 2385
2058 1446
1896 2934
1070 2254
527 725
2428 1754
441 2270
2254 2814
2270 698
344 1474
144 698
592 837
848 971
725 158
1317 702
1241 1176
535 1521
1046 2866
323 2881
1446 2780
2732 1354
1047 1354
1073 1063
1363 2250
532 2612
18 2934
297 971
698 869
262 805
163 1155
2907 261
702 950
837 1253
971 252
1078 266
1031 1499
2610 1644
3000 1435
2210 158
266 1056
1155 2780
1253 1387
2180 2814
1039 252
1644 1521
2250 2612
2814 261
2385 1949
805 1521
2881 1056
1056 1377
950 2780
1387 1220
2934 2238
1424 1499
2602 2780
2240 869
2892 1435
2238 252
1521 2450
2612 2450
2780 1377
1377 1435
1754 1221
1221 1474
2866 68
2450 1176
1220 1474
869 261
1063 261
1499 1474
1354 68
261 252
1474 68
1949 158
252 68
1435 1176
1176 158
158 68
0 0
