3000 546
161925
1106
1616
1710
1022619
2272
200275
3465
4313
266756
1180614
728256
852292
301610
6852
6955
1257249
340735
8374
8557
8871
9487
789944
10041
10803
1292144
277745
1213742
12653
13267
71010
14202
805073
14269
95538
15685
16289
964124
17088
306102
1314710
18976
914592
648844
19995
20227
38480
20527
20901
1137999
22084
1109347
23216
410270
330225
1303971
26079
26988
27567
19813
28680
327143
688764
910882
30781
726399
18664
32066
32234
32566
32725
33465
281325
34787
35513
36182
36233
36955
37089
676137
37664
20501
1223750
39695
40529
40875
1341418
41586
1314374
1040912
1210053
42844
1312514
43387
43736
43837
44064
44786
1000528
46107
46571
46807
1238117
892204
880456
47967
48420
48488
1356346
281911
1121399
51302
51480
51976
875864
53502
1312529
153176
873390
994521
940181
57017
953680
577884
58228
59223
60001
938746
1189792
60930
1224100
62416
63204
63231
63672
63789
64768
261890
66041
66701
566220
1054292
68025
1143540
390715
69710
593512
471227
927814
1252212
1033767
1417631
73811
74414
74746
769025
137658
748282
1483278
78180
79036
79147
80140
80376
81335
787438
82186
904185
244456
83163
507155
83977
84779
1157209
1290098
86109
86510
1413414
87270
12640
88176
814696
390759
89712
90270
90737
91382
1260208
597383
92561
1407579
93107
93940
495223
94828
866675
95662
582422
96403
96733
97034
302494
137244
98231
1483742
98472
1058518
99429
99933
100628
101599
101743
560492
1204357
173959
636452
648064
1271211
105684
106367
106457
30998
107505
171533
108592
109386
395428
110825
111178
209258
150039
112135
112227
113037
113535
114351
155094
1050358
1421848
116736
632415
1329704
914870
119480
1322390
120768
342908
296334
92168
122905
936306
550658
124212
124234
121473
125868
126776
1007868
756925
128321
1426464
129177
129656
129703
130213
1384971
131667
131794
132468
132915
1359562
1442438
1476395
134499
135328
136062
1422710
136792
137135
1093515
1063097
137361
475988
138574
138647
139128
858917
139945
140885
728243
795835
142492
143002
143425
1471426
143695
144012
144973
145364
145392
146104
67272
979738
864956
587532
148951
149067
111942
698842
150706
1306654
152141
153076
628939
215230
206571
153885
819504
154984
114740
155896
156508
1299560
156957
337961
672815
158473
43019
160211
1371477
1070006
1286625
162608
378164
1087685
882621
165136
166096
1179696
1310116
168473
1244138
1366966
193286
936258
654291
1147848
902861
107744
171928
172582
432139
719310
103169
1131101
287197
1105570
879475
544444
177445
1045847
1276225
179034
179358
179845
180823
899684
240746
181506
181581
1442413
408013
677866
182865
1155770
1039666
184088
184489
485460
53776
186315
1107295
186699
1139242
187693
675054
189014
756287
189792
190179
190570
1085032
192203
192961
1231632
193829
378671
368264
194839
195176
195424
195670
196321
196415
196855
197063
384621
198311
198853
199355
200026
2936
573098
670615
623905
202228
813502
202870
203733
143655
205280
1136113
205560
932210
872877
141444
207632
208432
111415
209835
210591
1358399
211441
212437
212581
212722
213358
405690
213879
214389
838245
991950
707463
583715
664382
962347
218070
357193
218680
453840
220264
220393
220713
1340777
1375108
221528
222092
222397
950214
223838
224029
1100146
224866
117219
226113
502991
227305
227659
228169
87209
1046043
230297
231296
803513
1079777
232655
1093880
233126
233937
1388070
1021077
1311953
246356
315182
237230
237638
129162
238049
238334
777907
701302
624300
240325
181127
800593
1020095
242177
660629
243083
201074
1480406
243886
548828
245328
441423
236637
246419
246592
247013
241398
601845
565466
1462434
1028972
249824
918128
250870
251674
229518
941625
253064
253161
164762
254570
254885
494255
255809
255904
256777
257709
741155
258992
1375568
1349090
260625
1491024
261359
261781
1170555
1245675
261978
262757
263591
653365
743302
265114
610031
266306
1401159
385246
267564
267907
1037573
268471
347163
269679
269935
349970
410598
271104
271245
271377
633201
272010
1401586
272415
273400
274286
275075
275912
276007
790868
277503
103447
278453
278771
279134
95714
69560
924021
50000
974721
283623
283706
591137
284984
285708
286150
712320
468175
1471146
884955
847081
288602
288921
289679
290590
288102
291988
292340
935617
913805
47094
294771
831492
810499
297122
1366163
1436226
297826
297912
298068
818999
821056
1389426
1369734
1282547
573911
302226
671565
653792
303539
303681
1321610
1445088
305580
305797
28512
625721
299050
306859
644648
1265924
308113
259538
309380
309997
858007
311253
312065
785163
969009
313324
314248
1485754
315714
316598
317309
1467037
318883
319116
1055531
1373850
320684
321436
321665
939120
688963
323277
495563
324043
47095
655350
1074914
874689
354226
29090
1011701
408512
472228
329926
260647
330817
854791
744822
779560
332410
1281601
613936
333393
334352
334754
335078
335497
870595
335804
1335164
722691
491948
337054
337829
157561
1092535
423958
339491
340044
7585
341005
815543
341854
764874
1477448
685867
551630
343287
587438
121440
1125448
345333
346014
346824
1135813
102851
791829
349354
1434939
990049
350961
351854
352343
353326
999229
354251
355230
745117
317934
759214
484656
358018
358070
358803
564567
359260
510356
333325
361320
627635
362703
363148
363278
358954
365184
365202
407102
182147
1156265
366131
366559
367146
367341
638306
194466
368604
369512
1424970
1401307
900994
372502
728668
1387132
1207687
375342
375494
375678
376340
377016
377792
312778
1042901
378770
379617
380325
380710
380941
14725
381866
382145
382323
205480
383665
1358555
267195
488699
133360
1228712
1415476
836764
435330
1035331
389086
389160
389328
389622
389736
665530
897572
391518
391729
392234
1336434
772575
1442919
394497
394706
868315
623282
552877
397425
397837
398053
398670
399658
399768
1042811
400743
400970
401877
402768
403171
525862
404477
405108
405216
213631
405950
406376
574771
365223
365736
860979
408725
1253039
409772
305836
255671
410749
410964
411552
412455
425383
1142266
960463
414319
414435
147459
415429
663488
416202
416631
501719
417813
418393
418547
418973
691371
420553
420771
420827
1108129
603421
421551
183436
760117
423320
1235902
424353
424675
424753
1179987
490338
426388
426444
854005
427860
1229477
428862
248970
429712
387261
430706
431431
599189
433114
897034
434371
434993
387921
1016443
1360505
436060
892944
436874
360894
437830
438729
439293
439993
1072903
731499
442179
647795
443406
444228
1049833
240906
445877
724667
800463
687955
448508
449286
528289
449926
1011932
75225
452214
452444
452990
219282
454112
454243
940904
454773
455755
393654
1485167
960134
456746
1031487
457942
726885
459655
1114460
522738
381632
461030
461435
462168
1356582
463737
1005842
1039012
465573
829553
466782
466822
467278
467553
286621
468324
469241
470050
470258
70075
472113
329325
951249
472775
473339
21715
474829
475207
475620
76154
476591
477551
1285897
478808
478970
479446
430056
1101738
481736
482170
482418
483098
483848
449764
413919
484635
357547
676989
603028
486773
57829
487607
905109
1253729
488503
428264
489061
489578
171444
792496
491186
247861
293548
492238
492574
492840
493516
1434351
94778
323872
496479
497386
498375
499309
499373
672312
500938
1277182
180998
1371543
1420119
1217930
504322
505041
148081
505321
505466
308998
506206
83383
507892
325446
508836
509667
360097
510547
510836
598884
511924
512738
513483
513847
821334
750571
515425
516143
516980
517115
532058
518018
518507
519016
519606
881837
875352
681888
521722
522152
460152
1172908
980442
524428
524533
326643
525393
404048
525893
728522
527330
307709
528070
1123655
529237
625078
530678
1137763
961254
517784
653949
533305
533451
679552
1325597
534174
534817
535540
771977
536550
758191
537200
537497
537948
538879
538970
60880
539876
1128136
383147
541994
1320198
421391
1342776
543396
706539
5114
544958
1279003
545728
1110199
547149
888856
552325
386377
993255
549627
679505
123488
823128
547779
552809
1114276
553084
1430087
1149691
1469657
554819
1197005
1181914
556192
1190844
605957
557536
825083
559032
559348
559555
730153
559635
102326
85950
560795
560800
561268
1370936
561689
562023
562942
1311033
1493406
567002
336778
565502
1039118
566010
1008832
566314
364233
787924
567622
567669
568186
568683
569251
569430
996920
1193076
570972
571519
571818
572710
200829
451529
573268
573854
6401
406407
575154
1300633
575938
1055475
577730
37516
578740
578961
1051951
973454
689825
580398
581172
581764
280006
582640
582772
838414
1437994
584669
1106600
586031
272359
1071557
344169
1190386
588403
588774
546635
590219
284617
1080198
889265
1200628
711548
69990
1119022
473986
533937
595345
595783
596393
597289
153487
561630
511139
172700
600176
472768
600478
600567
1367692
601527
247739
527819
342485
739134
542645
603607
604260
1329110
605488
331353
606647
30593
123007
302668
265935
611024
611948
612800
545687
613246
1408887
11866
614897
615501
505108
616517
617434
617812
1182943
618998
619156
986346
619659
645310
620770
621070
621660
1023743
622451
1345330
1291928
623957
586292
529701
680740
625757
625928
456109
856117
361802
1099291
1298933
629900
630273
631082
631662
225844
717305
633992
806100
635079
635095
636081
636162
830718
636692
636999
637397
367474
639145
639351
640350
772641
662956
642868
643124
643272
643699
1164300
644854
620535
645681
443044
1240285
1123093
647726
646339
784253
515210
648422
19272
649310
220724
650633
1231122
651343
1157608
426003
263947
653791
609051
532521
171189
655235
325108
655457
656168
656455
239728
886023
800363
658873
659405
1411262
659607
659765
659978
115025
922523
661994
662049
662563
1120611
641926
89136
416009
217371
664678
665241
784125
1188885
666965
667904
668765
1484137
669757
670025
670516
243172
671145
97698
500343
1334541
673633
674351
889923
945856
487095
676834
613035
1402364
678428
678557
679391
550396
879219
686408
680417
188257
681149
681731
681801
521391
682580
683402
683658
684537
684989
685342
602748
686043
1301059
1450120
1296680
748958
725135
54554
322719
170655
990707
1428931
692117
460551
693353
693450
693675
693996
694094
699783
694885
695764
531822
696802
1030549
698186
150297
699617
694542
700479
701051
656851
701881
701923
702821
703660
703792
1143919
704252
1307729
705872
544090
215689
707706
708220
708567
709109
710057
169530
593157
1440589
713188
717854
1148898
715484
1211916
717001
717104
271537
713838
1140027
1453452
235806
719972
1187488
619391
721299
721921
720716
723031
723871
724425
446801
688639
725326
725927
1384488
726824
458675
727784
965394
937223
1256778
373057
909697
595076
559618
649761
245519
41746
732468
1303447
191250
733201
734172
1411445
930676
735177
523992
737043
737985
738184
954598
99376
740215
1288720
258265
741481
741842
742676
1184481
744292
744431
557276
795347
746035
675878
746932
747748
747871
76379
45154
136602
217938
1129808
1452103
752276
752834
555376
480414
764519
754778
755558
189117
1317558
757115
757186
186837
604833
325905
758234
1360328
760032
1304640
760873
761571
762476
762934
926957
763715
763882
763976
1069823
906935
1117908
767325
1081562
942944
765815
900288
768804
573116
769352
1208518
770998
771554
535787
393369
641192
867583
253898
775047
1006145
776052
1494334
777064
238961
778450
247727
778772
338691
1279871
779206
331547
570709
780250
780399
780500
781248
1270479
782250
782613
541205
178236
647954
758062
785377
785508
422625
981723
1249162
567094
788274
789212
789485
1296816
9616
790814
276908
348389
791898
252643
792309
490659
793217
1434240
794585
455877
1068784
956764
154063
797307
798235
799189
799212
799835
57355
865652
446960
127782
800995
1186522
801824
802600
1441199
804007
804981
14220
957109
634364
883965
18003
808417
809141
809669
1409008
810246
297449
810510
811019
1115995
696594
812418
813143
77219
814500
142436
341043
816539
816881
817315
817368
817432
817996
818835
1136772
796353
819729
820105
1018618
299752
514545
822026
822212
822620
344240
626317
1248802
558416
825591
826284
827252
828150
829059
952292
830178
437740
295554
831520
1158926
1344826
833517
833891
833918
1394085
835642
836513
942761
837676
1458426
583011
838792
926082
840598
840653
841239
841795
841967
842248
1007010
843747
1114913
658381
1188005
846263
291564
847361
847761
847999
848382
848991
849823
850214
850239
850843
851447
5691
852534
852893
853159
427290
93025
854957
855459
1045078
1089164
857855
1302768
858181
1076201
859767
204312
860314
328578
861509
862371
862798
887925
864138
615772
1409774
844840
1433229
1054148
1230465
1203028
307383
868473
310702
163320
335609
871059
871206
871970
153838
1247570
874116
536968
875128
875172
580199
875395
52646
875918
876097
876231
876613
877218
1424431
878245
878474
879149
767243
879457
1171305
879687
879751
47648
710772
1382129
882212
770055
883441
807068
1020704
287601
885812
885833
1479111
1025714
886569
886814
1360724
887393
970379
888010
547409
898438
592609
297271
890629
890731
891252
891843
324861
892617
1467655
1460875
1108748
894528
974786
896293
433736
222968
1492625
899388
899608
502075
768298
900344
1265927
388749
901655
1169141
902080
652624
903819
83022
82322
904641
1113787
487623
49326
905791
974017
906054
342155
907418
907681
908147
908913
600288
729139
910119
910847
607569
435435
1255785
912159
912666
912930
282887
1305666
914830
992450
915716
916708
917133
526360
918568
919533
919562
464098
921024
921461
921724
661426
922924
923747
34424
924977
925421
1431719
926604
1160480
927504
886833
927996
928901
1098954
735122
930974
519819
206347
1182640
933816
1299234
292709
520699
936293
332614
5559
937583
938310
60041
322656
939384
1490262
436135
454454
941006
148944
1042406
941903
779769
942193
942257
729291
754558
1428002
943955
232316
944798
945456
1122362
946080
946784
947720
948150
911394
949837
1347315
1060262
1040396
789524
909641
1199658
1405695
952814
953208
800325
953787
1213613
486271
954900
1216904
955808
1078527
805683
957130
958098
1119762
1184721
959418
1493616
456669
414209
1239460
961393
961571
749834
963295
1055975
1087796
964819
964857
435477
207008
966287
967031
967595
793891
968571
968656
1104659
969235
1174190
863614
1084075
971827
972306
1005474
972368
973110
1336076
65141
492069
1266752
975264
975287
975309
976068
400096
977030
977967
978628
833015
1320579
1215338
779008
980675
981460
786665
982713
983368
984332
984517
985394
986324
720735
1489033
987273
987549
988108
989100
989730
270101
990420
690410
991165
215499
336596
904012
993974
55825
1268154
1408059
995689
1439115
569934
997344
998342
525035
999709
748905
1000893
304273
1002341
1003007
1003570
1004566
972353
920235
905844
842944
1007567
31932
1470264
1009093
1009667
1010666
1011386
327793
457330
1012601
1013525
1014180
1015111
1015722
1176107
1031817
1017351
1018172
1177432
1130254
1019136
778716
1020243
884740
1020739
348
1021938
1451975
1023411
464924
1024079
1024987
1025455
657413
1026491
1026761
1027237
1027567
481157
1028010
1028657
429659
1029837
1046670
1030944
450827
1016765
1032619
1033314
72614
1034505
950674
371636
1035664
1036052
1036220
1036908
1056074
1037946
1038319
622193
565644
421774
1201597
950458
41787
1041839
791928
1395267
194380
1284095
1043644
1043650
1044222
626723
177610
251862
1046265
697231
1047626
1048180
1138984
445137
242831
1050674
1051589
578988
1051956
1052129
1344585
1067979
1053887
1135518
67882
1055264
576827
319592
268042
1056376
663475
1057093
1057911
739254
1059273
950320
1061255
1061890
1062500
1374613
1063363
1428439
1064609
662605
714739
1091134
1066996
1053495
355918
1097413
754592
161132
869845
586826
1072336
440856
1073133
1073595
1074404
508717
1075453
1143539
139195
1076990
1077567
88779
1078643
1078749
1079606
944195
1080114
591724
1080618
1080974
1081468
766295
1082037
1082747
1083663
970846
1084305
733053
1085232
1085270
1085989
1387448
1172036
1355731
1088264
857045
1089307
1358355
1089364
1089729
1089834
1090262
1181188
1230263
16293
1092116
1092284
338670
832063
232938
1094432
1095424
1096217
1134815
1097235
1069150
646560
1098022
1098361
929742
628430
1099374
1099803
1099891
224852
1410597
1100852
1101044
1027754
1102507
1103153
1103306
1104000
1070983
1104723
1105460
176002
1106058
964078
1239204
186555
1107672
1234320
893530
22758
740933
589459
1111181
1111840
1112280
1112487
1375716
904970
1114075
396699
459797
1451418
1115737
563554
1308766
1117331
1117432
734485
1118855
594409
958986
1214762
1065258
1086982
445232
746712
1371070
483921
1123734
1124187
98439
1224863
1126089
1126739
1127158
1285035
540812
732069
1129135
1262492
820665
174627
1131935
1132775
1133290
1133936
1203843
1135221
1481444
1135361
692534
1297657
1135962
783154
1136656
306689
1137282
531231
594785
1049109
757284
718599
1250751
1140604
1141327
1141917
1141926
387191
1142299
1143245
1076053
68928
704143
1144830
1144847
1145329
395982
1146876
1147289
1449146
1148021
1066240
1149513
1106509
1150679
1151457
1152435
1153197
1154167
1155074
183207
1300795
286391
85451
651875
1157989
1396557
1158227
659457
24786
23808
763197
1161256
1162251
1162382
1162840
1163173
1163945
110370
1164942
1165814
1166325
1363466
1166733
1167314
976923
902022
1169978
261850
176809
164113
523212
1173134
560714
970047
1398119
1175914
127140
1416445
1177019
1177082
1018525
1178254
1178405
1178691
1179525
166701
1179975
774302
1400378
1090418
900769
556116
1182084
933197
1242815
1091830
1183908
1184013
264443
1184604
959147
371194
488243
118620
845379
666208
539489
941045
556938
1191247
14169
1192177
1192322
1192358
942154
1193798
1194617
705135
1196300
753636
1197896
1198711
1198743
951405
330876
1039854
1202431
773551
1096645
347914
940644
1206117
1206344
1455851
1207604
374577
1208401
1388706
1208639
1208783
1208939
1209075
124971
1210865
1210941
860229
1183082
716173
1212693
954343
87873
1451601
1120503
269002
1216268
1365061
1217773
504076
1218760
1219649
356288
1220872
1221682
1222219
1223187
39082
61427
345220
1225630
1226362
412922
1227836
387093
385874
1230195
1066548
421068
182063
170005
1231931
1231990
1232884
1233849
1158086
1234557
1235536
1321670
1236256
1236606
1237476
294227
1238692
585113
812327
1247878
1240987
1241545
462788
1242191
618204
1243246
877743
168788
1245051
1245219
775356
1246641
7369
186154
824182
81780
201268
1250066
1140270
1472456
71823
1361185
1253212
1253707
1253709
801484
1482038
1254949
911865
250068
533938
1257659
1257675
1258009
1259003
1259702
122273
1260993
92348
1261698
1411722
1262792
1263386
1263545
1264438
1265145
1265454
867342
1481550
1166516
1267441
995293
1135248
1269750
781642
1271077
478376
1271424
542255
1272339
1273223
1273643
1274191
1274919
1275105
1275865
280432
1277109
417368
1277817
1159487
1278980
1042922
1168152
1280666
1280919
608247
1281637
1282140
1373030
130684
1283187
1283712
185162
1284475
1127988
1285084
1285166
234237
1286283
687081
234848
1286776
1287466
1288454
1109762
1289472
1173280
300771
1385873
11102
1293053
1293508
1294500
1294791
1295784
409004
55305
980314
1298510
30040
934676
156836
1300396
575621
1306094
679814
1301819
869057
1321083
732985
25481
786262
1309921
1100759
1305570
1306216
151681
1307131
1307578
1195611
1205286
1116660
1309431
365973
167503
447819
172973
159213
1097805
1313272
1397540
1314329
1128171
1176079
1315300
1315994
1316035
1316665
1317230
1035115
50542
1318127
1318260
1318608
1319396
1271825
415257
1303047
1321264
392585
1227325
1321787
1322278
120390
1323071
1323162
1323829
1470245
1324893
1325372
1317314
1325980
1326608
1159077
1327341
1328307
312509
117928
1330439
1331171
1331189
1331511
1332268
1332565
1333411
1333794
1334360
157685
1362496
579934
1001400
1337205
1337436
1337965
1338853
1339623
1340084
1340425
731048
41562
1342005
1342169
1342195
543039
1343708
1052769
1344681
979155
811411
1345584
1346470
554222
1347798
1348361
259668
1349352
1349975
1350276
1350763
865498
1351879
1352031
1352987
1353975
1354823
1354946
1211505
905527
1242143
1356935
1357853
1089339
1479202
1358551
197657
1359141
548261
218471
965175
1191485
1360766
687300
1414099
1361321
1362177
1362306
807882
895465
1364211
955566
1365359
1365466
336177
1366215
1366504
881146
600718
1367745
1367854
1368713
1369674
1291024
1454726
597912
647456
160836
226388
1372211
1372291
1282307
320272
97984
1439891
506073
1113226
1376461
1377414
1377782
1378675
1379428
1380049
1380859
1381530
931248
1383029
1383894
107400
1384766
1436366
1249526
237031
794929
1120905
1387473
104771
1388177
778921
1421112
1390274
1390597
1391018
1391281
1391308
1392285
1393150
1393720
834681
1406397
1395213
736091
1396190
1461711
1313520
1175046
1398922
1399569
1399907
5377
1401011
177097
1185595
1181226
182659
1402901
1403806
1404037
1404909
1405671
466551
1394297
1407107
592881
995426
613691
809978
1409494
1351125
1409945
374004
1411248
137209
765160
1411532
104054
1412014
1412798
239881
1361246
1414207
1414582
484114
1415884
1416430
146471
1417249
1417573
1308718
1418319
1418475
1419380
503518
300572
115997
1146013
1422727
1423679
1244107
370499
1425559
237820
1427338
943832
1064253
1428618
419803
1429760
553800
1430963
839755
1432291
1433124
866610
1433619
968194
270914
1434917
349623
1435760
1435791
42336
301334
1437016
1437338
216491
1438330
1438796
996559
220990
1156988
232249
1441769
651311
133755
1278141
1443224
1443514
1443974
1444890
304669
1445420
1446418
1447208
1447672
1448287
171271
1286529
1451003
1485602
1214432
1451772
2111
1211183
1452348
1452490
1452830
1453409
718928
1453729
1370494
1455394
1206852
1456250
1457175
1457657
1457873
1261456
1458883
1459870
1460179
1460285
1460424
73532
601940
1461960
248858
1463319
1464082
1464561
1464788
1465059
1466024
1466359
1220251
1467492
1467506
892673
1468146
1469021
1469339
554364
1324074
948889
1470717
175308
751518
1472364
1251639
1472814
1473677
1474647
1475412
1475690
134360
1477154
342420
1477731
1478392
885981
211369
1479574
243566
1481070
1268904
228945
1254014
1482363
202611
1124468
669100
1484822
823217
844435
1386587
1486597
1486837
1487088
1488076
986428
1489649
1490047
56746
1327039
1491885
889071
563696
959707
776792
1495185
