1000 11
260439
190880
88517
233705
68183
374143
1818
3161
3579
213039
169432
251082
87482
296902
149427
307622
50366
7904
343422
201664
311004
257211
274534
325154
362688
216415
28489
274263
159752
80646
102888
108254
251525
286648
349803
132121
53937
21646
18126
176361
63122
266579
18931
164608
78414
2443
28179
155103
388657
22218
200415
334055
282021
20541
330041
5521
84181
365375
25501
7239
24929
255027
354311
169816
277197
382513
12174
319446
29815
63687
238849
30391
51000
372664
31850
264517
390170
26563
42177
324493
355874
89272
151878
45407
69189
35737
363011
227961
271754
111276
221610
38933
314358
113624
372832
40497
116429
40904
41687
331179
56094
43438
90223
397446
44960
146103
211701
59875
391275
347834
48034
192422
298429
356201
49544
49954
240579
181562
51226
292787
21056
206675
254753
191262
163312
205241
164602
88503
54909
2872
398643
30278
392712
341947
27520
302692
399585
245476
207305
323773
54233
60130
384259
368718
246565
395263
69289
299482
263727
295743
325480
145838
117059
341528
359525
224948
183474
208061
150319
348715
77186
118615
199544
136864
137978
119282
106524
17387
311828
121094
111068
58106
273916
9155
31054
73010
3351
393809
73981
265082
384180
350916
306632
75957
98710
19210
110163
71453
346105
48710
348832
363828
79367
112072
4994
80114
76850
391373
290306
131778
283027
152967
84858
253446
374829
179991
383546
13270
26235
395731
330786
33658
129003
29910
90790
191470
337681
357903
92132
309252
204151
315111
252309
228429
143319
55117
137279
119524
148971
326292
397113
390515
179255
44165
121847
245999
287751
340555
123326
103574
306607
130537
254132
275876
210649
114168
310845
16927
243311
1501
284222
103886
22930
398672
224283
220981
225307
42875
61762
345224
230014
93462
37828
189107
363264
297926
113084
199106
144720
39173
392728
95938
190513
151263
115667
247985
319071
55765
243083
269635
159673
77901
155858
120566
309654
377820
68638
202971
351618
183879
337773
99500
124223
124405
124909
125083
389880
126020
162128
127502
147627
14274
275797
104407
270951
236532
131266
18550
248955
132917
335749
288792
129763
350697
373259
136468
275324
136865
137256
64558
6440
310987
175583
89856
167654
114885
341370
388276
249612
68144
165235
372275
141413
32643
251826
145472
143291
207842
384225
280658
63718
193855
54372
336278
187785
146734
71502
338005
147886
148515
398245
273183
317263
86146
59887
150639
243971
184495
151508
36862
439
374962
269645
361283
399032
202738
321008
358654
285758
102536
342661
156618
82477
250303
403030
343818
52689
137297
74110
57775
37515
317475
68762
381228
198238
230793
141803
188784
359421
209365
203472
12662
301817
283754
194567
120860
166261
85377
167283
245175
189542
362733
405200
171763
57145
216580
83633
170352
204564
126776
293713
171258
39502
172213
378941
172872
384778
241314
174857
262658
322352
324642
204030
176934
173530
194226
177919
98295
224152
175100
271307
284150
61103
242419
53125
279252
321746
31003
346495
182315
182930
215520
251732
248954
186375
316582
46344
154379
376698
187409
190631
188519
266067
133494
128264
92363
56429
275460
163527
18699
332938
343854
192212
362220
379973
331757
87387
27429
194285
391445
278623
306193
391729
143723
94498
286615
179380
289881
198886
247644
74249
400413
237112
200732
45926
257463
158097
15355
108069
289137
122385
101846
83100
58586
208858
170613
214540
190305
205887
206104
146589
349015
88055
231893
305691
335229
281312
18488
315687
201942
106978
368998
152155
212221
33000
297721
193360
96571
100073
9417
244471
386773
286845
358002
216170
74887
154841
344436
215698
258426
369795
235764
174312
219719
104427
170668
233206
310208
222252
222570
161738
38446
370705
65049
290035
65539
195887
336992
233185
225887
78779
227224
91525
6015
28279
35080
324131
300496
55829
109512
269094
223746
20289
107458
339776
16134
94203
228929
233962
135065
234897
235219
272086
320229
383283
114408
377843
247912
237547
62337
67080
239202
340853
322624
241207
263817
378627
348068
152324
179531
243604
81546
67480
377094
244002
107574
309218
229723
220537
47056
48979
247526
140097
317841
307142
223159
21356
352616
139476
295051
301223
277867
122756
139106
283515
164326
105967
92838
260452
254030
86694
168670
91550
364942
112682
367589
125601
232218
97219
165769
292028
285910
286310
255803
24168
362400
279352
71817
158847
294298
168039
300212
263324
62905
153281
264108
34391
254093
351728
217389
95244
338273
174952
7980
23680
195608
268307
153910
269285
161437
201575
213705
295265
208833
254182
402396
208228
114513
261095
184888
76304
52374
364237
91458
72550
218651
276788
353321
19311
267344
278866
163886
232892
231375
197198
180566
36062
281047
47638
253384
70307
256182
400346
279605
265295
223625
170163
149564
302522
256526
62543
97528
331341
403600
401686
259923
287117
101277
322180
133914
223393
375442
289658
303276
179387
142726
339303
3162
202020
181430
292717
333649
19880
329320
386313
215013
350415
13653
238134
295984
186902
204216
297454
259151
353122
147300
317333
299251
178
160768
16339
117895
257874
392395
138061
253056
123584
262026
355364
394138
65936
305862
93169
398483
165761
185634
10099
307805
43752
308761
96327
402552
105182
219447
219677
284543
401015
389048
138047
265689
312431
313073
138404
231298
157684
224504
31865
34804
394922
70663
288208
115044
237361
359056
81932
29284
35618
256309
113211
214416
27052
318374
371775
394560
142518
101988
166987
11450
226593
197655
32055
325663
206710
233281
54659
179337
119803
332357
51663
325117
361555
152054
369452
327974
140932
332984
135750
871
12077
316338
243609
231937
292260
255484
267759
242015
77100
338331
338539
393130
339652
81164
323324
105951
341265
129372
341502
313800
192703
113063
299094
343250
369932
209979
253176
163257
181239
352400
387702
64140
346654
347353
354671
302218
8585
60510
4363
348877
267415
212299
246841
104696
73053
235287
171246
270158
198855
217073
100571
108915
73685
14900
304373
69924
283874
328677
357746
39934
120825
160055
248439
261861
320678
402188
360773
387958
134324
361897
304915
178487
33031
128778
162498
334709
385601
23452
10667
49025
12553
366129
366882
293359
368307
196562
285028
182301
385280
155113
272653
213866
218102
394477
371084
404738
175509
190180
102261
220109
374042
291026
211190
200922
289377
194929
376130
187339
137769
377258
400570
205446
239925
309254
379304
53859
380682
311508
381832
234622
235868
107895
59084
75370
214659
308393
369291
353986
66370
282414
387065
279992
326765
276446
345989
199802
140772
327439
63259
117113
370004
341525
158264
375629
370575
19435
177125
362563
303783
110725
156989
291570
170250
280357
296694
356953
396470
347912
144477
148579
40772
390244
159358
398796
265814
243716
137373
285282
400544
315431
401608
389632
151033
360167
169277
67592
293080
172284
404222
78859
405120
62420
