3000 655
67
64909
139940
217
254
307
392
83478
98455
119058
624
12839
80912
31802
131176
76271
869
963
1025
124066
8036
130822
1102
130557
72156
1295
1296
1311
1411
77832
46955
64056
1663
10545
95026
132180
1850
71076
2000
2051
83920
124780
2166
98937
2211
2267
27603
73618
56460
2535
60768
141556
93399
2706
2734
96478
2831
2924
3009
80793
3163
121108
3325
51359
111122
3448
3452
49267
9486
104
3765
3775
53171
3943
4001
30196
4033
4048
47263
151617
4226
63885
4418
7855
4528
66622
65993
97172
4669
4677
62806
4759
4806
47817
4896
136869
133004
49023
5061
71196
109010
5296
14736
52741
5345
5364
5366
37877
5546
5593
5683
5778
137377
137338
5927
5982
6005
126026
6089
6182
6190
6285
101855
6345
38007
45925
6477
151672
6617
38321
6706
6712
4445
6830
6909
90940
46371
102493
5817
8127
7137
7152
7199
7223
7260
7280
106889
49904
7439
7458
7553
7618
7717
7762
6738
112687
7984
8009
8010
64253
136137
113243
8137
8220
53287
8257
8300
8358
22691
8489
8505
12229
8593
17638
8787
53408
38733
8926
91023
25941
9103
9150
23333
9253
101927
9343
93451
9431
9441
9450
30466
9528
9617
16710
145674
9883
9925
131450
50504
10119
10197
10204
10242
10316
151249
10366
10439
10448
1705
10634
61285
110603
10765
10838
10865
91428
130651
97516
99815
76967
11120
11213
134090
88147
11324
11360
64390
38674
76652
11610
58066
11644
41718
12315
11814
11842
476
11972
119666
85762
124516
145235
12253
132003
53670
12412
12483
78281
12584
105422
137647
24242
106837
626
12936
139095
13052
80102
13182
13238
141631
103047
13424
26297
13472
13501
91718
13633
25701
126595
13818
13880
13920
75870
39371
107793
51186
44049
14243
112951
60200
58288
14370
14466
14527
51363
14661
14703
5316
75621
65590
83010
81454
79862
106321
15206
15253
15330
15403
128546
15503
15526
147499
15611
15667
36064
14819
114813
51900
15868
78337
16026
48852
109573
16182
16220
117487
101055
24188
16483
94426
16614
138620
16783
139408
61608
151988
135021
47703
51253
26731
100270
17079
17136
100432
17266
149600
17381
17409
94622
144540
17585
118297
139253
87867
17757
29733
17895
17955
17998
100314
146620
46006
18098
18180
18240
18290
18345
132128
18462
59876
38188
3531
18772
65888
30389
109760
18883
18955
114077
19031
19101
64999
117135
71755
120134
19395
19484
128694
19608
19694
19750
19811
64424
19901
19989
127173
20073
144427
20092
20186
51943
20380
11294
20564
98864
121651
20674
20760
20802
20885
56796
43404
10874
21014
21019
21065
21156
60878
21247
21311
21371
87391
21531
21576
101307
131287
21727
148468
21825
148338
69040
46773
22088
22118
22157
22228
97061
133857
22387
22429
30233
59213
22521
11018
87661
22543
63536
22626
4995
70731
22700
22749
22766
22839
22927
22967
27222
23101
76297
80362
23195
65194
9238
23405
23449
85720
23539
23593
23596
98960
23652
105284
122511
23843
23845
23914
87402
32879
24028
24112
44272
127535
24226
12676
118973
24396
124933
24523
95420
24644
24646
24734
24812
24859
24954
62679
25079
25168
25231
104786
25325
25424
125015
62481
25551
57728
25656
67210
113570
25758
25844
116086
86099
25946
25961
25973
26025
141204
136312
26234
70475
26396
26398
100089
26469
26496
83999
43104
60101
1462
26697
17045
23008
26850
26901
26970
83251
27064
27089
32310
27218
126146
28406
27274
27310
45424
39554
66913
27417
27462
580
2353
27652
27727
27783
27836
25666
15542
28118
91996
9296
28341
60631
28500
152169
28635
28694
28712
22532
28880
44841
104687
53352
29101
29123
29131
101185
97865
29321
29329
29362
29368
29458
93950
29566
66801
141761
29817
29823
85107
29919
123448
30007
151276
30115
95510
118509
147610
30288
93222
74910
4555
14255
30551
143010
30739
18679
64294
30913
30987
31058
53475
31180
31266
31316
134237
31482
31568
138100
31738
692
31816
31844
31845
129330
32322
97631
32144
32234
32298
135899
118088
32365
7098
32466
84387
32564
32589
151065
47692
32780
32836
24005
48555
32997
33037
33095
67663
131206
33195
33293
71996
33432
33472
25242
33621
72254
33722
90662
33779
102665
33923
55801
126659
34102
34126
34226
153932
129383
34385
34415
111617
34513
34529
68642
40446
111378
43178
34889
34929
114120
34990
34991
34995
35015
35102
43956
35187
140052
35290
37434
134855
35436
95992
35601
104043
35752
149087
35872
35965
36032
79445
36115
61453
36306
9043
36399
36471
36550
36646
36664
36764
36833
61250
125909
19827
37073
37139
48424
42340
48935
37347
7030
37444
63973
37497
37545
140391
37715
37741
3071
37771
68438
101024
37967
89634
38046
85379
120831
18627
21790
6634
38400
119986
38427
38442
38454
139701
38648
11494
71760
38833
38837
120400
38934
14227
39004
153941
59231
39079
96803
39222
143579
84486
39369
82808
35800
39479
27373
39611
39646
117818
39773
28983
39944
40003
40102
22455
40289
140053
40387
34646
65609
127360
17053
34738
40806
1724
40863
18811
110662
40970
41057
43337
41191
120648
41294
41375
41430
41505
41592
132357
41714
60964
152844
41795
41888
41896
8688
10755
116435
42145
42183
42274
42278
42316
48486
16898
49839
8882
42663
67418
42778
42818
42840
136558
144224
42998
43014
26549
43152
1154
43251
43254
13951
43359
20931
43475
139403
87747
43618
153177
43672
101836
75983
43795
5319
107097
135585
43980
122109
128246
45822
27935
44184
37303
114952
44334
44426
44481
44557
44575
107546
44642
132651
56627
25033
90409
148477
23815
59851
44896
44996
61255
45097
45195
45207
45234
45324
27332
45479
115828
45528
45589
45669
45729
75229
45760
44158
45876
6447
18058
122777
46186
113436
46296
38144
70240
108894
113961
46460
46506
46573
46576
150942
46677
46690
117896
134006
46799
46828
113074
90993
46940
1517
118575
101622
47112
83049
2455
4117
106947
47364
13350
47411
17717
153117
47574
90186
47608
47670
115458
88678
78126
47785
153724
47839
47906
47936
47949
107741
51087
48145
13126
48252
93738
77104
3256
130459
48389
135816
26522
47192
68661
48683
118939
48796
16038
37387
48971
46405
136438
49111
49179
30775
108577
49319
92491
49500
94714
49567
49647
89887
49721
84064
42525
49882
7360
116895
50056
50061
136346
38864
11454
84318
50420
76619
53867
4914
115924
50609
50685
50742
125657
50817
78693
51005
144620
16103
115228
61199
139358
3344
74499
51452
51477
56359
51591
86947
108924
51827
51886
15844
20285
51975
35365
16846
52137
52210
52309
52358
52421
52469
52555
52579
118897
52623
5039
147287
52764
52848
135505
52944
52993
60720
133440
53180
136257
111049
60481
99132
29061
12299
76668
53488
53510
148361
110071
11771
6968
17846
114861
147217
136064
53932
54032
54095
93037
129185
54201
54229
54275
54282
54363
54383
83584
54520
54619
100431
46959
54748
54783
54822
54854
54954
54955
133931
55137
55159
55216
55273
67895
55342
94203
43577
55500
55595
55651
55678
55686
55706
33131
132238
47205
131544
56063
56114
56173
76405
56347
51571
56396
11911
56427
99138
56560
60338
56724
77715
79043
89322
56846
42625
56925
56932
57003
103781
57129
57226
67946
57318
57399
57409
57484
57583
57608
57660
25569
106441
57832
73106
57862
154000
58026
104410
149272
71849
92857
119603
58388
31668
58512
58577
2590
58748
58843
66202
143324
58942
59041
59115
82052
39066
23608
59293
59310
59406
13433
59503
59509
7090
59624
16920
59721
59804
44854
18560
59947
3679
106377
40202
60279
44596
60355
116361
60385
60398
107963
60496
60581
58211
27269
53080
150019
135705
101642
113435
60914
11731
61034
61124
61156
127978
120104
61253
79638
148269
152202
31109
36215
61535
86722
61659
61744
61844
4601
61858
134354
127085
149938
47453
97242
62200
138248
62275
35310
150455
62335
15958
62404
16572
73944
62564
62572
62625
30211
49290
62778
4688
14125
62919
71936
63031
63126
133527
63322
63392
63424
63439
63498
22570
63607
63703
63749
97115
73809
63968
151402
64037
128125
64145
64217
111199
30846
64299
96583
104222
64444
64520
30349
67822
64713
70933
64828
64940
152725
14328
65030
65075
65124
23251
144259
65229
65236
65237
65330
65364
15830
65497
108306
65525
127854
40478
65703
16894
65813
18804
65965
129458
110322
66029
66115
66116
87094
58873
66288
66319
66359
66397
66417
105895
66573
101619
153244
40943
66759
3627
66890
112534
66973
66995
102792
67047
67075
117086
67177
44179
51654
67323
67410
42752
67458
67495
67549
85173
67576
67585
84182
67656
33932
114716
67745
152991
64625
83877
117207
68006
68022
68115
68187
68251
68293
16462
68399
68433
37810
68519
111471
68560
88853
68650
1031
68738
68787
68887
68937
68979
109779
69036
17999
29547
88473
24329
44737
137250
69380
85950
52077
39321
39057
69720
69815
145122
69903
69965
124002
70080
131738
91031
70269
70366
117386
70436
59490
70508
41635
70582
70636
70659
8404
103671
12663
103911
125234
13668
71141
71168
71191
5134
71276
59243
71433
71461
71559
124426
122833
93382
60610
71894
120116
33358
72064
1215
33686
72345
72402
72441
43566
72546
72609
72614
72662
72703
77231
57812
73925
135167
111112
106554
135120
73043
57852
73189
73282
73345
73410
73416
73461
73508
73572
2411
14131
73653
64743
73782
82891
12619
73896
72794
25499
74028
74111
74157
74233
74296
74369
74404
74406
72790
74523
74541
24189
74677
74739
74810
112347
40887
74943
75038
75114
136910
45749
46888
75424
75453
75512
75543
14749
75699
75711
92854
105626
739
75882
75978
83386
76058
76075
76166
76174
76186
104442
95289
58662
56248
76500
79997
105217
11571
97454
76707
76803
76872
76909
76928
11113
76969
34277
123164
77189
124469
77283
77347
77364
77454
77506
77559
81589
54152
77789
16293
69368
77897
56793
132034
78105
103884
53587
78272
121036
11238
78353
78384
78433
132463
78598
82785
111763
152773
78747
92765
78820
94534
35683
77993
79055
79115
79148
79218
81367
79313
79397
52648
55333
49806
53692
79611
45081
79700
79798
79853
4834
79918
81230
80016
139876
80139
89975
80313
23164
80401
80500
80582
80618
80666
80702
110664
80799
124154
679
152332
81053
81107
81153
81198
113370
126097
95382
81284
81290
81366
138838
81390
15008
81484
1040
21842
81625
81696
81771
81859
81897
81959
81969
108254
14321
82069
82150
27549
82213
82270
82284
82347
37223
82477
39430
82579
82609
82656
82692
82722
87898
14036
82874
73803
91593
14908
77653
83143
83241
27049
83316
83330
43762
55402
83529
54482
105522
119887
83715
83792
83873
79467
102863
148721
79522
84107
67642
84225
61920
84344
84379
32551
84438
84443
144838
84575
84611
84644
84686
100011
84740
84832
84895
84980
108680
29900
67569
85214
85283
38142
85383
38243
85447
85511
85538
85605
85682
484
2108
85853
69457
56892
36343
23963
86208
76541
94935
86420
86434
5843
148061
86662
87774
86819
86870
86914
86940
67229
87030
66169
87181
87251
87294
87336
87354
87387
21457
86146
87420
87506
87571
87647
22539
87708
87715
83650
69485
87794
120974
40358
87965
87978
88064
88083
20473
134315
88306
88379
59565
89028
88551
98293
88669
93797
88702
62478
105971
7944
88914
133196
69205
89049
148210
89152
111254
121418
136244
89361
53761
89498
89513
142328
6349
89715
89777
89834
49700
80214
90029
115650
47601
133237
96189
90340
90405
44840
115627
26622
146928
33778
20045
90763
94518
90874
119352
75325
8952
46381
91131
91155
91212
91291
91367
20947
91508
91511
91589
82973
91691
148314
91814
91886
99964
91977
112238
148947
119858
71350
92086
92173
152935
147926
92386
92460
40566
92524
112021
125363
149842
92641
122378
78749
61380
63225
92921
105141
40848
93043
93117
93147
64538
31990
93331
86007
2684
93416
93444
9360
93523
93553
93563
55870
132587
59715
102850
69130
70801
60361
94175
56425
94303
94306
53511
9978
88763
94454
94473
4010
78899
102974
17456
10322
94784
22264
94898
94916
86323
54102
95069
95100
66651
95210
23139
81237
24598
95431
95468
95472
90788
90716
135040
95695
99284
1802
95880
95957
35527
95997
96078
96144
96163
96174
1563
145363
122265
145929
2828
96464
96429
96498
109725
96621
96663
96697
96725
39165
96903
96979
96998
90272
63837
70397
122422
28929
97290
70842
97362
97395
50123
10958
123647
32078
97660
97670
67799
97813
115503
97960
102731
98094
98193
98269
88608
10713
98369
98395
98454
23524
98536
98550
98562
98660
98707
98717
98778
95168
32382
119437
92071
99055
99093
8256
55950
99189
95737
99370
99453
99530
99574
72902
99662
99680
99737
99801
28804
99914
120209
84695
54711
100133
100195
131941
100250
128088
26140
100371
89415
17195
100487
100527
100574
100649
102043
100834
100843
118081
101016
125549
141691
101118
101182
29206
101217
101274
21667
101386
101472
101519
29657
47055
21218
117647
101745
136825
50300
107321
31924
101945
102002
102020
102023
122997
102059
5462
102159
102202
102301
102305
102359
102397
110193
102565
102598
22681
98026
67024
93885
12130
102922
122525
123757
47404
103100
103165
103255
103313
103381
103481
103573
94028
103678
103741
104942
103796
47759
73713
103961
104034
78953
122060
104220
36999
104314
104395
98881
781
104539
104612
104669
39868
33560
104829
133465
82425
104950
104974
105056
92945
140644
93283
23750
105324
4326
143724
83616
105567
105569
75810
105726
105794
105799
21934
34599
106059
106112
106166
106207
119195
15180
106331
6043
106420
113822
106509
67735
106626
106645
106739
106768
106810
12774
7305
47273
107015
94877
107156
107867
101881
107403
107482
117621
107637
107721
48046
62869
51735
17362
53249
107987
127037
108069
108158
82001
108285
145724
112503
108446
108492
62744
108652
19159
108736
108801
136048
107235
5219
22437
109068
109093
109108
8032
109212
109218
109269
109348
144936
141007
109564
109566
48103
109584
109627
109629
153026
50463
41929
109858
109930
109970
14620
26796
78173
110141
62283
129763
110227
110246
110253
61853
110353
110433
119718
110504
41966
66714
37752
110717
110806
110848
110903
143561
53212
99640
3423
19325
19546
111339
111345
111368
40727
68528
111547
150564
37448
111653
50546
78654
111823
111891
111981
92529
112045
112090
112121
112163
28202
112304
112314
88401
112388
112437
112491
108365
27412
112577
112629
147449
112715
112802
73634
30484
113021
46856
113169
30005
127920
81223
113393
60881
46253
125131
1943
113642
113712
128789
110003
123121
113917
15748
113979
114550
19030
34966
114214
135075
127258
114378
114421
148549
114506
114028
132681
114688
131234
114755
65416
53851
13318
114893
114912
44305
115033
115133
129047
115241
115326
115402
115442
20580
29247
139310
115567
126315
90115
115699
115730
135359
115874
150293
115961
116015
124349
147121
116170
143476
116281
94091
42065
116520
116616
116675
116747
140726
116795
116870
50003
116939
116992
67123
94548
57314
117210
117286
4634
93662
6913
126747
117582
39001
101667
117723
117788
130082
69016
117909
117943
52920
89225
18820
118122
17537
118224
77064
148161
118369
118415
44799
49415
118650
118711
138875
118806
112854
48697
113784
46597
119156
119192
106291
119292
149660
2198
119531
58377
12035
119704
110464
119768
89122
151488
119984
38426
120031
36930
120115
62960
109140
91959
120283
120347
120366
72994
120438
129248
120511
120523
62315
41262
120690
120737
43921
79534
120864
120932
62078
120987
12567
121095
48304
74599
121210
144711
121255
121314
121361
147066
138759
121574
20644
121746
121812
121893
137745
122015
122039
104121
118251
122188
122209
96299
122342
92698
62101
145
131893
122624
122681
122733
46086
19301
122898
122920
100745
123019
123056
123116
113912
123123
48294
123192
123283
65790
11620
123537
123556
97602
123659
123691
102998
123857
123888
123911
70011
48592
124089
41152
124225
124255
25860
124350
121221
72741
12193
124616
124689
109021
124819
124860
24462
124940
25431
125074
113534
125213
21707
125304
92545
95694
125396
125438
125466
46768
125576
50774
125729
125825
125879
153542
126002
138983
86248
110005
128990
126221
126283
90465
126363
126400
17001
126522
8878
126630
34014
117565
126766
126815
126842
126864
126944
126960
152837
127072
61958
151028
127190
114322
127263
120789
127389
127489
121188
127538
127558
127589
127668
127734
127737
127769
15750
26683
126475
128047
128067
40640
128111
26436
128195
146255
134265
128327
128380
128441
128446
55970
15456
128644
100923
95597
128797
32645
128898
126215
129038
52596
129093
90566
120460
28243
34291
65966
129541
129641
129723
129680
129725
110224
129831
129896
129944
130012
130029
130062
39715
130165
130237
130277
130377
130423
130437
48353
35121
85417
130680
130725
1044
130921
130982
131036
131075
131123
41725
33138
133099
145454
131366
131384
94377
90197
131640
95826
134430
131860
131885
19204
147470
13726
78022
132125
18423
10907
132220
117475
132298
132302
143258
132420
78519
144190
132500
55492
44733
114627
132748
132844
132927
132946
132956
33859
153872
72969
133100
88933
128534
133334
133336
133349
133358
3845
104896
133503
85025
133619
133648
133678
133718
146333
133762
133841
22294
55049
133935
137485
134061
62389
134140
31395
44100
88230
50383
131821
134471
134505
146469
134672
134756
134760
65500
134888
134959
42429
153486
114295
116261
50206
135149
72864
135254
135335
45488
43719
143084
34803
135677
58152
135735
57080
90552
135989
144950
53918
136079
136090
81523
136188
136212
20925
136255
53198
136281
70510
75780
136369
136377
136414
49060
136503
42924
136645
136659
136743
136791
135443
111734
75201
136931
137027
152914
137196
137229
143158
86500
74895
137434
22001
137577
97329
137657
137667
121946
137805
137855
153779
138036
138062
58449
138153
62256
138327
138426
138442
144538
133735
138676
138753
121484
138777
138815
79294
118764
138954
27173
139052
12986
139160
139190
17640
115552
76366
72480
16807
139493
139555
139564
139573
139636
38552
139783
48199
71657
139958
35207
78641
140141
140231
140262
140352
37635
66508
140514
140613
105171
116753
140748
140819
140919
109490
141044
141143
141159
26116
46402
141285
141368
137102
141524
141530
2652
141628
114886
16383
141706
54688
141777
141824
141880
141961
142007
142087
142176
142263
142266
89566
146683
142452
142505
142566
142649
142705
142792
142844
142890
142915
143007
30639
118019
113308
140414
143275
58911
143373
143426
135094
110970
39300
143655
153399
143771
143854
143886
143898
143909
143973
144023
144118
132484
144203
42973
144258
65200
144302
144334
20084
144519
2110
118131
144547
51027
144639
32955
144741
69560
69266
141243
145038
69832
145172
154039
145330
96259
145395
145405
70978
145468
145524
145573
145664
137938
52053
145807
145853
96338
146029
146124
146167
146223
128240
9692
146392
134601
146485
146542
18046
142399
146748
146831
56725
146941
146994
89289
147099
116168
10038
147240
43877
147371
147427
88857
100209
92605
147591
138542
147624
147705
147775
147819
147911
92343
147962
148028
86594
51333
92044
98362
148273
13562
77812
94310
148383
70163
97289
114461
148581
148635
68386
148765
148855
148881
148889
60041
148948
148989
82575
149187
60797
149309
149359
149375
149425
149499
149538
107925
102127
149731
149785
28035
61993
149995
69364
150099
150140
150234
50577
150367
150422
120621
150499
111613
150655
150751
150827
150851
82197
109399
128835
69630
151183
151229
49514
30076
151277
151313
34500
151456
48268
151522
151613
4214
6562
151673
151753
151847
151907
151961
123377
152047
152090
152153
28589
61356
152227
152289
80998
152358
152390
152462
152539
152638
152695
92029
50909
108006
80855
152880
141448
92254
152973
97721
6296
47513
43651
32693
153258
153356
105455
125370
36996
153597
153644
15086
9792
133034
44845
151152
153956
57962
8587
154078
154168
