1000 709
27
6885
7260
5744
7974
10000
289
96
7471
6608
8958
5416
8615
4980
9819
10180
191
4963
1491
10216
5220
3041
241
9672
8646
8712
7151
5726
2030
6936
2700
4011
333
10356
492
1601
5713
7807
2380
5708
4770
990
4540
457
229
5039
9049
6034
3094
6054
10166
6264
7068
2961
2034
575
4110
4064
619
8006
9361
4012
8514
6289
4097
7636
6638
4439
4733
8365
9829
7244
6387
4707
737
917
8890
7045
9542
2794
9223
5334
934
3759
1757
9489
849
4115
2561
10156
8864
4070
6828
5835
2208
1974
10429
5273
959
6537
9992
5197
472
6262
4228
4158
714
4288
3413
7473
1046
9350
4594
7777
2573
3489
6191
7098
7025
8229
4476
3786
3695
610
8588
2095
5845
3816
4456
4208
6567
5392
10004
6347
6592
1339
2868
9323
4543
2177
10386
3649
1117
4801
1477
2309
1431
3216
1717
5379
5933
10417
7498
5396
4772
2454
3292
6018
6059
2614
3014
3934
8037
8024
5605
1612
4294
4549
243
777
1668
408
3797
6947
4579
823
1735
9844
6036
5568
3368
7799
1808
1391
2725
6535
7430
10198
3590
6827
1605
8450
3039
883
5647
114
2071
1970
9814
5000
2472
3472
2001
690
280
6102
4921
2042
3597
7598
2084
8331
1195
2659
58
5953
8142
9062
6991
547
2171
1690
2909
7241
6976
4381
9458
2844
5093
5962
10093
8727
6474
8848
3504
6369
5997
1059
2923
2396
3941
8416
4722
2886
9051
7930
4418
8373
6103
3448
8771
2548
6513
7705
1867
9267
1371
10262
6330
2340
10161
8541
1564
6747
668
631
9212
453
4077
2329
9403
9560
5235
6752
5466
830
6133
8459
2821
5263
5278
513
9848
8289
2906
5786
3982
3229
2837
2943
490
2505
1275
3009
351
5208
2151
8381
9198
98
9011
9322
426
9969
167
8269
3137
1374
5189
7947
3335
9260
671
8808
4623
5316
5809
152
8210
480
1532
3100
3961
4817
8819
3348
4563
273
1987
3069
3202
440
1712
8351
5574
7171
1985
6318
3494
7032
3505
6964
5057
3557
3574
9008
1359
1828
7206
6856
9118
2529
2436
4882
9053
1373
3713
9088
3726
2935
4354
2624
10290
4149
7578
3832
3851
8127
1025
7097
8079
8223
2365
4844
3939
9010
6061
2308
378
4527
6520
209
5688
9895
5636
9544
8910
2814
554
3887
4670
1021
1576
7094
8941
2282
4178
4182
641
7468
5283
6154
4240
8337
9710
6406
1628
1151
3629
5153
9696
5916
9615
4355
5096
3870
6541
4407
3477
4738
6554
6865
7061
4477
4908
7466
4491
2120
4526
967
5303
5873
1785
9985
10430
1066
4611
4857
4642
4849
3144
4690
4705
9662
4713
751
3182
6864
810
1463
4749
9913
1519
3258
1647
10148
9740
1473
2249
9041
5973
4720
327
10397
4867
1589
4900
4487
805
4934
4950
5484
837
2684
3676
1486
4731
7357
7083
5069
1549
3162
2139
9927
8088
6502
5130
4098
3169
5171
6619
2491
9072
555
7233
4830
979
2778
2527
4368
8440
2592
7227
9720
2009
3910
8754
5317
5535
5926
3706
5106
6366
635
1225
7928
10022
7545
9393
1769
2588
8884
6111
8823
1900
5554
532
4300
9716
5585
9180
1877
2420
4045
8478
8316
5660
968
9782
2510
9747
6029
10248
10158
3520
2133
3660
2252
384
8073
148
8621
1443
5827
5290
1213
2109
4423
5893
3645
418
4488
5719
8882
2228
7726
7880
6922
497
6016
5076
6300
8678
1803
6663
6088
9974
6072
9470
875
6225
9300
6156
9161
3633
6150
7203
5095
9891
6184
9925
6197
6206
6101
6234
1135
654
1657
5856
6728
8268
9241
6731
6831
907
4185
9777
5029
6555
7029
1753
943
1592
7835
2570
6444
6458
1934
10281
2855
184
8561
5669
9431
7912
2188
867
7211
3001
5133
705
9509
292
1189
6762
2752
7367
5779
5906
6698
1280
5793
7116
10115
2648
9373
6718
6775
6783
9947
5687
1345
1506
8991
984
1321
1428
2404
7138
1255
6905
9644
297
5807
6428
195
2981
8585
6998
7010
3246
2602
4782
5432
7060
5562
49
7556
4204
9801
9103
1114
10326
3020
6423
6341
2765
3393
7189
9278
4313
5521
7213
7342
9131
7379
3415
5979
7266
7271
7291
5752
7329
1405
2690
7659
6536
5292
3852
5243
1176
7437
7852
10078
3433
10102
3898
1015
7488
7491
404
8829
633
6590
700
3035
8985
7563
7989
7557
3779
7628
7678
7647
5492
7663
2338
2398
3998
7525
6647
1475
7742
1108
6575
1075
7779
10345
9527
3454
7810
7827
9789
6680
6795
37
9674
7908
10379
791
4507
7118
7956
6814
9579
7411
8022
7399
1420
10310
8056
658
6487
5213
8092
7310
28
1162
8161
8172
8182
721
2025
3615
6241
5680
8252
8341
2710
1843
10390
8297
6353
5597
7793
769
2132
10404
7518
8662
8366
3973
8399
9964
8423
7611
8434
7086
8460
1138
1700
3312
8495
7703
8529
2236
8698
9793
9700
2052
8110
5988
8596
5255
699
8635
8642
256
201
364
5493
2634
8800
6851
5373
4768
7770
8780
8035
8803
795
591
3285
7752
307
3723
1954
4390
4754
6416
6243
2667
9274
3919
852
8974
7472
10175
8735
5181
5354
7451
3293
4350
9142
1358
904
3387
8725
9864
6343
10140
4330
9145
8426
77
4780
9870
8573
9237
2928
6938
3745
5017
9024
5513
1683
1979
9315
4653
477
9336
9761
1095
2355
5457
9397
3270
9419
974
7129
9687
9465
9468
4135
1003
6130
2093
789
6739
2799
9572
4258
9598
112
9633
3127
8190
1656
1316
6269
1856
3188
8282
2467
710
1811
7692
8377
9774
8906
4973
1917
8565
5645
7373
9279
3052
2737
1891
1918
4276
9863
2419
9795
9885
6175
3193
9901
3539
3076
2265
9853
5766
1837
7900
9299
3318
6577
69
7510
4074
10042
10060
858
2289
8594
8238
10128
8929
1298
10153
236
9440
1574
4033
1092
133
7872
3120
10235
1817
887
10273
3382
6848
10301
5447
4026
9905
7707
10372
5618
2150
1038
4862
4318
8837
5126
1236
