100 85
18475
4953
672
23200
13395
10403
23093
14472
17583
22685
23677
5270
22734
23980
10097
14423
3423
17006
2204
169
19840
10108
8480
926
15868
252
7878
13940
10942
9189
14417
15936
7476
9075
6968
5417
12565
3014
11280
3461
3692
5883
12054
19596
771
7780
12304
3432
12847
8926
4171
9309
10133
10884
1526
20529
21764
13083
2683
17976
8011
20995
1908
19386
15387
22235
15462
15222
15466
7045
23650
13430
7784
17949
5290
13781
17164
6314
21629
18088
9705
16155
4661
11936
20994
6372
4670
21525
1233
14851
6867
6411
16578
11198
20336
819
18948
21277
11697
13514
