2000 197
61504
69749
84485
15508
94930
55153
84223
54580
53563
4485
89879
47416
19093
88345
58845
52327
54007
78453
18770
16567
28862
1090
60967
1183
1214
63620
2647
1367
51218
1445
1476
1480
74742
1578
1611
1680
4277
38128
1789
92309
1905
63545
2008
75281
2103
97283
54134
2298
6016
29777
64568
2454
45205
56188
1311
22241
87392
76255
2814
78527
2940
3017
87900
100144
68341
22768
3287
50158
60677
3368
78769
96894
43116
49459
34527
45129
3649
83769
24023
1272
3848
87884
29296
3940
4036
83637
92651
56310
91281
26700
4329
4364
4435
79994
4534
4593
97639
4650
17863
73106
16859
23831
48974
81976
5019
29591
81958
62906
16361
172
5394
5453
9843
5552
64205
5648
7275
12069
42440
54526
52989
54100
6064
6115
84097
64147
6245
50536
6361
6380
37659
6475
46451
2436
6601
39313
6757
6840
22293
62387
70759
98333
6982
78107
7055
100499
7212
7239
16444
5600
7380
7475
7571
7580
7668
27771
7793
10543
7886
14070
8042
15934
8151
8213
8286
8355
48940
34360
8546
8553
69579
8710
8720
75509
54951
8812
8844
8845
98121
78605
76173
761
71929
38848
9313
61373
9331
723
93671
39277
70395
34769
40997
41363
42492
9783
13821
63839
9978
10075
59116
10146
10208
10226
10277
10301
50835
21097
24734
10524
21739
10635
10652
10744
10795
33296
89931
83396
10997
57711
11093
11173
57294
66876
42778
45453
11403
11475
11551
81584
67616
11740
6196
11820
11865
57527
79876
29543
98172
12135
12234
12328
18273
39333
11016
12465
27447
87984
40547
79314
91484
73610
82790
12804
12874
77021
13013
68641
84796
13255
41576
82041
99477
2683
42079
13503
333
56353
52885
13729
5519
70443
13878
24423
17400
56940
7951
14080
69410
14182
27391
71596
86861
43032
67335
55137
14468
91719
30439
65483
33365
40517
25943
55318
32362
15041
15093
15172
14670
2881
77844
2397
56580
74197
46282
63048
15699
15758
27328
15800
24866
15834
15883
15889
61426
8088
32506
16026
16045
16093
16154
35726
36298
5271
75843
93993
16450
16473
73988
90863
21851
76398
16806
13578
48885
16980
17032
17080
17112
17114
43965
9344
95074
65493
25955
54246
17500
17520
17585
51977
51845
52605
17784
1484
68811
69448
36965
101103
18009
18055
51294
52246
3023
40303
71027
5332
18490
71778
24566
18606
18682
18708
59508
95613
28308
73515
18986
23519
53196
64622
19150
14288
32093
19341
19361
32969
19421
76287
19500
19586
19605
19637
66278
19761
19767
11607
714
91808
20058
20153
48733
20270
43179
20410
67427
37844
20504
78302
20590
20660
68231
20774
20846
20932
25466
20997
17165
81680
53100
41686
46578
21383
18103
68499
12375
41660
732
21813
64796
38976
64686
76073
65623
50290
15217
9551
26292
4911
22414
22429
22459
22547
31081
22617
22714
40705
49934
22845
22865
34865
22963
44631
23090
23173
41339
77669
84243
51663
19019
23618
29756
74965
23778
4858
23860
23862
100689
17254
100051
85995
24141
41182
24248
41495
45300
25334
24424
24477
37650
24648
87560
56657
24800
24810
70039
15804
24936
23304
69
5004
42802
59936
96338
25144
25199
8434
22733
25793
74406
25565
25573
28571
25698
25733
25376
63395
82033
17368
46977
26094
31436
70251
60850
58607
26379
60734
13853
26580
33078
4325
26706
88293
3886
36625
13411
27052
27148
27208
16391
3222
93851
326
62120
50562
27957
74522
57814
52477
14031
27756
27763
65879
27864
60950
84727
85596
28072
23720
77773
28240
101145
86655
13364
4600
77362
92188
32223
57362
67622
38777
1070
96774
29020
29048
38689
29173
60857
3896
87746
72101
10357
32826
58167
29578
50651
97907
29702
79297
49998
86555
73886
29852
29931
31055
37953
30126
64905
30197
30228
63471
31316
15613
64862
99629
24156
30581
30619
30649
52521
30758
90563
30924
44496
2033
46090
96961
22031
43604
30409
63752
53095
31534
25065
75015
31759
88822
31860
31888
46097
5726
32030
17914
32098
95971
28637
83283
19856
42864
32499
15979
64497
52020
42980
74232
69000
45096
32899
19375
49700
33027
78679
76658
33109
33195
33214
39559
12917
70309
10923
33426
33502
33575
33646
33726
33788
33846
33369
16682
43410
97123
33999
77717
34026
14832
32590
73169
44378
34313
48411
34406
34430
10406
42921
24683
29124
34635
40212
34712
13663
34785
66147
93158
83865
55468
77184
35197
35244
35342
9323
35388
35467
100811
35501
31593
683
35685
100992
48038
62031
35954
36049
36096
5938
74075
16295
36357
36413
36446
36458
36538
26932
82739
37745
36710
36761
99196
36840
36868
65324
37057
46216
71301
37220
37223
71210
65029
37402
37450
37464
37551
15316
66679
85537
68933
64953
792
37878
31415
38047
38127
100442
49042
38273
38348
86242
38420
88568
38580
41431
89072
8454
28854
9255
29674
21913
4677
84261
7318
9487
98889
25027
39382
39429
39457
49818
50927
52564
39646
39728
54786
39795
52658
39891
39925
79749
45062
40065
41841
9671
93271
99824
16223
40424
77615
22130
40640
40664
44338
40761
33995
54827
62173
40188
41088
41103
42636
41246
23253
61308
38589
41493
80998
86052
13304
19185
14960
49300
41784
55705
62778
41956
33215
12103
42098
42171
85312
42259
42701
42402
24044
9749
42511
42531
84088
42562
72142
42583
42587
30534
42651
52942
42704
21565
25041
70234
34522
42955
81028
14590
62528
20356
12576
43278
43293
23474
97549
24940
43456
78203
56113
34193
43665
43686
43751
43845
77089
34476
44049
14302
44101
17804
44238
44323
75607
44802
44407
44482
73539
45690
29375
68068
16920
34290
44839
44930
53626
28475
33975
4129
45113
43214
96846
45231
45269
24342
73191
45417
100377
45495
45537
45596
45619
45677
44512
45723
45747
45765
45844
45930
29425
72650
22550
6960
46156
99478
69236
46367
6505
34005
21366
51421
46694
46767
46838
100584
40838
87587
61979
47140
93590
39969
47209
55544
41566
47414
19925
47509
3366
47680
47696
47786
47787
91452
5051
86142
14275
35783
52144
58539
89464
48229
48259
84867
61772
48452
66339
100904
48659
48661
20185
48814
44723
97445
61064
38503
23648
38221
80604
49145
69757
90747
41780
49369
49423
3506
49491
96571
49645
426
34939
49714
49726
67647
71956
49854
66473
49813
50076
3455
3362
11761
50252
31308
21936
50394
50431
50476
50507
6264
44072
47833
50689
27335
60826
72242
51656
55034
50957
51003
51089
51116
82426
90490
1368
54721
51351
46661
95587
51499
67927
41919
42011
53323
51730
51784
98682
51885
17593
32599
81262
52106
48097
89494
18179
52301
57153
52330
53975
52461
47902
2565
39638
17733
74244
13158
94581
52774
52813
75996
52930
98371
52952
66713
53007
53049
29447
21213
53117
53123
76114
32281
99625
53260
53750
53386
15387
508
50745
53681
68738
18392
53825
36638
84947
91028
53988
871
83547
2242
1117
82411
73431
32744
79346
54459
36147
54559
81444
100758
54659
27704
65816
31237
72175
8752
54956
55016
26018
55062
90780
73759
33930
55193
55265
90136
55351
94310
71892
67239
14881
69942
87092
68031
55837
83372
55965
56028
93222
56074
42340
56156
30739
56266
4195
101306
72409
34567
56501
10099
10869
10482
29577
56808
48330
56870
21475
57008
49197
88935
61244
57292
11176
54307
57443
11948
57570
65121
58825
57717
70957
65583
91359
28542
58012
58072
60516
58208
3436
45084
52719
58413
80234
48132
99743
82184
78389
58675
99273
27531
12390
98056
62166
58947
59015
59021
86394
2380
80398
59193
59251
59270
59331
59347
59436
13583
67823
28002
59538
59625
59652
25666
59793
59859
59871
35593
59991
60080
60086
3688
60213
13484
60327
60380
94850
1997
31678
72298
33902
50752
15965
29235
95873
5880
30510
30328
13472
61153
18791
9687
17808
29995
1053
82986
61621
53789
61692
24005
68418
61844
12382
54378
67514
27444
78377
40946
62259
62319
89641
62444
62493
94067
62623
62692
16615
62877
66450
5171
62920
9938
62953
62983
63237
75795
63126
63150
62986
63332
63364
25868
63459
81859
63539
56716
21728
63703
30047
26672
28280
101208
87547
63934
79377
64103
26113
961
6466
92335
94118
64413
22191
6540
85022
64671
75128
80478
76040
14362
56431
37796
37375
65037
39841
75987
3151
96722
80981
65400
53910
65490
17338
65494
65541
57902
65619
81951
65717
28694
55373
56822
66019
74814
40356
85273
19661
94902
84441
62884
15765
66542
66607
66609
92253
99969
80620
66804
11237
12468
67001
67073
49265
27264
31996
67248
14368
20426
45338
88424
43483
28792
67630
58362
67675
63834
67692
67776
79659
67830
51538
67933
67937
64016
58884
45013
68109
68131
68151
93705
68311
35861
76715
604
18300
91117
68478
82759
92538
68519
68530
68566
13105
68702
99096
68775
22944
68867
18547
72049
69035
69117
69161
78402
35602
100717
69345
14098
23026
39550
69463
69501
87740
69664
152
79978
69843
69856
80209
55673
7720
70126
70178
70225
8973
88076
42534
28087
14760
3564
84558
34124
70550
25117
70716
13889
66721
70890
27599
61623
71060
51565
71191
87526
19265
71242
12756
71373
35368
55068
71485
68351
47352
71696
84665
71789
71823
35064
79000
97518
72016
21655
46012
91221
4194
72235
50773
47588
48512
78422
72426
72465
51489
72553
72587
46030
87814
72769
65167
72892
72985
73012
64382
34288
58486
73198
73207
73275
33107
73400
13979
18889
95404
72386
73690
14430
73851
11392
73912
19443
74016
36218
9200
46535
22284
90541
87329
74373
98256
74430
74514
51170
12513
74614
74658
74677
99634
90653
93785
74914
5786
60586
75029
46949
75194
12632
75348
75399
75461
86005
70840
75695
75771
97818
77481
99000
75918
37095
75959
32777
3072
76036
31936
82658
40867
35474
47066
2730
89129
76355
86426
3478
76454
76532
76671
9424
76616
99559
76552
71557
97140
76851
76948
26198
76989
98716
43899
97138
79626
1775
77290
77293
57985
77419
17968
77577
70524
84344
26952
78756
28183
8750
37558
59728
78022
7015
92060
78235
32662
78316
78333
64285
96097
91968
15547
30129
58581
28392
70230
67689
49667
58248
78819
78839
57198
94737
74167
54863
79054
77787
79207
79242
79259
29729
81149
87042
68016
75939
79530
35151
59517
39961
79826
12003
79917
57085
57652
80065
80122
69889
24849
80313
59148
68475
80456
85162
80537
50079
58813
80711
80772
80803
87704
27878
20685
24257
52156
20522
81116
31152
52418
52067
81320
81387
84837
81504
81578
18763
21139
81758
85761
39130
86768
82264
81870
81884
86299
5113
61915
271
26454
82092
82159
82170
6853
82216
97650
82266
82313
54214
4680
82503
82603
76065
56526
68483
90029
12777
78944
74334
90894
7804
83076
83159
83198
19053
91792
79123
10978
83453
83472
6032
44563
83671
83730
3676
35022
83939
83982
84039
20995
50182
84149
70302
9107
81798
77636
84417
38360
84456
92346
84514
59520
84571
18543
57983
65076
55625
65953
67206
85013
20018
85065
64714
85222
59117
42242
85389
23381
85455
78345
85424
85661
81785
85832
85909
80887
53469
17654
48905
77258
86251
15479
53854
32414
86489
91639
82803
79018
86708
93699
54586
86955
82872
56437
87172
87249
40158
2695
87472
26259
63879
76976
53162
87609
87646
89061
34643
94988
72677
11647
18216
16712
39746
97249
94653
88144
82960
88269
26764
8644
55883
67591
88512
93253
88667
38935
88789
31778
88857
80446
88968
80810
47796
27675
89222
89274
89364
48146
81023
76585
6875
89724
89730
89800
89801
89865
69242
32145
89939
89959
96388
90059
24949
90217
77936
90280
90353
90452
51272
48577
90542
30840
90609
66059
90741
67169
71462
89566
88230
90929
81215
20488
91190
42572
1726
3583
27513
91429
38609
12699
91562
91584
86691
14543
83300
23937
91869
58630
6224
92085
92131
39055
36671
95541
64367
90260
92407
92502
6891
92613
88412
92711
92787
92834
96624
93012
93103
32987
56046
48970
6700
93307
93403
93472
93510
47154
71077
37137
91292
93760
74888
26846
93900
93906
93927
96794
52609
11333
94176
94241
72805
47287
94487
22381
94637
87907
94674
95631
94759
60453
29829
319
94976
4775
9023
95094
95185
95257
95354
30975
95443
95513
1809
66369
970
3775
95690
95785
97926
15284
96030
55796
96106
96120
96154
96239
70633
82778
96472
99336
28958
96662
96721
65247
92918
71415
2504
66903
76426
97027
97086
50310
77138
76810
97181
88074
2184
97333
97345
97390
21272
69462
58322
71174
25291
97727
54203
97885
88766
60916
98015
26527
8925
60271
61790
61549
43575
98444
98533
98625
94398
98714
74531
98754
98768
98797
72490
98925
75844
99084
43332
99133
36808
58751
49549
99434
43448
79456
73346
53251
62944
44153
99709
37322
68397
99872
66203
99977
60181
9579
100155
100228
100297
81860
47980
7117
46874
100594
100622
17253
69326
49070
100789
39216
47180
100964
61072
101086
78870
30528
63844
14993
