1000 709
78
45447
18991
431
53735
1219
89253
79011
92598
78009
47103
33244
52481
23988
21964
1120
1518
86401
34999
66275
1815
67051
332
80452
90320
2204
23162
88149
82861
59935
90161
2867
24271
67612
19530
3229
6655
3382
21709
67536
32964
3787
1688
48938
72902
4273
35257
22187
12848
78589
24139
23415
5148
83955
1017
14378
37190
11029
79066
52450
63792
3458
48320
29489
5827
88901
6138
6275
25296
53878
72218
28297
49384
6732
16444
73128
88292
39898
61145
37213
61390
49833
87615
3264
11975
41851
21549
32530
12272
64825
84231
71174
50757
49010
45591
51632
27102
70563
8977
58178
42943
80242
88474
49613
9627
58017
9740
6449
34101
14456
61995
25851
10458
87128
11980
35764
72635
87602
38424
33475
32060
6850
22280
11612
74061
18864
60813
74054
7840
48451
10638
49771
58438
31133
7743
71838
23733
48663
62853
17649
13081
1171
57304
13762
49553
15082
48943
44068
91505
51636
64908
22449
64646
64449
55710
44762
4434
33074
10159
47538
83340
14841
11792
14995
92236
13360
60868
12101
63502
62073
26270
40276
56905
93238
23199
76870
66417
47872
20496
44194
16657
85131
73032
88262
2361
74344
17090
39627
84437
33439
65977
2178
62104
69514
18127
41593
78567
70016
5592
18536
51137
76526
35707
18662
33647
18773
56208
78737
31349
81157
69230
60653
87737
26860
31892
30943
28427
56104
20011
32803
62126
37349
81682
93104
74638
13663
58631
15450
21017
82517
70631
65494
66820
3394
21796
60359
41657
6473
21922
12668
27472
93179
29646
22275
9228
83151
68886
25159
22774
92537
92812
22878
1987
9074
712
17857
20774
47278
65426
20598
65714
48827
58773
23702
8389
18802
13925
43391
45176
11653
27613
50007
5692
2987
50562
59090
92887
38169
22852
84583
68985
21825
90252
6306
77085
84078
27931
8983
24985
40611
75381
39083
25929
9048
72119
78181
57296
26418
54811
3103
26759
81930
53728
2275
68278
26153
86116
55585
43932
8738
78521
64289
3621
54984
28534
14297
2598
41237
52085
24186
85424
65543
83504
29456
9463
5325
44584
29769
29847
2502
24095
30060
74383
57017
8526
30283
88809
30482
79811
56727
65538
13187
55242
72783
62267
15991
7616
65059
92780
44918
84033
36880
5402
52836
83007
91817
21182
22981
63272
32373
53575
84818
49191
15877
48540
55843
10883
81060
75520
17551
26626
2710
42153
10002
57857
16292
68094
16670
47771
75056
67535
36400
3926
21809
15277
91965
31094
76155
48062
35624
16574
84497
31902
39480
13125
42007
71557
18471
36662
36710
55113
18687
63348
5399
53143
41331
39998
4572
17763
26330
37764
55497
35086
69966
35340
38291
31482
22836
38684
62408
60557
18822
61300
67257
14327
19847
1081
30769
31564
60027
39973
4022
63853
66985
65302
61827
42377
47875
37639
82686
18612
60234
76431
70401
39203
57199
42643
936
41794
82289
41919
3016
52669
77561
7824
72264
26033
34503
20908
192
81330
38715
56380
18929
43235
59733
4201
4666
81908
87249
75193
92492
82038
44301
44302
5643
71287
44709
44411
68188
60655
56622
90580
45314
72388
8848
25668
86736
88403
25196
46061
89165
46318
872
46388
15597
75628
8492
47003
76645
49256
76331
69743
14624
47629
38725
50677
61576
79873
16929
73945
13351
30147
50263
11884
48585
48638
12876
48728
78040
88640
28697
23736
77704
85944
49138
47759
59242
14125
82368
36598
90993
42834
89800
50206
51040
78904
41954
20877
67165
46014
30832
45005
49978
89170
31952
50905
50982
88405
61453
91720
73763
85236
28864
51779
39324
9659
37219
33998
52116
52231
42513
8592
24404
29156
52885
11409
43112
93140
1674
88035
34928
91051
53410
29876
19178
73791
57314
32720
67360
24147
34336
85012
5509
21301
72329
13540
61435
56854
87480
57634
55330
83608
37904
8960
55674
89380
55836
23680
23893
25369
24671
23295
22021
75204
23193
79441
7999
2195
57939
43640
47263
57064
62895
57233
19863
56881
37796
80216
78466
51511
57780
20463
30751
51894
82070
30448
6997
58544
5728
51866
19348
58893
1381
69796
5563
50388
57454
11575
65239
80889
8045
59954
25587
27043
20624
63135
76104
7148
14930
86901
7426
27681
85214
59009
76825
73150
41493
83804
81471
22174
66618
86652
45931
6326
40455
35052
6010
16162
60926
26519
57414
65058
6953
87696
65691
62975
41119
54301
36219
58322
61074
82135
45106
18644
53999
63878
9243
30914
80381
58587
41719
65842
90695
29283
91183
68609
18379
52389
4959
84533
65270
46566
79302
92249
16747
62736
64876
67115
24432
17431
53066
37026
66411
20101
59408
7711
80550
23441
49890
66840
19768
27745
90512
37508
80079
55987
70882
65033
69108
91330
67840
63933
68048
34183
33911
25548
68377
19626
12647
73607
60570
11270
25021
69018
53234
40945
41953
12923
86510
47351
85780
49143
38017
23065
92694
70116
85395
23607
51930
29991
70749
12462
70991
33186
9348
32521
24496
36414
32146
48869
46866
33418
80872
56916
40048
72008
74974
74203
79679
55394
60046
10740
54942
73237
73384
46140
25693
63914
89680
40872
21417
73985
42550
40737
87880
78918
52678
45820
36114
74733
74858
23163
49269
79602
56500
90425
37758
84244
32298
31732
75905
15124
30625
68406
9887
63736
13539
66107
4813
30252
66508
76922
13564
31354
77279
77401
15566
42281
64566
22609
77968
43570
35953
54037
78188
59909
69621
15236
18260
91555
61304
24854
59613
25788
84386
79127
69752
2115
79483
16623
50149
53188
63809
80046
53446
35502
73729
80243
80290
54497
45734
80501
27287
28988
69411
80649
76799
78298
80967
11145
30077
14711
5482
81634
44299
48214
43752
10224
82025
77861
66529
28910
68590
60098
84998
40939
82748
10969
29623
87439
40146
18010
77129
83683
71212
83914
54671
39765
46383
18195
38571
77721
89005
12969
10699
28118
46737
74553
8212
92282
89655
84735
22685
86962
70271
71669
5658
60421
49482
85684
84073
34639
38912
73555
54459
28639
86251
973
68756
21888
48354
1599
76019
85539
35458
48755
18604
13987
15689
33825
67988
72460
51321
4949
8669
70030
88571
13245
56326
88890
7250
54190
20276
84808
824
66678
89503
38698
59581
11736
89934
90113
36979
81830
80506
71430
93124
25515
10407
90798
90813
85597
53273
31190
62554
16788
42789
61758
75751
31698
92091
15068
27173
80779
92347
29349
23880
12393
34790
16954
92789
63625
17246
93017
590
75403
14355
67718
64102
