50 1646 1
1 2 -3
1 3 -3
1 4 -3
1 5 -4
2 3 -3
2 4 -4
2 5 -3
3 4 -4
3 5 -2
4 5 -3
5 6 10
6 7 10
7 8 10
8 9 10
9 10 10
10 11 7
10 12 4
10 13 5
10 14 3
10 15 9
10 16 1
10 17 10
10 18 3
10 19 4
10 20 5
10 21 8
10 22 9
10 23 6
10 24 5
10 25 6
10 26 4
10 27 10
10 28 9
10 29 1
10 30 4
10 31 1
10 32 7
10 33 1
10 34 4
10 35 9
10 36 10
10 37 8
10 38 2
10 39 9
10 40 9
10 41 10
10 42 5
10 43 8
10 44 9
10 45 5
10 46 6
10 47 8
10 48 7
10 49 2
10 50 8
10 11 7
10 12 6
10 13 2
10 14 6
10 15 10
10 16 8
10 17 6
10 18 2
10 19 5
10 20 5
10 21 3
10 22 2
10 23 8
10 24 8
10 25 5
10 26 3
10 27 6
10 28 2
10 29 1
10 30 4
10 31 7
10 32 2
10 33 7
10 34 3
10 35 7
10 36 4
10 37 10
10 38 10
10 39 7
10 40 5
10 41 4
10 42 7
10 43 5
10 44 10
10 45 7
10 46 1
10 47 1
10 48 10
10 49 7
10 50 7
11 12 7
11 13 2
11 14 3
11 15 4
11 16 2
11 17 8
11 18 4
11 19 7
11 20 4
11 21 4
11 22 6
11 23 1
11 24 5
11 25 7
11 26 10
11 27 10
11 28 2
11 29 7
11 30 3
11 31 7
11 32 2
11 33 10
11 34 7
11 35 6
11 36 3
11 37 5
11 38 5
11 39 5
11 40 3
11 41 7
11 42 2
11 43 4
11 44 2
11 45 7
11 46 7
11 47 4
11 48 2
11 49 8
11 50 2
11 12 10
11 13 4
11 14 7
11 15 9
11 16 1
11 17 1
11 18 7
11 19 9
11 20 7
11 21 1
11 22 10
11 23 10
11 24 9
11 25 5
11 26 6
11 27 10
11 28 1
11 29 7
11 30 5
11 31 8
11 32 1
11 33 1
11 34 5
11 35 3
11 36 10
11 37 2
11 38 4
11 39 3
11 40 5
11 41 2
11 42 7
11 43 4
11 44 9
11 45 5
11 46 10
11 47 1
11 48 3
11 49 7
11 50 6
12 13 6
12 14 9
12 15 3
12 16 6
12 17 6
12 18 10
12 19 1
12 20 10
12 21 6
12 22 1
12 23 10
12 24 3
12 25 4
12 26 1
12 27 7
12 28 9
12 29 2
12 30 7
12 31 8
12 32 9
12 33 3
12 34 3
12 35 2
12 36 4
12 37 6
12 38 6
12 39 1
12 40 2
12 41 9
12 42 4
12 43 1
12 44 2
12 45 7
12 46 6
12 47 3
12 48 8
12 49 8
12 50 3
12 13 10
12 14 5
12 15 3
12 16 8
12 17 6
12 18 4
12 19 6
12 20 9
12 21 6
12 22 7
12 23 3
12 24 9
12 25 10
12 26 7
12 27 5
12 28 5
12 29 9
12 30 10
12 31 7
12 32 2
12 33 3
12 34 8
12 35 9
12 36 5
12 37 4
12 38 7
12 39 9
12 40 3
12 41 6
12 42 4
12 43 9
12 44 10
12 45 7
12 46 6
12 47 8
12 48 7
12 49 6
12 50 6
13 14 10
13 15 3
13 16 7
13 17 4
13 18 5
13 19 7
13 20 7
13 21 5
13 22 1
13 23 5
13 24 4
13 25 8
13 26 7
13 27 3
13 28 3
13 29 4
13 30 7
13 31 8
13 32 5
13 33 9
13 34 2
13 35 2
13 36 3
13 37 1
13 38 6
13 39 4
13 40 6
13 41 6
13 42 6
13 43 1
13 44 7
13 45 10
13 46 7
13 47 4
13 48 5
13 49 3
13 50 9
13 14 2
13 15 4
13 16 1
13 17 5
13 18 10
13 19 9
13 20 3
13 21 9
13 22 6
13 23 8
13 24 5
13 25 2
13 26 1
13 27 10
13 28 4
13 29 8
13 30 5
13 31 10
13 32 9
13 33 2
13 34 10
13 35 9
13 36 1
13 37 2
13 38 6
13 39 7
13 40 2
13 41 2
13 42 8
13 43 9
13 44 9
13 45 9
13 46 5
13 47 6
13 48 2
13 49 5
13 50 1
14 15 1
14 16 10
14 17 7
14 18 4
14 19 5
14 20 5
14 21 8
14 22 1
14 23 9
14 24 4
14 25 10
14 26 1
14 27 9
14 28 3
14 29 1
14 30 8
14 31 4
14 32 10
14 33 8
14 34 8
14 35 2
14 36 4
14 37 6
14 38 5
14 39 1
14 40 4
14 41 2
14 42 2
14 43 1
14 44 2
14 45 8
14 46 5
14 47 3
14 48 9
14 49 4
14 50 10
14 15 10
14 16 7
14 17 8
14 18 6
14 19 1
14 20 8
14 21 2
14 22 6
14 23 7
14 24 1
14 25 6
14 26 7
14 27 3
14 28 10
14 29 10
14 30 3
14 31 7
14 32 7
14 33 6
14 34 9
14 35 6
14 36 8
14 37 8
14 38 10
14 39 4
14 40 6
14 41 4
14 42 3
14 43 3
14 44 3
14 45 2
14 46 3
14 47 10
14 48 6
14 49 8
14 50 5
15 16 5
15 17 10
15 18 3
15 19 7
15 20 3
15 21 1
15 22 1
15 23 1
15 24 5
15 25 5
15 26 4
15 27 9
15 28 7
15 29 10
15 30 4
15 31 7
15 32 2
15 33 6
15 34 1
15 35 9
15 36 1
15 37 8
15 38 7
15 39 5
15 40 5
15 41 7
15 42 6
15 43 7
15 44 9
15 45 8
15 46 10
15 47 5
15 48 3
15 49 5
15 50 7
15 16 10
15 17 3
15 18 2
15 19 1
15 20 3
15 21 8
15 22 9
15 23 4
15 24 10
15 25 4
15 26 7
15 27 6
15 28 4
15 29 9
15 30 6
15 31 7
15 32 1
15 33 9
15 34 4
15 35 3
15 36 5
15 37 8
15 38 9
15 39 2
15 40 7
15 41 10
15 42 5
15 43 7
15 44 5
15 45 3
15 46 8
15 47 10
15 48 3
15 49 8
15 50 9
16 17 3
16 18 4
16 19 3
16 20 10
16 21 6
16 22 5
16 23 1
16 24 8
16 25 3
16 26 2
16 27 5
16 28 8
16 29 4
16 30 7
16 31 5
16 32 3
16 33 3
16 34 2
16 35 6
16 36 9
16 37 9
16 38 8
16 39 2
16 40 7
16 41 6
16 42 3
16 43 2
16 44 2
16 45 8
16 46 8
16 47 4
16 48 5
16 49 6
16 50 9
16 17 2
16 18 3
16 19 2
16 20 2
16 21 5
16 22 2
16 23 4
16 24 8
16 25 10
16 26 1
16 27 8
16 28 8
16 29 8
16 30 1
16 31 10
16 32 3
16 33 1
16 34 8
16 35 6
16 36 8
16 37 6
16 38 1
16 39 10
16 40 3
16 41 3
16 42 3
16 43 3
16 44 7
16 45 2
16 46 1
16 47 1
16 48 6
16 49 10
16 50 1
17 18 7
17 19 9
17 20 8
17 21 10
17 22 3
17 23 8
17 24 6
17 25 2
17 26 1
17 27 6
17 28 5
17 29 6
17 30 10
17 31 8
17 32 9
17 33 7
17 34 4
17 35 3
17 36 10
17 37 5
17 38 3
17 39 9
17 40 10
17 41 5
17 42 10
17 43 8
17 44 8
17 45 5
17 46 7
17 47 8
17 48 9
17 49 5
17 50 3
17 18 9
17 19 9
17 20 2
17 21 7
17 22 8
17 23 1
17 24 10
17 25 4
17 26 9
17 27 2
17 28 8
17 29 10
17 30 10
17 31 5
17 32 8
17 33 5
17 34 1
17 35 7
17 36 3
17 37 4
17 38 5
17 39 2
17 40 5
17 41 9
17 42 3
17 43 2
17 44 5
17 45 6
17 46 2
17 47 3
17 48 10
17 49 1
17 50 5
18 19 9
18 20 6
18 21 10
18 22 4
18 23 10
18 24 8
18 25 10
18 26 5
18 27 8
18 28 4
18 29 4
18 30 4
18 31 1
18 32 4
18 33 5
18 34 8
18 35 3
18 36 10
18 37 2
18 38 4
18 39 1
18 40 10
18 41 8
18 42 1
18 43 1
18 44 6
18 45 8
18 46 4
18 47 2
18 48 9
18 49 1
18 50 3
18 19 1
18 20 7
18 21 7
18 22 9
18 23 3
18 24 5
18 25 5
18 26 8
18 27 6
18 28 9
18 29 9
18 30 4
18 31 8
18 32 1
18 33 3
18 34 3
18 35 2
18 36 6
18 37 1
18 38 5
18 39 4
18 40 5
18 41 3
18 42 5
18 43 5
18 44 6
18 45 7
18 46 5
18 47 7
18 48 9
18 49 3
18 50 5
19 20 4
19 21 9
19 22 2
19 23 6
19 24 8
19 25 1
19 26 1
19 27 7
19 28 7
19 29 3
19 30 8
19 31 9
19 32 8
19 33 7
19 34 3
19 35 2
19 36 4
19 37 1
19 38 6
19 39 1
19 40 3
19 41 9
19 42 4
19 43 2
19 44 2
19 45 8
19 46 5
19 47 10
19 48 1
19 49 8
19 50 8
19 20 5
19 21 1
19 22 5
19 23 6
19 24 9
19 25 4
19 26 5
19 27 6
19 28 5
19 29 10
19 30 2
19 31 7
19 32 5
19 33 1
19 34 8
19 35 5
19 36 6
19 37 6
19 38 2
19 39 6
19 40 2
19 41 7
19 42 7
19 43 3
19 44 6
19 45 2
19 46 4
19 47 4
19 48 2
19 49 10
19 50 2
20 21 2
20 22 2
20 23 10
20 24 6
20 25 6
20 26 1
20 27 5
20 28 10
20 29 9
20 30 1
20 31 5
20 32 9
20 33 8
20 34 9
20 35 4
20 36 1
20 37 10
20 38 5
20 39 7
20 40 5
20 41 7
20 42 6
20 43 4
20 44 8
20 45 8
20 46 1
20 47 7
20 48 8
20 49 3
20 50 8
20 21 2
20 22 1
20 23 8
20 24 4
20 25 10
20 26 3
20 27 5
20 28 6
20 29 6
20 30 10
20 31 9
20 32 6
20 33 5
20 34 1
20 35 10
20 36 7
20 37 6
20 38 9
20 39 9
20 40 2
20 41 10
20 42 10
20 43 9
20 44 1
20 45 2
20 46 1
20 47 7
20 48 7
20 49 4
20 50 10
21 22 1
21 23 10
21 24 5
21 25 5
21 26 3
21 27 8
21 28 9
21 29 8
21 30 1
21 31 4
21 32 10
21 33 2
21 34 4
21 35 5
21 36 4
21 37 4
21 38 1
21 39 6
21 40 2
21 41 9
21 42 5
21 43 6
21 44 10
21 45 7
21 46 1
21 47 7
21 48 10
21 49 1
21 50 9
21 22 1
21 23 5
21 24 1
21 25 4
21 26 1
21 27 3
21 28 3
21 29 7
21 30 9
21 31 1
21 32 6
21 33 1
21 34 6
21 35 5
21 36 7
21 37 1
21 38 6
21 39 3
21 40 1
21 41 3
21 42 6
21 43 3
21 44 8
21 45 2
21 46 4
21 47 1
21 48 5
21 49 2
21 50 10
22 23 7
22 24 3
22 25 10
22 26 4
22 27 10
22 28 1
22 29 5
22 30 4
22 31 2
22 32 9
22 33 7
22 34 9
22 35 5
22 36 7
22 37 10
22 38 4
22 39 1
22 40 4
22 41 8
22 42 9
22 43 3
22 44 1
22 45 3
22 46 7
22 47 7
22 48 4
22 49 3
22 50 7
22 23 7
22 24 10
22 25 6
22 26 9
22 27 5
22 28 5
22 29 6
22 30 5
22 31 3
22 32 9
22 33 8
22 34 8
22 35 5
22 36 5
22 37 4
22 38 10
22 39 9
22 40 4
22 41 10
22 42 4
22 43 1
22 44 8
22 45 3
22 46 5
22 47 4
22 48 10
22 49 9
22 50 3
23 24 10
23 25 4
23 26 10
23 27 7
23 28 10
23 29 9
23 30 3
23 31 2
23 32 10
23 33 3
23 34 3
23 35 3
23 36 2
23 37 5
23 38 10
23 39 9
23 40 3
23 41 4
23 42 7
23 43 4
23 44 1
23 45 10
23 46 8
23 47 2
23 48 9
23 49 7
23 50 3
23 24 2
23 25 4
23 26 4
23 27 4
23 28 4
23 29 8
23 30 7
23 31 3
23 32 8
23 33 2
23 34 6
23 35 5
23 36 3
23 37 4
23 38 9
23 39 9
23 40 4
23 41 3
23 42 8
23 43 6
23 44 6
23 45 10
23 46 3
23 47 7
23 48 6
23 49 9
23 50 6
24 25 10
24 26 4
24 27 8
24 28 1
24 29 7
24 30 2
24 31 10
24 32 2
24 33 10
24 34 8
24 35 5
24 36 8
24 37 1
24 38 7
24 39 3
24 40 7
24 41 2
24 42 5
24 43 5
24 44 7
24 45 2
24 46 4
24 47 7
24 48 2
24 49 4
24 50 10
24 25 9
24 26 1
24 27 10
24 28 1
24 29 6
24 30 10
24 31 3
24 32 2
24 33 6
24 34 3
24 35 9
24 36 3
24 37 5
24 38 6
24 39 6
24 40 10
24 41 3
24 42 3
24 43 5
24 44 10
24 45 5
24 46 1
24 47 3
24 48 9
24 49 6
24 50 8
25 26 4
25 27 3
25 28 4
25 29 9
25 30 6
25 31 1
25 32 8
25 33 7
25 34 4
25 35 4
25 36 10
25 37 10
25 38 9
25 39 2
25 40 1
25 41 10
25 42 3
25 43 4
25 44 5
25 45 9
25 46 2
25 47 6
25 48 4
25 49 6
25 50 8
25 26 4
25 27 7
25 28 6
25 29 7
25 30 10
25 31 8
25 32 9
25 33 3
25 34 7
25 35 4
25 36 7
25 37 7
25 38 6
25 39 9
25 40 3
25 41 6
25 42 2
25 43 3
25 44 9
25 45 1
25 46 7
25 47 8
25 48 3
25 49 1
25 50 5
26 27 4
26 28 1
26 29 6
26 30 6
26 31 10
26 32 4
26 33 1
26 34 6
26 35 5
26 36 2
26 37 1
26 38 5
26 39 4
26 40 10
26 41 7
26 42 1
26 43 3
26 44 10
26 45 3
26 46 7
26 47 2
26 48 1
26 49 6
26 50 3
26 27 7
26 28 6
26 29 7
26 30 8
26 31 10
26 32 4
26 33 1
26 34 3
26 35 7
26 36 5
26 37 7
26 38 10
26 39 6
26 40 9
26 41 10
26 42 10
26 43 1
26 44 7
26 45 7
26 46 5
26 47 9
26 48 7
26 49 6
26 50 7
27 28 4
27 29 1
27 30 8
27 31 10
27 32 1
27 33 6
27 34 5
27 35 10
27 36 6
27 37 4
27 38 7
27 39 9
27 40 1
27 41 5
27 42 3
27 43 9
27 44 5
27 45 6
27 46 7
27 47 9
27 48 9
27 49 9
27 50 7
27 28 4
27 29 2
27 30 5
27 31 10
27 32 6
27 33 9
27 34 7
27 35 6
27 36 4
27 37 10
27 38 6
27 39 6
27 40 2
27 41 10
27 42 7
27 43 9
27 44 3
27 45 10
27 46 1
27 47 10
27 48 2
27 49 1
27 50 2
28 29 2
28 30 4
28 31 4
28 32 3
28 33 10
28 34 6
28 35 4
28 36 10
28 37 2
28 38 6
28 39 9
28 40 6
28 41 5
28 42 3
28 43 10
28 44 6
28 45 2
28 46 2
28 47 7
28 48 4
28 49 5
28 50 7
28 29 1
28 30 4
28 31 7
28 32 10
28 33 3
28 34 9
28 35 1
28 36 5
28 37 1
28 38 6
28 39 1
28 40 5
28 41 10
28 42 2
28 43 8
28 44 5
28 45 9
28 46 2
28 47 7
28 48 8
28 49 6
28 50 6
29 30 4
29 31 4
29 32 10
29 33 1
29 34 4
29 35 6
29 36 5
29 37 7
29 38 4
29 39 1
29 40 10
29 41 10
29 42 2
29 43 7
29 44 4
29 45 3
29 46 7
29 47 3
29 48 1
29 49 10
29 50 7
29 30 4
29 31 5
29 32 5
29 33 3
29 34 7
29 35 3
29 36 9
29 37 6
29 38 5
29 39 4
29 40 10
29 41 5
29 42 6
29 43 4
29 44 5
29 45 10
29 46 6
29 47 2
29 48 4
29 49 1
29 50 7
30 31 4
30 32 7
30 33 6
30 34 9
30 35 7
30 36 5
30 37 4
30 38 1
30 39 10
30 40 10
30 41 4
30 42 5
30 43 8
30 44 10
30 45 7
30 46 7
30 47 9
30 48 3
30 49 10
30 50 6
30 31 9
30 32 10
30 33 8
30 34 2
30 35 7
30 36 3
30 37 4
30 38 1
30 39 2
30 40 8
30 41 1
30 42 1
30 43 3
30 44 2
30 45 5
30 46 3
30 47 6
30 48 9
30 49 8
30 50 2
31 32 10
31 33 5
31 34 2
31 35 4
31 36 2
31 37 6
31 38 6
31 39 10
31 40 8
31 41 10
31 42 9
31 43 1
31 44 10
31 45 6
31 46 10
31 47 9
31 48 4
31 49 8
31 50 4
31 32 3
31 33 2
31 34 8
31 35 7
31 36 2
31 37 7
31 38 9
31 39 9
31 40 1
31 41 1
31 42 1
31 43 5
31 44 7
31 45 6
31 46 4
31 47 3
31 48 1
31 49 2
31 50 10
32 33 9
32 34 9
32 35 1
32 36 3
32 37 5
32 38 5
32 39 2
32 40 5
32 41 5
32 42 6
32 43 10
32 44 10
32 45 5
32 46 1
32 47 9
32 48 1
32 49 2
32 50 5
32 33 3
32 34 5
32 35 5
32 36 3
32 37 4
32 38 1
32 39 7
32 40 2
32 41 4
32 42 9
32 43 8
32 44 4
32 45 7
32 46 4
32 47 4
32 48 1
32 49 5
32 50 4
33 34 7
33 35 7
33 36 1
33 37 7
33 38 9
33 39 10
33 40 7
33 41 7
33 42 8
33 43 4
33 44 6
33 45 4
33 46 2
33 47 9
33 48 5
33 49 8
33 50 5
33 34 3
33 35 4
33 36 8
33 37 1
33 38 6
33 39 8
33 40 4
33 41 2
33 42 6
33 43 7
33 44 1
33 45 8
33 46 7
33 47 7
33 48 1
33 49 10
33 50 9
34 35 2
34 36 7
34 37 9
34 38 9
34 39 1
34 40 1
34 41 6
34 42 10
34 43 5
34 44 10
34 45 6
34 46 8
34 47 4
34 48 10
34 49 2
34 50 4
34 35 1
34 36 9
34 37 6
34 38 8
34 39 9
34 40 8
34 41 4
34 42 7
34 43 3
34 44 4
34 45 1
34 46 6
34 47 1
34 48 3
34 49 3
34 50 1
35 36 2
35 37 1
35 38 3
35 39 2
35 40 1
35 41 6
35 42 1
35 43 3
35 44 9
35 45 4
35 46 2
35 47 1
35 48 6
35 49 10
35 50 8
35 36 9
35 37 5
35 38 9
35 39 2
35 40 4
35 41 2
35 42 8
35 43 5
35 44 5
35 45 6
35 46 4
35 47 4
35 48 1
35 49 8
35 50 5
36 37 8
36 38 4
36 39 10
36 40 2
36 41 1
36 42 4
36 43 9
36 44 1
36 45 4
36 46 9
36 47 9
36 48 7
36 49 7
36 50 2
36 37 10
36 38 10
36 39 8
36 40 6
36 41 4
36 42 5
36 43 6
36 44 7
36 45 4
36 46 3
36 47 4
36 48 6
36 49 3
36 50 2
37 38 5
37 39 3
37 40 7
37 41 6
37 42 3
37 43 1
37 44 6
37 45 9
37 46 2
37 47 4
37 48 2
37 49 3
37 50 1
37 38 6
37 39 10
37 40 8
37 41 1
37 42 7
37 43 2
37 44 6
37 45 7
37 46 2
37 47 1
37 48 7
37 49 9
37 50 10
38 39 8
38 40 7
38 41 10
38 42 4
38 43 6
38 44 9
38 45 4
38 46 9
38 47 6
38 48 5
38 49 10
38 50 5
38 39 6
38 40 10
38 41 3
38 42 8
38 43 9
38 44 1
38 45 4
38 46 5
38 47 1
38 48 1
38 49 3
38 50 10
39 40 4
39 41 6
39 42 9
39 43 7
39 44 5
39 45 4
39 46 5
39 47 7
39 48 4
39 49 6
39 50 9
39 40 8
39 41 10
39 42 10
39 43 10
39 44 5
39 45 4
39 46 9
39 47 10
39 48 1
39 49 8
39 50 7
40 41 7
40 42 3
40 43 3
40 44 6
40 45 3
40 46 8
40 47 2
40 48 8
40 49 10
40 50 8
40 41 3
40 42 5
40 43 5
40 44 2
40 45 5
40 46 3
40 47 8
40 48 6
40 49 9
40 50 5
41 42 2
41 43 10
41 44 5
41 45 4
41 46 9
41 47 1
41 48 9
41 49 8
41 50 2
41 42 10
41 43 2
41 44 8
41 45 4
41 46 3
41 47 1
41 48 1
41 49 5
41 50 5
42 43 2
42 44 9
42 45 6
42 46 5
42 47 3
42 48 3
42 49 6
42 50 10
42 43 2
42 44 8
42 45 10
42 46 7
42 47 10
42 48 1
42 49 4
42 50 10
43 44 3
43 45 7
43 46 3
43 47 3
43 48 5
43 49 1
43 50 1
43 44 1
43 45 7
43 46 10
43 47 5
43 48 7
43 49 4
43 50 8
44 45 9
44 46 6
44 47 8
44 48 6
44 49 10
44 50 5
44 45 4
44 46 7
44 47 9
44 48 7
44 49 8
44 50 4
45 46 4
45 47 7
45 48 7
45 49 5
45 50 3
45 46 1
45 47 9
45 48 3
45 49 2
45 50 1
46 47 3
46 48 4
46 49 2
46 50 7
46 47 5
46 48 4
46 49 8
46 50 8
47 48 6
47 49 7
47 50 5
47 48 2
47 49 1
47 50 2
48 49 5
48 50 1
48 49 1
48 50 3
49 50 3
49 50 4
