50 1646 1
1 2 -2
1 3 -2
1 4 -2
1 5 -2
2 3 -2
2 4 -2
2 5 -2
3 4 -2
3 5 -1
4 5 -2
5 6 10
6 7 10
7 8 10
8 9 10
9 10 10
10 11 6
10 12 4
10 13 4
10 14 3
10 15 9
10 16 1
10 17 9
10 18 3
10 19 4
10 20 5
10 21 8
10 22 8
10 23 5
10 24 5
10 25 6
10 26 4
10 27 9
10 28 8
10 29 1
10 30 4
10 31 1
10 32 6
10 33 1
10 34 4
10 35 8
10 36 9
10 37 8
10 38 2
10 39 8
10 40 8
10 41 9
10 42 5
10 43 8
10 44 8
10 45 5
10 46 5
10 47 8
10 48 7
10 49 2
10 50 7
10 11 6
10 12 6
10 13 2
10 14 5
10 15 9
10 16 7
10 17 5
10 18 1
10 19 4
10 20 5
10 21 3
10 22 2
10 23 7
10 24 7
10 25 5
10 26 2
10 27 6
10 28 2
10 29 1
10 30 3
10 31 6
10 32 2
10 33 6
10 34 3
10 35 6
10 36 4
10 37 9
10 38 9
10 39 7
10 40 5
10 41 4
10 42 6
10 43 4
10 44 9
10 45 7
10 46 1
10 47 1
10 48 9
10 49 7
10 50 6
11 12 7
11 13 2
11 14 2
11 15 4
11 16 2
11 17 7
11 18 3
11 19 6
11 20 4
11 21 3
11 22 6
11 23 1
11 24 4
11 25 6
11 26 9
11 27 9
11 28 1
11 29 6
11 30 2
11 31 6
11 32 2
11 33 9
11 34 6
11 35 6
11 36 3
11 37 4
11 38 5
11 39 5
11 40 3
11 41 6
11 42 2
11 43 4
11 44 1
11 45 7
11 46 6
11 47 3
11 48 2
11 49 8
11 50 2
11 12 9
11 13 4
11 14 6
11 15 8
11 16 1
11 17 1
11 18 6
11 19 8
11 20 7
11 21 1
11 22 9
11 23 9
11 24 8
11 25 5
11 26 5
11 27 9
11 28 1
11 29 6
11 30 5
11 31 7
11 32 1
11 33 1
11 34 4
11 35 3
11 36 9
11 37 2
11 38 4
11 39 3
11 40 5
11 41 2
11 42 7
11 43 3
11 44 8
11 45 4
11 46 9
11 47 1
11 48 2
11 49 7
11 50 6
12 13 6
12 14 8
12 15 3
12 16 5
12 17 5
12 18 9
12 19 1
12 20 9
12 21 6
12 22 1
12 23 9
12 24 3
12 25 3
12 26 1
12 27 7
12 28 8
12 29 2
12 30 6
12 31 7
12 32 8
12 33 3
12 34 3
12 35 2
12 36 4
12 37 6
12 38 5
12 39 1
12 40 2
12 41 8
12 42 4
12 43 1
12 44 2
12 45 7
12 46 6
12 47 3
12 48 7
12 49 7
12 50 3
12 13 9
12 14 4
12 15 3
12 16 7
12 17 6
12 18 4
12 19 6
12 20 9
12 21 6
12 22 6
12 23 3
12 24 9
12 25 9
12 26 7
12 27 5
12 28 5
12 29 8
12 30 9
12 31 7
12 32 2
12 33 3
12 34 7
12 35 8
12 36 4
12 37 4
12 38 7
12 39 8
12 40 3
12 41 6
12 42 3
12 43 8
12 44 9
12 45 7
12 46 6
12 47 7
12 48 6
12 49 5
12 50 5
13 14 9
13 15 3
13 16 6
13 17 4
13 18 4
13 19 6
13 20 6
13 21 5
13 22 1
13 23 5
13 24 3
13 25 7
13 26 6
13 27 3
13 28 3
13 29 4
13 30 6
13 31 7
13 32 4
13 33 8
13 34 2
13 35 1
13 36 3
13 37 1
13 38 6
13 39 4
13 40 6
13 41 5
13 42 6
13 43 1
13 44 6
13 45 9
13 46 6
13 47 3
13 48 4
13 49 2
13 50 9
13 14 2
13 15 4
13 16 1
13 17 4
13 18 9
13 19 9
13 20 3
13 21 8
13 22 5
13 23 7
13 24 5
13 25 1
13 26 1
13 27 9
13 28 4
13 29 7
13 30 5
13 31 9
13 32 8
13 33 2
13 34 9
13 35 8
13 36 1
13 37 2
13 38 5
13 39 6
13 40 2
13 41 2
13 42 8
13 43 8
13 44 8
13 45 8
13 46 4
13 47 6
13 48 2
13 49 4
13 50 1
14 15 1
14 16 9
14 17 7
14 18 4
14 19 5
14 20 4
14 21 7
14 22 1
14 23 8
14 24 4
14 25 9
14 26 1
14 27 8
14 28 3
14 29 1
14 30 7
14 31 4
14 32 9
14 33 7
14 34 7
14 35 2
14 36 4
14 37 5
14 38 5
14 39 1
14 40 4
14 41 2
14 42 2
14 43 1
14 44 2
14 45 8
14 46 5
14 47 3
14 48 8
14 49 4
14 50 9
14 15 9
14 16 6
14 17 7
14 18 6
14 19 1
14 20 8
14 21 2
14 22 5
14 23 6
14 24 1
14 25 6
14 26 7
14 27 3
14 28 9
14 29 9
14 30 3
14 31 6
14 32 7
14 33 5
14 34 8
14 35 6
14 36 7
14 37 7
14 38 9
14 39 3
14 40 5
14 41 4
14 42 2
14 43 2
14 44 3
14 45 2
14 46 2
14 47 9
14 48 6
14 49 7
14 50 5
15 16 5
15 17 9
15 18 3
15 19 7
15 20 3
15 21 1
15 22 1
15 23 1
15 24 4
15 25 5
15 26 3
15 27 8
15 28 7
15 29 9
15 30 4
15 31 6
15 32 2
15 33 5
15 34 1
15 35 8
15 36 1
15 37 7
15 38 7
15 39 5
15 40 5
15 41 7
15 42 5
15 43 6
15 44 9
15 45 7
15 46 9
15 47 5
15 48 2
15 49 5
15 50 6
15 16 9
15 17 3
15 18 2
15 19 1
15 20 3
15 21 7
15 22 8
15 23 3
15 24 9
15 25 4
15 26 6
15 27 6
15 28 3
15 29 8
15 30 5
15 31 6
15 32 1
15 33 8
15 34 3
15 35 3
15 36 4
15 37 8
15 38 8
15 39 2
15 40 7
15 41 9
15 42 5
15 43 7
15 44 5
15 45 2
15 46 8
15 47 9
15 48 3
15 49 7
15 50 8
16 17 3
16 18 3
16 19 2
16 20 9
16 21 5
16 22 5
16 23 1
16 24 7
16 25 2
16 26 2
16 27 4
16 28 7
16 29 4
16 30 6
16 31 5
16 32 2
16 33 3
16 34 2
16 35 6
16 36 8
16 37 8
16 38 7
16 39 2
16 40 7
16 41 5
16 42 3
16 43 2
16 44 2
16 45 7
16 46 7
16 47 4
16 48 5
16 49 6
16 50 8
16 17 2
16 18 2
16 19 2
16 20 2
16 21 5
16 22 2
16 23 4
16 24 7
16 25 9
16 26 1
16 27 7
16 28 7
16 29 7
16 30 1
16 31 9
16 32 2
16 33 1
16 34 7
16 35 5
16 36 7
16 37 6
16 38 1
16 39 9
16 40 2
16 41 3
16 42 3
16 43 3
16 44 7
16 45 1
16 46 1
16 47 1
16 48 6
16 49 9
16 50 1
17 18 7
17 19 8
17 20 8
17 21 9
17 22 3
17 23 7
17 24 6
17 25 2
17 26 1
17 27 5
17 28 5
17 29 6
17 30 9
17 31 8
17 32 8
17 33 6
17 34 4
17 35 2
17 36 9
17 37 5
17 38 3
17 39 8
17 40 9
17 41 5
17 42 9
17 43 7
17 44 8
17 45 5
17 46 6
17 47 7
17 48 8
17 49 5
17 50 3
17 18 8
17 19 8
17 20 2
17 21 6
17 22 7
17 23 1
17 24 9
17 25 4
17 26 8
17 27 2
17 28 8
17 29 9
17 30 9
17 31 5
17 32 7
17 33 5
17 34 1
17 35 6
17 36 3
17 37 4
17 38 4
17 39 2
17 40 4
17 41 8
17 42 3
17 43 2
17 44 4
17 45 5
17 46 2
17 47 3
17 48 9
17 49 1
17 50 4
18 19 8
18 20 6
18 21 9
18 22 4
18 23 9
18 24 8
18 25 9
18 26 4
18 27 7
18 28 4
18 29 3
18 30 4
18 31 1
18 32 3
18 33 4
18 34 7
18 35 3
18 36 9
18 37 2
18 38 3
18 39 1
18 40 9
18 41 7
18 42 1
18 43 1
18 44 5
18 45 7
18 46 3
18 47 2
18 48 8
18 49 1
18 50 3
18 19 1
18 20 7
18 21 7
18 22 8
18 23 3
18 24 4
18 25 4
18 26 7
18 27 6
18 28 8
18 29 8
18 30 4
18 31 7
18 32 1
18 33 3
18 34 3
18 35 2
18 36 6
18 37 1
18 38 5
18 39 3
18 40 5
18 41 3
18 42 5
18 43 5
18 44 5
18 45 7
18 46 4
18 47 7
18 48 8
18 49 3
18 50 4
19 20 4
19 21 8
19 22 2
19 23 5
19 24 8
19 25 1
19 26 1
19 27 6
19 28 7
19 29 2
19 30 8
19 31 8
19 32 7
19 33 7
19 34 3
19 35 2
19 36 4
19 37 1
19 38 6
19 39 1
19 40 3
19 41 9
19 42 4
19 43 2
19 44 2
19 45 8
19 46 5
19 47 9
19 48 1
19 49 7
19 50 8
19 20 5
19 21 1
19 22 5
19 23 5
19 24 8
19 25 3
19 26 5
19 27 6
19 28 4
19 29 9
19 30 2
19 31 6
19 32 5
19 33 1
19 34 8
19 35 4
19 36 6
19 37 5
19 38 2
19 39 5
19 40 2
19 41 7
19 42 6
19 43 3
19 44 5
19 45 2
19 46 3
19 47 4
19 48 2
19 49 9
19 50 2
20 21 2
20 22 2
20 23 9
20 24 6
20 25 5
20 26 1
20 27 5
20 28 9
20 29 8
20 30 1
20 31 5
20 32 8
20 33 7
20 34 8
20 35 4
20 36 1
20 37 9
20 38 4
20 39 7
20 40 5
20 41 7
20 42 6
20 43 3
20 44 7
20 45 7
20 46 1
20 47 6
20 48 7
20 49 3
20 50 7
20 21 2
20 22 1
20 23 8
20 24 3
20 25 9
20 26 3
20 27 5
20 28 5
20 29 6
20 30 9
20 31 8
20 32 6
20 33 5
20 34 1
20 35 9
20 36 6
20 37 6
20 38 8
20 39 8
20 40 2
20 41 9
20 42 9
20 43 8
20 44 1
20 45 2
20 46 1
20 47 6
20 48 6
20 49 4
20 50 9
21 22 1
21 23 9
21 24 4
21 25 5
21 26 3
21 27 7
21 28 8
21 29 7
21 30 1
21 31 3
21 32 9
21 33 2
21 34 4
21 35 4
21 36 4
21 37 4
21 38 1
21 39 5
21 40 2
21 41 8
21 42 4
21 43 5
21 44 9
21 45 7
21 46 1
21 47 6
21 48 9
21 49 1
21 50 8
21 22 1
21 23 5
21 24 1
21 25 3
21 26 1
21 27 3
21 28 3
21 29 6
21 30 8
21 31 1
21 32 5
21 33 1
21 34 5
21 35 4
21 36 6
21 37 1
21 38 5
21 39 3
21 40 1
21 41 2
21 42 6
21 43 3
21 44 7
21 45 2
21 46 4
21 47 1
21 48 5
21 49 2
21 50 9
22 23 6
22 24 3
22 25 9
22 26 4
22 27 9
22 28 1
22 29 4
22 30 3
22 31 2
22 32 8
22 33 6
22 34 8
22 35 5
22 36 6
22 37 9
22 38 4
22 39 1
22 40 3
22 41 8
22 42 8
22 43 3
22 44 1
22 45 3
22 46 7
22 47 6
22 48 4
22 49 3
22 50 6
22 23 6
22 24 9
22 25 5
22 26 8
22 27 4
22 28 5
22 29 5
22 30 4
22 31 3
22 32 8
22 33 7
22 34 7
22 35 4
22 36 5
22 37 4
22 38 9
22 39 8
22 40 4
22 41 9
22 42 4
22 43 1
22 44 7
22 45 3
22 46 5
22 47 4
22 48 9
22 49 8
22 50 3
23 24 9
23 25 4
23 26 9
23 27 7
23 28 9
23 29 9
23 30 3
23 31 2
23 32 9
23 33 3
23 34 3
23 35 3
23 36 1
23 37 5
23 38 9
23 39 9
23 40 3
23 41 4
23 42 7
23 43 4
23 44 1
23 45 9
23 46 7
23 47 2
23 48 8
23 49 6
23 50 3
23 24 2
23 25 4
23 26 4
23 27 4
23 28 3
23 29 7
23 30 7
23 31 3
23 32 8
23 33 2
23 34 5
23 35 5
23 36 3
23 37 3
23 38 8
23 39 8
23 40 4
23 41 3
23 42 7
23 43 5
23 44 5
23 45 9
23 46 2
23 47 6
23 48 5
23 49 8
23 50 5
24 25 9
24 26 4
24 27 7
24 28 1
24 29 7
24 30 2
24 31 9
24 32 2
24 33 9
24 34 7
24 35 5
24 36 7
24 37 1
24 38 6
24 39 3
24 40 7
24 41 2
24 42 5
24 43 4
24 44 7
24 45 2
24 46 4
24 47 6
24 48 1
24 49 4
24 50 9
24 25 9
24 26 1
24 27 9
24 28 1
24 29 5
24 30 9
24 31 3
24 32 2
24 33 6
24 34 3
24 35 9
24 36 2
24 37 4
24 38 6
24 39 5
24 40 9
24 41 3
24 42 3
24 43 5
24 44 9
24 45 4
24 46 1
24 47 3
24 48 8
24 49 5
24 50 7
25 26 3
25 27 3
25 28 4
25 29 9
25 30 5
25 31 1
25 32 7
25 33 6
25 34 4
25 35 3
25 36 9
25 37 9
25 38 8
25 39 2
25 40 1
25 41 9
25 42 3
25 43 3
25 44 5
25 45 9
25 46 1
25 47 5
25 48 4
25 49 5
25 50 7
25 26 4
25 27 7
25 28 5
25 29 6
25 30 9
25 31 7
25 32 9
25 33 2
25 34 7
25 35 4
25 36 6
25 37 7
25 38 5
25 39 8
25 40 3
25 41 5
25 42 2
25 43 3
25 44 8
25 45 1
25 46 6
25 47 7
25 48 3
25 49 1
25 50 5
26 27 4
26 28 1
26 29 5
26 30 6
26 31 9
26 32 4
26 33 1
26 34 5
26 35 4
26 36 2
26 37 1
26 38 4
26 39 4
26 40 9
26 41 6
26 42 1
26 43 3
26 44 9
26 45 2
26 46 7
26 47 2
26 48 1
26 49 6
26 50 3
26 27 7
26 28 5
26 29 7
26 30 7
26 31 9
26 32 4
26 33 1
26 34 3
26 35 6
26 36 5
26 37 6
26 38 9
26 39 6
26 40 8
26 41 9
26 42 9
26 43 1
26 44 7
26 45 7
26 46 4
26 47 8
26 48 7
26 49 5
26 50 6
27 28 4
27 29 1
27 30 8
27 31 9
27 32 1
27 33 5
27 34 4
27 35 9
27 36 5
27 37 4
27 38 7
27 39 8
27 40 1
27 41 5
27 42 3
27 43 8
27 44 4
27 45 5
27 46 6
27 47 8
27 48 8
27 49 8
27 50 6
27 28 3
27 29 2
27 30 4
27 31 9
27 32 5
27 33 8
27 34 6
27 35 5
27 36 4
27 37 9
27 38 5
27 39 5
27 40 2
27 41 9
27 42 7
27 43 8
27 44 3
27 45 9
27 46 1
27 47 9
27 48 2
27 49 1
27 50 1
28 29 2
28 30 3
28 31 4
28 32 3
28 33 9
28 34 6
28 35 3
28 36 9
28 37 2
28 38 6
28 39 8
28 40 6
28 41 5
28 42 3
28 43 9
28 44 6
28 45 2
28 46 2
28 47 6
28 48 4
28 49 4
28 50 6
28 29 1
28 30 4
28 31 7
28 32 9
28 33 3
28 34 8
28 35 1
28 36 4
28 37 1
28 38 5
28 39 1
28 40 5
28 41 9
28 42 2
28 43 7
28 44 4
28 45 9
28 46 2
28 47 7
28 48 7
28 49 5
28 50 5
29 30 3
29 31 3
29 32 9
29 33 1
29 34 4
29 35 6
29 36 5
29 37 6
29 38 4
29 39 1
29 40 9
29 41 9
29 42 2
29 43 6
29 44 3
29 45 3
29 46 7
29 47 2
29 48 1
29 49 9
29 50 6
29 30 3
29 31 5
29 32 4
29 33 3
29 34 6
29 35 3
29 36 9
29 37 5
29 38 4
29 39 4
29 40 9
29 41 5
29 42 6
29 43 4
29 44 4
29 45 9
29 46 6
29 47 2
29 48 4
29 49 1
29 50 6
30 31 4
30 32 6
30 33 6
30 34 8
30 35 6
30 36 4
30 37 4
30 38 1
30 39 9
30 40 9
30 41 4
30 42 5
30 43 7
30 44 9
30 45 6
30 46 7
30 47 8
30 48 3
30 49 9
30 50 6
30 31 9
30 32 9
30 33 7
30 34 2
30 35 7
30 36 3
30 37 4
30 38 1
30 39 2
30 40 7
30 41 1
30 42 1
30 43 3
30 44 2
30 45 4
30 46 3
30 47 5
30 48 8
30 49 7
30 50 2
31 32 9
31 33 4
31 34 2
31 35 3
31 36 1
31 37 6
31 38 6
31 39 9
31 40 7
31 41 9
31 42 8
31 43 1
31 44 9
31 45 6
31 46 9
31 47 9
31 48 4
31 49 8
31 50 4
31 32 2
31 33 2
31 34 7
31 35 7
31 36 2
31 37 6
31 38 9
31 39 8
31 40 1
31 41 1
31 42 1
31 43 5
31 44 6
31 45 6
31 46 4
31 47 3
31 48 1
31 49 2
31 50 9
32 33 8
32 34 9
32 35 1
32 36 3
32 37 5
32 38 5
32 39 2
32 40 5
32 41 5
32 42 5
32 43 9
32 44 9
32 45 4
32 46 1
32 47 8
32 48 1
32 49 2
32 50 5
32 33 3
32 34 5
32 35 4
32 36 3
32 37 4
32 38 1
32 39 7
32 40 2
32 41 4
32 42 8
32 43 7
32 44 4
32 45 6
32 46 4
32 47 4
32 48 1
32 49 4
32 50 4
33 34 6
33 35 6
33 36 1
33 37 6
33 38 8
33 39 9
33 40 6
33 41 7
33 42 7
33 43 3
33 44 5
33 45 3
33 46 1
33 47 8
33 48 4
33 49 7
33 50 4
33 34 3
33 35 3
33 36 7
33 37 1
33 38 6
33 39 7
33 40 4
33 41 1
33 42 5
33 43 6
33 44 1
33 45 7
33 46 6
33 47 6
33 48 1
33 49 9
33 50 9
34 35 1
34 36 7
34 37 8
34 38 9
34 39 1
34 40 1
34 41 5
34 42 9
34 43 4
34 44 9
34 45 5
34 46 8
34 47 4
34 48 9
34 49 2
34 50 4
34 35 1
34 36 8
34 37 5
34 38 7
34 39 8
34 40 7
34 41 4
34 42 6
34 43 3
34 44 3
34 45 1
34 46 5
34 47 1
34 48 3
34 49 2
34 50 1
35 36 1
35 37 1
35 38 3
35 39 2
35 40 1
35 41 5
35 42 1
35 43 3
35 44 8
35 45 4
35 46 2
35 47 1
35 48 6
35 49 9
35 50 7
35 36 8
35 37 5
35 38 9
35 39 2
35 40 3
35 41 2
35 42 7
35 43 4
35 44 4
35 45 5
35 46 3
35 47 4
35 48 1
35 49 8
35 50 4
36 37 7
36 38 4
36 39 9
36 40 2
36 41 1
36 42 4
36 43 9
36 44 1
36 45 4
36 46 8
36 47 8
36 48 7
36 49 7
36 50 2
36 37 9
36 38 9
36 39 7
36 40 6
36 41 4
36 42 5
36 43 5
36 44 6
36 45 4
36 46 3
36 47 4
36 48 5
36 49 3
36 50 2
37 38 5
37 39 2
37 40 7
37 41 5
37 42 3
37 43 1
37 44 5
37 45 8
37 46 2
37 47 4
37 48 2
37 49 3
37 50 1
37 38 6
37 39 9
37 40 7
37 41 1
37 42 6
37 43 2
37 44 6
37 45 6
37 46 2
37 47 1
37 48 7
37 49 8
37 50 9
38 39 7
38 40 6
38 41 9
38 42 3
38 43 5
38 44 8
38 45 3
38 46 8
38 47 5
38 48 4
38 49 9
38 50 4
38 39 5
38 40 9
38 41 3
38 42 7
38 43 8
38 44 1
38 45 4
38 46 4
38 47 1
38 48 1
38 49 3
38 50 9
39 40 3
39 41 6
39 42 8
39 43 6
39 44 5
39 45 4
39 46 5
39 47 7
39 48 4
39 49 6
39 50 8
39 40 7
39 41 9
39 42 9
39 43 9
39 44 4
39 45 4
39 46 9
39 47 9
39 48 1
39 49 8
39 50 7
40 41 7
40 42 3
40 43 3
40 44 5
40 45 2
40 46 7
40 47 2
40 48 7
40 49 9
40 50 7
40 41 3
40 42 5
40 43 5
40 44 2
40 45 5
40 46 2
40 47 8
40 48 5
40 49 8
40 50 4
41 42 2
41 43 9
41 44 4
41 45 3
41 46 8
41 47 1
41 48 8
41 49 7
41 50 1
41 42 9
41 43 2
41 44 8
41 45 3
41 46 3
41 47 1
41 48 1
41 49 4
41 50 4
42 43 1
42 44 8
42 45 6
42 46 4
42 47 3
42 48 3
42 49 6
42 50 9
42 43 2
42 44 7
42 45 9
42 46 6
42 47 9
42 48 1
42 49 4
42 50 9
43 44 3
43 45 7
43 46 3
43 47 3
43 48 5
43 49 1
43 50 1
43 44 1
43 45 6
43 46 9
43 47 4
43 48 7
43 49 4
43 50 7
44 45 8
44 46 6
44 47 7
44 48 5
44 49 9
44 50 5
44 45 4
44 46 6
44 47 9
44 48 6
44 49 7
44 50 4
45 46 4
45 47 7
45 48 6
45 49 5
45 50 3
45 46 1
45 47 8
45 48 3
45 49 2
45 50 1
46 47 2
46 48 3
46 49 2
46 50 6
46 47 4
46 48 4
46 49 7
46 50 7
47 48 5
47 49 7
47 50 5
47 48 2
47 49 1
47 50 2
48 49 4
48 50 1
48 49 1
48 50 3
49 50 2
49 50 4
