1234 454
425 754 299
1031 1201 84
744 1132 500
645 1018 411
684 216 919
965 979 539
785 639 252
75 166 439
987 901 931
222 196 781
138 942 482
900 584 377
758 852 895
1097 723 464
373 72 30
300 61 961
956 1055 522
281 382 335
837 51 990
789 451 428
681 519 38
740 544 353
201 331 712
1050 739 824
623 836 229
662 928 479
1034 660 520
774 1043 409
712 320 284
684 74 266
384 850 438
1073 1018 950
734 1075 991
1098 1127 320
339 603 122
1055 170 128
1128 810 998
1016 843 143
1134 992 532
402 1046 248
1070 836 141
10 288 669
191 180 843
540 219 434
930 575 386
999 272 521
84 1001 276
288 781 452
47 842 243
773 141 233
803 123 885
1176 1076 207
1100 721 506
967 716 166
589 403 518
822 897 27
644 923 406
55 891 361
973 967 203
672 738 681
60 198 607
838 973 14
393 1112 221
787 625 903
915 1075 310
55 904 341
68 1133 766
343 1088 632
1126 489 851
560 679 905
219 1193 19
783 990 904
278 737 97
386 436 111
513 604 749
698 373 823
1199 370 171
62 88 608
47 163 322
218 190 563
727 625 392
793 812 717
290 427 525
1000 305 737
789 724 842
139 562 873
674 1144 680
552 420 569
1201 423 416
492 117 684
443 85 899
1207 566 975
746 466 579
970 1097 380
950 322 22
505 708 15
756 638 207
252 1206 39
282 1016 596
428 823 113
625 232 886
294 1204 300
154 209 828
1079 574 210
1070 307 877
1023 157 30
762 295 921
700 58 906
925 529 303
1208 259 847
53 1049 505
1064 331 882
184 371 460
848 228 640
1219 387 272
261 317 314
520 908 203
1035 1196 483
802 80 952
591 446 116
1083 824 719
522 908 637
134 660 502
199 173 243
77 303 446
739 408 103
832 1121 817
1173 699 345
1184 166 177
1118 1068 19
387 41 186
531 87 262
718 327 565
963 608 150
1143 449 560
181 217 158
910 831 888
1174 284 502
166 44 262
306 1029 997
1005 728 690
1105 62 733
397 800 923
745 944 812
518 333 685
514 620 574
680 37 716
722 318 230
780 8 566
1109 712 613
822 1073 770
1026 64 109
395 1063 461
370 937 540
630 354 231
250 731 580
892 149 128
1001 225 136
1228 930 486
746 1173 341
362 132 428
34 676 448
34 432 750
443 176 711
17 1202 768
491 616 218
155 738 609
1148 1128 754
203 79 927
235 863 352
935 540 855
17 376 453
91 899 825
469 69 520
266 183 33
130 493 431
786 1132 687
618 460 923
136 1081 378
71 387 634
107 590 56
472 1098 98
922 162 526
9 475 211
978 459 952
987 580 261
843 134 629
787 827 944
388 1075 510
1167 1192 966
1165 509 719
533 1116 324
728 476 696
896 858 106
639 592 700
612 1073 242
349 1208 575
905 1149 3
454 476 390
962 96 176
132 1154 526
871 530 139
678 1173 10
801 467 373
353 1092 91
731 895 149
477 978 836
656 172 260
316 936 660
915 600 85
1036 76 446
562 524 10
794 1183 958
76 1028 812
1080 142 360
737 1129 549
859 869 779
930 115 716
422 1172 825
831 548 524
1160 1119 771
706 227 225
523 740 552
525 508 389
1080 964 863
859 260 371
795 747 218
280 1046 844
84 435 431
1122 137 686
810 265 738
182 991 295
14 471 707
532 1213 329
604 1131 273
541 1221 822
1149 1006 947
119 938 814
228 1136 631
587 818 882
673 668 723
938 993 248
453 673 688
158 553 570
784 255 858
705 508 219
601 1174 957
921 706 543
1011 92 402
62 599 829
393 982 506
948 216 535
418 56 187
869 471 69
181 1179 649
59 128 573
751 975 17
194 658 73
452 373 341
446 149 172
1118 712 79
1174 350 834
553 1099 993
777 416 979
966 371 259
296 305 581
104 563 587
132 17 87
673 593 36
735 59 437
650 911 509
1234 422 542
408 1055 30
1179 989 339
663 536 138
95 478 926
805 914 921
696 33 720
345 674 134
1104 1078 406
1067 776 736
743 559 810
829 152 860
924 1204 866
1039 691 529
293 1094 626
1180 1164 992
33 763 814
50 1196 710
312 666 977
71 1103 393
876 109 214
622 1043 337
940 510 88
1106 1000 38
1137 907 555
627 665 721
998 1185 466
565 835 738
210 451 296
1027 757 888
463 414 755
426 176 898
351 92 709
704 193 555
964 543 724
1119 436 773
461 545 694
330 751 109
742 508 332
391 880 106
595 369 338
837 1096 542
366 613 953
810 496 65
412 890 757
258 76 591
627 182 423
634 1194 983
1144 894 668
664 484 999
1153 18 863
234 335 946
1085 708 714
687 567 797
1134 481 846
371 121 971
141 339 967
1090 198 837
620 1040 971
116 610 188
409 842 853
429 348 98
848 873 621
253 655 685
844 896 646
219 480 448
494 328 320
1187 258 518
993 670 459
193 518 331
1041 105 553
209 99 381
669 709 847
104 941 95
1172 568 527
687 966 386
537 1102 438
583 877 484
327 1159 724
746 239 895
926 7 314
294 1197 181
1087 464 190
308 1230 423
1139 405 417
1222 35 800
1092 64 296
887 66 151
507 556 915
508 485 447
1090 391 249
555 796 985
286 1024 830
982 367 358
983 336 378
1061 1190 803
195 865 621
304 925 891
889 1140 511
711 512 30
474 592 823
960 946 238
109 457 740
538 226 396
114 152 248
383 1150 193
939 617 851
388 763 740
1046 225 855
1058 583 19
840 1130 508
207 691 270
782 943 612
879 138 164
424 833 722
968 737 883
137 811 494
377 889 483
809 18 951
606 1011 609
964 213 411
166 888 881
189 1049 741
863 179 135
523 49 895
916 379 438
131 1195 73
143 388 531
680 765 568
57 238 391
302 307 940
189 821 328
1041 1148 997
997 975 218
188 257 596
227 803 6
498 978 105
618 1090 268
712 427 354
1227 174 104
563 413 487
100 931 765
689 231 414
416 663 486
705 1040 397
1157 333 427
1012 1131 907
917 919 891
724 581 938
858 507 130
416 133 261
1231 299 360
1073 262 38
490 465 730
693 1017 208
102 1188 755
940 344 40
798 626 278
542 906 214
1090 989 298
159 188 401
201 1209 842
607 138 918
842 301 165
643 967 957
407 151 308
808 381 602
236 218 236
956 113 68
674 586 69
286 76 734
750 794 806
558 1114 36
1126 236 188
440 804 87
761 1022 243
378 335 372
875 1152 353
35 739 567
531 379 940
220 675 835
1007 955 119
1169 611 373
604 343 906
1085 731 553
1202 945 397
118 999 219
24 907 477
563 224 919
1176 697 998
1001 996 640
876 1191 590
557 88 389
34 614 242
1108 1224 831
1057 77 48
1227 824 415
710 1146 427
43 196 288
228 240 404
673 828 798
1016 147 297
486 614 645
297 83 256
564 682 493
892 867 777
1084 571 595
670 169 288
998 214 458
1088 1025 625
741 771 964
933 1127 791
1213 868 326
1113 402 320
166 1030 360
1227 1218 529
407 707 102
430 745 182
1213 1151 500
853 776 899
4 685 389
823 1090 44
1186 395 473
130 690 21
560 1176 840
837 757 238
883 166 142
244 957 279
112 1213 433
1123 424 870
270 449 803
1138 1169 918
576 788 819
70 809 1000
264 347 759
1171 496 17
793 147 736
707 45 796
390 139 937
326 373 935
920 264 142
248 733 101
409 96 172
464 381 851
1231 736 47
178 578 310
325 352 360
749 1107 783
463 36 416
931 1123 874
1008 563 617
958 330 35
150 216 642
1043 57 278
321 1182 872
177 917 86
1210 883 30
779 957 290
810 694 642
662 1163 769
227 762 289
159 893 479
340 431 46
397 888 96
49 929 503
699 13 283
873 748 833
450 866 641
519 448 590
1213 125 239
374 911 577
1125 189 427
447 127 448
1022 811 182
1123 212 705
184 1033 665
896 277 915
720 15 570
881 975 232
731 298 725
106 800 611
370 204 472
839 410 252
1123 799 570
128 965 142
337 180 549
846 377 419
42 892 336
474 535 107
437 419 247
1164 443 955
934 185 498
891 1041 956
136 774 634
1058 487 217
359 487 259
1035 33 685
120 468 619
568 538 900
507 1178 752
1083 1114 873
7 1205 475
83 519 96
1104 1214 897
1133 766 120
1 426 692
635 450 624
878 453 986
1038 617 317
425 401 149
827 820 854
254 735 558
1015 957 82
539 706 374
297 71 216
533 1149 373
625 775 373
1019 1044 966
50 1033 371
173 1164 981
1031 560 660
253 201 561
603 251 897
806 939 508
1142 25 100
22 621 336
407 536 832
609 744 253
772 667 11
963 299 230
360 668 717
357 1145 929
820 847 945
1026 740 209
283 318 906
651 574 740
342 719 88
249 648 614
553 677 745
938 1138 533
130 304 208
57 312 685
952 198 623
236 826 823
948 607 42
784 1102 51
256 279 891
855 222 563
12 1197 756
97 1134 257
292 276 153
1060 403 577
494 127 233
1042 2 528
894 1071 134
1089 1229 790
1188 1105 710
293 358 850
571 610 813
236 632 270
810 368 826
640 1133 524
967 987 915
588 1142 725
355 92 286
174 1223 587
836 659 200
1154 1025 225
140 482 105
383 983 511
211 328 112
84 689 864
621 261 457
268 818 276
365 50 913
1170 769 880
1166 1037 83
360 389 274
506 165 104
251 26 450
145 553 347
899 1117 204
541 1168 933
379 669 766
841 382 173
1074 1171 609
193 692 651
1162 787 436
29 921 348
429 854 449
1120 300 827
861 271 732
345 1213 6
103 288 477
444 833 271
389 638 539
468 401 263
339 1161 266
1203 884 281
517 314 278
41 932 381
144 79 487
833 918 275
577 624 765
1194 846 546
1232 814 599
768 752 146
1130 307 443
886 1112 381
1009 1043 579
103 503 640
971 824 816
1076 658 574
791 568 870
690 1086 737
920 82 256
59 759 135
221 229 876
730 832 369
1025 657 831
132 3 878
878 197 310
124 836 610
313 377 564
995 1043 949
160 810 8
508 702 411
461 99 713
838 115 709
309 292 281
266 275 299
468 1034 615
1098 91 860
1061 1133 475
1100 118 171
438 589 121
818 547 508
722 516 971
22 710 826
578 473 150
744 1079 524
572 16 623
869 877 3
27 792 35
410 419 560
633 860 780
79 1079 669
180 849 700
1129 267 579
35 778 990
788 263 3
30 311 430
46 129 378
843 527 112
852 480 659
675 699 762
432 453 57
187 500 225
129 419 930
86 191 257
889 702 377
765 1094 225
188 662 148
73 111 501
1104 451 362
462 588 53
154 467 70
173 482 312
342 598 168
771 532 970
834 1204 655
204 1156 804
1125 590 361
1135 208 753
1039 665 988
808 713 180
793 1047 865
872 1101 534
445 845 899
82 296 959
741 738 198
910 865 67
431 517 16
27 726 948
124 1113 655
799 580 523
830 36 632
308 776 750
829 380 17
913 190 964
767 11 756
430 653 644
1205 912 734
322 448 188
738 81 663
82 285 943
818 754 117
883 273 727
222 247 226
1222 90 361
604 455 980
28 1155 797
431 109 561
62 534 943
15 546 804
117 1095 753
1108 11 833
663 874 838
59 942 418
534 856 753
960 304 392
225 550 317
81 985 416
47 279 751
729 887 315
1005 161 889
374 695 475
264 12 482
596 503 902
32 784 984
953 1097 664
675 441 390
1216 939 588
182 269 30
95 1200 894
1049 541 220
399 167 804
743 310 287
790 114 309
690 573 956
293 624 273
611 65 676
755 1068 803
5 948 136
1010 193 785
1126 1181 22
688 47 420
509 332 2
800 900 471
292 164 212
760 603 501
383 396 189
865 986 338
980 806 747
941 1221 799
68 165 250
426 469 944
1095 1145 848
719 502 614
615 250 491
1227 1072 310
1209 693 800
356 346 91
940 725 364
1013 1174 609
652 135 400
1152 737 334
453 715 730
246 453 979
603 703 586
776 287 929
318 1063 474
613 487 106
862 1094 26
770 123 391
1071 230 136
887 719 971
461 274 443
608 488 687
758 175 504
58 1096 568
92 1170 491
4 1206 831
327 882 282
366 153 39
698 597 640
749 417 275
976 716 224
636 409 724
1047 646 92
786 782 467
69 1110 691
157 446 968
442 94 326
95 717 572
126 691 722
824 131 673
276 456 970
135 1023 487
39 216 822
114 641 786
659 49 497
1115 249 923
504 1148 273
189 148 303
597 998 937
1080 764 5
1108 310 931
762 185 268
842 561 315
385 384 661
604 6 242
545 340 701
194 780 459
1108 58 154
110 350 2
600 783 831
769 434 362
196 228 723
333 654 154
67 306 938
994 303 52
37 1004 69
908 1068 943
912 649 165
106 1208 845
614 1114 630
1045 1202 513
920 1141 821
221 192 981
992 315 904
427 990 289
972 816 77
921 433 412
399 508 829
750 604 731
870 480 426
902 930 109
841 258 552
223 966 585
601 185 548
117 171 31
145 498 128
714 1145 840
1102 620 109
983 582 817
375 250 974
328 670 802
181 475 193
70 701 421
396 691 710
903 1091 816
91 379 877
1177 530 331
1172 252 67
1178 215 881
1124 706 64
2 382 379
999 1147 29
595 972 34
233 1206 651
151 478 288
641 25 475
947 486 180
326 1153 623
173 258 126
109 988 392
1208 1215 16
1229 1032 116
1032 1101 670
267 421 436
45 602 839
641 1051 4
1023 235 545
239 323 933
528 1175 327
562 52 764
55 1089 490
354 156 485
639 864 441
804 489 855
192 168 275
532 851 153
729 776 819
787 1054 516
479 635 642
1112 477 917
562 585 201
494 768 947
476 1002 556
481 200 847
922 77 428
447 1110 370
1060 1199 393
1053 465 896
1052 1148 361
564 677 821
1193 808 894
1116 35 669
535 414 682
20 1025 122
225 890 192
1218 38 175
1226 1104 210
1152 557 768
146 843 937
727 815 873
243 557 869
50 352 108
363 1129 342
605 351 142
951 595 326
901 122 951
1209 933 120
1037 168 919
892 927 837
860 950 903
1125 974 400
340 291 238
1063 732 145
1003 1039 989
353 21 794
980 510 497
1163 1029 525
241 610 708
204 311 24
796 429 934
690 1212 688
406 64 24
975 625 548
328 411 64
309 648 261
1032 419 229
737 579 631
780 991 51
577 833 418
509 327 389
834 1146 17
877 415 405
617 568 582
1015 849 446
884 788 903
68 686 768
547 1161 528
699 462 273
827 957 545
205 595 168
927 1065 106
432 237 228
186 1005 529
936 582 587
1198 245 111
230 4 457
965 357 840
850 577 6
629 815 742
1232 113 17
1182 1120 389
686 503 358
271 663 601
350 187 742
31 365 921
276 16 542
578 1056 95
49 1093 989
1118 334 802
683 870 577
337 1182 852
348 761 312
526 295 287
1041 139 45
512 303 689
442 83 722
296 1137 180
909 354 466
1088 953 364
234 648 696
1155 629 534
577 885 110
1071 206 711
54 326 742
458 95 664
312 1231 855
354 249 743
898 533 654
40 721 356
1213 1059 967
511 677 8
235 245 507
177 9 303
303 316 973
829 619 44
1000 483 265
857 103 133
1079 495 137
921 367 342
530 425 565
1106 576 81
131 1019 716
782 656 821
571 404 859
439 110 452
209 101 684
172 642 347
969 159 30
743 231 144
724 261 370
774 747 775
1020 71 100
741 1062 689
913 266 342
247 56 132
398 228 125
400 1155 239
501 973 252
807 768 647
1135 362 735
78 355 2
724 835 5
298 491 766
638 119 579
637 270 721
1031 338 237
928 1086 641
521 1073 157
88 23 272
248 404 592
1101 822 89
748 434 801
163 732 345
1104 1192 956
1165 56 991
137 570 499
150 590 493
1105 1027 649
529 575 846
364 832 708
634 37 19
189 984 47
851 981 383
341 931 740
647 265 263
73 853 113
15 1037 500
1021 206 975
358 484 525
420 360 671
906 973 696
961 1012 853
1014 730 540
63 1223 555
142 355 1
671 625 203
355 48 847
52 825 815
802 788 375
893 21 64
1200 1081 206
772 930 566
28 505 512
272 1160 884
628 1225 428
1041 1139 263
564 597 999
753 791 653
709 784 816
266 60 870
1217 954 187
389 1225 155
949 774 915
274 93 361
954 866 763
153 108 753
242 1039 978
1 977 422
195 608 262
346 928 697
466 908 293
788 733 764
331 556 990
962 1191 731
996 1207 280
1115 311 507
781 797 551
571 726 567
883 464 844
315 1167 636
798 549 661
865 813 636
402 202 624
438 1005 573
887 283 105
1054 361 858
503 796 450
1183 162 172
758 193 307
964 968 393
423 1019 637
809 1232 777
205 436 591
1126 19 497
89 357 537
1158 547 88
372 1114 131
819 877 847
473 76 48
40 865 374
1033 923 737
200 1074 984
816 1047 657
955 994 677
653 932 234
945 1157 172
367 449 919
731 832 901
631 228 363
734 1069 916
1107 726 337
845 638 923
58 569 729
1119 394 859
350 319 187
1222 1111 999
1006 262 516
364 133 46
927 782 900
574 720 168
1066 616 137
1135 1082 9
687 499 817
1120 224 452
1217 27 274
16 718 329
799 470 141
757 98 304
1175 1049 536
229 745 553
570 1095 822
727 912 706
896 463 187
1134 1091 332
344 440 159
1050 1077 194
1099 374 525
1101 626 842
1220 25 60
988 515 319
467 567 709
245 450 620
661 322 751
1048 538 791
110 14 986
73 81 280
329 101 959
465 230 780
782 551 434
633 178 273
324 311 261
1110 805 77
732 497 690
1189 86 384
392 82 55
959 132 534
817 132 704
1012 1233 775
619 640 59
594 431 933
367 1211 253
554 59 81
900 864 720
153 177 97
262 289 628
30
663 564 518 1154 1000 890 1207 1118 752 293 459 570 931 1107 1041 581 803 756 379 257 171 50 994 744 852 18 324 1036 73 838
