496 260
274 8 496
74 36 999
100 55 407
124 354 345
221 292 48
403 444 420
82 100 885
78 100 672
353 70 896
111 156 964
427 31 159
446 298 998
405 209 285
421 371 574
75 200 641
318 26 917
352 488 206
313 163 822
300 487 6
206 414 460
407 45 220
296 326 303
364 234 460
42 416 551
278 100 412
293 303 914
481 140 516
71 316 966
433 44 650
469 277 28
444 72 593
230 495 35
260 189 491
207 162 353
195 372 413
357 463 494
413 473 887
120 79 259
262 235 531
159 40 842
479 86 648
399 171 128
188 68 213
203 54 479
207 307 3
14 215 939
279 337 856
432 141 903
105 109 867
14 166 47
406 249 360
451 17 839
45 282 195
439 87 64
325 360 231
496 48 376
268 193 628
476 170 119
123 478 633
99 89 285
225 356 36
252 433 325
116 76 335
275 138 557
103 468 124
205 423 592
73 287 720
452 91 654
119 454 422
134 156 520
400 376 116
316 354 934
489 462 483
86 319 369
434 11 773
123 163 995
163 194 687
36 26 706
197 380 444
69 221 738
168 341 945
408 143 351
241 14 213
202 56 84
314 244 734
273 237 857
270 180 61
196 60 112
478 190 69
346 161 608
112 259 925
333 490 528
254 421 510
142 394 129
69 157 566
431 203 736
175 375 839
348 362 507
199 454 559
116 291 422
203 364 798
332 196 40
86 295 595
335 391 865
288 248 565
367 165 886
12 461 787
333 77 868
429 108 624
123 160 312
62 468 871
442 404 982
125 18 13
425 338 483
4 296 960
56 291 249
86 254 616
149 19 148
411 407 470
399 491 756
466 481 302
22 433 875
103 311 825
26 443 250
310 294 643
172 476 192
63 470 143
266 126 146
274 393 182
302 363 968
265 129 508
380 227 611
145 176 837
65 200 727
480 183 141
156 61 442
355 296 197
346 136 491
472 161 227
314 303 764
437 113 612
245 279 38
291 164 675
59 418 79
351 57 418
191 14 518
417 304 683
334 438 535
458 167 516
453 392 429
155 81 479
14 442 221
440 201 760
312 324 56
419 124 501
126 229 747
96 110 785
340 279 427
226 341 979
474 495 431
381 58 111
451 274 697
148 156 999
163 476 457
421 217 16
246 14 899
477 57 34
246 229 395
100 19 70
114 355 301
426 139 198
94 208 309
311 257 884
172 133 879
28 93 400
178 287 704
393 257 47
269 19 873
355 491 611
66 193 49
240 469 865
19 365 701
450 324 992
326 31 296
491 236 212
200 248 265
389 442 206
86 357 20
354 277 994
12 256 394
333 409 909
355 351 926
449 237 768
461 96 372
324 206 78
354 222 221
264 385 735
120 468 494
194 338 336
401 471 245
50 464 25
355 287 155
366 245 60
459 384 802
439 434 529
433 45 996
459 95 346
263 275 200
346 13 992
483 454 319
253 346 303
173 59 856
249 43 59
180 69 288
438 465 152
27 207 772
116 189 440
422 157 64
163 327 618
192 96 893
471 168 14
278 169 552
493 116 184
213 246 493
30 253 268
436 177 467
94 37 180
484 493 953
354 167 513
85 204 13
477 289 494
453 134 618
245 20 533
13 396 921
308 54 602
165 495 467
189 437 871
254 294 236
216 335 875
424 144 289
286 1 275
185 67 234
315 340 83
481 71 867
260 92 63
211 460 737
221 354 237
394 161 956
232 272 536
37 442 248
145 91 803
359 360 982
152 183 726
121 296 427
355 130 750
337 430 613
275 77 452
301 468 447
266 6 457
196 25 174
383 210 712
274 242 217
243 81 216
227 412 396
257 290 851
102 112 528
221 369 767
347 419 433
160 5 266
385 486 961
55 298 453
67 141 4
145 321 981
29 197 75
225 98 828
375 279 229
280 44 282
106 413 237
479 398 66
225 247 312
200 33 127
239 439 126
137 342 902
245 442 331
224 107 515
40 190 414
447 373 957
406 205 485
340 415 536
129 47 68
435 103 278
104 315 383
127 241 217
241 146 432
180 66 921
205 331 170
296 372 288
92 112 110
58 414 526
122 163 546
219 117 573
237 404 384
483 426 991
90 422 111
300 190 337
461 95 285
212 147 334
346 254 278
455 443 835
350 312 966
47 305 15
304 452 928
93 190 164
14 23 82
26 223 830
254 92 904
410 469 419
292 143 453
53 450 838
66 424 711
174 177 636
97 439 117
151 20 755
345 466 142
330 326 729
404 338 820
306 332 539
407 233 221
215 473 322
378 24 689
204 420 116
442 260 538
287 209 873
281 389 17
445 156 302
91 483 813
376 163 785
273 2 65
153 2 287
433 326 120
277 70 150
68 115 56
234 329 429
309 493 633
496 274 804
130 428 946
89 342 79
205 46 739
358 250 327
380 326 282
80 304 133
105 452 727
77 323 736
383 447 900
401 260 256
383 87 168
183 343 955
211 170 951
101 270 216
194 69 768
31 132 458
437 339 45
83 326 884
376 297 412
442 275 376
314 99 402
437 348 500
220 125 15
440 163 53
85 131 789
177 279 524
68 356 959
4 10 806
326 67 101
214 492 71
380 387 754
176 494 648
54 225 980
105 103 207
450 485 523
263 456 795
119 34 392
477 467 778
218 401 955
401 311 17
20 184 436
280 224 462
229 255 452
356 148 118
292 182 102
228 64 121
475 374 950
492 55 853
156 317 337
84 68 395
411 231 542
404 96 685
470 257 920
349 276 520
336 321 172
442 87 754
100 267 610
39 235 632
16 18 192
458 150 795
304 283 208
429 184 474
143 457 492
229 251 691
51 420 398
349 346 742
291 235 986
25 187 532
31 196 24
198 354 905
251 249 67
250 264 170
356 328 354
294 41 110
196 285 587
35 475 53
370 352 774
200 20 334
299 238 218
377 246 462
488 359 838
397 399 881
286 68 723
338 45 849
145 52 797
316 32 341
81 189 736
451 379 951
54 147 987
184 448 134
489 261 412
54 404 96
382 327 803
186 294 840
227 85 217
441 180 456
241 258 566
465 257 1000
367 38 963
99 218 991
128 22 843
442 125 27
46 344 733
390 461 492
476 335 42
478 395 947
361 245 112
9 179 653
386 2 944
363 103 698
272 41 103
114 352 355
172 489 691
356 320 426
118 341 211
284 259 570
47 2 242
375 135 932
77 378 955
228 331 162
411 7 895
179 66 224
15 238 439
117 241 43
154 241 571
216 482 427
126 402 481
126 271 29
198 374 34
207 439 448
19 42 704
181 19 303
113 264 404
88 244 142
181 45 599
183 209 145
74 49 682
158 36 918
45 165 323
322 196 524
478 72 741
415 368 424
225 414 740
299 317 224
86 388 831
21 46 547
3 444 701
465 36 705
191 50 523
100 59 557
100
185 386 307 144 426 326 312 105 424 30 191 329 172 186 192 95 157 391 99 331 387 232 221 228 265 252 246 421 442 349 472 178 177 50 394 397 259 343 240 72 381 361 87 116 6 292 59 337 84 336 262 55 425 427 168 63 90 134 393 430 24 96 56 209 129 281 128 68 470 305 443 182 69 169 98 356 216 334 53 167 121 304 360 49 161 211 481 109 137 214 184 226 287 126 225 122 434 346 311 97
