200 136
88 52 17
110 192 23
104 133 25
42 99 23
113 190 14
111 66 25
1 184 39
66 141 33
6 61 38
129 34 28
46 49 40
139 9 43
98 42 33
74 87 4
136 11 26
189 85 21
98 48 28
100 87 39
51 10 20
63 136 24
78 196 2
75 192 39
200 5 12
111 169 18
115 19 32
98 128 4
172 31 47
77 24 34
176 23 41
83 175 32
106 115 46
32 164 49
63 143 2
165 93 13
82 68 37
36 131 21
49 156 13
122 84 19
160 165 39
43 70 44
178 123 27
118 162 1
179 138 48
188 148 43
127 1 35
37 22 12
95 108 36
41 156 14
118 112 43
191 119 15
39 142 50
84 194 25
198 97 35
79 153 12
183 171 49
15 2 48
200 196 16
194 64 26
127 78 22
4 59 11
113 114 48
177 125 39
21 62 46
2 182 17
102 131 41
77 115 47
112 76 4
125 8 3
92 12 39
146 91 28
96 191 30
25 133 36
172 186 25
120 196 45
165 35 16
87 174 9
183 64 36
199 67 12
118 71 18
88 86 31
78 17 13
121 162 21
161 154 20
65 190 29
65 43 35
146 163 2
173 40 45
120 2 46
119 10 30
84 68 2
196 116 35
113 50 12
182 117 21
24 33 17
174 146 32
134 38 16
136 65 6
44 137 22
116 105 17
72 149 46
34 36 47
166 173 13
173 136 44
78 125 12
159 53 29
172 133 48
101 48 45
38 118 19
44 131 7
131 147 33
42 109 3
190 92 28
188 59 5
21 65 13
84 66 28
16 43 11
63 180 14
86 190 46
124 52 25
78 155 46
18 153 10
82 56 11
65 29 30
58 190 39
134 55 35
46 38 27
9 150 24
26 66 4
131 75 40
165 115 29
200 157 41
158 97 37
60 200 27
90 48 35
61 31 6
146 135 19
124 185 50
25 158 1
187 57 1
47 191 7
80 179 14
178 17 34
9 133 39
118 153 32
108 130 23
100 92 37
7 127 11
140 133 29
144 151 19
127 28 23
110 130 49
136 120 12
3 63 13
106 152 47
29 197 5
54 165 16
26 98 25
162 73 27
112 23 25
22 170 36
72 192 41
14 120 5
13 139 42
181 150 20
21 195 48
81 5 13
94 9 3
127 193 38
179 142 21
38 39 35
15 89 33
145 24 46
159 87 50
22 112 44
38 66 23
152 45 47
69 163 14
164 161 44
65 144 21
136 188 50
167 32 39
103 48 35
192 164 11
67 87 47
85 64 26
70 20 34
126 133 34
156 187 2
92 75 14
55 30 5
132 52 14
83 128 24
26 9 47
165 84 36
107 86 14
63 27 50
168 141 17
190 119 42
65 26 10
40
5 199 49 174 154 146 78 160 128 40 149 11 169 157 112 141 64 98 54 60 185 104 103 166 75 32 164 194 4 178 151 56 165 67 68 88 50 80 119 44
