1000 2
28273 16439
16019 18342
17004 26830
26490 13360
22863 22496
9038 30929
26965 15183
14016 7300
7777 3330
31588 31902
25151 18978
2579 23973
31277 10889
25742 32358
7578 27767
25187 24898
27181 2183
25877 16329
22793 25058
6007 23690
6480 18099
15449 10024
29669 21723
20582 26289
7287 5861
845 24108
5051 27964
19487 8049
32504 6043
7416 62
6345 29382
31202 25990
7967 15992
30454 22796
25221 32668
25029 7473
23208 21183
6646 13066
25622 17094
23856 1718
2886 30684
2618 13807
2265 21167
8032 9438
21279 18396
30745 21812
26845 4007
3560 13174
14669 32240
16512 20120
19815 5731
26923 11726
5727 12526
15724 14495
1391 17016
17635 25915
20694 7632
26226 8462
2593 16611
20638 10133
27049 563
16696 15217
29533 12932
28732 30138
22721 1752
8697 8085
15415 24222
9330 18953
14718 14887
15365 6158
22392 30041
17226 28391
18224 6823
574 178
5147 25153
161 25918
10654 12679
22428 13596
20945 11972
18087 23289
4483 15641
4010 3883
1406 29879
24162 12681
9483 27473
16135 30080
3513 24786
26668 5219
15451 9291
23526 31235
22352 17711
9264 8064
28167 25794
11918 2142
20929 15311
2801 5595
27545 10393
4571 9344
13250 22805
13763 10231
11793 25942
955 14620
4027 28233
5968 19030
29279 5282
1458 30248
14407 23574
1045 7171
1515 20171
19798 16223
29878 29965
2786 23818
25357 30018
17620 10943
1422 28704
7517 29946
7573 27933
23401 3851
30981 27431
2175 2409
8005 27030
9705 8778
20360 32095
15638 9328
13394 18058
20284 10310
28728 23014
26689 27435
26599 29435
22748 12558
28007 576
23544 25659
12449 27534
11097 26484
6431 2261
18305 20036
27924 17678
30421 28560
27036 25456
16380 1647
12356 18151
25480 21820
11725 19906
6360 32489
24109 5547
4668 2709
4567 15325
3163 17761
6204 28049
27858 30336
29586 23737
13342 6542
31188 27889
18108 4899
1802 11443
20878 5031
9418 28362
19841 7272
19199 6153
26221 23273
7657 30012
18749 20094
19813 11615
7503 27669
31087 9230
11550 13399
16357 24637
542 28656
22413 19241
30695 1578
23642 23438
2710 8641
12523 283
25712 6131
6485 25635
28361 17878
29474 19861
27173 22510
11930 19246
20892 12287
27969 25581
3459 23840
27040 28872
14664 23057
3144 28061
158 1486
21013 22123
22490 2660
26544 25794
5021 9732
7767 16760
9140 2646
7649 32414
30012 17935
30716 28082
16394 27846
186 9750
17226 28932
4172 20417
13669 25754
4621 1589
27433 4919
1218 26545
31268 11065
20511 9383
23120 26820
5006 9072
19190 30481
21037 3135
32460 31753
8213 20820
21344 531
13538 1906
6074 13354
1904 8850
9789 8242
22242 27353
21967 29580
17641 15816
1594 26088
25923 28595
19409 18010
26241 24948
32342 24241
14350 7776
12059 8452
20845 5754
19048 21389
32450 18663
26653 11962
22164 29346
3992 8578
15569 5489
29401 12278
5906 27416
25828 8216
5665 6348
3943 26863
14521 14058
11165 6107
27532 233
17010 8231
27274 16782
14312 18653
18273 20318
9657 11486
14656 11609
18750 305
6625 9189
2191 5532
13254 26121
21228 17265
17859 5851
24668 16043
24508 17212
5267 32057
31920 9154
2329 10394
32246 15094
681 19882
27591 9152
21976 16060
7933 9247
32503 23528
14362 22557
28985 13735
1932 2307
24857 15773
19248 1225
3574 31157
25876 2512
20224 28019
28545 6868
26456 11654
21049 20252
25971 20893
15613 29427
4544 14460
11090 3164
12426 21071
21893 6146
6943 25918
13037 4718
29746 65
29040 8572
31614 4150
1608 29200
17580 19249
15367 7685
21879 26131
25049 11878
28430 18526
10 3553
1721 12871
13768 32632
12736 2317
9257 28026
2185 15754
2672 9394
17664 264
30604 20446
8251 15445
13537 18275
13151 32026
20043 2366
24509 19816
23392 27966
577 10644
28150 26992
30221 2117
18918 31451
10849 10443
18959 1646
20414 7090
5789 17975
24651 14743
4235 5846
1911 31803
5734 14640
11488 28118
1620 23656
9844 8878
8534 1035
21973 28903
13258 7818
13570 23197
10036 24558
5685 24112
24893 13511
6919 8415
5116 24933
9946 10137
25461 8523
20600 4623
1119 23265
5880 3086
14379 15209
24034 26892
19009 20276
29843 7681
29325 27158
11490 3448
16698 29719
17667 23013
30653 28267
10412 12857
29462 17573
19831 19636
2898 15911
11912 1018
3157 9181
11119 19050
11222 28203
20047 26539
8363 3875
15680 13447
16199 11516
23283 18685
16257 24767
23189 20625
3991 19780
19189 30951
22642 8797
23784 11920
5931 24657
26861 7204
28623 28556
30733 8081
7519 24724
21509 10674
8987 26687
25255 15396
8960 27684
20606 31061
32144 13135
20145 31453
7889 3897
26665 25106
7320 4343
12790 22230
2567 7857
23279 26804
9301 32086
24217 1580
15565 8846
24395 32330
1050 25328
27535 16510
6849 20598
13002 20135
2799 23853
27936 5489
3957 5681
31378 7905
19473 2777
32105 21294
23279 13359
29656 15315
21359 28835
5341 31970
11817 26624
29800 30875
10799 27550
12991 20797
6033 9946
15137 15644
11047 13251
21929 24820
16266 26646
4214 9341
10084 28269
17417 13631
29930 32691
14062 11176
23206 20699
9375 1628
2426 2257
11173 28620
12258 21169
26368 522
32377 24632
14025 31964
21951 28792
31766 8719
281 11983
19486 11277
8985 32281
24222 4786
14080 1061
15227 4700
19329 2406
27560 10561
23240 235
12618 32518
25531 19601
2842 27277
10368 4472
1803 2574
13887 12467
10286 8553
6697 14404
25554 12986
26553 24647
31215 1326
29753 26733
11461 3606
27529 27052
7104 28730
8732 28725
17823 1392
18499 29095
30165 9837
25262 29570
8495 9434
11311 30174
30136 11179
17602 30301
8666 31148
20939 8030
5829 10844
29598 30579
18965 255
13380 9494
15022 27119
21373 6807
15595 9779
5121 15961
20985 21842
28171 25406
3709 20841
19224 9568
21629 4476
12012 32514
25725 1546
29143 10694
2536 9188
28726 8224
26290 4415
21308 21258
8764 10503
22259 26617
32632 18550
12669 4880
7757 6886
32672 24980
27709 22499
23170 2209
2117 10117
31408 3099
7684 8444
3173 20966
31776 5997
6410 30042
27110 10493
10745 28401
48 17451
2182 25667
2444 5986
16192 13365
11674 7886
16500 4973
27574 17520
22003 19721
10455 18029
15893 31632
21687 22444
6654 20008
27189 11935
4384 11786
20215 30305
19969 22580
22099 22018
14399 16221
27504 543
4049 18990
9896 3253
19855 16815
21041 26422
27893 1024
8701 19165
804 20297
8926 31551
18217 14579
9454 5924
28546 9497
9518 27540
2270 21049
31341 32053
10789 19760
18796 15316
10680 24933
1087 5185
14330 22852
30966 21600
783 8942
13181 5501
18404 11566
14017 8416
29807 4272
20756 673
16184 22893
4051 16062
22552 1130
5702 23659
5696 1442
23495 15273
18302 27200
5415 26906
1212 27410
19789 25620
12234 827
28960 2804
32349 24360
21160 8629
13911 14277
26479 9921
32584 28144
17966 27142
27957 31278
10149 6733
10393 1180
28363 15559
22442 14633
31783 17129
11485 11267
20606 12922
16044 25167
17070 5099
3223 21277
19674 6886
21865 29851
13511 15657
8892 10632
4998 11157
11711 8940
84 24962
311 2567
25278 15958
31940 1671
12297 23894
7526 29950
6096 8124
12095 24978
25583 7433
19611 6903
4000 28060
20013 29082
23012 900
4251 30495
22309 1427
13118 21006
17945 24755
13347 31177
11241 893
3413 28354
31635 30728
14174 17130
19597 20479
13579 1645
25771 5879
3184 27804
6466 16127
20780 15658
19342 15224
9198 26012
1105 15911
19256 16123
29373 19080
18787 23500
21140 4965
5092 29250
32142 22184
20429 14001
11259 11118
14231 14918
10409 30300
3614 8694
31752 30774
17133 18868
21132 10925
11196 10215
8787 24441
30519 1307
21512 21928
15617 23542
29447 14646
20217 30062
10433 16605
12220 5434
1890 24110
21099 19078
26546 13281
1966 14571
24121 18026
15352 28062
2983 6861
27405 5352
19571 14258
27842 9174
3009 15548
32516 18993
15753 1047
12572 16560
17398 592
5169 18285
17420 22634
21775 26774
11662 19502
8999 21349
31263 6850
2262 25426
26535 22909
6378 10119
12792 22778
5474 32404
4018 15979
29557 6756
30307 18224
24790 111
27123 27305
11831 23090
23360 20040
17164 10716
23045 16362
32401 14155
7680 10855
10766 18742
11092 14439
24665 32428
5676 6520
3741 23741
10657 7518
29275 25719
30174 6570
14510 17684
2433 19855
8915 32369
23109 14320
21480 1986
8414 5053
11252 20101
11301 28288
21544 8628
28533 3379
24677 23871
20565 4949
10750 27065
30551 8253
18366 25681
10304 22189
18221 773
25960 682
2831 2322
25188 20875
29486 24495
2531 20561
12633 9978
6870 9270
28589 21299
8404 12681
11283 10792
19388 9400
27914 13552
27292 4527
13223 31196
3537 7520
20185 4779
5232 26019
29682 29437
10469 6977
16483 29451
28890 587
2247 29332
29787 19633
6436 10267
55 783
19053 28751
1961 28618
4427 12747
18743 16476
27164 10495
15067 20716
17981 12398
353 22050
24196 22811
30480 22841
3857 26429
1420 14934
8263 1850
22267 11544
8469 20179
8807 25456
13946 24220
5987 23219
1096 14256
11506 32493
4904 6562
22436 6265
22494 31927
27394 14286
16334 31826
10796 5020
26303 17839
19393 3352
23008 24276
29951 20115
3080 22981
28716 14418
24386 18424
8756 3994
26505 520
915 9226
19152 6061
8309 24366
25158 31724
25628 29264
215 16779
13187 5777
758 31688
6977 4921
2970 5963
5295 32332
4742 16216
9805 27486
10190 9033
25442 31911
4247 12348
3811 2650
8478 4873
26006 21555
30716 5751
21367 29007
32424 12719
6235 29249
21309 23280
8147 26978
32637 29317
4179 19816
8470 23028
21908 27195
26405 2937
10806 21508
2297 17842
25770 4230
6681 8092
2895 27313
24456 6334
29659 9332
2631 31140
29181 31444
31516 6287
22849 12347
29586 22123
22067 4370
22593 26625
25287 9873
26703 16238
23032 3030
3639 10708
28336 6453
11721 30031
2536 22992
4979 13099
21520 32615
26814 27220
28081 18545
21019 19981
6993 3179
6624 19685
26775 25200
3214 3047
1711 5642
27221 8722
27120 24136
4570 10249
27324 2832
18487 28683
28072 7351
16963 31268
22237 31183
21269 30885
19647 14144
25539 30931
3532 9883
6255 988
24006 7850
18053 19471
19988 12876
8254 14923
25958 18815
14697 28600
27288 20671
18794 4022
22233 29327
20099 26131
13068 3925
30290 15745
25710 26474
28571 31303
11385 11122
2376 19766
24585 26345
17070 4831
6590 30975
12562 13059
27553 4006
24172 5195
21514 22761
1386 30777
31169 24191
20152 21343
29539 16288
29567 30159
7687 15639
26924 6098
18210 19353
31346 7901
11688 8277
29074 11968
7796 27596
14298 23329
12266 14051
3691 3369
24795 5686
17472 29053
7848 10160
3436 624
30379 3673
24483 631
30418 24686
30716 31453
397 15287
28149 4791
6379 29717
30648 21019
25856 4187
17309 9613
31113 2398
2799 13754
7891 32592
16883 26473
8664 22857
2342 6062
28587 807
17351 26720
23 15768
30613 12494
21379 13429
23002 26286
2073 20306
11688 4950
18984 28755
22371 10543
9158 5441
18815 19814
28601 3804
11915 27108
29592 17011
29807 7041
25901 10675
7410 20596
24350 1213
30591 11022
2252 29307
10280 31913
30076 25395
8171 27867
32437 6492
27188 8431
7656 11441
29604 30613
2391 17285
11793 11480
6191 30294
13774 31313
12791 4516
23596 1946
19758 10755
15168 16134
16688 13936
14055 23183
28506 9441
3848 15632
1902 7456
26393 27573
27449 26072
26341 15279
30067 8176
22668 2092
10214 19481
26571 1158
1235 20131
26237 32442
6033 26005
14946 9757
28791 17660
22560 10826
6140 19843
28551 18015
15645 4420
11545 3177
8959 6878
13514 1308
4566 10952
14852 30664
20229 24293
22766 28296
24711 30808
5358 19133
8077 13209
8301 32186
24168 26312
20954 14785
9642 23106
27121 12079
19592 3955
3901 10739
28803 27115
8923 9028
4168 28339
21122 7060
19924 3553
3008 20671
7131 10858
13446 9353
23147 21560
19687 18247
9933 26748
24093 31452
25260 3142
23245 487
13944 13651
21644 3899
4877 13605
10913 18832
30352 31321
5644 14200
30874 31798
14024 10132
24985 1154
1614 26887
20851 19353
21338 26667
14700 6848
10993 899
11593 26806
21155 11505
20405 9356
14350 11049
24037 8887
31139 3942
7800 24676
27821 13148
14241 4363
17550 21357
12423 10823
16204 6431
8684 25061
31565 10702
23053 21050
