100 2
29367 12675
3972 18624
31746 31564
20585 15763
16454 27278
25025 12917
5153 20410
10055 15624
13373 15396
22287 15578
15489 27748
19042 14567
8073 12796
20681 13920
12884 8252
14696 27819
8253 99
1677 31403
23341 20743
32649 321
23566 21687
5311 18195
18307 29662
18938 18828
19158 30186
6916 24356
17714 21934
3700 20193
4370 13573
27335 285
505 13241
16818 11659
27236 11683
17847 10869
15868 9235
7671 16711
9233 22130
11335 11345
3652 20005
31109 8649
10115 25013
15405 4111
12091 29485
11559 28469
5320 28100
7907 19391
26417 18108
2728 28327
27922 1418
2089 18085
30937 5943
25434 30381
19765 28934
17537 11704
9676 18007
7824 11207
14381 21963
22450 6181
16645 4521
24612 3309
29077 10113
11078 31693
20835 11023
16114 20489
26672 26721
19724 29123
17451 8508
2906 3705
12388 14781
15766 19151
12163 6204
9666 16783
3770 15477
20156 29678
9464 20970
25874 3857
4704 16771
4631 10959
5113 1656
3383 26041
16295 19056
22407 599
15450 3307
21920 27061
19077 23005
15278 14110
12498 21403
32708 12584
24852 5115
18035 21489
27004 10423
32154 20647
1553 12051
6527 9806
26202 21184
10271 14269
31581 13311
11971 746
25038 30986
1492 23912
