89 20 30
65 88 55 87 39 24 82 77 23 86 73 18 25 20 41 9 14 56 13 76 
44 18 72 7 80 34 36 21 40 21 83 35 33 44 5 6 19 7 22 12 4 30 38 43 2 21 46 23 17 16 52 11 61 17 16 10 59 4 43 32 69 32 54 25 28 18 64 10 67 6 11 38 48 3 35 14 89 40 15 20 
0 53 100 62 10 12 3 23 50 12 36 89 49 66 80 80 81 47 56 91 88 95 62 23 14 88 83 23 53 46 95 85 42 97 68 62 68 90 40 34 63 83 78 84 9 7 81 60 93 99 19 61 64 55 10 15 26 75 30 41 34 19 17 86 38 3 48 82 19 5 90 44 45 32 40 5 15 17 47 27 4 15 25 16 87 64 61 26 73 
53 0 1 98 48 10 97 89 13 28 93 78 59 94 61 14 57 37 35 62 53 15 77 36 21 70 98 39 18 9 59 61 77 76 81 80 44 23 76 54 47 35 91 76 59 10 68 22 57 23 31 22 90 85 23 60 39 94 20 65 35 88 85 34 55 45 23 36 15 21 97 94 76 38 60 83 30 97 51 35 10 58 23 69 2 79 55 54 50 
100 1 0 45 27 23 56 77 51 83 26 97 30 37 2 53 21 48 30 37 92 52 48 75 57 24 61 69 17 73 69 62 75 3 3 56 33 79 66 26 8 99 69 97 54 10 30 46 95 85 66 85 65 86 30 29 85 30 98 11 24 21 24 39 96 99 23 97 88 35 3 62 7 66 86 60 3 72 50 72 16 24 38 43 59 54 16 69 74 
62 98 45 0 84 54 83 74 59 73 77 29 2 23 83 11 38 33 41 36 66 79 78 22 62 81 79 56 85 63 65 98 66 34 94 69 93 46 83 20 25 1 54 8 33 63 38 29 73 2 94 67 55 70 42 18 12 78 100 62 93 82 25 4 41 7 31 5 19 46 53 58 73 2 85 14 62 55 51 64 52 99 80 91 54 90 2 97 5 
10 48 27 84 0 4 84 92 34 73 41 82 9 51 96 95 98 37 91 56 91 42 13 34 90 46 21 33 8 31 86 22 8 81 93 65 31 43 67 32 19 61 69 66 90 99 22 78 75 8 27 17 76 43 84 81 74 35 24 60 18 58 12 82 59 98 37 37 20 58 37 97 81 86 90 61 94 60 50 100 33 67 55 12 10 14 90 34 51 
12 10 23 54 4 0 32 90 57 76 87 5 3 17 53 69 94 56 71 25 98 68 90 23 47 99 49 46 88 90 42 80 16 58 64 65 62 87 21 43 45 86 66 56 26 85 43 75 61 23 17 3 32 97 82 70 7 71 34 60 63 70 98 25 87 24 39 30 91 24 10 97 37 92 41 16 57 16 30 17 13 69 7 99 41 99 41 11 39 
3 97 56 83 84 32 0 1 79 49 69 64 10 75 78 2 18 53 13 77 38 4 10 26 26 20 10 92 48 35 28 77 67 23 43 43 73 55 44 28 35 23 91 32 35 1 68 24 13 4 81 72 17 68 91 20 8 77 72 98 3 78 21 17 6 68 1 13 38 71 36 81 76 69 98 8 56 57 10 89 88 26 71 96 15 35 55 43 7 
23 89 77 74 92 90 1 0 50 61 42 24 48 84 26 54 11 29 60 37 18 43 21 21 73 97 66 89 88 68 97 38 25 11 65 83 3 6 13 66 68 35 66 67 9 15 59 21 62 71 95 59 36 5 82 16 31 40 22 56 28 95 61 65 83 99 23 35 43 89 21 79 92 18 60 49 97 3 29 43 37 81 85 44 55 24 3 91 31 
50 13 51 59 34 57 79 50 0 71 5 5 57 49 19 10 28 24 63 72 73 51 97 18 74 53 14 42 46 22 65 2 12 14 3 94 53 15 43 85 78 14 69 71 51 97 75 47 17 34 28 50 86 36 20 89 55 11 8 53 43 67 25 45 5 96 33 45 95 44 27 98 93 99 46 15 37 68 26 54 93 73 90 84 89 97 95 69 47 
12 28 83 73 73 76 49 61 71 0 14 95 68 42 18 37 64 43 61 94 30 93 67 11 93 71 91 66 5 54 7 85 34 85 74 69 10 22 95 73 60 91 47 61 88 35 84 100 4 86 50 44 7 20 62 71 3 68 22 69 93 14 6 37 44 100 39 80 98 25 32 80 13 71 39 67 20 26 42 7 91 24 33 50 64 61 63 81 95 
36 93 26 77 41 87 69 42 5 14 0 99 18 8 66 48 96 6 35 46 17 10 72 91 44 43 2 60 70 72 93 2 13 91 44 33 66 61 87 28 4 31 55 34 28 61 35 32 92 95 100 90 1 70 21 4 70 58 59 94 55 74 63 28 62 52 53 6 83 5 92 57 97 11 93 10 37 44 77 36 79 81 88 30 45 11 68 79 9 
89 78 97 29 82 5 64 24 5 95 99 0 11 88 71 83 94 85 69 64 2 29 19 85 5 43 21 48 67 24 18 70 73 57 21 87 62 17 3 67 2 21 76 92 73 79 6 85 47 50 85 21 42 2 84 88 98 93 50 41 69 20 16 97 97 53 41 49 35 15 10 47 69 90 5 100 3 37 65 92 43 26 70 83 48 84 72 80 99 
49 59 30 2 9 3 10 48 57 68 18 11 0 99 83 42 98 85 6 19 48 85 93 38 59 45 30 66 100 66 52 13 71 72 92 60 40 31 12 65 33 35 58 29 59 67 4 90 55 69 27 25 78 50 81 28 65 49 6 22 68 79 72 85 7 41 42 78 29 34 57 64 53 51 67 19 86 52 60 18 34 41 61 48 26 68 88 13 18 
66 94 37 23 51 17 75 84 49 42 8 88 99 0 91 81 75 64 70 56 60 41 49 77 83 69 10 28 80 43 71 79 59 72 12 87 98 62 23 48 31 70 39 16 21 51 60 14 36 14 44 83 10 48 87 48 87 87 84 59 1 19 92 91 85 66 36 42 38 5 87 31 51 57 90 21 88 91 83 49 83 46 48 24 38 63 47 78 58 
80 61 2 83 96 53 78 26 19 18 66 71 83 91 0 49 100 35 98 73 34 26 46 98 87 54 22 90 77 94 80 67 15 45 86 88 78 53 95 72 90 91 72 46 75 43 54 24 68 63 90 29 78 36 2 39 85 77 98 23 24 98 74 90 89 16 47 77 6 16 89 4 54 76 57 41 20 76 4 89 72 65 8 30 81 8 68 50 7 
80 14 53 11 95 69 2 54 10 37 48 83 42 81 49 0 54 62 56 27 97 16 36 100 42 38 25 16 58 49 66 71 20 51 20 88 71 8 38 64 6 57 85 45 66 49 39 82 98 79 71 47 59 77 86 37 15 80 76 13 81 45 45 29 95 40 69 18 33 44 13 93 76 76 23 37 14 3 8 74 38 85 33 50 87 54 20 19 92 
81 57 21 38 98 94 18 11 28 64 96 94 98 75 100 54 0 60 35 42 43 69 70 69 61 58 78 81 2 14 54 15 25 25 11 87 91 70 34 16 62 51 10 63 90 17 16 71 25 13 83 39 73 42 60 68 6 61 9 89 30 5 41 94 25 43 19 84 51 77 31 25 7 52 19 55 37 33 23 98 43 43 53 8 25 1 49 22 12 
47 37 48 33 37 56 53 29 24 43 6 85 85 64 35 62 60 0 32 21 98 65 80 16 88 99 26 91 34 93 82 99 23 84 49 58 90 1 51 26 24 98 73 9 72 41 86 31 35 6 69 89 71 27 12 51 11 62 43 87 69 74 45 78 93 50 47 69 40 77 77 76 1 14 15 69 68 37 51 46 2 42 60 28 81 76 64 49 23 
56 35 30 41 91 71 13 60 63 61 35 69 6 70 98 56 35 32 0 87 30 89 2 86 91 96 85 19 53 18 29 84 48 66 11 15 72 15 15 24 68 48 14 75 61 93 8 64 100 72 30 21 52 55 94 50 66 97 14 59 65 93 80 81 58 5 25 91 71 15 64 22 28 52 86 9 50 56 12 92 100 40 38 65 85 82 81 90 33 
91 62 37 36 56 25 77 37 72 94 46 64 19 56 73 27 42 21 87 0 43 31 68 74 19 99 9 68 74 53 57 97 37 67 87 61 68 91 87 89 49 58 12 45 5 65 56 22 75 47 31 6 18 77 67 33 69 35 77 59 94 79 90 48 85 5 95 15 43 55 13 45 69 27 82 27 82 75 81 97 77 55 55 65 26 5 27 73 3 
88 53 92 66 91 98 38 18 73 30 17 2 48 60 34 97 43 98 30 43 0 58 45 95 100 84 88 83 8 56 88 98 91 1 10 9 9 87 98 28 95 32 27 35 81 97 61 22 23 24 36 63 85 33 38 2 4 48 72 14 22 92 90 27 70 13 72 58 69 86 52 75 72 78 40 53 60 64 78 62 61 37 87 7 40 22 9 73 47 
95 15 52 79 42 68 4 43 51 93 10 29 85 41 26 16 69 65 89 31 58 0 100 19 30 53 59 71 91 15 87 3 98 70 96 6 97 72 50 43 44 83 50 19 30 76 37 58 61 69 38 15 16 35 2 28 47 96 58 92 41 84 21 39 80 24 98 45 14 61 26 81 78 79 19 75 3 46 67 5 87 25 76 89 94 50 4 87 92 
62 77 48 78 13 90 10 21 97 67 72 19 93 49 46 36 70 80 2 68 45 100 0 74 73 63 95 98 55 70 46 25 51 55 11 72 13 71 65 74 31 84 25 37 5 70 71 4 43 46 17 81 73 72 36 95 36 95 39 10 23 76 8 75 55 45 51 27 66 31 24 27 9 74 1 32 28 73 77 85 98 92 33 12 85 72 98 95 85 
23 36 75 22 34 23 26 21 18 11 91 85 38 77 98 100 69 16 86 74 95 19 74 0 3 76 19 43 85 82 54 91 81 70 60 95 100 1 64 72 2 34 54 55 69 38 93 38 64 48 94 34 36 71 16 47 58 49 7 52 91 13 48 29 50 31 83 37 22 43 60 27 30 30 23 38 11 10 97 16 32 55 37 12 78 17 74 73 31 
14 21 57 62 90 47 26 73 74 93 44 5 59 83 87 42 61 88 91 19 100 30 73 3 0 91 30 62 60 91 52 45 15 41 85 91 43 32 92 91 46 81 79 90 60 4 14 62 93 22 71 58 93 50 26 58 18 59 52 42 81 92 81 99 84 74 82 3 9 53 75 33 87 25 68 34 33 10 48 15 44 69 32 21 63 89 42 59 94 
88 70 24 81 46 99 20 97 53 71 43 43 45 69 54 38 58 99 96 99 84 53 63 76 91 0 95 96 90 89 31 92 84 52 24 7 9 100 32 90 27 78 5 11 28 95 6 72 2 84 11 12 89 60 98 84 21 84 74 35 39 95 81 22 60 63 4 6 27 1 31 34 2 93 86 43 49 19 49 48 92 91 70 53 22 47 27 72 75 
83 98 61 79 21 49 10 66 14 91 2 21 30 10 22 25 78 26 85 9 88 59 95 19 30 95 0 18 18 98 98 81 93 12 23 24 62 43 10 15 49 76 98 92 69 16 71 95 55 70 10 15 53 67 8 26 31 24 98 83 93 62 61 24 8 19 36 51 1 6 19 44 54 68 62 37 29 64 26 35 36 10 24 71 41 91 18 16 19 
23 39 69 56 33 46 92 89 42 66 60 48 66 28 90 16 81 91 19 68 83 71 98 43 62 96 18 0 73 48 26 55 90 27 22 85 51 16 53 64 10 15 62 25 13 69 17 42 5 84 35 92 95 44 45 16 27 87 97 25 36 34 92 9 94 45 63 55 46 73 26 40 53 56 48 38 52 69 12 32 38 96 7 55 90 27 1 94 46 
53 18 17 85 8 88 48 88 46 5 70 67 100 80 77 58 2 34 53 74 8 91 55 85 60 90 18 73 0 65 28 35 14 79 100 94 47 51 6 97 2 83 32 7 71 39 54 42 100 45 59 66 30 99 57 66 42 6 56 11 72 21 15 82 19 93 8 69 43 76 7 39 20 68 64 66 40 72 62 48 90 60 66 16 47 53 44 31 93 
46 9 73 63 31 90 35 68 22 54 72 24 66 43 94 49 14 93 18 53 56 15 70 82 91 89 98 48 65 0 58 79 7 7 75 35 14 83 15 43 61 19 4 60 70 52 81 15 100 86 26 69 86 12 86 55 80 51 56 70 91 8 50 85 4 55 54 97 49 51 57 86 43 40 3 34 15 52 17 92 13 19 69 15 48 25 88 38 20 
95 59 69 65 86 42 28 97 65 7 93 18 52 71 80 66 54 82 29 57 88 87 46 54 52 31 98 26 28 58 0 1 20 35 5 27 48 99 23 80 69 77 48 98 35 54 1 19 72 76 94 69 2 3 36 59 35 31 9 31 19 18 83 26 96 50 76 88 11 36 73 29 27 80 96 22 60 59 20 79 4 6 17 44 48 81 37 28 58 
85 61 62 98 22 80 77 38 2 85 2 70 13 79 67 71 15 99 84 97 98 3 25 91 45 92 81 55 35 79 1 0 14 61 63 36 26 16 12 23 5 55 5 1 85 81 87 15 66 66 95 12 13 75 24 85 70 43 14 11 96 75 39 50 57 28 65 60 86 50 10 18 80 92 67 86 15 74 42 46 41 55 73 34 18 81 38 26 91 
42 77 75 66 8 16 67 25 12 34 13 73 71 59 15 20 25 23 48 37 91 98 51 81 15 84 93 90 14 7 20 14 0 42 92 66 69 49 78 94 83 93 30 53 76 67 58 56 7 42 20 83 92 19 44 12 30 70 91 96 31 13 76 27 22 40 46 86 90 8 6 12 74 3 68 94 68 97 75 62 36 94 62 5 73 63 50 21 26 
97 76 3 34 81 58 23 11 14 85 91 57 72 72 45 51 25 84 66 67 1 70 55 70 41 52 12 27 79 7 35 61 42 0 20 14 12 13 78 43 1 38 39 11 30 2 78 57 38 20 12 84 39 16 60 88 93 97 31 68 84 28 19 64 15 71 76 54 87 77 10 34 71 51 70 98 26 72 85 28 98 72 80 96 96 23 44 39 8 
68 81 3 94 93 64 43 65 3 74 44 21 92 12 86 20 11 49 11 87 10 96 11 60 85 24 23 22 100 75 5 63 92 20 0 11 78 62 80 35 91 50 19 29 8 66 67 71 89 77 29 42 72 48 41 64 42 94 99 28 50 4 23 86 32 15 2 58 19 51 49 78 55 5 69 32 83 16 48 82 98 63 87 63 40 86 73 3 69 
62 80 56 69 65 65 43 83 94 69 33 87 60 87 88 88 87 58 15 61 9 6 72 95 91 7 24 85 94 35 27 36 66 14 11 0 73 47 44 35 84 53 79 53 82 78 15 24 30 77 75 93 26 19 87 43 11 54 91 99 14 15 99 44 76 95 80 89 66 22 23 89 17 80 45 75 72 51 64 96 79 32 13 31 91 1 57 92 49 
68 44 33 93 31 62 73 3 53 10 66 62 40 98 78 71 91 90 72 68 9 97 13 100 43 9 62 51 47 14 48 26 69 12 78 73 0 3 79 31 82 7 63 26 41 18 69 78 60 79 6 62 80 41 47 84 47 33 8 78 44 2 21 37 29 43 23 13 91 66 1 94 25 53 49 51 93 80 22 88 92 9 73 83 16 23 54 90 52 
90 23 79 46 43 87 55 6 15 22 61 17 31 62 53 8 70 1 15 91 87 72 71 1 32 100 43 16 51 83 99 16 49 13 62 47 3 0 99 62 70 62 82 78 50 8 71 92 35 74 52 97 82 16 18 71 91 59 51 30 61 4 3 5 1 85 76 30 6 36 75 74 76 75 11 31 83 44 3 8 9 92 3 83 66 4 51 92 93 
40 76 66 83 67 21 44 13 43 95 87 3 12 23 95 38 34 51 15 87 98 50 65 64 92 32 10 53 6 15 23 12 78 78 80 44 79 99 0 45 32 80 39 35 57 51 66 62 65 38 92 18 11 12 84 34 99 85 9 49 67 75 40 1 68 47 10 81 38 80 42 43 64 39 91 78 81 35 77 56 18 79 2 66 29 55 65 69 7 
34 54 26 20 32 43 28 66 85 73 28 67 65 48 72 64 16 26 24 89 28 43 74 72 91 90 15 64 97 43 80 23 94 43 35 35 31 62 45 0 100 87 23 20 14 64 79 61 18 62 77 80 45 1 90 28 87 39 26 79 46 37 26 1 25 66 78 25 100 71 2 63 39 35 48 63 28 99 35 81 50 38 45 34 21 93 87 66 12 
63 47 8 25 19 45 35 68 78 60 4 2 33 31 90 6 62 24 68 49 95 44 31 2 46 27 49 10 2 61 69 5 83 1 91 84 82 70 32 100 0 61 89 68 1 19 7 79 70 75 7 77 87 40 97 70 72 94 56 53 5 91 34 66 77 9 100 28 61 97 59 81 70 31 34 41 86 18 68 57 55 49 38 29 16 16 13 18 16 
83 35 99 1 61 86 23 35 14 91 31 21 35 70 91 57 51 98 48 58 32 83 84 34 81 78 76 15 83 19 77 55 93 38 50 53 7 62 80 87 61 0 73 81 92 89 45 79 64 13 45 83 65 39 69 72 3 65 2 5 72 30 40 61 97 71 39 90 17 35 53 91 15 70 27 83 24 75 52 19 18 9 11 69 97 71 86 18 87 
78 91 69 54 69 66 91 66 69 47 55 76 58 39 72 85 10 73 14 12 27 50 25 54 79 5 98 62 32 4 48 5 30 39 19 79 63 82 39 23 89 73 0 22 12 48 96 97 88 22 76 24 81 88 97 44 71 56 32 100 25 38 43 31 63 45 8 63 13 68 9 94 33 42 76 14 43 39 2 67 1 98 64 24 16 65 28 54 1 
84 76 97 8 66 56 32 67 71 61 34 92 29 16 46 45 63 9 75 45 35 19 37 55 90 11 92 25 7 60 98 1 53 11 29 53 26 78 35 20 68 81 22 0 51 27 85 37 88 92 10 93 73 77 5 31 66 3 14 45 7 51 40 65 39 61 7 37 76 40 62 42 31 45 85 86 26 39 88 4 16 80 55 13 65 76 76 84 58 
9 59 54 33 90 26 35 9 51 88 28 73 59 21 75 66 90 72 61 5 81 30 5 69 60 28 69 13 71 70 35 85 76 30 8 82 41 50 57 14 1 92 12 51 0 37 65 98 45 22 91 74 18 91 13 77 81 41 73 87 19 76 49 88 29 88 37 18 25 97 59 20 90 2 1 52 2 4 87 66 89 68 56 44 8 88 29 35 90 
7 10 10 63 99 85 1 15 97 35 61 79 67 51 43 49 17 41 93 65 97 76 70 38 4 95 16 69 39 52 54 81 67 2 66 78 18 8 51 64 19 89 48 27 37 0 84 90 59 46 21 2 21 14 19 99 75 68 74 92 51 22 14 79 55 48 7 31 66 30 80 91 98 43 90 69 31 27 3 84 52 12 36 20 17 42 95 87 27 
81 68 30 38 22 43 68 59 75 84 35 6 4 60 54 39 16 86 8 56 61 37 71 93 14 6 71 17 54 81 1 87 58 78 67 15 69 71 66 79 7 45 96 85 65 84 0 48 87 44 8 41 10 13 28 99 29 92 48 42 71 42 29 22 47 26 4 83 12 66 95 24 9 98 71 99 58 40 50 32 7 92 43 9 56 30 23 10 71 
60 22 46 29 78 75 24 21 47 100 32 85 90 14 24 82 71 31 64 22 22 58 4 38 62 72 95 42 42 15 19 15 56 57 71 24 78 92 62 61 79 79 97 37 98 90 48 0 85 56 30 51 56 48 53 55 2 95 49 21 94 66 22 93 69 85 64 84 16 30 93 20 94 54 22 67 7 85 47 52 90 98 66 43 38 58 9 47 41 
93 57 95 73 75 61 13 62 17 4 92 47 55 36 68 98 25 35 100 75 23 61 43 64 93 2 55 5 100 100 72 66 7 38 89 30 60 35 65 18 70 64 88 88 45 59 87 85 0 92 30 31 39 50 34 29 77 55 26 15 71 56 37 5 59 91 7 86 12 43 37 28 93 51 21 41 49 53 72 48 35 24 10 92 39 89 69 45 78 
99 23 85 2 8 23 4 71 34 86 95 50 69 14 63 79 13 6 72 47 24 69 46 48 22 84 70 84 45 86 76 66 42 20 77 77 79 74 38 62 75 13 22 92 22 46 44 56 92 0 49 49 24 52 24 93 31 33 30 52 82 60 90 18 45 25 95 23 67 26 50 63 71 19 90 83 50 15 91 67 28 4 62 88 99 53 30 11 91 
19 31 66 94 27 17 81 95 28 50 100 85 27 44 90 71 83 69 30 31 36 38 17 94 71 11 10 35 59 26 94 95 20 12 29 75 6 52 92 77 7 45 76 10 91 21 8 30 30 49 0 28 24 48 33 58 31 44 59 47 79 29 49 13 47 93 25 66 71 61 60 44 22 51 36 24 73 71 16 58 24 19 26 56 16 63 42 66 70 
61 22 85 67 17 3 72 59 50 44 90 21 25 83 29 47 39 89 21 6 63 15 81 34 58 12 15 92 66 69 69 12 83 84 42 93 62 97 18 80 77 83 24 93 74 2 41 51 31 49 28 0 100 7 82 61 27 32 3 53 74 39 87 98 75 22 63 77 12 9 52 56 80 67 9 17 21 53 56 99 6 42 37 75 79 39 57 18 44 
64 90 65 55 76 32 17 36 86 7 1 42 78 10 78 59 73 71 52 18 85 16 73 36 93 89 53 95 30 86 2 13 92 39 72 26 80 82 11 45 87 65 81 73 18 21 10 56 39 24 24 100 0 78 51 25 65 80 80 39 9 57 26 63 28 37 83 37 80 15 71 86 83 74 55 95 32 32 75 37 39 78 69 51 71 79 100 65 7 
55 85 86 70 43 97 68 5 36 20 70 2 50 48 36 77 42 27 55 77 33 35 72 71 50 60 67 44 99 12 3 75 19 16 48 19 41 16 12 1 40 39 88 77 91 14 13 48 50 52 48 7 78 0 37 77 26 97 93 16 33 83 68 5 31 27 96 71 26 45 95 2 46 59 75 49 79 17 27 53 71 57 68 64 20 88 57 17 92 
10 23 30 42 84 82 91 82 20 62 21 84 81 87 2 86 60 12 94 67 38 2 36 16 26 98 8 45 57 86 36 24 44 60 41 87 47 18 84 90 97 69 97 5 13 19 28 53 34 24 33 82 51 37 0 23 34 89 23 13 4 99 1 16 96 98 30 12 64 83 100 81 50 81 14 77 32 75 73 95 5 50 53 10 80 40 76 67 84 
15 60 29 18 81 70 20 16 89 71 4 88 28 48 39 37 68 51 50 33 2 28 95 47 58 84 26 16 66 55 59 85 12 88 64 43 84 71 34 28 70 72 44 31 77 99 99 55 29 93 58 61 25 77 23 0 84 49 73 58 18 10 47 27 8 74 26 24 28 40 29 38 82 24 59 35 63 69 53 91 25 73 8 38 97 99 11 49 57 
26 39 85 12 74 7 8 31 55 3 70 98 65 87 85 15 6 11 66 69 4 47 36 58 18 21 31 27 42 80 35 70 30 93 42 11 47 91 99 87 72 3 71 66 81 75 29 2 77 31 31 27 65 26 34 84 0 79 69 68 82 44 21 53 23 16 78 47 47 32 19 82 48 85 79 12 29 83 57 5 87 20 51 78 96 50 59 11 86 
75 94 30 78 35 71 77 40 11 68 58 93 49 87 77 80 61 62 97 35 48 96 95 49 59 84 24 87 6 51 31 43 70 97 94 54 33 59 85 39 94 65 56 3 41 68 92 95 55 33 44 32 80 97 89 49 79 0 31 37 64 67 98 4 22 77 99 83 27 15 34 91 37 13 57 15 33 26 61 6 26 68 53 61 74 25 71 84 59 
30 20 98 100 24 34 72 22 8 22 59 50 6 84 98 76 9 43 14 77 72 58 39 7 52 74 98 97 56 56 9 14 91 31 99 91 8 51 9 26 56 2 32 14 73 74 48 49 26 30 59 3 80 93 23 73 69 31 0 66 32 62 54 91 45 3 32 96 65 52 89 7 1 86 71 75 66 70 90 92 37 9 69 24 77 78 28 45 90 
41 65 11 62 60 60 98 56 53 69 94 41 22 59 23 13 89 87 59 59 14 92 10 52 42 35 83 25 11 70 31 11 96 68 28 99 78 30 49 79 53 5 100 45 87 92 42 21 15 52 47 53 39 16 13 58 68 37 66 0 17 61 33 81 67 33 56 56 63 100 18 60 45 88 74 77 22 9 40 80 61 3 96 57 85 88 50 80 25 
34 35 24 93 18 63 3 28 43 93 55 69 68 1 24 81 30 69 65 94 22 41 23 91 81 39 93 36 72 91 19 96 31 84 50 14 44 61 67 46 5 72 25 7 19 51 71 94 71 82 79 74 9 33 4 18 82 64 32 17 0 17 14 51 96 67 29 59 20 78 23 26 33 84 97 96 99 24 25 8 67 52 96 46 67 30 5 46 23 
19 88 21 82 58 70 78 95 67 14 74 20 79 19 98 45 5 74 93 79 92 84 76 13 92 95 62 34 21 8 18 75 13 28 4 15 2 4 75 37 91 30 38 51 76 22 42 66 56 60 29 39 57 83 99 10 44 67 62 61 17 0 38 41 12 29 3 32 25 24 27 46 25 25 20 48 53 37 64 82 44 77 16 90 6 77 14 56 18 
17 85 24 25 12 98 21 61 25 6 63 16 72 92 74 45 41 45 80 90 90 21 8 48 81 81 61 92 15 50 83 39 76 19 23 99 21 3 40 26 34 40 43 40 49 14 29 22 37 90 49 87 26 68 1 47 21 98 54 33 14 38 0 38 35 13 65 80 9 93 79 10 97 9 33 7 56 69 87 65 63 99 92 4 28 6 100 13 75 
86 34 39 4 82 25 17 65 45 37 28 97 85 91 90 29 94 78 81 48 27 39 75 29 99 22 24 9 82 85 26 50 27 64 86 44 37 5 1 1 66 61 31 65 88 79 22 93 5 18 13 98 63 5 16 27 53 4 91 81 51 41 38 0 10 62 66 7 20 44 46 58 49 74 23 79 20 23 49 93 36 82 34 18 68 40 26 5 88 
38 55 96 41 59 87 6 83 5 44 62 97 7 85 89 95 25 93 58 85 70 80 55 50 84 60 8 94 19 4 96 57 22 15 32 76 29 1 68 25 77 97 63 39 29 55 47 69 59 45 47 75 28 31 96 8 23 22 45 67 96 12 35 10 0 95 68 17 35 24 32 30 86 12 14 12 38 35 96 80 37 37 73 75 84 50 38 91 26 
3 45 99 7 98 24 68 99 96 100 52 53 41 66 16 40 43 50 5 5 13 24 45 31 74 63 19 45 93 55 50 28 40 71 15 95 43 85 47 66 9 71 45 61 88 48 26 85 91 25 93 22 37 27 98 74 16 77 3 33 67 29 13 62 95 0 42 45 78 100 23 98 92 30 84 98 41 14 14 21 81 68 48 66 83 95 62 8 2 
48 23 23 31 37 39 1 23 33 39 53 41 42 36 47 69 19 47 25 95 72 98 51 83 82 4 36 63 8 54 76 65 46 76 2 80 23 76 10 78 100 39 8 7 37 7 4 64 7 95 25 63 83 96 30 26 78 99 32 56 29 3 65 66 68 42 0 21 17 12 46 62 85 2 57 11 92 40 73 10 57 38 4 66 17 94 91 61 73 
82 36 97 5 37 30 13 35 45 80 6 49 78 42 77 18 84 69 91 15 58 45 27 37 3 6 51 55 69 97 88 60 86 54 58 89 13 30 81 25 28 90 63 37 18 31 83 84 86 23 66 77 37 71 12 24 47 83 96 56 59 32 80 7 17 45 21 0 88 34 3 45 86 39 1 13 64 50 25 28 39 62 90 94 10 56 33 28 99 
19 15 88 19 20 91 38 43 95 98 83 35 29 38 6 33 51 40 71 43 69 14 66 22 9 27 1 46 43 49 11 86 90 87 19 66 91 6 38 100 61 17 13 76 25 66 12 16 12 67 71 12 80 26 64 28 47 27 65 63 20 25 9 20 35 78 17 88 0 3 20 27 63 23 67 42 70 19 10 24 71 39 65 17 19 61 5 83 17 
5 21 35 46 58 24 71 89 44 25 5 15 34 5 16 44 77 77 15 55 86 61 31 43 53 1 6 73 76 51 36 50 8 77 51 22 66 36 80 71 97 35 68 40 97 30 66 30 43 26 61 9 15 45 83 40 32 15 52 100 78 24 93 44 24 100 12 34 3 0 36 23 51 97 21 91 50 74 77 40 6 58 72 42 30 45 87 21 92 
90 97 3 53 37 10 36 21 27 32 92 10 57 87 89 13 31 77 64 13 52 26 24 60 75 31 19 26 7 57 73 10 6 10 49 23 1 75 42 2 59 53 9 62 59 80 95 93 37 50 60 52 71 95 100 29 19 34 89 18 23 27 79 46 32 23 46 3 20 36 0 38 59 90 35 36 59 37 25 69 15 55 8 10 42 55 73 76 62 
44 94 62 58 97 97 81 79 98 80 57 47 64 31 4 93 25 76 22 45 75 81 27 27 33 34 44 40 39 86 29 18 12 34 78 89 94 74 43 63 81 91 94 42 20 91 24 20 28 63 44 56 86 2 81 38 82 91 7 60 26 46 10 58 30 98 62 45 27 23 38 0 59 98 51 21 36 60 42 5 97 35 55 13 36 55 76 74 98 
45 76 7 73 81 37 76 92 93 13 97 69 53 51 54 76 7 1 28 69 72 78 9 30 87 2 54 53 20 43 27 80 74 71 55 17 25 76 64 39 70 15 33 31 90 98 9 94 93 71 22 80 83 46 50 82 48 37 1 45 33 25 97 49 86 92 85 86 63 51 59 59 0 14 6 60 69 54 48 10 95 21 85 1 85 92 31 70 48 
32 38 66 2 86 92 69 18 99 71 11 90 51 57 76 76 52 14 52 27 78 79 74 30 25 93 68 56 68 40 80 92 3 51 5 80 53 75 39 35 31 70 42 45 2 43 98 54 51 19 51 67 74 59 81 24 85 13 86 88 84 25 9 74 12 30 2 39 23 97 90 98 14 0 97 43 71 10 44 20 91 51 36 96 53 27 3 25 43 
40 60 86 85 90 41 98 60 46 39 93 5 67 90 57 23 19 15 86 82 40 19 1 23 68 86 62 48 64 3 96 67 68 70 69 45 49 11 91 48 34 27 76 85 1 90 71 22 21 90 36 9 55 75 14 59 79 57 71 74 97 20 33 23 14 84 57 1 67 21 35 51 6 97 0 17 68 55 92 63 66 87 88 95 91 58 11 31 11 
5 83 60 14 61 16 8 49 15 67 10 100 19 21 41 37 55 69 9 27 53 75 32 38 34 43 37 38 66 34 22 86 94 98 32 75 51 31 78 63 41 83 14 86 52 69 99 67 41 83 24 17 95 49 77 35 12 15 75 77 96 48 7 79 12 98 11 13 42 91 36 21 60 43 17 0 80 56 67 15 58 77 37 34 99 94 5 78 91 
15 30 3 62 94 57 56 97 37 20 37 3 86 88 20 14 37 68 50 82 60 3 28 11 33 49 29 52 40 15 60 15 68 26 83 72 93 83 81 28 86 24 43 26 2 31 58 7 49 50 73 21 32 79 32 63 29 33 66 22 99 53 56 20 38 41 92 64 70 50 59 36 69 71 68 80 0 95 64 66 62 65 86 8 29 85 84 63 49 
17 97 72 55 60 16 57 3 68 26 44 37 52 91 76 3 33 37 56 75 64 46 73 10 10 19 64 69 72 52 59 74 97 72 16 51 80 44 35 99 18 75 39 39 4 27 40 85 53 15 71 53 32 17 75 69 83 26 70 9 24 37 69 23 35 14 40 50 19 74 37 60 54 10 55 56 95 0 34 55 4 42 84 38 34 24 90 89 79 
47 51 50 51 50 30 10 29 26 42 77 65 60 83 4 8 23 51 12 81 78 67 77 97 48 49 26 12 62 17 20 42 75 85 48 64 22 3 77 35 68 52 2 88 87 3 50 47 72 91 16 56 75 27 73 53 57 61 90 40 25 64 87 49 96 14 73 25 10 77 25 42 48 44 92 67 64 34 0 56 40 2 39 79 54 74 37 53 60 
27 35 72 64 100 17 89 43 54 7 36 92 18 49 89 74 98 46 92 97 62 5 85 16 15 48 35 32 48 92 79 46 62 28 82 96 88 8 56 81 57 19 67 4 66 84 32 52 48 67 58 99 37 53 95 91 5 6 92 80 8 82 65 93 80 21 10 28 24 40 69 5 10 20 63 15 66 55 56 0 68 78 8 10 22 8 14 48 56 
4 10 16 52 33 13 88 37 93 91 79 43 34 83 72 38 43 2 100 77 61 87 98 32 44 92 36 38 90 13 4 41 36 98 98 79 92 9 18 50 55 18 1 16 89 52 7 90 35 28 24 6 39 71 5 25 87 26 37 61 67 44 63 36 37 81 57 39 71 6 15 97 95 91 66 58 62 4 40 68 0 55 10 30 53 43 44 93 62 
15 58 24 99 67 69 26 81 73 24 81 26 41 46 65 85 43 42 40 55 37 25 92 55 69 91 10 96 60 19 6 55 94 72 63 32 9 92 79 38 49 9 98 80 68 12 92 98 24 4 19 42 78 57 50 73 20 68 9 3 52 77 99 82 37 68 38 62 39 58 55 35 21 51 87 77 65 42 2 78 55 0 52 42 96 47 51 96 14 
25 23 38 80 55 7 71 85 90 33 88 70 61 48 8 33 53 60 38 55 87 76 33 37 32 70 24 7 66 69 17 73 62 80 87 13 73 3 2 45 38 11 64 55 56 36 43 66 10 62 26 37 69 68 53 8 51 53 69 96 96 16 92 34 73 48 4 90 65 72 8 55 85 36 88 37 86 84 39 8 10 52 0 8 79 55 65 58 30 
16 69 43 91 12 99 96 44 84 50 30 83 48 24 30 50 8 28 65 65 7 89 12 12 21 53 71 55 16 15 44 34 5 96 63 31 83 83 66 34 29 69 24 13 44 20 9 43 92 88 56 75 51 64 10 38 78 61 24 57 46 90 4 18 75 66 66 94 17 42 10 13 1 96 95 34 8 38 79 10 30 42 8 0 68 82 70 76 35 
87 2 59 54 10 41 15 55 89 64 45 48 26 38 81 87 25 81 85 26 40 94 85 78 63 22 41 90 47 48 48 18 73 96 40 91 16 66 29 21 16 97 16 65 8 17 56 38 39 99 16 79 71 20 80 97 96 74 77 85 67 6 28 68 84 83 17 10 19 30 42 36 85 53 91 99 29 34 54 22 53 96 79 68 0 64 8 16 52 
64 79 54 90 14 99 35 24 97 61 11 84 68 63 8 54 1 76 82 5 22 50 72 17 89 47 91 27 53 25 81 81 63 23 86 1 23 4 55 93 16 71 65 76 88 42 30 58 89 53 63 39 79 88 40 99 50 25 78 88 30 77 6 40 50 95 94 56 61 45 55 55 92 27 58 94 85 24 74 8 43 47 55 82 64 0 16 69 29 
61 55 16 2 90 41 55 3 95 63 68 72 88 47 68 20 49 64 81 27 9 4 98 74 42 27 18 1 44 88 37 38 50 44 73 57 54 51 65 87 13 86 28 76 29 95 23 9 69 30 42 57 100 57 76 11 59 71 28 50 5 14 100 26 38 62 91 33 5 87 73 76 31 3 11 5 84 90 37 14 44 51 65 70 8 16 0 11 30 
26 54 69 97 34 11 43 91 69 81 79 80 13 78 50 19 22 49 90 73 73 87 95 73 59 72 16 94 31 38 28 26 21 39 3 92 90 92 69 66 18 18 54 84 35 87 10 47 45 11 66 18 65 17 67 49 11 84 45 80 46 56 13 5 91 8 61 28 83 21 76 74 70 25 31 78 63 89 53 48 93 96 58 76 16 69 11 0 73 
73 50 74 5 51 39 7 31 47 95 9 99 18 58 7 92 12 23 33 3 47 92 85 31 94 75 19 46 93 20 58 91 26 8 69 49 52 93 7 12 16 87 1 58 90 27 71 41 78 91 70 44 7 92 84 57 86 59 90 25 23 18 75 88 26 2 73 99 17 92 62 98 48 43 11 91 49 79 60 56 62 14 30 35 52 29 30 73 0 
0 0 0 0 0 0 0 0 0 0 0 0 0 0 0 0 0 0 0 0 0 0 0 0 0 0 0 0 0 0 0 0 0 0 0 0 0 0 0 0 0 0 0 0 0 0 0 0 0 0 0 0 0 0 0 0 0 0 0 0 0 0 0 0 0 0 0 0 0 0 0 0 0 0 0 0 0 0 0 0 0 0 0 0 0 0 0 0 0 
0 0 0 0 0 0 0 0 0 0 0 0 0 0 0 0 0 0 0 0 0 0 0 0 0 0 0 0 0 0 0 0 0 0 0 0 0 0 0 0 0 0 0 0 0 0 0 0 1 0 0 0 0 0 0 0 0 0 0 0 0 0 0 0 0 0 0 0 0 0 0 0 0 0 0 0 0 0 0 0 0 0 0 0 0 0 0 0 0 
0 0 0 0 0 0 0 0 0 0 0 0 0 0 0 0 0 0 0 0 0 0 0 0 0 0 0 0 0 0 0 0 0 0 0 0 0 0 0 0 0 0 0 0 0 0 0 0 0 0 0 0 0 0 0 0 0 0 0 0 0 0 0 0 0 0 0 0 0 0 0 0 0 0 0 0 0 0 0 0 0 0 0 0 0 0 0 0 0 
0 0 0 0 0 0 0 0 0 0 0 0 0 0 0 0 0 0 0 0 0 0 0 0 0 0 0 0 0 0 0 0 0 0 0 0 0 0 0 0 0 0 0 0 0 0 0 0 0 0 0 0 0 0 0 0 0 0 0 0 0 0 0 0 0 0 0 0 0 0 0 0 0 0 0 0 0 0 0 0 0 0 0 0 0 0 0 0 0 
0 0 0 0 0 0 0 0 0 0 0 0 0 0 0 0 0 0 0 0 0 0 0 0 0 0 0 0 0 0 0 0 0 0 0 0 0 0 0 0 0 0 0 0 0 0 0 0 0 0 0 0 0 0 0 0 0 0 0 0 0 0 0 0 0 0 0 0 0 0 0 0 0 0 0 0 0 0 0 0 0 0 0 0 0 0 0 0 0 
0 0 0 0 0 0 0 0 0 0 0 0 0 0 0 0 0 0 0 0 0 0 0 0 0 0 0 0 0 0 0 0 0 0 0 0 0 0 0 0 1 0 0 0 0 0 0 0 0 0 0 0 0 0 0 0 0 0 0 0 0 0 0 0 0 0 0 0 0 0 0 0 0 0 0 0 0 0 0 0 0 0 0 0 0 0 0 0 0 
0 0 0 0 0 0 0 0 0 0 0 0 0 0 0 0 0 0 0 0 0 0 0 0 0 0 0 0 0 0 0 0 0 0 0 0 0 0 0 0 0 0 0 0 0 0 0 0 0 0 0 0 0 0 0 0 0 0 0 0 0 0 0 0 0 0 0 0 0 0 0 0 0 0 0 0 0 0 0 0 0 0 0 0 0 0 0 0 0 
0 0 0 0 0 0 0 0 0 0 0 0 0 0 0 0 0 0 0 0 0 0 0 0 0 0 0 0 0 0 0 0 0 0 0 0 0 0 0 0 0 0 0 0 0 0 0 0 0 0 0 0 0 0 0 0 0 0 0 0 0 0 0 0 0 0 0 0 0 0 0 0 0 0 0 0 0 0 0 0 0 0 0 0 0 0 0 0 0 
0 0 0 0 0 0 0 0 0 0 0 0 0 0 0 0 0 0 0 0 0 0 0 0 0 0 0 0 0 0 0 0 0 0 0 0 0 0 0 0 0 0 0 0 0 0 0 0 0 0 0 0 0 0 0 0 0 0 0 0 0 0 0 0 0 0 0 0 0 0 0 0 0 0 0 0 0 0 0 0 0 0 0 0 0 0 0 0 0 
0 0 0 0 0 0 0 0 0 0 0 0 0 0 0 0 0 0 0 0 0 0 0 0 0 0 0 0 0 0 0 0 0 0 0 0 0 0 0 0 0 0 0 0 0 0 0 0 0 0 0 0 0 0 0 0 0 0 0 0 0 0 0 0 0 0 0 0 0 0 0 0 0 0 0 0 0 0 0 0 0 0 0 0 0 0 0 0 0 
0 0 0 0 0 0 0 0 0 0 0 0 0 0 0 0 0 0 0 0 0 0 0 0 0 0 0 0 0 0 0 0 0 0 0 0 0 0 0 0 0 0 0 0 0 0 0 0 0 0 0 0 0 0 0 0 0 0 0 0 0 0 0 0 0 0 0 0 0 1 0 0 0 0 0 0 0 0 0 0 0 0 0 0 0 0 0 0 0 
0 0 0 0 0 0 0 0 0 0 0 0 0 0 0 0 0 0 0 0 0 0 0 0 0 0 0 0 0 0 0 0 0 0 0 0 0 0 0 0 0 0 0 0 0 0 0 0 0 0 0 0 0 0 0 0 0 0 0 0 0 0 0 0 0 0 0 0 0 0 0 0 0 0 0 0 0 0 0 0 0 0 0 0 0 0 0 0 0 
0 0 0 0 0 0 0 0 0 0 0 0 0 0 0 0 0 0 0 0 0 0 0 0 0 0 0 0 0 0 0 0 0 0 0 0 0 0 0 0 0 0 0 0 0 0 0 0 0 0 0 0 0 0 0 0 0 0 0 0 0 0 0 0 0 0 0 0 0 0 0 0 0 0 0 0 0 0 0 0 0 0 0 0 0 0 0 0 0 
0 0 0 0 0 0 0 0 0 0 0 0 0 0 0 0 0 0 0 0 0 0 0 0 0 0 0 0 0 0 0 0 0 0 0 0 0 0 0 0 0 0 0 0 0 0 0 0 0 0 0 0 0 0 0 0 0 0 0 0 0 0 0 0 0 0 0 0 0 0 0 0 0 0 0 0 0 0 0 0 0 0 0 0 0 0 0 0 0 
0 0 0 0 0 0 0 0 0 0 0 0 0 0 0 0 0 0 0 0 0 0 0 0 1 0 0 0 0 0 0 0 0 0 0 0 0 1 0 0 0 0 0 0 0 0 0 0 0 0 0 0 0 0 0 0 0 0 0 0 0 0 0 0 0 0 0 0 0 0 0 0 0 0 0 0 0 0 0 0 0 0 0 0 0 0 0 0 0 
0 0 0 0 0 0 0 0 0 0 0 0 0 0 0 0 0 0 0 0 0 0 0 0 0 0 0 0 0 0 0 0 0 0 0 0 0 0 0 0 0 0 0 0 0 0 0 0 0 0 0 0 0 0 0 0 0 0 0 0 0 0 0 0 0 0 0 0 0 0 0 0 0 0 0 0 0 0 0 0 0 0 0 0 0 0 0 0 0 
0 0 0 0 0 0 0 0 0 0 0 0 0 0 0 0 0 0 0 0 0 0 0 0 0 0 0 0 0 0 0 0 0 0 0 0 0 0 0 0 0 0 0 0 0 0 0 0 0 0 0 0 0 0 0 0 0 0 0 0 0 0 0 0 0 0 0 0 0 0 0 0 0 0 0 0 0 0 0 0 0 0 0 0 0 0 0 0 0 
0 0 0 0 0 0 0 0 0 0 0 0 0 0 0 0 0 0 0 0 0 0 0 0 0 0 0 0 0 0 0 0 0 0 0 0 0 0 0 0 0 0 0 0 0 0 0 0 0 0 0 0 0 0 0 0 0 0 0 0 0 0 0 0 0 0 0 0 0 0 0 0 0 0 0 0 0 0 0 0 0 0 0 0 0 0 0 0 0 
0 0 0 0 0 0 0 0 0 0 0 0 0 0 0 0 0 0 0 0 0 0 0 0 0 0 0 0 0 0 0 0 0 0 0 0 0 0 0 0 0 0 0 0 0 0 0 0 0 0 0 0 0 0 0 0 0 0 0 0 0 0 0 0 0 0 0 0 0 0 0 0 0 0 0 0 0 0 0 0 0 0 0 0 0 0 0 0 0 
0 0 0 0 0 0 0 0 0 0 0 0 0 0 0 0 0 0 0 0 0 0 0 0 0 0 0 0 0 0 0 0 0 0 0 0 0 0 0 0 0 0 0 0 0 0 0 0 0 0 0 0 0 0 0 0 0 0 0 0 0 0 0 0 0 0 0 0 0 0 0 0 0 0 0 0 0 0 0 0 0 0 0 0 0 0 0 0 0 
0 0 0 0 0 0 0 0 0 0 0 0 0 0 0 0 0 0 0 0 0 0 0 0 0 0 0 0 0 0 0 0 0 0 0 0 0 0 0 0 0 0 0 0 0 1 0 0 0 0 0 0 0 0 0 0 0 0 0 0 0 0 0 0 0 0 0 0 0 0 0 0 0 0 0 0 0 0 0 0 0 0 0 0 0 0 0 0 0 
0 0 0 0 0 0 0 0 0 0 0 0 0 0 0 0 0 0 0 0 0 0 0 0 0 0 0 0 0 0 0 0 0 0 0 0 0 0 0 0 0 0 0 0 0 0 0 0 0 0 0 0 0 0 0 0 0 0 0 0 0 0 0 0 0 0 0 0 0 0 0 0 0 0 0 0 0 0 0 0 0 0 0 0 0 0 0 0 0 
0 0 0 0 0 0 0 0 0 0 0 0 0 0 0 0 0 0 0 0 0 0 0 0 0 0 0 0 0 0 0 0 0 0 0 0 0 0 0 0 0 0 0 0 0 0 0 0 0 0 0 0 0 0 0 0 0 0 0 0 0 0 0 0 0 0 0 0 0 0 0 0 0 0 0 0 0 0 0 0 0 0 0 0 0 0 0 0 0 
0 0 0 0 0 0 0 0 0 0 0 0 0 0 0 0 0 0 0 0 0 0 0 0 0 0 0 0 0 0 0 0 0 0 0 0 0 0 0 0 0 0 0 0 0 0 0 0 0 0 0 0 0 0 0 0 0 0 0 0 0 0 0 0 0 0 0 0 0 0 0 0 0 0 0 0 0 0 0 0 0 0 0 0 0 0 0 0 0 
0 0 0 0 0 0 0 0 0 0 0 0 0 0 1 0 0 0 0 0 0 0 0 0 0 0 0 0 0 0 0 0 0 0 0 0 0 0 0 0 0 0 0 0 0 0 0 0 0 0 0 0 0 0 0 0 0 0 0 0 0 0 0 0 0 0 0 0 0 0 0 0 0 0 0 0 0 0 0 0 0 0 0 0 0 0 0 0 0 
0 0 0 0 0 0 0 0 0 0 0 0 0 0 0 0 0 0 0 0 0 0 0 0 0 0 0 0 0 0 0 0 0 0 0 0 0 0 0 0 0 0 0 0 0 0 0 0 0 0 0 0 0 0 0 0 0 0 0 0 0 0 0 0 0 0 0 0 0 0 0 0 0 0 0 0 0 0 0 0 0 0 0 0 0 0 0 0 0 
0 0 0 0 0 0 0 0 0 0 0 0 0 0 0 0 0 0 0 0 0 0 0 0 0 0 0 0 0 0 0 0 0 0 0 0 0 0 0 0 0 0 0 0 0 0 0 0 0 0 0 0 0 0 0 0 0 0 0 0 0 0 0 0 0 0 0 0 0 0 0 0 0 0 0 0 0 0 0 0 0 0 0 0 0 0 0 0 0 
0 0 0 0 0 0 0 0 0 0 0 0 0 0 0 0 0 0 0 0 0 0 0 0 0 0 0 0 0 0 0 0 0 0 0 0 0 0 0 0 0 0 0 0 0 0 0 0 0 0 0 0 0 0 0 0 0 0 0 0 0 0 0 0 0 0 0 0 0 0 0 0 0 0 0 0 0 0 0 0 0 0 0 0 0 0 0 0 0 
0 0 0 0 0 0 0 0 0 0 0 0 0 0 0 0 0 0 0 0 0 0 0 0 0 0 0 0 0 0 0 0 0 0 0 0 0 0 0 0 0 0 0 0 0 0 0 0 0 0 0 1 0 0 0 0 0 0 0 0 0 0 0 0 0 0 0 0 0 0 0 0 0 0 0 0 0 0 0 0 0 0 0 0 0 0 0 0 0 
0 0 0 0 0 0 0 0 0 0 0 0 0 0 0 0 0 0 0 0 0 0 0 0 0 0 0 0 0 0 0 0 0 0 0 0 0 0 0 0 0 0 0 0 0 0 0 0 0 0 0 0 0 0 0 0 0 0 0 0 0 0 0 0 0 0 0 0 0 0 0 0 0 0 0 0 0 0 0 0 0 0 0 0 0 0 0 0 0 
0 0 0 0 0 0 0 0 0 0 0 0 0 0 0 0 0 0 0 0 0 0 0 0 0 0 0 0 0 0 0 0 0 0 0 0 0 0 0 0 0 0 0 0 0 0 0 0 0 0 0 0 0 0 0 0 0 0 0 0 0 0 0 0 0 0 0 0 0 0 0 0 0 0 0 0 0 0 0 0 0 0 0 0 0 0 0 0 0 
0 0 0 0 0 0 0 0 0 0 0 0 0 0 0 0 0 0 0 0 0 0 0 0 0 0 0 0 0 0 0 0 0 0 0 0 0 0 0 0 0 0 0 0 0 0 0 0 0 0 0 0 0 0 0 0 0 0 0 0 0 0 0 0 0 0 0 0 0 0 0 0 0 0 0 0 0 0 0 0 0 0 0 0 0 0 0 0 0 
0 0 0 0 0 0 0 0 0 0 0 0 0 0 0 0 0 0 0 0 0 0 0 0 0 0 0 0 0 0 0 0 0 0 0 0 0 0 0 0 0 0 0 0 0 0 0 0 0 0 0 0 0 0 0 0 0 0 0 0 0 0 0 0 0 0 0 0 0 0 0 0 0 0 0 0 0 0 0 0 0 0 0 0 0 0 0 0 0 
0 0 0 0 0 0 0 0 0 0 0 0 0 0 0 0 0 0 0 0 0 0 0 0 0 0 0 0 0 0 0 0 0 0 0 0 0 0 0 0 0 0 0 0 0 0 0 0 0 0 0 0 0 0 0 0 0 0 0 0 0 0 0 0 0 0 0 0 0 0 0 0 0 0 0 0 0 0 0 0 0 0 0 0 0 0 0 0 0 
0 0 0 0 0 0 0 0 0 0 0 0 0 0 0 0 0 0 0 0 0 0 0 0 0 0 0 0 0 0 0 0 0 0 0 0 0 0 0 0 0 0 0 0 0 0 0 0 0 0 0 0 0 0 0 0 0 0 0 0 0 0 0 0 0 0 0 0 0 0 0 0 0 0 0 0 0 0 0 0 0 0 0 0 0 0 0 0 0 
0 0 0 0 0 0 0 0 0 0 0 0 0 0 0 0 0 0 0 0 0 0 0 0 0 0 0 0 0 0 0 0 0 0 0 0 0 0 0 0 0 0 0 0 0 0 0 0 0 0 0 0 0 0 0 0 0 0 0 0 0 0 0 0 0 0 0 0 0 0 0 0 0 0 0 0 0 0 0 0 0 0 0 0 0 0 0 0 0 
0 0 0 0 0 0 0 0 0 0 0 0 0 0 0 0 0 0 0 0 0 0 0 0 0 0 0 0 0 0 0 0 0 0 0 0 0 0 0 0 0 0 0 0 0 0 0 0 0 0 0 0 0 0 0 0 0 0 0 0 0 0 0 0 0 0 0 0 0 0 0 0 0 0 0 0 0 0 0 0 0 0 0 0 0 0 0 0 0 
0 0 0 0 0 0 0 0 0 0 0 0 0 0 1 0 0 0 0 0 0 0 0 0 0 0 0 0 0 0 0 0 0 0 0 0 0 0 0 0 0 0 0 0 0 0 0 0 0 0 0 0 0 0 0 0 0 0 0 0 0 0 0 0 0 0 0 0 0 0 0 0 0 0 0 0 0 0 0 0 0 0 0 0 0 0 0 0 0 
0 0 0 0 0 0 0 0 0 0 0 0 0 0 0 0 0 0 0 0 0 0 0 0 0 0 0 0 0 0 0 0 0 0 0 0 0 0 0 0 0 0 0 0 0 0 0 0 0 0 0 0 0 0 0 0 0 0 0 0 0 0 0 0 0 0 0 0 0 0 0 0 0 0 0 0 0 0 0 0 0 0 0 0 0 0 0 0 0 
0 0 0 0 0 0 0 0 0 0 0 0 0 0 0 0 0 0 0 0 0 0 0 0 0 0 0 0 0 0 0 0 0 0 0 0 0 0 0 0 0 0 0 0 0 0 0 0 0 0 0 0 0 0 0 0 0 0 0 0 0 0 0 0 0 0 0 0 0 0 0 0 0 0 0 0 0 0 0 0 0 0 0 0 0 0 0 0 0 
0 0 0 0 0 1 0 0 0 0 0 0 0 0 0 0 0 0 0 0 0 0 0 0 0 0 0 0 0 0 0 0 0 0 0 0 0 0 0 0 0 0 0 0 0 0 0 0 0 0 0 0 0 0 0 0 0 0 0 0 0 0 0 0 0 0 0 0 0 0 0 0 0 0 0 0 0 0 0 0 0 0 0 0 0 0 0 0 0 
0 0 0 0 0 0 0 0 0 0 0 0 0 0 0 0 0 0 0 0 0 0 0 0 0 0 0 0 0 0 0 0 0 0 0 0 0 0 0 0 0 0 0 0 0 0 0 0 0 0 0 0 0 0 0 0 0 0 0 0 0 0 0 0 0 0 0 0 0 0 0 0 0 0 0 0 0 0 0 0 0 0 0 0 0 0 0 0 0 
0 0 0 0 0 0 0 0 0 0 0 0 0 0 0 0 0 0 0 0 0 0 0 0 0 0 0 0 0 0 0 0 0 0 0 0 0 0 0 0 0 0 0 0 0 0 0 0 0 0 0 0 0 0 0 0 0 0 0 0 0 0 0 0 0 0 0 0 0 0 0 0 0 0 0 0 0 0 0 0 0 0 0 0 0 0 0 0 0 
0 0 0 0 0 0 0 0 0 0 0 0 0 0 0 0 0 0 0 0 0 0 0 0 0 0 0 0 0 0 0 0 0 0 0 0 0 0 0 0 0 0 0 0 0 0 0 0 0 0 0 0 0 0 0 0 0 0 0 0 0 0 0 0 0 0 0 0 0 0 0 0 0 0 0 0 0 0 0 0 0 0 0 0 0 0 0 0 0 
0 0 0 0 0 0 0 0 0 0 0 0 0 0 0 0 0 0 0 0 0 0 0 0 0 0 0 0 0 0 0 0 0 0 0 0 0 0 0 0 0 0 0 0 0 0 0 0 0 0 0 0 0 0 0 0 0 0 0 0 0 0 0 0 0 0 0 0 0 0 0 0 0 0 0 0 0 0 0 0 0 0 0 0 0 0 0 0 0 
0 0 0 0 0 0 0 0 0 0 0 0 0 0 0 0 0 0 0 0 1 0 0 0 0 0 0 0 0 0 0 0 0 0 0 0 0 0 0 0 0 0 0 0 0 0 0 0 0 0 0 0 0 0 0 0 0 0 0 0 0 0 0 0 0 0 0 0 0 0 0 0 0 0 0 0 0 0 0 0 0 0 0 0 0 0 0 0 0 
0 0 0 0 0 0 0 0 0 0 0 0 0 0 0 0 0 0 0 0 0 0 0 0 0 0 0 0 0 0 0 0 0 0 0 0 0 0 0 0 0 0 0 0 0 0 0 0 0 0 0 0 0 0 0 0 0 0 0 0 0 0 0 0 0 0 0 0 0 0 0 0 0 0 0 0 0 0 0 0 0 0 0 0 0 0 0 0 0 
0 0 0 0 0 0 0 0 0 0 0 0 0 0 0 0 0 0 0 0 0 0 0 0 0 0 0 0 0 0 0 0 0 0 0 0 0 0 0 0 0 0 0 0 0 0 0 0 0 0 0 0 0 0 0 0 0 0 0 0 0 0 0 0 0 0 0 0 0 0 0 0 0 0 0 0 0 0 0 0 0 0 0 0 0 0 0 0 0 
0 1 0 0 0 0 0 0 0 0 0 0 0 0 0 0 0 0 0 0 0 0 0 0 0 0 0 0 0 0 0 0 0 0 0 0 0 0 0 0 0 0 0 0 0 0 0 0 0 0 0 0 0 0 0 0 0 0 0 0 0 0 0 0 0 0 0 0 0 0 0 0 0 0 0 0 0 0 0 0 0 0 0 0 0 0 0 0 0 
0 0 0 0 0 0 0 0 0 0 0 0 0 0 0 0 0 0 0 0 0 0 0 0 0 0 0 0 0 0 0 0 0 0 0 0 0 0 0 0 0 0 0 0 0 0 0 0 0 0 0 0 0 0 0 0 0 0 0 0 0 0 0 0 0 0 0 0 0 0 0 0 0 0 0 0 0 0 0 0 0 0 0 0 0 0 0 0 0 
0 0 0 0 0 0 0 0 0 0 0 0 0 0 0 0 0 0 0 0 0 0 0 0 0 0 0 0 0 0 0 0 0 0 0 0 0 0 0 0 0 0 0 0 0 0 0 0 0 0 0 0 0 0 0 0 0 0 0 0 0 0 0 0 0 0 0 0 0 0 0 0 0 0 0 0 0 0 0 0 0 0 0 0 0 0 0 0 0 
0 0 0 0 0 0 0 0 0 0 0 0 0 0 0 0 0 0 0 0 0 0 0 0 0 0 0 0 1 0 0 0 0 0 0 0 0 0 0 0 0 0 0 0 0 0 0 0 0 0 0 0 0 0 0 0 0 0 0 0 0 0 0 0 0 0 0 0 0 0 0 0 0 0 0 0 0 0 0 0 0 0 0 0 0 0 0 0 0 
0 0 0 0 0 0 0 0 0 0 0 0 0 0 0 0 0 0 0 0 0 0 0 0 0 0 0 0 0 0 0 0 0 0 0 0 0 0 0 0 0 0 0 0 0 0 0 0 0 0 0 0 0 0 0 0 0 0 0 0 0 0 0 0 0 0 0 0 0 0 0 0 0 0 0 0 0 0 0 0 0 0 0 0 0 0 0 0 0 
0 0 0 0 0 0 0 0 0 0 0 0 0 0 0 0 0 0 0 0 0 0 0 0 0 0 0 0 0 0 0 0 0 0 0 0 0 0 0 0 0 0 0 0 0 0 0 0 0 0 0 0 0 0 0 0 0 0 0 0 0 0 0 0 0 0 0 0 0 0 0 0 0 0 0 0 0 0 0 0 0 0 0 0 0 0 0 0 0 
0 0 0 0 0 0 0 0 0 0 0 0 0 0 0 0 0 0 0 0 0 0 0 0 0 0 0 0 0 0 0 0 0 0 0 0 0 0 0 0 0 0 0 0 0 0 0 0 0 0 0 0 0 0 0 0 0 0 0 0 0 0 0 0 0 0 0 0 0 0 0 0 0 0 0 0 0 0 0 0 0 0 0 0 0 0 0 0 0 
0 0 0 0 0 0 0 0 0 0 0 0 0 0 0 0 0 0 0 0 0 0 0 0 0 0 0 0 0 0 0 0 0 0 0 0 0 0 0 0 0 0 0 0 0 0 0 0 0 0 0 0 0 0 0 0 0 0 0 0 0 0 0 0 0 0 0 0 0 0 0 0 0 0 0 0 0 0 0 0 0 0 0 0 0 0 0 0 0 
0 0 0 0 0 0 0 0 0 0 0 0 0 0 0 0 0 0 0 0 0 0 0 0 0 0 0 0 0 0 0 0 0 0 0 0 0 0 0 0 0 0 0 0 0 0 0 0 0 0 0 0 0 0 0 0 0 0 0 0 0 0 0 0 0 0 0 0 0 0 0 0 0 0 0 0 0 0 0 0 0 0 0 0 0 0 0 0 0 
0 0 0 0 0 0 0 0 0 0 0 0 0 0 0 0 0 0 0 0 0 0 0 0 0 0 0 0 0 0 0 0 0 0 0 0 0 0 0 0 0 0 0 0 0 0 0 0 0 0 0 0 0 0 0 0 0 0 0 0 0 0 0 0 0 0 0 0 0 0 0 0 0 0 0 0 0 0 0 0 0 0 0 0 0 0 1 0 0 
0 0 0 0 0 0 0 0 0 0 0 0 0 0 0 0 0 0 0 0 0 0 0 0 0 0 0 0 0 0 0 0 0 0 0 0 0 0 0 0 0 0 0 0 0 0 0 0 0 0 0 0 0 0 0 0 0 0 0 0 0 0 0 0 0 0 0 0 0 0 0 0 0 0 0 0 0 0 0 0 0 0 0 0 0 0 0 0 0 
0 0 0 0 0 0 0 0 0 0 0 0 0 0 0 0 0 0 0 0 0 0 0 0 0 0 0 0 0 0 0 0 0 0 0 0 0 0 0 0 0 0 0 0 0 0 0 0 0 0 0 0 0 0 0 0 0 0 0 0 0 0 0 0 0 0 0 0 0 0 0 0 0 0 0 0 0 0 0 0 0 0 0 0 0 0 0 0 0 
0 0 0 0 0 0 0 0 0 0 0 0 0 0 0 0 0 0 0 0 0 0 0 0 0 0 0 0 0 0 0 0 0 0 0 0 0 0 0 0 0 0 0 0 0 0 0 0 0 0 0 0 0 0 0 0 0 0 0 0 0 0 0 0 0 0 0 0 0 0 0 0 0 0 0 0 0 0 0 1 0 0 0 0 0 0 0 0 0 
0 0 0 0 0 0 0 0 0 0 0 0 0 0 0 0 0 0 0 0 0 0 0 0 0 0 0 0 0 0 0 0 0 0 0 0 0 0 0 0 0 0 0 0 0 0 0 0 0 0 0 0 0 0 0 0 0 0 0 0 0 0 0 0 0 0 0 0 0 0 0 0 0 0 0 0 0 0 0 0 0 0 0 0 0 0 0 0 0 
0 0 0 0 0 0 0 0 0 0 0 0 0 0 0 0 0 0 0 0 0 0 0 0 0 0 0 0 0 0 0 0 0 0 0 0 0 0 0 0 0 0 0 0 0 0 0 0 0 0 0 0 0 0 0 0 0 0 0 0 0 0 0 0 0 0 0 0 0 0 0 0 0 0 0 0 0 0 0 0 0 0 0 0 0 0 0 0 0 
0 0 0 0 0 0 0 0 0 0 0 0 0 0 0 0 0 0 0 0 0 0 0 0 0 0 0 0 0 0 0 0 0 0 0 0 0 0 0 0 0 0 0 0 0 0 0 0 0 0 0 0 0 0 0 0 0 0 0 0 0 0 0 0 0 0 0 0 0 0 0 0 0 0 0 0 0 0 0 0 0 0 0 0 0 0 0 0 0 
0 0 0 0 0 0 0 0 0 0 0 0 0 0 0 0 0 0 0 0 0 0 0 0 0 0 0 0 0 0 0 0 0 0 0 0 0 0 0 0 0 0 0 0 0 0 0 0 0 0 0 0 0 0 0 0 0 0 0 0 0 0 0 0 0 0 0 0 0 0 0 0 0 0 0 0 0 0 0 0 0 0 0 0 0 0 0 0 0 
0 0 0 0 0 0 0 0 0 0 0 0 0 0 0 0 0 0 0 0 0 0 0 0 0 0 0 0 0 0 0 0 0 0 0 0 0 0 0 0 0 0 0 0 0 0 0 0 0 0 0 0 0 0 0 0 0 0 0 0 0 0 0 0 0 0 0 0 0 0 0 0 0 0 0 0 0 0 0 0 0 0 0 0 0 0 0 0 0 
0 0 0 0 0 0 0 0 0 0 0 0 0 0 0 0 0 0 0 0 0 0 0 0 0 0 0 0 0 0 0 0 0 0 0 0 0 0 0 0 0 0 0 0 0 0 0 0 0 0 0 0 0 0 0 0 0 0 0 0 0 0 0 0 0 0 0 0 0 0 0 0 0 0 0 0 0 0 0 0 0 0 0 0 0 0 0 0 0 
0 0 0 0 0 0 0 0 0 0 0 0 0 0 0 0 0 0 0 0 0 0 0 0 0 0 0 0 0 0 0 0 0 0 0 0 0 0 0 0 0 0 0 0 0 0 0 0 0 0 0 0 0 0 0 0 0 0 0 0 0 0 0 0 0 0 0 0 0 0 0 0 0 0 0 0 0 0 0 0 0 0 0 0 0 0 1 0 0 
0 0 0 0 0 0 0 0 0 0 0 0 0 0 0 0 0 0 0 0 0 0 0 0 0 0 0 0 0 0 0 0 0 0 0 0 0 0 0 0 0 0 0 0 0 0 0 0 0 0 0 0 0 0 0 0 0 0 0 0 0 0 0 0 0 0 0 0 0 0 0 0 0 0 0 0 0 0 0 0 0 0 0 0 0 0 0 0 0 
0 0 0 0 0 0 0 0 0 0 1 0 0 0 0 0 0 0 0 0 0 0 0 0 0 0 0 0 0 0 0 0 0 0 0 0 0 0 0 0 0 0 0 0 0 0 0 0 0 0 0 0 0 0 0 0 0 0 0 0 0 0 0 0 0 0 0 0 0 0 0 0 0 0 0 0 0 0 0 0 0 0 0 0 0 0 0 0 0 
0 0 0 0 0 0 0 0 0 0 0 0 0 0 0 0 0 0 0 0 0 0 0 0 0 0 0 0 0 0 0 0 0 0 0 0 0 0 0 0 0 0 0 0 0 0 0 0 0 0 0 0 0 0 0 0 0 0 0 0 0 0 0 0 0 0 0 0 0 0 0 0 0 0 0 0 0 0 0 0 0 0 0 0 0 0 0 0 0 
0 0 0 0 0 0 0 0 0 0 0 0 0 0 0 0 0 0 0 0 0 0 0 0 0 0 0 0 0 0 0 0 0 0 0 0 0 0 0 0 0 0 0 0 0 0 0 0 0 0 0 0 0 0 0 0 0 0 0 0 0 0 0 0 0 0 0 0 0 0 0 0 0 0 0 0 0 0 0 0 0 0 0 0 0 0 0 0 0 
0 0 0 0 0 0 0 0 0 0 0 0 0 0 0 0 0 0 0 0 0 0 0 0 0 0 0 0 0 0 0 0 0 0 0 0 0 0 0 0 0 0 0 0 0 0 0 0 0 0 0 0 0 0 0 0 0 0 0 0 0 0 0 0 0 0 0 0 0 0 0 0 0 0 0 0 0 0 0 0 0 0 0 0 0 0 0 0 0 
0 0 0 0 0 0 0 0 0 0 0 0 0 0 0 0 0 0 0 0 0 0 0 0 0 0 0 0 0 0 0 0 0 0 0 0 0 0 0 0 0 0 0 0 0 0 0 0 0 0 0 0 0 0 0 0 0 0 0 0 0 0 0 0 0 0 0 0 0 0 0 0 0 0 0 0 0 0 0 0 0 0 0 0 0 0 0 0 0 
0 0 0 0 0 0 0 0 0 0 0 0 0 0 0 0 0 0 0 0 0 0 0 0 0 0 0 0 0 0 0 0 0 0 0 0 0 0 0 0 0 0 0 0 0 0 0 0 0 0 0 0 0 0 0 0 0 0 0 0 0 0 0 0 0 0 0 0 0 0 0 0 0 0 0 0 0 0 0 0 0 0 0 0 0 0 0 0 0 
0 0 0 0 0 0 0 0 0 0 0 0 0 0 0 0 0 0 0 0 0 0 0 0 0 0 0 0 0 0 0 0 0 0 0 0 0 0 0 0 0 0 0 0 0 0 0 0 0 0 0 0 0 0 0 0 0 0 0 0 0 0 0 0 0 0 0 0 0 0 0 0 0 0 0 0 0 0 0 0 0 0 0 0 0 0 0 0 0 
0 0 0 0 0 0 0 0 0 0 0 0 0 0 0 0 0 0 0 0 0 0 0 0 0 0 0 0 0 0 0 0 0 0 0 0 0 0 0 0 0 0 0 0 0 0 0 0 0 0 0 0 0 0 0 0 0 0 0 0 0 0 0 0 0 0 0 0 0 0 0 0 0 0 0 0 0 0 0 0 0 0 0 0 0 0 0 0 0 
0 0 0 0 0 0 0 0 0 0 0 0 0 0 0 0 0 0 0 0 0 0 0 0 0 0 0 0 0 0 0 0 0 0 0 0 0 0 0 0 0 0 0 0 0 0 0 0 0 0 0 0 0 0 0 0 0 0 0 0 0 0 0 0 0 0 0 0 0 0 0 0 0 0 0 0 0 0 0 0 0 0 0 0 0 0 0 0 0 
0 0 0 0 0 0 0 0 0 0 0 0 0 0 0 0 0 0 0 0 0 0 0 0 0 0 0 0 0 0 0 0 0 0 0 0 0 0 0 0 0 0 0 0 0 0 0 0 0 0 0 0 0 0 0 0 0 0 0 0 0 0 0 0 0 0 0 0 0 0 0 0 0 0 0 0 0 0 0 0 0 0 0 0 0 0 0 0 0 
0 0 0 0 0 0 0 0 0 0 0 0 0 0 0 0 0 0 0 0 0 0 0 0 0 0 0 0 0 0 0 0 0 0 0 0 0 0 0 0 0 0 0 0 0 0 0 0 0 0 0 0 0 0 0 0 0 0 0 0 1 0 0 0 0 0 0 0 0 0 0 0 0 0 0 0 0 0 0 0 0 0 0 0 0 0 0 0 0 
0 0 0 0 0 0 0 0 0 0 0 0 0 0 0 0 0 0 0 0 0 0 0 0 0 0 0 0 0 0 0 0 0 0 0 0 0 0 0 0 0 0 0 0 0 0 0 0 0 0 0 0 0 0 0 0 0 0 0 0 0 0 0 0 0 0 0 0 0 0 0 0 0 0 0 0 0 0 0 0 0 0 0 0 0 0 0 0 0 
0 0 0 0 0 0 0 0 0 0 0 0 0 0 0 0 0 0 0 0 0 0 0 0 0 0 0 0 0 0 0 0 0 0 0 0 0 0 0 0 0 0 0 0 0 0 0 0 0 0 0 0 0 0 0 0 0 0 0 0 0 0 0 0 0 0 0 0 0 0 0 0 0 0 0 0 0 0 0 0 0 0 0 0 0 0 0 0 0 
0 0 0 0 0 0 0 0 0 0 0 0 0 0 0 0 0 0 0 0 0 0 0 0 0 0 0 0 0 0 0 0 0 0 0 0 0 0 0 0 0 0 0 0 0 0 0 0 0 0 0 0 0 0 0 0 0 0 0 0 0 0 0 0 0 0 0 0 0 0 0 0 0 0 0 0 0 0 0 0 0 0 0 0 0 0 0 0 0 
0 0 0 0 0 0 0 0 0 0 0 0 0 0 0 0 0 0 0 0 0 0 0 0 0 0 0 0 0 0 0 0 0 0 0 0 0 0 0 0 0 0 0 0 0 0 0 0 0 0 0 0 0 0 0 0 0 0 0 0 0 0 0 0 0 0 0 0 0 0 0 0 0 0 0 0 0 0 0 0 0 0 0 0 0 0 0 0 0 
0 0 0 0 0 0 0 0 0 0 0 0 0 0 0 0 0 0 0 0 0 0 0 0 0 0 0 0 0 0 0 0 0 0 0 0 0 0 0 0 0 0 0 0 0 0 0 0 0 0 0 0 0 0 0 0 0 0 0 0 0 0 0 0 0 0 0 0 0 0 0 0 0 0 0 0 0 0 0 0 0 0 0 0 0 0 0 0 0 
0 0 0 0 0 0 0 0 0 0 0 0 0 0 0 0 0 0 0 0 0 0 0 0 0 0 0 0 0 0 0 0 0 0 0 0 0 0 0 0 0 0 0 0 0 0 0 0 0 0 0 0 0 0 0 0 0 0 0 0 0 0 0 0 0 0 0 0 0 0 0 0 0 0 0 0 0 0 0 0 0 0 0 0 0 0 0 0 0 
0 0 0 0 0 0 0 0 0 0 0 0 0 0 0 0 0 0 0 0 0 0 0 0 0 0 0 0 0 0 0 0 0 0 0 0 0 0 0 0 0 0 0 0 0 0 0 0 0 0 0 0 0 0 0 0 0 1 0 0 0 0 0 0 0 0 0 1 0 0 0 0 0 0 0 0 0 0 0 0 0 0 0 0 0 0 0 0 0 
0 0 0 0 0 0 0 0 0 0 0 0 0 0 0 0 0 0 0 0 0 0 0 0 0 0 0 0 0 0 0 0 0 0 0 0 0 0 0 0 0 0 0 0 0 0 0 0 0 0 0 0 0 0 0 0 0 0 0 0 0 0 0 0 0 0 0 0 0 0 0 0 0 0 0 0 0 0 0 0 0 0 0 0 0 0 0 0 0 
0 0 0 0 0 0 0 0 0 0 0 0 0 0 0 0 0 0 0 0 0 0 0 0 0 0 0 0 0 0 0 0 0 0 0 0 0 0 0 0 0 0 0 0 0 0 0 0 0 0 0 0 0 0 0 0 0 0 0 0 0 0 0 0 0 0 0 0 0 0 0 0 0 0 0 0 0 0 0 0 0 0 0 0 0 0 0 0 0 
