189
152.665749 1
252.803222 1
108.413244 1
32.137129 1
151.046754 1
284.623203 1
208.156700 1
2.011080 149
83.894438 3
48.587517 1
5.685293 52
6.548624 45
19.892182 15
33.070969 9
219.455475 1
13.700381 1
12.646043 1
23.238654 12
63.090878 1
17.735923 16
10.357058 28
119.355925 1
242.412649 1
117.964585 1
258.640334 1
95.689824 3
93.878277 1
69.153514 4
9.380195 1
88.283065 1
249.289009 1
39.044389 1
137.693935 1
289.333515 1
15.440409 1
28.420917 1
209.675614 1
102.735396 1
179.028701 1
293.708203 1
279.348496 1
231.490512 1
96.595701 3
20.780338 14
266.546819 1
157.598218 1
285.902220 1
53.219714 1
49.611322 1
264.989595 1
271.272232 1
140.799395 1
125.353407 1
141.711517 1
228.585699 1
205.616749 1
296.636359 1
563.756240 1
118.704166 1
216.829336 1
281.860127 1
262.907812 1
78.397481 1
58.384497 1
180.742056 1
55.574903 5
29.304436 10
64.178860 1
268.320721 1
49.346616 6
130.081379 1
79.580230 3
214.430255 1
2.395088 125
150.593639 1
294.976039 1
17.465001 17
72.947886 4
77.597143 3
40.860897 7
247.250565 1
269.829796 1
199.194451 1
237.803487 1
89.528450 3
148.154598 1
78.116900 3
175.819704 1
263.534834 1
115.016662 1
207.663848 1
98.471678 1
24.111197 1
238.782841 1
62.215893 1
158.787643 1
147.970203 1
181.202324 1
292.938129 1
106.881733 1
52.481322 1
94.656429 3
198.036220 1
191.501178 1
139.734808 1
25.939987 11
32.767463 9
52.367700 5
93.962071 3
81.582021 1
81.313317 3
197.895330 1
20.918069 1
174.257044 1
47.509725 1
29.674327 1
121.387132 1
79.493001 1
277.530863 1
116.988428 1
7.200663 1
190.324592 1
34.009506 1
287.022897 1
67.187549 1
248.336225 1
168.075188 1
103.352010 1
227.903688 1
8.607295 1
217.531638 1
298.676087 1
173.016861 1
5.298431 1
203.575833 1
138.638404 1
161.096965 1
251.231754 1
72.532762 1
282.404570 1
63.632027 4
42.762822 1
15.165078 19
127.139054 1
223.388951 1
18.027413 16
73.357918 4
26.368644 1
38.686210 7
278.886189 1
19.238683 15
40.389086 1
212.106198 1
267.028977 1
79.361423 3
120.507886 1
257.671182 1
51.287472 1
290.024731 1
44.555016 6
43.272491 1
244.037963 1
275.973750 1
71.501041 4
92.166903 3
70.433493 1
43.146791 6
126.921011 1
165.348599 1
70.923156 4
154.735344 1
83.426804 1
105.219524 1
84.011416 1
75.938068 3
21.583102 13
254.751193 1
163.538408 1
182.960694 1
76.314727 1
80.780752 3
133.830482 1
162.858346 1
92.147099 1
51.250896 5
25.727994 11
233.202939 1
17.481630 1
283.887916 1
