207
9.782033 1
96.970573 1
27.392311 7
28.980671 6
54.312055 1
27.181019 1
111.183694 1
13.783535 14
47.894012 1
40.415543 4
115.314485 1
73.505308 1
134.377971 1
154.016834 1
24.104314 1
12.549121 15
82.929038 2
28.625563 6
42.669943 1
7.279396 1
53.368307 3
29.067289 6
66.790118 2
59.286671 1
131.615414 1
107.901085 1
72.220886 1
199.716834 1
122.070038 1
49.481960 4
17.765646 11
13.968903 14
80.663450 1
78.456643 1
19.812706 10
43.627041 4
8.070172 1
166.931350 1
76.435696 2
12.013310 1
87.316042 2
4.811650 41
165.893964 1
22.204085 9
8.211190 24
55.049172 3
9.623213 20
101.362956 1
105.723609 1
35.533046 1
54.023361 3
78.982857 2
114.888857 1
53.230832 3
141.947196 1
45.519333 4
148.710944 1
89.636353 2
72.369077 2
11.452096 1
195.047925 1
35.098434 5
180.346846 1
8.545432 23
70.599255 1
29.104563 6
157.989672 1
135.616524 1
62.483307 3
25.769462 7
18.526293 10
178.538848 1
76.678934 1
65.610892 3
24.669538 8
54.340271 3
92.328743 1
85.080081 1
151.426886 1
39.726115 1
55.376764 1
164.328963 1
16.223954 1
87.739782 2
144.237951 1
168.387485 1
91.256032 1
1.672387 70
38.479117 1
149.952047 1
42.063711 4
100.112253 1
85.665421 2
22.258763 8
45.039930 1
61.550377 1
65.192371 1
17.329166 1
51.939883 1
128.980101 1
174.330796 1
120.089430 1
46.082059 4
73.853805 2
56.568616 3
89.165912 1
113.141487 1
34.385845 5
189.289252 1
43.356154 1
78.837399 2
21.603834 9
74.733857 2
70.223367 2
96.294112 2
61.412603 3
15.238074 13
11.572912 17
59.970672 3
49.431116 1
40.720431 4
167.070014 1
58.507037 3
4.262716 46
139.523397 1
29.047934 1
57.654053 1
47.682521 4
153.733062 1
94.465847 2
169.143445 1
183.669824 1
99.397209 2
71.225845 1
185.863962 1
88.934395 1
88.522167 2
3.873648 51
21.530844 1
142.212082 1
159.094582 1
40.860577 4
4.536875 44
130.469184 1
188.580753 1
44.877402 4
18.538055 1
30.434344 1
127.234889 1
42.994532 4
176.964972 1
23.596044 8
79.457139 1
132.970437 1
85.391529 2
67.516415 2
161.507318 1
77.209481 2
85.138010 2
54.109116 3
156.573194 1
103.872252 1
196.074413 1
53.498293 3
5.367412 1
136.009391 1
163.420241 1
48.888563 4
97.876265 1
79.084508 2
119.898861 1
38.662491 5
197.378821 1
18.323403 10
64.316678 3
190.710956 1
62.812004 3
25.213673 7
70.657618 2
94.328242 2
91.045620 2
171.653661 1
24.442572 8
146.948918 1
95.545485 1
15.538894 1
155.060805 1
52.510210 3
86.388884 2
99.777541 2
186.084010 1
158.290154 1
2.404236 1
182.768071 1
46.260020 1
330.116715 1
30.635605 6
2.049257 97
184.064537 1
48.044064 1
93.170711 2
72.625779 2
177.170207 1
74.543414 1
44.966635 1
124.896598 1
1.216713 1
