2762
306.127771 1
34.609402 28
895.536032 1
55.346053 18
23.917539 41
24.241001 41
35.410428 28
91.722248 10
32.580546 30
24.939207 40
64.658910 15
66.616041 15
17.218036 58
11.563945 86
23.706929 42
22.999397 43
15.872580 63
3.752378 266
80.618712 12
11.113677 89
43.415211 23
56.960334 17
93.863139 10
99.164152 10
19.742501 50
71.586271 13
34.092243 29
47.263678 21
36.539753 27
84.323762 11
54.165535 18
29.827747 33
42.755129 23
44.019852 22
32.270756 30
63.847258 15
29.583639 33
994.813286 1
73.793835 13
4.300066 232
20.374965 49
51.785234 19
17.851802 56
84.013730 11
26.682997 37
99.333286 10
78.078214 12
53.195570 18
21.460910 46
73.657336 13
20.596511 48
22.257575 44
32.550434 30
42.110284 23
56.785418 17
27.319270 36
99.258579 10
53.155324 18
17.905975 55
51.563910 19
45.246583 22
53.792168 18
12.566953 79
4.449236 224
32.630694 30
415.520103 1
87.656976 11
34.615955 28
433.709505 1
89.188961 11
41.092045 24
82.821664 12
95.747148 10
852.105274 1
37.940161 26
44.828311 22
50.104322 19
85.895872 11
64.248507 15
46.770977 21
30.992955 32
86.848733 11
27.050475 36
834.574477 1
92.225599 10
61.184164 16
215.207084 1
20.176018 49
96.744820 10
81.242392 12
16.337923 61
71.840299 13
93.334883 10
29.861226 33
37.793666 26
7.060889 141
13.132835 76
46.376854 21
146.200801 1
92.004757 10
431.555886 1
79.996321 12
88.297308 11
29.416966 33
57.415629 17
1.845424 541
58.971680 16
726.097743 1
37.626381 26
8.217163 121
13.685064 73
22.262964 44
79.045716 12
67.433788 14
58.579252 17
16.570634 60
16.361201 61
92.225548 10
49.625738 20
147.743237 1
124.693254 1
40.118537 24
70.634343 14
45.320020 22
53.057829 18
16.208460 61
45.836973 21
71.591427 13
44.256536 22
79.020031 12
5.220820 191
11.799645 84
26.370863 37
301.754395 1
5.309582 188
56.970919 17
85.070968 11
60.465254 16
35.207822 28
34.636892 28
630.907791 1
837.120046 1
17.028555 58
64.002336 15
38.224411 26
22.086444 45
378.097309 1
98.189128 10
82.617640 12
28.933700 34
88.689892 11
68.111197 14
8.985614 111
58.349105 17
68.429373 14
521.117624 1
90.131076 11
15.965908 62
10.956408 91
15.821556 63
25.375591 39
877.960320 1
53.898026 18
95.727926 10
27.471726 36
21.851674 45
26.426673 37
40.299004 24
86.885062 11
930.612552 1
99.871326 10
55.388062 18
80.320708 12
52.939875 18
26.471607 37
706.009229 1
794.000138 1
62.462076 16
90.803215 11
93.891756 10
37.353874 26
78.351826 12
75.083862 13
42.816134 23
58.031042 17
814.183463 1
12.883958 77
666.392061 1
56.143724 17
47.680209 20
53.218549 18
87.657513 11
32.676461 30
67.263047 14
60.840136 16
26.003462 38
6.429143 155
40.353355 24
13.267656 1
26.238269 38
73.517292 13
94.477140 10
20.905016 47
641.344567 1
335.546930 1
603.414042 1
142.812908 1
5.589893 178
3.652393 273
64.374376 15
64.864330 15
56.189433 17
771.482942 1
478.172694 1
38.706194 25
799.073902 1
11.390618 87
62.743966 15
2.547701 392
92.933310 10
172.198517 1
69.083267 14
62.410628 16
34.677160 28
9.173006 109
69.750644 14
72.224348 13
946.320005 1
66.368587 15
88.363198 11
94.220573 10
64.659957 15
30.133148 33
26.325900 37
388.304157 1
35.624192 28
86.415020 11
68.444866 14
66.045331 15
472.845736 1
32.920113 30
24.668192 40
78.022577 12
3.512310 284
92.955236 10
14.020259 71
17.571854 56
56.979152 17
43.817897 22
68.102788 14
29.316652 34
44.848952 22
742.225774 1
47.485109 1
4.899919 204
293.582692 1
18.469910 54
71.180542 14
85.772905 11
29.752467 33
41.215025 24
50.917600 19
49.871776 20
22.736811 43
74.546774 13
38.821701 25
17.716174 56
67.189941 14
46.525197 21
57.148483 17
176.586790 1
19.601969 51
94.863065 10
52.451025 19
61.331830 16
511.865903 1
87.734477 11
10.869281 92
97.181815 10
43.297314 23
91.355626 10
89.129320 1
153.583988 1
53.241114 18
332.915154 1
580.016679 1
94.546873 10
14.278128 70
94.263710 10
31.464948 31
95.103180 10
82.117530 12
36.380474 27
21.762352 45
48.485451 20
83.619443 11
86.407424 11
55.628668 17
55.064849 18
96.090910 10
43.801661 22
26.489090 37
71.630056 13
6.755242 148
698.524322 1
18.157857 55
5.755699 173
87.334261 1
72.253157 13
91.578317 10
60.444766 16
82.433313 12
5.164994 193
25.956339 38
41.433867 24
485.288327 1
16.596550 60
66.642761 15
22.679762 44
679.902876 1
32.002814 31
96.606892 10
99.017705 10
32.404238 30
991.496038 1
753.231310 1
67.712652 14
37.727367 26
93.092451 10
62.929032 15
25.471682 39
67.006515 14
59.812283 16
7.771861 128
66.677102 14
41.680338 23
94.161641 10
307.580332 1
66.578656 15
90.024127 11
810.571310 1
93.801824 10
49.925936 20
38.395371 26
56.812815 17
15.394669 64
65.031050 15
93.825877 10
41.105973 24
367.301114 1
8.837465 113
44.215789 22
6.823845 146
64.302093 15
15.235675 65
50.032427 19
72.379585 13
47.227921 21
47.832870 20
41.167332 24
74.628723 13
93.931184 10
17.938148 55
14.378674 69
98.482891 10
67.220603 14
141.210214 1
59.665736 16
570.102003 1
31.938983 31
79.128697 12
7.595735 131
27.139960 36
78.213369 12
11.142262 89
43.217730 23
208.839129 1
95.759793 10
23.496214 42
63.280232 15
33.708348 29
71.636248 13
189.038948 1
12.623187 1
55.065408 18
83.594459 11
65.052210 15
299.123382 1
245.615541 1
92.201784 10
53.116986 18
26.550833 37
53.378343 18
4.597236 217
78.256554 12
723.976942 1
17.426737 57
97.722912 10
25.413626 39
74.585900 13
7.818895 127
195.103388 1
27.955078 35
84.125701 11
28.557947 35
87.111549 11
356.685963 1
35.597020 28
84.418419 11
289.287963 1
43.418442 23
54.940447 18
38.309153 26
52.389813 19
166.813173 1
15.108399 66
75.920262 13
24.861587 40
827.771528 1
729.879736 1
56.027083 17
16.944414 59
68.439313 14
11.663433 85
618.305001 1
44.977675 22
34.814858 28
764.479329 1
79.262368 12
19.711432 50
41.404318 24
61.539875 16
38.081452 26
59.501913 16
83.733343 11
89.264552 11
231.466081 1
15.643384 63
75.492043 13
50.387815 1
57.610561 17
279.193785 1
41.800561 23
91.890539 10
1.065937 938
42.086358 23
58.605018 1
34.123175 29
84.989312 11
15.450766 64
59.642201 16
2.486305 402
59.190669 16
42.424771 23
5.689728 175
29.356196 34
9.863232 101
97.299552 10
29.409450 34
75.065803 13
83.647983 11
21.346214 46
86.960873 11
28.673660 34
63.709289 1
99.837407 10
22.580819 44
27.818279 35
15.011133 66
92.140642 10
97.590656 10
62.370696 16
851.190174 1
8.252630 121
69.576850 14
53.115680 18
161.114806 1
70.177216 14
43.811532 22
37.666393 26
23.256332 42
1.543363 647
28.308982 35
285.791824 1
63.040832 15
3.120189 320
36.145929 27
29.179975 34
61.255334 16
197.989480 1
40.509070 24
38.111080 26
53.252876 18
66.670766 14
21.316411 1
29.136487 34
73.697383 13
79.363961 12
14.107991 70
81.340139 12
11.602567 86
4.443549 225
2.008342 497
97.717581 10
35.049278 28
22.445785 44
3.507690 285
18.167274 55
75.193568 13
51.073258 19
74.195851 13
60.329481 16
96.775194 10
409.183004 1
99.750454 10
61.915649 16
1.775705 563
4.694211 213
16.357654 61
67.699223 14
61.223305 16
917.180581 1
31.387033 31
25.429637 39
114.765430 1
44.884984 22
76.423278 13
16.168716 61
90.174620 11
99.636449 10
43.014433 23
61.511758 16
19.454131 51
46.031277 21
34.787321 28
69.553149 14
148.282167 1
22.524344 44
43.321578 23
20.115914 49
24.782288 40
76.081838 13
92.699515 10
1.269984 787
92.860349 10
82.925641 12
45.828970 21
38.159694 26
55.662850 17
9.116743 109
46.501216 21
89.429407 11
959.422131 1
54.640668 18
25.660239 38
41.352151 24
51.927444 19
66.757911 14
42.155106 23
4.329109 230
20.043165 49
92.822101 10
68.242643 14
20.640300 48
59.764667 16
53.477609 18
36.857584 27
590.402720 1
89.465524 11
498.365158 1
99.840228 10
59.625208 16
60.327860 16
42.861556 23
51.668721 19
91.571240 10
21.859356 45
86.713463 11
78.375815 12
92.200046 1
81.763815 12
64.273590 15
50.258243 19
62.786927 15
1.246435 802
59.031454 16
56.055580 17
37.814926 26
11.156053 89
99.560706 10
30.664677 32
19.507148 51
65.254321 15
23.836774 41
24.005816 41
2.415787 413
73.060538 13
52.610049 19
13.953452 71
21.545577 46
9.243213 108
4.969788 201
897.682096 1
59.663894 16
98.930672 1
704.246959 1
19.879188 50
14.150864 70
70.856793 14
88.783735 11
45.608605 21
12.048449 82
86.404252 11
88.246134 11
87.422945 11
56.681100 17
83.946122 11
68.828866 14
43.455763 23
60.498543 16
79.567832 12
36.489441 27
55.864313 17
49.821573 20
58.846596 16
576.684374 1
20.311704 1
50.810983 19
86.521431 11
8.806185 113
444.617985 1
21.773983 45
283.759071 1
840.539831 1
24.862555 40
32.041780 31
27.117037 36
9.482402 105
28.114059 35
78.803663 12
42.945690 23
19.127345 52
98.388816 10
92.215134 10
2.619920 381
35.874753 27
37.009030 27
87.061790 11
65.990169 15
94.506461 1
179.740269 1
662.690653 1
44.944529 22
49.387885 20
59.652447 16
755.794711 1
63.700252 15
33.231020 30
77.525207 12
96.939016 10
70.871684 1
43.187306 23
5.672386 176
41.297719 24
20.595503 48
59.731073 16
64.911770 15
500.927247 1
817.371435 1
95.541920 10
67.893482 14
92.768323 10
79.694268 12
237.435111 1
724.919351 1
24.185995 41
8.258032 121
18.002092 55
164.639114 1
90.756572 11
66.934486 14
31.884917 31
973.003361 1
32.752380 30
40.130295 24
52.300620 19
56.792854 17
20.964191 47
17.478293 57
86.359563 11
37.464057 26
22.495946 44
11.268553 88
63.250747 15
20.019769 49
79.843726 1
531.288440 1
49.617176 20
697.532561 1
35.994508 27
23.352157 42
857.419993 1
5.687938 175
5.368412 186
5.538196 180
218.978295 1
92.823751 10
47.062617 21
10.357427 96
80.270762 12
16.028009 62
481.170405 1
96.718977 10
72.883944 13
95.644524 10
83.474899 11
25.437050 39
78.783920 12
14.722600 67
67.645192 14
55.086333 18
83.901035 11
12.448490 80
71.098784 14
85.554556 11
29.462462 33
93.042100 10
16.009866 62
45.100350 22
63.648045 15
66.633274 15
89.830802 11
24.202426 41
16.207822 61
66.915304 14
11.542147 86
68.590476 14
27.935089 35
9.745783 102
41.500496 24
5.464642 182
65.523356 15
18.091867 55
49.667049 20
4.893652 204
29.740888 33
89.936907 11
34.366820 29
8.059463 124
996.401817 1
17.212874 58
10.954221 91
20.643382 48
645.211971 1
64.373501 15
6.419672 155
47.782212 20
78.289653 12
37.792378 26
27.853869 35
98.068400 10
549.712929 1
63.731577 15
75.351142 13
43.713354 22
75.500983 13
56.373075 17
17.624772 56
134.504974 1
9.412166 106
27.323354 36
33.834721 29
44.107517 22
77.674615 12
44.115837 22
15.730310 63
30.439689 32
6.331879 157
64.505083 1
11.011173 90
44.571335 22
38.699030 25
47.873343 20
32.551663 30
33.334399 29
19.567190 51
70.719187 14
49.564116 20
82.089502 12
89.185214 11
72.534602 13
81.766516 12
27.030286 36
43.719548 22
38.213364 26
50.736841 19
833.340834 1
61.712566 16
17.061882 58
99.353686 10
24.848526 40
37.276988 26
242.919048 1
33.207750 30
452.377944 1
8.034625 124
19.351826 51
82.034259 12
71.507163 13
32.654765 30
12.293495 81
62.608676 15
41.616354 24
99.726840 10
34.145617 29
77.848965 12
33.954041 29
7.706919 129
98.640306 10
84.795255 11
24.950836 40
69.130071 14
933.115493 1
31.104380 32
978.689602 1
8.578711 116
77.209423 12
6.154317 162
6.235127 160
47.733047 20
694.704214 1
54.931351 18
73.487886 13
63.722344 15
213.603618 1
85.209806 11
23.370692 42
37.357431 26
76.211767 13
12.489100 80
87.128517 11
87.733537 11
50.950731 19
25.131580 39
23.309972 42
60.070719 16
522.017273 1
88.382427 11
38.366885 26
35.328714 28
19.035330 52
43.267247 23
63.871488 15
35.193837 28
484.413473 1
90.637287 11
38.259025 26
30.516784 32
24.589914 40
1.369023 730
63.112490 15
43.111915 23
81.527347 12
13.646456 73
8.377771 119
4.589057 217
977.273993 1
10.350670 96
58.115352 17
79.368557 12
75.020877 13
32.393536 30
91.393601 10
86.044565 11
80.094899 12
88.285266 11
497.288031 1
67.466215 14
178.242108 1
64.826746 15
92.876717 10
51.900501 19
22.635844 44
85.630881 11
92.532411 10
27.309716 36
81.934866 12
5.663706 176
46.582524 21
55.414821 18
79.909384 12
434.569650 1
251.178950 1
74.577475 13
29.675308 33
544.250873 1
626.135279 1
64.392615 15
91.390371 10
20.544059 48
38.555158 25
61.457237 16
87.388169 11
12.606361 79
91.219377 10
31.148822 32
17.669895 56
70.061668 14
72.123664 13
29.250041 34
95.000295 10
96.186889 10
9.115544 109
49.520935 20
745.674822 1
95.078683 10
49.815850 20
10.540642 94
29.963564 33
16.732711 59
47.819693 20
62.628094 15
77.110488 12
3.145098 317
97.340852 10
55.782138 17
48.086866 1
87.346610 11
15.191026 65
33.196598 30
45.970383 21
86.246374 11
71.079734 14
40.702241 24
22.720472 44
738.055870 1
24.308281 41
92.200938 10
58.957215 16
59.034172 16
47.742076 20
12.952228 77
574.663283 1
27.976786 35
28.710749 34
18.004250 55
73.299904 13
28.712836 34
428.959770 1
66.735873 14
72.126082 13
965.197461 1
86.165659 11
777.957494 1
538.737633 1
90.729746 11
56.391961 17
88.774893 11
958.264504 1
217.495650 1
19.731013 50
68.578433 14
71.231588 14
980.971496 1
25.789881 38
16.171983 61
78.276549 12
6.592588 151
77.950890 12
51.503201 19
45.396179 22
80.320005 12
617.293922 1
84.755057 11
889.201999 1
70.805894 14
82.611449 12
80.952747 12
36.337994 27
25.757956 38
91.853118 10
13.823407 72
23.477318 42
665.392891 1
79.155526 12
1.982572 504
36.423777 27
407.544313 1
277.523075 1
90.413028 11
24.530140 40
23.447701 42
14.218169 70
405.306314 1
3.303453 302
67.856758 14
58.601781 17
744.758809 1
98.555674 10
11.919213 83
96.473788 10
74.414886 13
10.160949 98
32.565484 30
65.787955 15
6.775265 147
49.841550 20
26.531200 37
46.892157 21
81.952871 12
67.737577 14
87.296612 11
82.064179 12
33.061745 30
20.541746 48
951.569591 1
41.391803 24
34.841990 28
88.851195 11
51.348667 19
128.994253 1
29.309829 34
21.783338 45
734.770877 1
70.387585 14
45.406980 22
52.595336 19
97.725356 10
59.026112 16
45.743306 21
42.543828 23
98.061902 10
95.897658 10
69.026285 14
63.566315 15
11.657697 85
85.561633 11
311.645354 1
68.616971 14
2.377977 420
84.958978 11
76.748323 13
48.845339 20
75.325387 13
92.913080 10
693.235291 1
56.234198 17
60.536752 16
36.151445 27
424.219111 1
41.491660 24
47.996088 20
103.063109 1
62.516795 15
64.797360 15
56.278320 17
88.395155 11
29.932155 33
325.748451 1
35.542758 28
65.955917 15
36.545182 27
534.584608 1
15.048665 66
340.780811 1
29.070497 34
59.887301 16
49.057642 20
10.362370 96
609.594167 1
61.096113 16
12.686219 78
77.147372 12
34.515474 28
55.983416 17
860.835811 1
58.239290 17
163.696717 1
73.187219 13
533.773820 1
99.269204 10
429.246516 1
29.485340 33
28.693802 34
945.588354 1
50.267579 19
76.957983 12
71.743302 13
18.138726 55
67.160245 14
72.914068 13
287.942634 1
67.646230 14
3.234938 309
436.974047 1
41.006277 24
65.013896 15
18.381477 54
49.485828 20
79.699181 12
71.618959 13
83.125726 12
891.354693 1
48.830613 20
377.481190 1
94.387555 10
42.824415 23
74.609917 13
337.819094 1
32.442745 30
73.870342 13
74.059320 1
69.812454 14
91.906075 10
37.329719 26
93.334482 10
76.362393 13
38.335227 26
66.816225 14
38.470131 25
3.504479 285
95.501536 10
685.262953 1
63.199230 15
78.095475 12
68.310641 14
59.049878 1
12.900549 77
36.002465 27
43.835167 22
879.015753 1
63.710353 15
18.316830 54
66.187994 15
49.328767 20
83.402731 11
27.793168 35
64.404142 15
99.687491 10
10.277493 97
53.797952 18
346.634870 1
10.576120 94
584.998418 1
70.580334 14
29.234898 34
97.628584 10
31.875773 31
638.521909 1
79.156531 12
92.216230 10
733.912445 1
57.417376 17
33.057050 30
21.729295 46
37.471085 26
6.186962 161
80.066234 12
61.621242 16
9.042439 110
12.598375 79
882.654904 1
69.348063 14
85.838450 11
29.654118 33
8.873753 112
343.889006 1
883.175880 1
408.124069 1
59.155259 16
12.085689 82
7.032021 142
51.889034 19
413.714529 1
41.797220 23
21.470486 46
49.437427 20
17.571404 56
35.658268 28
33.713884 29
963.646824 1
65.158828 15
49.836716 20
32.237479 31
91.907512 10
86.315592 11
99.596099 1
784.941049 1
28.186199 35
14.249254 70
43.326435 23
85.004851 11
823.569507 1
94.467981 10
69.588353 14
35.032335 28
38.323045 26
1.362178 734
79.123153 12
76.892468 13
63.705126 15
92.275824 10
2.163111 462
64.305153 15
8.945080 111
77.599219 12
25.990930 38
74.802229 13
31.159377 32
72.166614 13
169.813554 1
39.498353 25
47.163836 21
91.435948 10
32.399402 30
64.095224 15
39.596769 25
69.710769 14
88.487306 11
49.160672 20
9.075676 110
17.324804 57
88.205986 11
51.635487 19
25.088096 39
55.383315 18
26.380824 37
15.919084 62
63.443043 15
871.799268 1
2.530472 395
27.843475 35
27.261108 36
26.959923 37
49.906154 20
62.182864 16
50.888094 19
57.329635 17
48.767497 20
48.418972 20
47.792270 20
2.480871 60
27.610114 36
600.876237 1
25.730870 38
99.497186 10
46.003770 21
133.967425 1
69.543730 14
10.393105 96
99.471855 10
404.028438 1
77.564870 12
86.796978 11
77.177279 12
85.669410 11
31.172298 32
45.270424 22
773.414039 1
1.983424 504
43.445785 23
48.157725 20
66.934967 14
880.395058 1
76.490040 13
75.855314 13
78.620102 12
211.423501 1
4.488816 222
64.094332 15
76.740932 13
20.818857 48
39.892869 25
905.561713 1
84.375713 11
93.944358 10
45.005755 22
30.982232 32
54.223209 18
1.837807 544
53.385601 18
19.069476 52
98.152736 10
42.803914 23
15.159166 65
199.402853 1
527.585797 1
8.928650 111
57.885882 17
792.259673 1
75.878646 13
83.922821 11
82.059932 12
16.399881 60
2.984692 335
168.788265 1
39.503474 25
59.087557 16
46.409711 21
76.655263 13
68.815024 14
181.965472 1
93.783397 10
947.158115 1
51.081927 19
83.751927 11
24.474779 40
21.169825 47
98.399597 10
87.180210 11
812.446571 1
14.728471 67
99.858841 10
445.639123 1
85.190748 11
62.674151 15
82.807851 12
22.362937 44
26.964575 37
75.828571 13
262.010361 1
22.941643 43
41.435561 24
21.132826 47
84.862033 11
29.791518 33
91.069022 10
54.907002 18
16.952596 58
85.096853 11
874.439906 1
37.055163 26
160.889277 1
62.912470 15
33.917809 29
21.005743 47
467.412021 1
77.781242 12
782.067553 1
72.557232 13
12.911517 77
42.262537 23
57.971331 17
9.954210 100
68.310903 14
58.384570 17
42.811621 23
44.620939 22
1.936830 516
9.967758 100
41.401858 24
19.403561 51
27.803157 35
77.945037 12
647.097045 1
81.832451 1
61.936372 16
43.631988 22
18.536865 53
232.495979 1
19.260297 51
84.527718 11
99.072654 10
28.486180 35
65.889469 15
85.998364 11
787.380411 1
56.746785 17
80.284677 12
981.134574 1
37.013320 27
81.822454 12
88.695197 1
86.232629 11
12.039079 83
684.740423 1
45.824625 21
61.542624 16
700.365975 1
47.115794 21
90.786840 11
30.742979 32
66.002105 15
59.386535 16
11.240390 88
88.655814 11
56.622560 17
961.128810 1
30.118468 33
194.887257 1
38.124851 26
427.615039 1
3.778944 264
32.063027 31
93.911122 10
41.976370 23
27.554804 1
2.373878 421
66.676458 14
824.556742 1
66.276040 15
89.717303 11
970.462705 1
267.805199 1
52.794622 18
77.501104 12
94.138400 10
70.497552 14
633.997706 1
93.405002 10
653.442927 1
81.781163 12
85.347233 11
10.724423 93
48.296672 20
48.942544 20
31.676220 31
22.893033 43
97.950209 1
98.323777 10
78.196445 12
63.069888 15
56.469543 17
81.215616 12
85.518130 11
45.453701 22
173.321848 1
42.444691 23
64.307929 15
63.552526 15
34.472783 29
145.891920 1
5.114333 195
19.099529 52
60.513252 16
23.788664 42
71.922569 13
70.770777 14
20.426199 48
422.996118 1
17.265450 57
73.712812 13
31.834453 1
66.077996 15
14.023165 71
20.840109 47
55.188774 18
44.803363 22
43.125478 23
203.641799 1
248.695261 1
52.694807 18
91.862752 10
4.260877 234
17.981539 55
73.179037 13
3.968623 251
668.181100 1
50.793422 19
348.048636 1
97.829877 10
20.254495 49
567.185722 1
318.219850 1
52.351139 19
952.110995 1
94.799989 10
82.140254 12
35.866937 27
8.709672 114
85.410254 11
31.611684 31
43.072062 23
13.190508 75
774.179150 1
75.940511 13
786.602775 1
39.936823 25
78.286129 12
11.287617 88
36.791086 27
798.712901 1
990.780972 1
10.515678 95
38.123518 26
14.216051 70
84.984139 11
72.988475 13
48.339887 20
13.909663 71
40.928683 24
86.660816 11
4.616762 216
31.157688 32
62.124022 16
15.954275 62
14.442175 69
17.794156 56
91.211795 10
68.851768 14
66.638589 15
61.082855 16
85.564732 11
55.822674 17
18.256989 54
41.064216 24
34.440985 29
347.418919 1
52.411117 1
70.223383 14
29.515474 33
68.665891 14
74.931102 13
20.559396 48
37.759973 26
89.170458 11
43.371807 23
21.842538 45
36.807684 27
72.694842 13
67.361402 14
9.729189 102
33.398249 29
70.772211 14
54.739798 18
34.560730 28
86.372405 11
7.718021 129
688.723918 1
20.745721 48
12.775537 78
14.841598 67
24.564237 40
16.835957 59
86.584112 11
825.042947 1
46.038679 21
98.770882 10
42.385465 23
52.140153 19
62.793305 15
65.071501 15
8.042773 124
51.751573 19
52.609767 19
44.534178 22
90.483619 11
73.058968 13
23.639369 42
55.821849 17
65.294853 15
86.631841 11
1.857844 1
37.388762 26
33.016623 30
58.327800 17
69.906896 14
21.313945 46
21.093572 47
3.417221 292
39.339359 25
29.789871 33
21.297887 46
49.235265 20
37.109293 26
68.098780 14
757.879221 1
954.805564 1
44.888598 1
91.532933 10
25.722927 38
655.257275 1
70.186057 14
47.249377 21
17.212720 58
16.037420 62
72.320514 13
243.504440 1
513.126708 1
30.135766 33
11.365441 87
899.218945 1
34.942923 28
4.654472 214
75.196434 13
51.381986 19
98.913984 10
44.766107 22
21.259798 47
98.866898 10
10.797884 92
28.709828 34
57.531288 17
12.052223 82
44.392412 22
71.322518 14
98.205458 10
50.184612 19
12.533774 79
547.369744 1
546.866607 1
54.355844 18
3.375171 296
686.582767 1
45.080916 22
16.879119 59
84.701865 11
13.214062 75
94.737425 10
38.619997 25
57.972803 17
870.742418 1
7.488458 133
432.130856 1
85.058225 11
29.597752 33
553.977871 1
40.733588 24
14.922944 67
93.094428 10
808.275921 1
351.183731 1
47.327273 21
99.752619 10
838.877589 1
11.498842 86
27.480008 36
91.262953 10
39.904911 25
38.348172 26
36.478466 27
72.087410 13
66.564459 15
51.387692 19
503.489964 1
548.152344 1
63.637519 15
14.193070 70
54.649634 18
88.312361 11
81.063424 12
84.692783 11
13.961334 71
54.482367 1
77.446601 12
82.392254 12
88.590718 11
430.273467 1
21.524475 46
658.878006 1
61.988448 16
68.204829 14
42.606735 23
31.910457 31
46.820078 21
28.107851 35
29.772606 33
73.620143 13
94.668725 10
78.735057 12
174.897612 1
516.859722 1
59.958762 16
416.586945 1
740.298139 1
74.770758 13
6.494099 153
6.229446 160
669.443911 1
785.283669 1
6.516435 153
72.494948 13
77.744831 12
568.037149 1
962.120737 1
91.226390 10
18.559237 53
31.806683 31
31.348617 31
91.772388 10
51.612594 19
26.031638 38
39.857552 25
264.181437 1
5.775825 173
70.135065 14
46.466122 21
859.074398 1
86.352647 11
72.949610 13
37.708509 26
32.527355 30
95.070435 10
847.120248 1
49.855789 20
23.772015 42
339.878642 1
51.456489 19
47.724551 20
38.595138 25
73.675875 13
24.749502 40
54.833824 18
67.982222 14
28.997988 34
6.946990 143
43.634027 22
49.298237 20
677.666723 1
59.140295 16
448.177240 1
493.415048 1
886.320663 1
82.480503 12
29.598796 33
4.115589 242
62.578289 15
21.766703 45
72.543729 13
59.357605 16
15.230437 65
87.739040 11
914.004646 1
13.030309 76
67.107016 14
975.036695 1
18.005647 55
17.083561 58
46.144572 21
12.304654 81
49.433206 20
34.065589 29
33.070724 30
440.696185 1
57.447834 17
71.700997 13
735.088632 1
22.020485 45
47.631976 20
85.585949 11
66.877993 14
291.574677 1
41.410546 24
79.618552 12
49.107250 20
50.873344 19
95.314490 10
893.956595 1
89.379718 11
20.608297 48
88.245463 11
68.651037 14
95.669906 10
52.889015 18
418.036783 1
77.060163 12
50.562009 19
24.210106 41
84.051165 11
81.287536 12
65.131172 15
26.585499 37
27.457005 36
69.778319 14
83.454004 11
149.596583 1
67.136959 14
63.004351 15
79.144807 12
78.395165 12
82.480112 12
1.380828 724
707.659408 1
59.169687 16
99.092546 10
111.477269 1
57.160036 17
12.614481 79
19.943992 50
10.949435 91
88.422348 11
98.272254 10
68.556338 14
85.792754 11
33.492896 29
91.317629 10
20.728913 48
24.223980 41
43.707685 22
256.638012 1
61.816665 16
91.442423 10
4.047562 247
361.775408 1
69.553616 14
59.602806 16
72.050278 13
49.011156 20
821.195524 1
70.204771 14
67.196996 14
38.636934 25
66.280441 15
29.698630 33
512.464265 1
26.887073 37
73.264163 13
80.139141 12
471.094892 1
79.923580 12
763.493656 1
36.519660 27
42.708885 23
960.036467 1
42.531079 23
10.945030 91
95.633596 10
29.309999 34
2.645497 378
99.344313 10
63.183461 15
819.845598 1
699.277601 1
71.885593 13
55.817079 17
20.075797 49
68.842206 14
68.216660 14
55.893656 17
78.090033 12
60.209208 16
6.859182 145
13.486727 74
425.600626 1
63.727090 15
82.391541 12
3.662349 273
69.779344 14
55.726468 17
40.190559 24
98.244431 10
21.575452 46
353.527774 1
93.881078 10
90.495353 11
62.899885 15
26.981809 37
937.382765 1
62.506404 15
888.560556 1
2.580503 387
727.939259 1
59.855397 16
845.894292 1
98.659280 10
27.234198 36
99.485166 10
72.730866 13
23.049371 1
95.607863 10
55.106395 18
86.898848 11
280.650283 1
88.876952 11
68.399884 1
60.230507 16
99.692811 10
70.016241 14
61.694427 16
3.058215 1
22.635356 44
18.209283 54
95.658664 10
54.831395 18
19.125870 52
8.774670 113
19.725872 50
12.354998 80
157.524213 1
25.245070 39
51.478010 19
71.502272 13
70.118033 14
24.235321 41
37.781128 26
19.402780 51
20.179241 49
137.420596 1
1.505184 664
23.876752 41
63.952605 15
32.397252 30
604.969557 1
53.223196 18
50.998949 19
79.407369 12
17.667450 56
71.735262 13
26.565019 37
54.198391 18
10.716925 1
1.892712 528
39.227513 25
10.338160 96
9.575528 104
33.872286 29
49.736708 20
79.543973 12
545.916468 1
82.940663 12
80.052259 12
92.856930 10
99.002451 10
19.015935 52
52.186016 19
214.679454 1
97.240678 10
13.997175 71
91.820150 10
15.317584 65
31.482848 31
628.780265 1
53.575596 18
565.910598 1
701.503013 1
80.760823 12
14.040279 71
73.310429 13
98.806900 10
32.784385 30
682.292651 1
65.036834 15
61.392436 16
20.517336 48
58.957832 16
610.863095 1
28.226069 35
23.618050 42
90.068203 11
13.249021 75
66.435034 15
35.503381 28
135.410307 1
85.496347 11
74.212831 13
33.822760 29
18.600763 53
17.397271 57
9.466273 105
68.575233 14
29.741451 33
601.077463 1
98.386836 10
33.312086 30
7.116119 140
136.701553 1
907.339518 1
27.671158 36
57.416596 17
89.832130 11
4.577269 218
83.076441 12
770.601122 1
92.779089 10
94.766091 10
64.282448 15
896.785560 1
81.010988 12
72.164996 13
34.371832 29
25.085504 39
6.050839 165
44.479476 22
74.729879 13
27.825750 35
43.544799 22
49.460017 20
14.703763 68
21.849443 45
97.602766 10
8.875758 112
16.269884 61
842.009080 1
27.368911 36
86.549698 11
24.189294 41
82.192026 12
21.491721 46
395.345223 1
25.720926 38
3.806702 262
11.801967 84
20.071134 49
10.091472 99
97.640920 10
8.793228 113
66.155327 15
91.808547 10
619.528965 1
263.089640 1
99.670943 10
127.669425 1
83.477443 11
96.848908 10
58.562708 17
28.776069 34
71.720939 13
922.362089 1
60.086232 16
86.463866 11
858.884564 1
55.817823 17
56.292388 17
32.213930 31
158.669937 1
33.502751 29
9.200310 108
91.968061 10
41.055181 24
79.190944 12
53.367733 18
17.319728 57
85.384516 11
66.845319 14
68.105785 14
40.432266 24
65.912228 15
997.091371 1
265.520322 1
74.621200 13
477.742759 1
77.264171 12
87.140545 11
76.922472 13
1.089845 917
575.199739 1
37.556043 26
94.051036 10
496.838187 1
22.492412 44
102.110225 1
447.710008 1
324.489110 1
81.393035 12
6.865339 145
957.673426 1
7.045337 141
387.910702 1
30.837113 32
4.117492 242
20.676280 48
97.418510 10
6.826411 146
24.524455 40
7.465800 133
788.700331 1
76.244039 13
18.355401 54
24.147096 41
96.260841 10
4.304871 232
12.456649 80
31.579474 31
1.976053 506
64.225218 15
10.008908 99
680.564231 1
592.816020 1
21.997748 45
61.466374 16
50.142442 19
42.649579 23
45.878297 21
37.074310 26
95.177644 10
58.082986 17
11.684330 85
17.899745 55
85.086229 11
83.774472 11
34.303621 29
21.007292 47
86.340830 11
11.129771 89
26.665569 37
330.441588 1
58.388020 17
26.113036 38
16.619194 60
993.568842 1
94.619627 10
3.966675 252
93.482428 10
28.584508 34
18.115904 55
805.991239 1
420.529720 1
76.936231 12
63.669924 15
79.151542 12
89.394645 11
236.712364 1
968.426285 1
2.925824 341
79.540328 12
56.399780 17
45.803792 21
47.567754 21
75.195735 13
499.773859 1
55.001912 18
70.439319 14
836.565540 1
920.007299 1
57.669348 17
41.502322 24
34.085382 29
22.092207 45
53.090575 18
65.355646 15
62.518212 15
40.866106 24
87.750792 11
18.496444 54
56.621466 17
99.471573 10
586.285027 1
55.187912 18
55.900907 17
49.852580 20
92.437384 10
44.628721 22
813.771602 1
56.890749 17
51.482126 19
44.280256 22
657.181956 1
33.392188 29
22.206661 45
76.601213 1
314.810342 1
57.773344 17
61.320981 16
14.142696 70
28.506211 35
480.359692 1
1.728300 578
72.738199 13
27.736402 36
13.981309 71
11.500921 86
11.640826 85
22.023545 45
9.971933 100
28.381244 35
69.238926 14
244.121486 1
8.280443 120
54.123159 18
72.874244 13
44.029017 22
47.035655 21
109.480527 1
61.129015 16
4.286843 1
9.996074 100
75.481388 13
37.016989 27
78.685561 12
756.322487 1
949.816853 1
822.107718 1
38.038367 26
979.923899 1
88.079991 11
85.824432 11
3.915205 255
81.948180 12
53.692248 18
354.752576 1
73.271015 13
11.192373 89
34.887290 28
41.769916 23
253.417201 1
649.200342 1
52.180513 19
48.650500 20
451.712813 1
87.800442 11
26.767451 37
21.125731 47
41.737953 23
65.537302 15
69.167270 14
38.354080 26
37.746828 26
800.153824 1
93.676914 10
80.476879 12
77.165401 12
284.105622 1
33.789381 29
96.834862 10
13.654759 73
44.413922 22
70.305129 14
15.558029 64
41.033812 24
780.897486 1
13.694713 73
71.038553 14
713.987876 1
12.160800 82
78.010864 12
7.685102 130
25.560120 39
84.426871 11
2.169122 461
3.848934 259
36.333878 27
83.044014 12
60.548525 16
60.519887 16
84.112773 11
234.292233 1
911.192916 1
863.491498 1
370.653472 1
672.117084 1
48.418869 20
61.892845 16
31.656358 31
21.665410 46
81.831500 12
17.197134 58
397.600343 1
46.901357 21
69.877285 14
77.548507 12
34.591105 28
76.863913 13
77.664836 12
36.770473 27
2.882654 346
84.132659 11
80.427654 12
25.959158 38
938.602302 1
20.425501 48
8.992156 111
55.010157 18
14.077749 71
492.946854 1
78.284180 12
7.307827 136
98.274963 10
62.447707 16
443.992268 1
97.123414 10
97.792261 10
3.721356 268
560.556598 1
13.038427 76
64.953923 15
43.871660 22
52.154603 19
155.918551 1
74.043307 13
64.018499 15
18.240005 54
63.560295 15
11.721799 85
412.749905 1
229.959787 1
8.888308 112
62.891028 1
17.191059 58
38.674855 25
32.924715 30
258.791387 1
81.399662 12
58.889856 16
58.212249 17
19.871477 50
6.772711 147
75.789677 13
345.906728 1
25.600414 39
722.226853 1
75.303873 13
47.045938 21
57.567556 17
68.641757 14
36.677106 27
709.543644 1
39.707818 25
26.596389 37
487.434160 1
44.373503 22
50.036960 19
65.621916 15
64.317073 15
82.295503 12
86.734892 11
63.388831 15
21.373423 46
36.648041 27
16.297787 61
87.616353 11
32.426600 30
6.847408 1
25.271806 39
91.682249 10
78.114356 12
39.503414 25
18.222429 54
36.537000 27
56.422976 17
48.649752 20
74.229834 13
31.602840 31
60.945295 16
97.736714 10
79.752190 12
94.010636 10
384.566579 1
868.288319 1
88.547239 11
88.057625 11
73.601547 13
93.846370 10
88.815834 11
57.500255 17
82.553640 12
96.016516 10
30.051336 33
26.283969 38
89.872828 11
98.063056 10
906.582336 1
514.133385 1
36.515861 27
51.942134 19
37.844185 26
55.647070 17
14.929309 66
21.768428 45
56.627946 17
54.079967 18
9.477947 105
855.240134 1
3.768850 265
55.067316 18
14.695745 68
9.050434 110
90.327137 11
995.109469 1
71.754755 13
98.299137 10
80.996103 12
39.536233 25
19.169273 1
410.718861 1
57.157622 1
40.346086 24
68.684242 14
79.116034 12
394.224360 1
12.715183 78
44.377584 22
16.095292 62
78.568804 12
27.016268 37
79.805910 12
29.832468 33
84.066402 11
92.172088 10
2.772876 360
94.043992 10
57.129681 17
482.247826 1
4.110069 243
8.933847 111
84.542162 11
56.434563 17
89.248615 11
61.092641 16
71.583328 13
508.115545 1
79.108107 12
62.782304 15
56.210726 17
97.056599 10
81.998049 12
34.490193 28
639.558374 1
38.179801 26
70.099926 14
91.135863 10
99.100412 10
660.627251 1
67.191207 14
47.789199 20
403.299084 1
33.839279 29
44.039498 22
84.512049 11
82.975506 12
39.381094 25
2.187292 457
864.234942 1
96.098756 10
94.087700 10
35.358842 28
38.154656 26
885.567927 1
52.735891 18
43.663558 22
69.036493 14
61.262443 16
972.055454 1
58.663734 17
31.118255 32
943.428933 1
21.645412 46
341.802722 1
104.575288 1
76.968076 12
74.437389 13
33.795169 29
890.184038 1
297.270199 1
650.515824 1
9.454726 105
89.767726 11
21.064496 47
70.317931 14
45.227603 22
64.066751 15
85.229737 11
14.607920 68
714.586900 1
66.837020 14
36.206994 27
446.299720 1
52.096290 19
731.587361 1
8.371662 119
83.994162 1
79.082048 12
368.738164 1
95.524075 10
96.497720 10
737.131230 1
9.450995 105
17.726912 56
60.719894 16
8.245084 1
46.753030 21
66.005562 15
16.944903 59
23.555585 42
7.904583 126
67.447586 14
14.667350 68
58.769341 17
84.562547 11
31.701755 31
406.810745 1
13.386162 74
191.628222 1
36.009201 27
928.806876 1
37.102032 26
83.385250 11
47.163241 21
63.976226 15
344.987439 1
23.852184 41
93.667504 10
87.854873 11
55.431780 18
579.557843 1
88.526246 11
999.951383 1
67.639905 14
689.245455 1
54.557732 18
96.749291 10
40.170267 24
35.910816 27
92.507515 10
8.293625 120
55.023266 18
51.880555 19
463.447399 1
569.693221 1
849.819117 1
41.044692 24
42.536213 23
76.252964 13
25.665966 38
33.672572 29
86.529618 11
84.665637 11
772.452504 1
45.362492 22
19.637423 50
57.733702 17
18.569459 53
48.481215 20
594.693707 1
58.234366 17
4.788294 208
47.303890 21
20.968436 47
66.848140 14
56.656462 17
59.927614 16
51.572360 19
48.791067 20
1.962724 509
42.419197 23
46.127628 21
11.487204 87
56.225692 17
224.630390 1
35.412494 28
41.389444 24
12.192431 82
86.519954 11
18.855241 53
5.492847 182
47.610912 21
26.122691 38
98.797489 10
66.296412 15
20.747868 48
17.881498 55
30.630080 32
807.941120 1
76.706847 13
16.719877 59
320.733811 1
77.585328 12
55.759197 17
50.183159 19
3.087985 323
83.329106 12
17.627197 56
57.703405 17
931.222906 1
65.759483 15
644.151635 1
57.976113 17
40.524887 24
2.478586 403
29.649819 33
79.954419 12
15.727622 63
63.461800 15
90.542022 11
42.696533 23
14.836245 67
61.560899 16
14.003196 71
65.587849 15
63.442288 15
91.654237 10
33.740527 29
43.545206 22
95.226507 10
98.947835 10
99.999163 10
90.167518 11
15.330457 65
30.212645 33
78.309500 12
59.368839 16
34.568801 28
30.371394 32
26.762186 37
64.734220 15
79.758376 12
54.272064 18
96.426579 10
34.831374 28
34.283942 29
84.049708 11
42.114099 23
93.009667 10
21.420333 46
92.469589 10
7.798244 128
9.294600 107
167.828128 1
66.687169 14
92.253684 10
35.060661 28
360.009407 1
17.854204 56
2.984804 335
33.699049 29
912.253603 1
78.759157 12
53.708909 18
73.453478 13
62.297994 16
25.098951 39
14.455278 69
9.730710 102
39.980792 25
66.264138 15
74.423052 13
82.916159 12
255.761331 1
92.649789 10
13.602936 73
60.377771 16
52.212652 19
56.595840 17
83.528095 11
33.632453 29
85.663584 11
68.968594 14
33.882407 29
85.544498 11
26.361163 1
536.141791 1
60.428184 16
983.845640 1
65.516894 15
13.002182 76
78.156899 12
13.097111 76
950.089451 1
92.481874 10
92.362034 10
29.294720 34
62.086242 16
5.726086 174
27.527631 36
88.076608 11
5.737238 174
55.626534 17
92.077268 10
7.338262 136
74.139306 13
1228.724192 1
37.768417 26
78.603400 12
85.978928 11
85.735556 11
903.283591 1
99.741554 10
67.915195 14
6.294726 158
67.875984 14
898.269573 1
5.862057 170
32.265987 30
79.072406 12
616.268736 1
84.917457 11
830.618512 1
72.436913 13
91.158973 10
56.467521 17
62.240502 16
49.026536 20
65.623756 15
68.214528 14
39.507836 25
31.939782 31
87.054302 11
15.694989 63
10.904485 91
881.823505 1
93.933136 10
31.507565 31
72.962114 13
31.933422 31
37.993623 26
14.915867 67
80.026739 12
80.069538 12
86.180340 11
70.611999 14
6.584047 151
88.158798 11
132.590376 1
57.525592 17
51.163075 19
95.765132 10
89.033558 11
16.559881 60
45.959143 21
95.149657 10
58.386692 17
12.257469 81
95.166732 10
98.664683 10
68.662604 14
18.762824 53
83.328915 12
88.101054 11
38.330071 26
12.172127 82
80.800355 12
33.276364 30
13.777088 72
6.715619 148
24.756948 40
55.615414 17
38.469545 25
33.834779 29
741.902930 1
55.732816 17
90.055108 11
53.972263 18
63.469462 15
139.701647 1
46.774789 21
190.100766 1
31.361232 31
61.787342 16
53.497385 18
59.678350 16
171.668119 1
44.594588 22
392.826164 1
31.273581 31
94.642593 10
66.859017 14
4.879773 204
58.806625 17
767.934886 1
40.550972 24
79.896691 12
37.583854 26
69.202289 14
2.935485 340
58.057661 17
35.077111 28
16.293625 61
75.601273 13
31.583437 31
4.355912 229
84.756029 11
18.787401 53
29.891929 33
5.191737 192
45.809376 21
82.113890 12
66.348489 15
453.129672 1
20.834153 47
315.711201 1
828.042756 1
869.427347 1
67.442478 14
