1725
50.666105 15
308.441074 1
762.545128 1
80.068146 9
78.619369 10
88.042854 9
1.907491 419
718.320137 1
99.584996 8
44.051142 18
78.634175 10
25.774961 31
1.634526 489
79.090179 10
67.180677 11
64.022695 12
69.187647 11
96.724258 8
92.440592 8
749.416313 1
493.776546 1
86.736021 9
64.223816 12
379.511932 1
97.252341 8
25.793473 31
7.699321 103
55.675703 14
99.628610 8
47.262149 1
386.511555 1
67.715115 11
757.860507 1
15.315353 1
181.876116 1
139.604744 1
55.486107 1
13.812882 57
68.813354 11
14.523627 55
90.169075 8
585.723996 1
90.730997 8
11.769271 67
12.299957 65
51.351759 15
89.411224 8
44.595441 17
41.029897 19
34.203464 23
614.171144 1
72.797498 10
91.813220 8
34.301090 23
79.672748 10
146.236984 1
1.822974 438
18.893283 42
30.324290 26
26.453387 30
36.889114 21
14.530495 55
79.264968 10
30.421456 26
68.441318 11
86.499195 9
97.586233 8
34.088773 23
84.099182 9
726.719275 1
478.720699 1
78.139289 10
81.004624 9
7.627653 104
77.798616 10
9.784334 81
21.547151 37
96.017401 8
48.079107 16
2.556259 312
21.091655 37
29.125661 27
14.859082 53
21.060175 37
56.111445 14
28.978716 27
57.811666 13
13.112023 61
52.020507 1
247.448167 1
624.606607 1
31.548429 25
44.067665 18
74.691357 10
32.685719 24
72.101632 11
21.540920 37
710.909622 1
49.366345 16
86.218488 9
50.382547 15
4.073517 196
69.724389 11
763.980073 1
54.407906 1
6.312126 126
20.267182 39
35.870106 22
29.760408 26
283.577889 1
22.195543 36
73.993869 10
681.307279 1
45.578875 17
34.408857 23
9.681360 82
35.566086 22
77.152495 10
21.010387 38
74.235607 10
10.588764 75
8.730185 91
26.855854 29
324.489805 1
175.509250 1
35.679328 22
35.422823 22
68.861252 1
44.636206 17
19.844644 40
70.157658 11
47.991432 16
60.478057 13
202.072602 1
62.691939 12
31.788397 25
66.428862 12
631.987106 1
55.023085 14
91.317915 8
13.045997 61
29.311149 27
47.818331 16
373.977701 1
36.866675 21
69.491620 11
57.361487 13
666.723802 1
98.409636 8
713.915165 1
16.382839 48
95.184289 8
84.648282 9
667.201071 1
2.079041 384
55.261635 14
30.193343 26
208.196821 1
75.994345 10
77.738166 10
80.620529 9
68.850736 11
523.892036 1
67.508621 11
39.062866 20
82.738872 9
18.312284 43
388.337227 1
8.296115 96
336.565422 1
26.908463 29
30.075437 26
38.038006 21
65.986686 12
52.357897 15
80.487074 9
54.253805 14
12.639850 63
85.650333 9
96.728121 8
733.078753 1
99.114715 8
84.885644 9
84.059151 9
32.886208 24
77.702481 10
96.392150 8
71.833013 1
98.483814 8
13.325177 60
32.033793 24
30.946836 25
679.884443 1
562.265803 1
1.772041 451
64.477098 12
44.297574 18
67.768484 11
6.513536 122
426.804419 1
75.290302 10
92.855411 8
11.882791 67
640.400576 1
72.108415 11
24.256459 32
15.760427 50
116.623069 1
436.889736 1
48.750800 16
662.150850 1
108.913924 1
71.473823 11
33.153154 24
97.525995 8
52.908007 15
532.261466 1
30.154606 26
86.059795 9
425.580161 1
62.694561 12
83.388524 9
641.249816 1
431.315195 1
49.674922 16
33.797529 23
10.300277 77
411.281543 1
94.287843 8
61.047890 13
30.908643 25
301.333509 1
684.790771 1
11.179792 71
22.252359 35
39.102935 20
11.918649 67
9.944177 80
36.101292 22
14.892850 53
87.775601 9
3.526760 226
779.508258 1
40.564320 19
25.687236 31
56.504671 14
147.763974 1
20.820441 38
770.694478 1
88.113122 9
592.796269 1
496.012966 1
66.504388 12
618.424676 1
102.255854 1
48.423538 16
456.692846 1
15.899606 50
61.959095 12
341.242278 1
24.361774 32
90.377392 8
1.813736 441
45.630006 17
64.794220 12
29.363779 27
46.223268 17
86.604661 9
53.247580 15
24.827837 32
23.830712 33
86.322180 9
76.858405 1
264.335618 1
76.057634 10
41.533675 19
70.114056 11
29.078333 27
89.181921 8
80.253799 9
26.652557 30
798.981292 1
42.281883 18
19.955224 40
64.687566 12
13.523308 59
22.057443 36
82.474239 9
44.911665 17
69.277156 11
451.913602 1
674.602050 1
93.771798 8
90.433869 8
63.410646 12
94.275864 8
33.786531 23
78.700175 10
12.036143 66
4.724189 169
10.311337 77
32.450718 24
21.404445 37
20.143744 1
16.852147 47
52.573237 15
658.688950 1
47.505870 16
93.316049 8
30.884433 25
86.616894 9
45.960122 17
46.563769 17
92.116559 8
76.192067 10
26.254162 30
48.827893 16
52.232015 15
96.850966 8
8.228809 97
9.326462 85
61.128769 13
28.483287 28
83.047458 9
51.699066 15
94.757402 8
791.630759 1
54.864273 14
21.935907 36
30.568728 26
1.010147 791
2.457895 325
304.255300 1
9.475738 84
60.402970 13
58.867978 13
89.847297 8
99.962612 8
82.832384 9
68.348678 11
56.571782 14
40.143628 19
45.118121 17
646.257848 1
18.775425 42
93.686959 7
41.037073 19
20.099159 39
56.119786 14
39.026930 20
84.725421 9
80.523860 9
22.282232 1
58.276192 13
2.271349 352
14.644993 54
8.172118 97
465.885988 1
89.299105 8
59.346812 13
3.833159 208
23.435359 34
481.630176 1
61.587406 12
27.000734 29
83.088759 1
52.890500 15
392.331066 1
58.828504 13
45.610831 17
78.180309 10
70.015527 11
45.747983 17
85.390427 9
63.108320 12
14.841824 53
5.468536 146
30.638014 26
50.715705 15
1.113860 718
89.177984 8
387.990877 1
26.523299 30
539.698557 1
36.195466 22
47.561794 16
49.229020 16
59.731465 13
73.186760 10
53.907731 14
88.271637 9
43.273752 18
31.140147 25
86.676238 9
57.044612 14
372.801505 1
64.125415 12
16.692465 47
33.981763 1
88.335661 9
31.704309 25
17.567738 45
12.772948 62
14.168851 56
13.844780 57
2.404870 332
72.216761 11
78.854803 10
31.306080 25
84.906984 9
21.584212 37
79.397669 10
678.392810 1
17.984058 44
63.628203 12
72.707733 11
492.360325 1
613.224033 1
57.095974 14
84.314825 9
30.555051 26
74.532287 10
93.561444 8
98.590784 8
40.618066 19
28.832866 27
24.333821 32
89.572821 8
59.162077 13
73.378294 10
26.835118 29
21.471897 37
60.865432 13
92.265092 8
334.640394 1
73.872097 10
95.019157 8
9.155911 87
80.326572 9
349.801198 1
16.776045 47
234.050748 1
84.281107 9
3.184758 251
45.368195 17
477.420629 1
43.413358 18
78.063114 10
95.408059 8
67.930529 11
485.065050 1
35.513999 22
47.584223 16
61.625826 12
36.092408 22
48.486980 16
76.491556 10
57.851268 13
11.290289 70
92.822150 8
644.487870 1
69.625510 11
61.660588 12
5.758280 138
41.146800 19
81.144083 9
34.604158 23
24.693662 32
600.690843 1
211.329512 1
88.470630 9
75.078326 10
69.260730 11
435.480107 1
192.810818 1
70.134358 11
440.743887 1
23.977996 33
565.227765 1
71.332538 11
83.728395 9
64.198718 12
752.587997 1
49.508941 16
67.575468 11
544.481564 1
81.462191 9
405.479137 1
445.964547 1
91.668471 1
7.416423 107
11.922211 67
13.337932 59
19.653708 40
56.925852 14
122.244837 1
57.961464 13
81.379713 9
35.615881 22
70.688657 11
315.064215 1
17.238287 46
579.638868 1
40.774083 19
46.714438 17
200.358554 1
5.976655 133
59.508916 13
92.915703 8
82.916791 9
596.113989 1
80.229909 9
52.417120 15
79.018930 10
628.890884 1
18.695316 42
31.351502 25
94.333443 8
86.268277 9
80.656825 9
17.034068 1
69.324105 11
239.698396 1
25.955280 30
2.496097 320
347.136259 1
588.594611 1
30.901298 25
24.558591 32
397.671676 1
99.523395 8
13.626542 58
71.247726 11
735.405033 1
4.433720 180
99.815306 8
82.552746 9
97.503791 8
20.742935 38
39.809515 20
635.849700 1
89.203345 8
58.919569 13
76.123133 10
73.919306 1
63.061159 12
88.911204 8
75.604783 10
44.016774 18
22.781838 35
57.702272 13
37.785822 21
78.903732 10
9.039084 88
65.112301 12
14.487161 55
85.211400 9
41.652005 19
81.923010 9
20.943972 38
30.562967 26
76.791611 10
20.346655 39
8.307122 96
219.443107 1
23.550969 33
95.584090 8
22.895691 34
294.275183 1
82.065339 9
96.963362 8
33.902312 23
31.977784 25
654.831423 1
15.126916 52
31.920249 25
66.917694 11
97.493505 8
17.856200 44
17.462338 45
549.571278 1
99.707789 8
75.062265 10
18.398109 43
267.582962 1
54.230507 14
98.484535 8
81.040241 9
14.070837 56
517.275012 1
26.836770 29
77.753369 10
99.365650 8
362.670379 1
90.047881 8
39.937471 20
36.120950 22
20.056972 39
50.645056 15
526.074036 1
28.271820 28
76.133562 10
61.931834 12
655.002112 1
53.372108 14
33.014939 24
5.555170 144
89.373789 8
30.504475 26
71.563673 11
22.077098 36
95.711844 8
5.358304 149
19.574833 40
446.392269 1
14.112819 56
12.266393 65
99.373219 8
204.173637 1
69.593126 11
393.587982 1
85.950508 9
51.163532 15
28.965959 27
29.265206 27
94.570887 8
94.146457 8
10.404385 76
76.459580 10
77.193178 10
20.084496 39
76.904835 10
540.768188 1
81.773335 9
37.248387 21
27.964321 28
37.640220 21
24.415620 32
87.402490 9
717.827646 1
535.245416 1
653.355836 1
13.915548 57
49.076331 16
51.985562 15
15.377853 52
43.160142 18
69.615518 11
22.851586 35
80.531863 9
2.637717 303
91.470938 8
60.661763 1
47.136167 16
6.410265 124
5.248729 152
9.033891 88
3.967893 201
96.702772 8
9.827138 81
40.300243 19
510.632131 1
54.220353 14
4.438489 180
45.082181 17
563.977656 1
8.367544 95
83.370738 9
76.666275 10
36.116927 22
29.880332 26
164.101179 1
22.148260 36
2.196768 364
747.530597 1
20.935404 38
242.254381 1
39.017080 20
28.662719 27
8.905507 89
8.742837 91
246.150174 1
53.945494 14
82.339241 9
40.170555 19
78.362953 10
31.430303 25
58.194306 13
29.610464 27
35.262395 22
17.712526 45
54.211309 14
88.508913 9
20.903133 38
3.977081 201
4.705771 170
781.229696 1
50.486216 15
5.858575 136
11.053775 72
18.960163 1
28.485674 28
53.406171 14
73.592182 10
36.583996 21
66.437920 12
24.700516 32
58.421178 13
95.607754 8
66.957197 1
54.118448 14
7.853562 101
293.431449 1
90.689871 8
34.140395 23
414.028610 1
403.945014 1
5.858279 136
344.198036 1
91.414582 8
687.500875 1
89.057608 8
33.983248 23
629.145140 1
49.454993 16
91.077907 8
58.559450 13
59.236524 13
22.395962 35
63.460926 12
97.228880 8
14.046767 56
20.196713 39
83.341914 9
12.198704 65
342.368660 1
22.104212 36
648.001996 1
84.415569 9
91.343409 8
7.619632 104
741.731480 1
59.624291 13
69.064712 11
59.203570 13
2.940331 272
15.683385 51
85.599208 9
2.205728 362
88.425802 9
92.846616 8
44.764958 17
340.243259 1
52.167426 15
16.912439 47
18.840507 42
22.608676 35
30.961401 1
34.602257 23
57.062792 14
43.586401 18
365.339320 1
1.394477 573
105.189626 1
92.150459 8
25.135245 31
68.665923 11
87.920211 9
30.250038 26
62.765390 12
58.824860 13
44.332510 18
67.923051 11
53.381343 14
99.146950 8
35.412727 22
422.086529 1
78.976232 10
26.481734 30
739.896134 1
55.361022 14
53.712801 14
65.319340 12
548.317250 1
81.534308 9
21.096185 37
17.946120 44
66.228328 12
89.961981 8
4.676004 171
38.190566 20
615.419919 1
96.970561 8
74.770405 10
98.456744 8
74.427115 10
59.897951 13
30.262112 26
67.455170 11
51.491745 15
24.406714 32
7.835434 102
27.976763 28
62.983322 12
93.073667 8
24.675524 32
94.189407 8
98.573783 8
41.878025 19
48.280720 16
78.298805 10
35.415396 22
78.228650 10
38.902472 20
27.991389 1
7.774220 102
37.018711 21
15.381533 52
34.724297 23
75.708115 10
76.196678 10
455.695998 1
54.496786 14
583.122764 1
57.788626 13
3.358384 238
44.271023 18
348.617793 1
27.844285 28
62.056205 12
607.487077 1
95.465816 8
14.171830 56
84.631758 9
609.798830 1
43.759974 18
23.225708 34
13.402941 59
36.262633 22
723.210085 1
59.226983 13
93.183521 8
71.183215 11
76.761398 10
54.183991 14
37.586890 1
80.135190 9
9.726165 82
38.212278 20
700.738478 1
25.632409 31
35.845401 22
793.859552 1
90.734949 8
89.398303 8
50.433477 15
35.471427 1
77.594537 10
52.267670 15
685.161171 1
49.578742 16
78.112930 10
14.141487 56
57.639714 13
96.490794 8
10.868017 73
90.741097 8
71.317402 11
51.925455 15
758.941120 1
70.499438 11
28.571384 28
72.049051 11
70.742523 1
49.405776 16
60.628659 13
15.633641 51
213.662754 1
49.868327 16
36.009078 1
86.972996 9
72.240685 11
128.110174 1
37.064591 21
31.920157 25
26.510991 30
42.040094 19
95.296410 8
298.079969 1
88.348668 9
95.774855 8
33.973326 23
43.343382 18
243.642569 1
20.005918 39
195.466690 1
2.155486 371
5.853377 136
54.459263 14
176.238804 1
94.867352 8
45.094773 17
33.276412 24
7.049397 1
71.730828 11
83.872825 9
60.897229 13
42.025043 19
37.636722 21
44.546062 17
37.830175 21
57.727491 13
78.884298 10
14.919563 53
701.138056 1
698.154707 1
724.534864 1
197.069326 1
99.680792 8
13.124964 60
82.784351 9
76.284063 10
80.295359 9
37.699441 21
498.891709 1
6.876800 116
67.305470 11
471.480010 1
47.759752 16
29.003953 27
39.650350 20
98.899336 8
56.030388 14
74.123397 10
48.052007 16
32.728254 24
85.227290 9
60.961917 13
30.204862 26
291.912949 1
42.766668 18
14.114656 56
74.955784 10
74.005384 1
89.883554 8
52.532546 15
71.544398 11
81.808256 9
33.630712 23
43.493692 18
51.135464 15
88.265535 9
90.698165 8
88.954872 8
18.038269 44
470.989516 1
92.329512 8
672.125013 1
71.019022 11
383.716411 1
508.600493 1
21.715932 36
84.008654 9
65.170837 12
444.249521 1
475.606053 1
82.537959 9
93.209114 8
480.332983 1
509.433427 1
3.156434 253
70.068236 11
26.334267 30
611.826218 1
559.399074 1
235.374217 1
218.620596 1
24.888744 32
99.147241 8
5.270707 151
3.888017 205
43.947800 18
371.274155 1
70.711951 11
61.982955 12
71.335580 11
40.034060 1
97.282229 8
87.443634 9
4.755118 168
61.310378 13
23.639193 33
98.609879 8
313.944262 1
50.188528 15
12.461118 64
64.099621 12
62.891885 12
16.307794 49
28.096123 28
27.061697 29
42.456540 18
237.682329 1
83.423641 9
37.416748 21
68.480892 11
170.979771 1
71.960211 11
86.646653 9
53.121398 15
81.602249 9
54.949347 14
53.301145 15
26.925865 29
67.543050 11
82.374749 9
83.040816 9
673.964400 1
48.699717 16
149.999341 1
70.656659 11
26.506544 30
3.791153 211
141.805138 1
30.246142 26
1.262556 633
625.917469 1
5.178261 154
24.676878 32
14.778374 54
7.592240 105
34.047814 23
70.068384 11
62.328759 12
72.396217 11
297.738932 1
73.595138 10
745.464146 1
84.968351 9
30.287221 26
74.522703 10
182.563775 1
33.268588 24
61.828799 1
32.134698 24
98.769298 1
16.882256 47
27.075344 29
39.452190 20
32.481669 24
94.970514 8
70.646024 11
82.307854 1
40.004602 19
612.168764 1
74.658402 10
265.523681 1
521.460477 1
48.647112 16
88.314527 9
46.948097 17
12.382413 64
152.839445 1
77.362971 10
32.294407 24
44.561877 17
95.893115 8
67.646762 11
11.843165 67
71.454068 11
40.207029 19
354.128567 1
4.090742 195
23.095518 34
23.364994 34
17.995421 44
740.509667 1
25.574586 31
96.755228 8
516.214182 1
39.561420 20
98.679454 8
28.088583 28
30.271640 26
38.515204 20
19.715586 40
773.812537 1
24.343924 32
17.490185 45
36.699318 21
522.558016 1
26.378936 30
86.188181 9
74.123206 10
80.862582 9
768.050698 1
16.934218 47
36.416771 21
645.172854 1
62.990255 12
17.431973 45
603.648557 1
20.417513 39
15.420883 51
28.745758 27
178.536729 1
81.507334 9
56.443376 14
42.564676 18
434.047895 1
59.317412 13
77.375286 10
47.416568 16
85.507444 9
11.304951 70
43.155378 18
30.381405 26
83.784514 9
719.944998 1
275.532869 1
352.352088 1
37.169782 21
47.438294 16
792.214233 1
99.127772 1
95.252660 8
3.728247 214
34.087079 23
691.621358 1
70.284060 11
58.420154 13
74.629870 10
536.557245 1
92.805148 8
70.712508 11
30.267559 26
738.094514 1
111.485403 1
85.489058 9
22.158730 36
17.351060 46
87.189148 9
25.953198 30
568.485360 1
78.151919 10
78.673043 1
49.171536 16
66.033072 12
241.793677 1
93.837898 8
44.287666 18
649.430237 1
35.695550 22
42.530533 18
796.126566 1
89.469334 8
225.201837 1
40.897437 19
215.501729 1
93.523852 8
38.657921 20
401.535297 1
93.066469 8
54.329261 14
41.372245 19
135.977280 1
11.749804 1
21.400821 37
418.042697 1
59.624666 13
65.224447 12
34.452382 23
62.577226 12
126.075303 1
22.384628 35
693.651639 1
495.235768 1
254.985756 1
24.730238 32
37.311131 21
88.349492 9
15.233364 52
23.314917 34
71.226704 11
49.242671 16
72.197324 11
240.091862 1
16.105633 49
20.613659 38
58.236139 13
11.723697 68
14.803145 54
10.990312 72
33.158284 24
87.833312 9
57.718249 13
269.108861 1
69.947395 1
450.195062 1
54.617055 14
731.718254 1
118.435525 1
5.661467 141
21.645035 36
36.727904 21
35.851184 22
88.222580 9
35.767774 22
10.484433 76
33.417220 23
28.425311 28
71.775879 11
486.498487 1
30.306381 26
70.518244 11
15.075151 53
18.243051 43
46.919722 17
49.307427 16
64.701083 1
390.452073 1
50.589303 15
71.491215 11
663.256541 1
73.610822 10
85.580396 9
3.093387 258
84.359211 1
80.741613 9
306.811644 1
20.546875 38
83.088886 9
19.766339 40
82.341692 9
25.416034 31
42.290136 18
34.504384 23
598.289960 1
620.097993 1
51.606506 15
40.197928 19
7.152524 111
65.525378 12
6.979866 114
52.794647 15
19.080854 41
173.945070 1
58.526833 13
23.624638 33
68.608948 11
39.074926 20
29.695813 26
238.648941 1
87.360017 9
303.352830 1
27.734626 28
114.976193 1
78.384986 10
94.624132 8
79.576097 1
64.681202 12
59.471636 13
180.154916 1
5.956135 134
60.109558 13
432.262704 1
55.793242 14
191.857434 1
96.175728 8
327.882542 1
55.460496 14
145.663172 1
538.556244 1
60.467942 13
42.717912 18
797.139449 1
33.526454 23
660.646359 1
253.362645 1
795.728448 1
7.722959 103
81.509910 9
46.286076 17
38.635834 20
547.479640 1
86.826518 9
652.943668 1
45.736972 17
659.738843 1
45.917898 17
88.344613 9
69.683415 11
66.257942 12
3.697129 216
63.641499 12
37.004032 21
66.444503 12
279.486705 1
26.419080 30
50.944480 15
676.380354 1
715.010208 1
62.419034 12
63.914547 12
4.812344 166
47.119021 16
73.782813 10
70.666672 11
67.558699 11
48.294606 16
255.374341 1
27.910203 28
84.678153 9
59.446666 13
67.147138 11
20.374936 39
617.778055 1
120.765691 1
89.391369 8
77.030082 10
622.423368 1
483.368848 1
777.656140 1
49.097569 16
68.359200 11
97.187488 8
166.909612 1
57.131990 14
89.437452 8
62.933073 12
785.323617 1
83.876389 9
82.813902 9
2.969210 269
21.174920 37
366.004531 1
29.191572 27
87.175830 1
363.589344 1
66.698955 11
26.333542 30
323.006750 1
165.746061 1
85.994479 9
6.992410 114
40.378446 19
112.048317 1
473.582941 1
31.192544 25
4.697519 170
37.352266 21
53.135353 15
1.628318 491
85.423435 9
610.584036 1
14.136725 56
41.994903 19
289.681282 1
32.860747 1
60.152045 13
391.798122 1
42.676855 18
84.360128 9
4.820857 165
43.498380 18
8.828909 90
56.553730 14
1.896749 421
3.732825 214
57.567071 13
91.178271 8
417.612880 1
587.072228 1
287.684946 1
9.316223 85
20.832187 38
689.086038 1
550.063849 1
14.419104 55
19.250704 41
428.864116 1
14.836383 53
53.418961 14
14.515421 55
23.238729 34
71.682607 11
60.379790 13
66.477557 12
86.311718 9
96.714820 8
68.155173 11
2.038488 392
339.420849 1
55.578516 14
169.936392 1
490.843971 1
38.069931 21
54.081089 14
333.826454 1
627.426286 1
571.321226 1
90.312260 8
19.059320 41
78.083937 10
707.357247 1
18.776080 42
69.642125 11
17.138338 46
65.501919 12
300.628688 1
38.853577 20
25.748360 31
43.486873 18
22.800837 35
5.525389 144
788.436452 1
60.735374 13
13.392936 59
776.090795 1
65.393766 12
56.196339 14
97.274523 8
44.336406 18
189.308899 1
66.908006 11
460.911158 1
476.112689 1
16.835490 47
296.098398 1
64.833151 12
44.365797 18
638.100521 1
24.282303 32
15.069713 53
332.841381 1
37.119259 21
41.581572 19
56.452061 14
31.386870 25
66.149861 12
40.367763 19
398.373856 1
712.578997 1
49.321072 16
26.355699 30
115.703078 1
377.353769 1
91.419574 8
40.711293 19
34.977982 22
98.653347 8
295.578085 1
52.205121 15
79.634103 10
15.172311 52
13.775076 58
38.365305 20
69.139946 11
14.164145 56
78.779398 10
71.936219 11
80.274888 9
46.628297 17
560.906922 1
93.866263 8
23.501627 34
26.989840 29
661.458074 1
90.918080 1
74.514046 10
44.538266 17
99.209912 8
9.698519 82
88.626755 9
36.730985 21
66.650700 12
78.902010 10
8.053549 99
12.489540 64
64.555155 12
64.435288 12
93.901757 8
581.167649 1
91.167941 8
13.393393 59
57.038366 14
778.984384 1
74.406916 10
92.360781 8
82.443447 9
52.810704 15
72.815386 10
53.858049 14
23.766781 1
53.524363 14
50.409394 15
572.578272 1
47.915690 16
419.840108 1
87.358732 9
88.010941 1
24.712118 32
96.647233 8
39.670359 20
59.604505 13
49.039896 16
656.449557 1
67.260308 11
576.552466 1
33.925062 23
29.366321 27
79.268621 10
184.874150 1
94.273545 8
448.680717 1
27.642953 28
79.283919 10
25.032894 31
96.849783 8
634.081486 1
1.289371 620
545.056838 1
25.636113 31
424.430043 1
50.506645 15
13.873576 57
74.507640 10
21.088559 37
157.232923 1
26.006704 30
557.165989 1
79.441477 10
502.856255 1
732.223924 1
494.182626 1
20.541919 38
8.204196 97
53.005496 15
5.179585 154
31.821549 25
2.562084 312
17.649658 45
91.291513 8
21.766452 36
8.133922 98
18.080265 44
58.141611 13
90.515030 8
22.380304 35
70.491516 11
33.168273 24
73.199216 10
12.787591 62
91.754316 8
151.166369 1
42.363750 18
96.020557 8
53.572126 14
8.285736 96
725.318053 1
46.670634 1
47.918118 16
23.619109 33
24.401011 32
4.295290 186
23.833347 33
6.729636 118
427.473792 1
567.595611 1
46.051522 17
21.070473 37
92.620188 8
54.508641 14
132.693782 1
65.491391 12
33.986042 23
39.182694 20
394.480229 1
50.296596 15
50.121943 15
49.585826 16
10.613505 1
599.865737 1
525.548461 1
1.364974 586
106.106812 1
722.789772 1
8.106622 98
3.619220 221
88.508291 9
96.487260 8
52.810475 15
5.739826 1
76.245114 10
85.406322 9
62.069022 12
99.115751 8
62.405782 12
81.999406 9
28.660601 27
43.675123 18
98.115092 8
714.003308 1
79.414389 10
42.490524 18
292.963479 1
9.396627 85
87.605072 9
28.821318 27
24.614073 32
30.626682 26
17.696433 45
87.441357 9
24.544101 32
92.077980 8
39.719408 20
260.677295 1
73.121072 10
80.500533 9
26.323470 30
82.869639 9
11.244872 71
728.529309 1
17.035045 46
47.866238 16
1.112906 718
75.017220 10
570.614197 1
58.232406 1
83.617976 9
183.130444 1
56.247843 1
5.931538 134
228.975035 1
322.470430 1
40.308840 19
65.145772 12
196.390565 1
217.047230 1
64.027676 12
11.596859 68
590.124870 1
19.889935 40
63.286463 12
736.995471 1
389.212431 1
58.700786 13
77.282553 1
2.580959 309
221.303307 1
76.416857 10
35.906136 22
524.260757 1
479.134848 1
77.406697 10
404.472981 1
78.031389 10
159.248795 1
605.697311 1
43.440947 18
474.144528 1
158.005635 1
81.085684 9
94.719850 8
664.935113 1
26.597732 30
66.237244 12
20.982139 38
85.273513 9
66.755649 11
84.037637 9
12.951072 61
774.089962 1
447.485997 1
469.056235 1
99.238057 8
35.657724 22
40.197235 19
65.902825 12
21.148559 37
33.712830 23
8.406811 95
13.790175 58
38.922137 1
256.240028 1
692.399071 1
9.026487 88
27.835138 28
761.640427 1
55.268280 14
32.896909 24
48.213900 16
28.603475 27
89.366362 8
25.959451 30
57.135257 14
5.573014 143
21.791843 1
25.192134 31
91.414518 8
454.012365 1
59.528684 13
99.542336 8
27.569495 29
142.540677 1
19.805758 40
66.432782 12
60.950657 13
62.078389 12
18.603150 43
38.687781 20
96.509184 8
273.444219 1
82.237422 9
22.322401 35
129.696213 1
24.659582 32
89.899250 8
21.930593 36
94.416740 1
697.772541 1
62.450584 12
268.688253 1
15.156864 52
39.660493 20
