4763
46.897453 21
66.219480 15
53.377562 18
51.566114 19
65.049011 15
32.459250 30
61.444319 16
26.361923 37
68.654776 14
86.871502 11
38.326036 26
68.964741 14
70.884093 14
52.846966 18
56.272347 17
36.980123 27
28.373697 35
78.198648 12
97.418648 10
89.892080 11
14.075358 71
51.981046 19
533.884294 1
26.149978 38
26.784516 37
62.329394 16
57.492577 17
406.318037 1
12.361059 80
70.767943 14
51.364595 19
53.893227 18
90.842078 11
34.607275 28
41.310469 24
95.429734 10
521.151836 1
30.017787 33
16.333432 61
6.989001 143
51.776391 19
92.428973 10
43.034145 23
76.366307 13
84.872864 11
68.495639 14
50.769760 19
22.102132 45
287.144105 1
25.485347 39
5.736729 174
48.102352 20
76.864179 13
24.552414 40
74.754812 13
92.965633 10
71.205081 14
4.327060 231
76.653771 13
56.079354 17
78.952437 12
7.706080 129
96.820473 10
55.419830 18
60.456212 16
89.288105 11
83.692882 11
64.434970 15
1.644836 607
22.335410 44
97.881389 10
75.756059 13
25.470364 39
54.587288 18
2.666744 374
35.850587 27
78.345355 12
5.090624 196
89.414369 11
98.855930 10
81.138893 12
53.487609 18
46.496641 21
43.925950 22
964.244249 1
2.939388 340
54.961262 18
38.267222 26
70.644729 14
61.794885 16
39.325144 25
408.747218 1
66.294147 15
17.687246 56
78.054124 12
70.912439 14
8.154252 122
20.873892 47
6.040735 165
75.091947 13
75.413729 13
30.952165 32
95.833994 10
86.085158 11
36.604829 27
15.939943 62
73.544145 13
8.721634 114
95.683066 10
97.397362 10
90.451993 11
9.920083 100
61.560919 16
73.535076 13
71.203919 14
754.546142 1
86.437311 11
75.005586 13
13.466308 74
28.734012 34
19.162782 52
42.414666 23
2.155003 464
7.210230 138
97.829368 10
9.605357 104
47.356891 21
1.343929 744
34.048308 29
28.831219 34
24.373993 41
24.360952 41
72.214648 13
56.509328 17
37.044477 26
94.949534 10
78.768016 12
76.321640 13
64.238266 15
43.497992 22
56.947151 17
99.088180 10
34.756961 28
13.584146 73
890.901497 1
29.858051 33
58.392879 17
39.969990 25
311.531110 1
95.851362 10
37.865905 26
61.920249 16
99.904811 10
38.425459 26
33.619693 29
43.530188 22
27.672625 36
5.421338 184
72.856212 13
31.500260 31
16.055008 62
72.569011 13
23.797271 42
90.789191 11
842.576368 1
15.230767 65
580.465698 1
67.965716 14
94.823260 10
149.971923 1
7.107279 140
75.897839 13
89.990994 11
93.973547 10
98.524745 10
65.889295 15
12.667818 78
22.874607 43
49.668877 20
51.028156 19
35.572854 28
3.931042 254
73.506687 13
459.939952 1
81.087082 12
39.193667 25
52.708945 18
48.518498 20
18.939881 52
45.414160 22
31.292260 31
73.570559 13
86.774239 11
86.149935 11
75.024723 13
47.498441 21
69.968655 14
37.407024 26
68.320656 14
85.340347 11
90.716136 11
96.510303 10
63.842525 15
87.433047 11
16.490882 60
89.734100 11
28.577958 34
45.703426 21
2.936584 340
97.831133 10
6.047760 165
34.694602 28
42.386262 23
10.806727 92
11.870534 84
7.598865 131
70.785243 14
59.222613 16
1.671515 598
4.471646 223
81.179301 12
98.909897 10
57.666385 17
21.690808 46
93.852388 10
87.242873 11
15.061018 66
65.678478 15
40.384669 24
404.333883 1
95.245167 10
116.690635 1
468.473434 1
4.951586 201
68.755761 14
97.563488 10
242.683379 1
6.361583 157
42.031830 23
872.149122 1
13.534202 73
37.263261 26
53.212039 18
55.398702 18
57.252802 17
83.479365 11
22.105649 45
76.180149 13
95.870710 10
84.517496 11
83.686654 11
6.455860 154
95.465459 10
65.214214 15
34.419242 29
5.483534 182
42.643946 23
66.308097 15
68.260192 14
34.213586 29
98.632649 10
114.737728 1
35.774174 27
990.601075 1
5.957032 167
957.283338 1
55.220190 18
53.972135 18
5.994818 166
71.482352 13
56.833259 17
91.239423 10
18.643089 53
72.629580 13
39.900864 25
55.013769 18
2.528916 395
24.066391 41
41.651398 24
76.448927 13
19.397770 51
229.540659 1
12.889929 77
46.027787 21
90.756442 11
27.657755 36
4.896013 204
12.930423 77
33.735518 29
52.897349 18
28.681880 34
76.687625 13
31.857909 31
33.449407 29
60.936263 16
71.257144 14
56.708813 17
94.897905 10
37.066440 26
53.599291 18
92.601399 10
12.022696 83
45.310132 22
85.284666 11
46.574001 21
24.805099 40
16.119103 62
8.046884 124
19.768596 50
2.396672 417
50.285874 19
20.311341 49
15.447455 64
19.093069 52
31.458700 31
55.664748 17
53.194428 18
74.705937 13
64.126081 15
15.590769 64
18.160446 55
78.757463 12
7.175564 139
5.580581 179
40.979170 24
49.716975 20
78.006287 12
42.390010 23
32.842193 30
80.963815 12
68.670226 14
46.132968 21
6.479504 154
21.521041 1
115.575096 1
90.817292 11
81.390974 12
794.895199 1
348.817995 1
71.065384 14
6.714557 148
51.527254 19
74.656377 13
50.788105 19
21.434563 46
62.935632 15
17.282440 57
58.718843 17
37.194302 26
17.571430 56
3.846720 259
442.335913 1
99.263131 10
55.164320 18
91.119096 10
58.509491 17
49.542656 20
63.835006 15
31.268475 31
58.811080 17
59.726582 16
98.913669 10
34.698919 28
93.077538 10
49.824342 20
43.758002 22
72.875019 13
96.862102 10
3.255849 307
3.239808 308
12.475151 80
547.994628 1
2.058953 485
99.179654 10
14.517415 68
89.489072 11
37.075791 26
1.205451 829
3.193515 313
25.984742 38
98.168172 10
67.358211 14
7.843946 127
76.405810 13
6.023418 166
12.179031 82
19.547191 51
63.527763 15
7.604083 131
98.931232 10
89.425756 11
84.015705 11
31.194082 32
57.179640 17
28.530940 35
41.115666 24
14.047042 71
37.147378 26
7.723659 129
38.452717 26
54.445725 18
326.749671 1
40.105661 24
19.657467 50
37.872166 26
2.148709 465
177.508930 1
59.873786 16
4.967055 201
59.981276 16
83.659783 11
61.396220 16
57.837299 17
4.174832 239
76.823366 13
34.711763 28
30.743653 32
25.985071 38
58.626338 17
52.442366 19
33.001844 30
65.591887 15
60.915899 16
570.338580 1
7.905873 126
47.589663 21
29.311356 34
853.136630 1
33.344241 29
59.304787 16
56.661011 17
59.925176 16
41.611976 24
4.878860 204
8.690597 115
220.460389 1
88.535115 1
41.398395 24
11.559145 86
60.380780 16
72.105878 13
50.929595 19
66.528929 15
3.396850 294
22.692217 44
47.627413 20
46.367275 21
33.386899 29
69.524923 14
18.192606 54
92.844252 10
88.428020 11
397.566329 1
84.603158 11
49.225343 20
59.069409 16
74.534521 13
48.611359 20
91.426493 10
17.731530 56
3.131727 319
36.586383 27
54.150092 18
26.373906 37
51.592815 19
4.556495 219
27.162861 36
55.901219 17
87.237477 11
84.013203 11
67.132868 14
267.581195 1
33.826382 29
87.200753 11
7.349044 136
75.310199 13
94.447312 10
8.320175 120
59.657055 16
4.646237 215
71.401673 14
6.687751 149
95.899164 10
147.556865 1
16.204173 61
45.932232 21
73.637751 13
6.585927 151
594.941477 1
97.957960 10
99.837503 10
16.488320 60
557.374856 1
22.315953 44
66.018981 15
67.628904 14
17.695411 56
54.273761 18
22.976217 43
53.609362 18
99.603569 10
90.660390 11
99.068772 10
53.980105 18
102.709245 1
73.068583 13
15.600931 64
18.236988 54
76.542821 13
93.066337 10
54.745478 18
66.306473 15
80.819636 12
82.756238 12
16.285592 61
10.163076 98
90.225098 11
78.594833 12
8.230668 121
34.172049 29
70.899360 14
18.125670 55
548.770175 1
78.481369 12
95.755638 10
81.493472 12
68.600527 14
69.967251 14
50.926472 19
61.649638 16
41.732051 23
28.209953 35
32.574906 30
72.377048 13
43.379350 23
25.012235 39
61.882340 16
20.626290 48
98.695900 10
78.398646 12
42.054971 23
43.704538 22
38.231830 26
7.448208 134
4.742530 210
88.997216 11
67.497658 14
24.988734 40
63.144928 15
19.379085 51
99.108733 10
54.772245 18
90.625010 11
15.714983 63
496.460027 1
65.170828 15
21.102011 47
94.425590 10
58.612569 17
47.793205 20
54.608715 18
7.939085 125
44.015350 22
969.563805 1
41.754205 23
97.902530 10
5.625106 177
41.447409 24
176.732425 1
98.396776 10
2.770291 360
95.753030 10
15.020463 66
37.834716 26
92.532322 10
63.252839 15
26.652542 37
917.180219 1
10.968564 91
69.261450 14
6.987662 143
10.079195 99
72.902817 13
59.952023 16
61.919509 16
4.983721 200
38.363271 26
4.541800 220
31.106467 32
25.884842 38
68.672616 14
27.449278 36
75.150591 13
37.265979 26
54.956365 18
79.577038 12
36.659652 27
49.616947 20
2.929696 1
21.150546 47
46.605452 21
95.936165 10
812.537764 1
49.712629 20
781.610520 1
54.111534 18
30.038564 33
56.936381 17
90.008297 11
71.883365 13
67.660879 14
19.674880 50
27.486569 36
15.815568 63
54.578904 18
43.709047 22
5.685483 175
93.915552 10
10.533902 94
38.427155 26
48.352343 20
44.684715 22
569.749816 1
26.459804 37
17.627479 56
30.697712 32
81.174021 12
24.413646 40
13.742500 72
61.891157 16
90.647693 11
47.325255 21
57.487279 17
45.006151 22
90.597408 11
49.708103 20
66.013419 15
9.058721 110
68.718135 14
83.940153 11
54.589302 18
93.572629 10
87.930999 11
66.386990 15
66.116155 15
607.764584 1
81.385645 12
47.290740 21
10.415980 96
47.673444 20
68.501578 14
3.976548 251
42.517391 23
29.034075 34
94.594072 10
91.139997 10
92.242273 10
87.271350 11
68.348741 14
2.530608 395
379.799804 1
79.403522 12
87.035836 11
32.049678 31
50.087303 19
86.939739 11
5.669184 176
93.932722 10
20.024450 49
81.582824 12
13.008995 76
93.724040 10
89.975634 11
92.748260 10
76.980470 12
93.032709 10
58.545369 17
6.672610 149
71.796916 13
98.208644 10
25.856706 38
44.635273 22
33.378356 29
31.041676 32
18.216554 54
45.300362 22
13.733068 72
78.243272 12
45.067194 22
27.515245 36
296.800203 1
89.826463 11
145.396230 1
70.936147 14
87.760264 11
804.372188 1
7.901341 126
53.659920 18
19.853244 50
21.205412 47
82.042958 12
46.117189 21
95.346380 10
31.101411 32
70.223465 14
27.593814 36
5.637544 177
22.671318 44
46.487903 21
32.951385 30
24.018979 41
94.181026 10
53.585089 18
93.361775 10
92.043157 10
30.142071 33
85.544563 11
11.598102 86
32.583535 30
6.180021 161
22.951255 43
32.999197 30
80.874386 12
48.103890 20
2.792673 358
52.916389 18
17.191482 58
937.798405 1
52.846488 18
549.580565 1
29.489609 33
93.516776 10
86.512468 11
17.526002 57
81.632323 12
3.809821 262
75.013137 13
57.586621 17
76.608022 13
694.796718 1
65.992513 15
31.612727 31
75.009797 13
64.115848 15
35.332587 28
85.589270 11
15.635085 63
11.316321 88
68.313986 14
19.935674 50
58.717769 17
25.862052 38
160.706094 1
21.374329 46
46.449093 21
62.622982 15
40.615377 24
70.734958 14
34.921800 28
5.340382 187
1.829219 546
69.227323 14
61.827527 16
507.593499 1
96.189361 10
91.060272 10
63.097626 15
62.129529 16
24.328405 41
20.846478 47
81.984170 12
88.940977 11
33.458016 29
78.151628 12
292.383010 1
8.384404 119
28.052879 35
49.118948 20
28.942197 34
63.594265 15
49.388572 20
80.400490 12
47.457808 21
33.146589 30
90.605223 11
92.433965 10
44.454136 22
51.167479 19
90.112733 11
36.521211 27
40.064215 24
83.185177 12
65.089368 15
42.511144 23
3.201123 312
54.069782 18
92.810148 10
44.731638 22
92.700981 10
47.349349 21
35.602420 28
48.496107 20
53.849302 18
22.647427 44
93.501341 10
82.425134 12
14.436054 69
73.118391 13
77.909167 12
95.963458 10
99.983434 10
2.154580 464
76.204558 13
97.601958 10
25.539175 39
63.339290 15
57.281291 17
16.657627 60
98.902055 10
11.948292 83
87.712571 11
33.089478 30
62.909909 15
3.926917 254
38.067910 26
85.917438 11
29.994746 33
53.788646 18
69.712195 1
84.866831 11
24.359737 41
11.271396 88
67.609894 1
33.167830 30
13.541813 73
1.037107 964
99.367348 10
65.125043 15
84.308788 11
53.168284 18
17.599518 56
34.692708 28
11.855163 84
96.471815 10
4.537613 220
98.762766 10
80.643523 12
11.476052 87
60.953686 16
28.044390 35
85.135543 11
69.747159 14
91.318291 10
91.565126 10
47.012960 21
35.759945 27
54.150018 18
15.885663 62
33.798815 29
96.443555 10
62.046704 16
35.366401 28
88.899141 11
57.115710 17
70.926533 14
631.927075 1
87.166237 11
70.774748 14
98.994242 10
98.160334 10
75.107029 13
63.061474 15
75.149822 13
19.296416 51
4.449136 224
67.337688 14
10.002461 99
532.789118 1
57.792360 17
46.334690 21
5.307704 188
53.630606 18
30.769328 32
42.074073 23
86.378525 11
431.592754 1
52.457293 19
191.866352 1
68.781217 14
16.391722 61
53.718983 18
3.196378 312
21.282047 46
65.439295 15
89.882648 11
23.556053 42
65.585284 15
48.438679 20
2.531692 394
54.494828 18
1.771019 564
71.643683 13
56.440869 17
31.658270 31
919.686298 1
76.422795 13
61.193062 16
79.886325 12
5.334102 187
52.270259 19
47.872281 20
54.894907 18
39.382166 25
39.786601 25
47.711065 20
64.635894 15
65.872686 15
91.953313 10
66.334421 15
27.556075 36
33.059668 30
42.207058 23
40.798724 24
94.362148 10
92.829790 10
75.488560 13
75.049523 13
18.043244 55
652.407176 1
89.132483 11
5.454875 183
28.736683 34
59.916333 16
36.816797 27
19.207943 52
19.057232 52
23.294145 42
91.609083 10
17.263276 57
4.305733 232
58.754220 17
93.267162 10
289.857372 1
49.758986 20
67.797916 14
62.159875 16
23.249058 43
13.667825 73
52.829826 18
89.228169 11
93.535760 10
5.973876 167
35.409253 28
9.070296 110
50.196377 19
59.863115 16
67.032578 14
28.247054 35
16.353597 61
65.304073 15
15.251805 65
15.892755 62
94.594898 10
92.634160 10
47.731920 20
8.693425 115
18.488959 54
8.895668 112
54.267174 18
412.667840 1
87.386063 11
61.117849 16
263.954712 1
67.334895 14
864.007528 1
38.450962 26
47.274576 21
5.620051 1
74.298516 13
38.820029 25
99.990969 10
3.330294 300
91.484962 10
228.019576 1
643.704772 1
50.293339 19
84.535528 11
2.362311 423
1.516157 659
410.983076 1
691.426819 1
6.570367 152
50.920167 19
13.880863 72
66.575256 15
51.674242 19
80.912740 12
72.717055 13
213.081990 1
49.061486 20
19.325157 51
52.769381 18
23.917765 41
28.921626 34
35.051747 28
46.199588 21
729.365949 1
41.044219 24
60.628042 16
99.421043 10
45.282557 22
89.894330 11
11.834814 84
28.880416 34
52.060379 19
90.811101 11
83.439542 11
1.804888 554
589.458150 1
98.929485 10
14.690021 1
99.248626 10
84.434065 11
35.564676 28
17.909691 55
4.140661 241
66.775304 14
87.240040 11
155.210005 1
58.343691 17
79.241112 12
4.734501 211
83.804148 11
71.950711 13
567.758739 1
33.439216 29
54.300362 1
58.673027 17
74.207544 13
315.263606 1
874.725297 1
1.476504 677
97.649385 10
464.640201 1
625.099296 1
24.465710 40
81.240740 12
78.637788 12
74.784072 13
18.720815 53
93.110925 10
50.560507 19
2.909289 343
37.992350 26
12.241504 81
83.913103 11
37.010533 27
19.131127 52
91.141644 10
84.828603 11
48.847924 20
27.064192 36
10.315698 96
93.194650 10
28.788218 34
822.352336 1
32.262932 30
22.176889 45
47.241176 21
18.351706 54
4.359974 229
92.876780 10
18.602286 53
16.025102 62
82.304318 12
2.071911 482
59.573036 16
96.618441 10
94.207197 10
43.671545 22
97.602872 10
57.855870 17
26.439662 37
52.029208 19
88.843449 11
4.847917 206
89.010802 11
384.195552 1
82.072539 12
82.310720 12
54.779048 18
6.943085 144
40.454435 24
42.899344 23
617.601293 1
82.805450 12
56.391970 17
67.059871 14
22.505125 44
40.820701 24
2.051992 487
320.827972 1
50.548397 19
4.611844 216
38.268084 26
20.003655 49
50.110974 19
79.224366 12
18.434870 54
26.787138 37
30.587578 32
48.577304 20
78.060801 12
51.787173 19
33.395190 29
472.020436 1
59.658312 16
24.497236 40
79.571703 12
71.483207 13
61.527777 16
99.465030 10
90.931021 10
26.302537 38
61.432547 16
82.094509 12
95.922615 10
21.848601 45
41.154813 24
39.884441 25
19.842638 50
17.660550 56
64.908571 15
82.320499 12
93.497068 10
68.839565 14
504.264542 1
958.540454 1
84.083053 11
66.566062 15
66.442839 15
43.658406 22
36.965388 27
69.770186 14
44.089525 22
12.537648 79
50.538903 19
68.420724 14
88.301832 11
3.657090 273
97.502240 10
53.828321 18
53.439721 18
1.404779 711
8.644743 115
90.130531 11
38.096565 26
92.967225 10
88.258013 11
8.415029 118
96.277902 10
646.336830 1
882.200462 1
809.367373 1
8.239836 121
89.953546 11
56.891597 17
44.232793 22
20.861048 47
38.218384 26
90.625276 11
62.410824 16
461.696482 1
51.309088 19
7.501137 133
50.195891 19
316.738918 1
19.388420 51
3.614985 276
4.994798 200
55.733979 17
80.782211 12
70.987535 14
23.607744 42
811.187863 1
52.332210 19
679.368031 1
61.799760 16
58.149538 17
85.877465 11
80.289735 12
56.406187 17
55.020330 18
23.616498 42
3.192859 313
86.815310 11
57.954720 17
73.671783 13
46.165075 21
93.844249 10
2.973661 336
21.410399 46
5.934013 168
469.052352 1
34.074654 29
80.303937 12
34.456128 29
2.480449 403
68.752166 14
81.914482 12
96.632372 10
87.310304 11
3.874678 258
1.102662 906
77.887904 12
21.537992 46
86.250553 11
92.249224 10
97.316661 10
41.403192 24
51.756397 19
14.584661 68
77.331854 12
10.109047 98
7.973524 125
8.687331 115
476.268467 1
96.966779 10
13.427015 74
6.109885 163
24.554657 40
88.199684 11
16.170487 61
81.574805 1
38.185201 26
94.217712 10
45.523152 21
5.875240 170
95.434979 10
42.102142 23
16.082814 62
29.378350 34
89.300401 11
37.781035 26
50.436036 19
29.929617 33
12.425661 80
94.236128 10
44.876017 22
79.204856 12
19.224108 52
45.644327 21
68.454020 14
71.445445 13
77.706717 12
47.330255 21
48.496249 20
21.631402 46
9.325164 107
7.322253 136
98.727487 10
87.982285 11
15.608630 64
86.882496 11
56.582569 17
49.873111 20
69.164014 14
854.474328 1
582.148771 1
64.021343 15
9.899847 101
21.397411 46
80.584028 12
75.811926 13
35.434172 28
30.487573 32
58.818683 17
88.318924 11
5.406712 184
11.151100 89
12.768472 78
19.985102 50
77.685369 12
44.370719 22
57.740030 17
20.609954 48
41.352294 24
50.448099 19
25.511595 39
44.746593 22
44.973785 22
3.988155 250
28.980303 34
95.485899 10
89.637277 11
77.113184 12
17.982721 55
583.195946 1
14.388916 69
25.461193 39
30.096262 33
55.239529 18
95.997606 10
83.898600 11
88.567386 11
800.043384 1
43.054344 23
24.619139 40
53.342246 18
86.124785 11
56.869803 17
18.462570 54
3.479820 287
95.313686 10
69.323064 14
43.964525 22
238.373239 1
32.551675 30
31.454834 31
77.246648 12
15.016308 66
39.915906 25
62.734586 15
33.333219 30
1.402507 713
93.936047 10
61.318636 16
60.675757 16
12.452256 80
33.669847 29
61.364299 16
97.291835 10
71.962986 13
81.134942 12
56.246430 17
42.270276 23
28.810777 34
53.243966 18
840.762473 1
3.801414 263
81.339644 12
18.732202 53
68.047029 14
52.590960 19
84.643741 11
80.758085 12
64.135976 15
69.139114 14
12.439777 80
21.454879 46
52.246290 19
52.273709 19
52.976794 18
95.749692 10
31.880295 31
75.578681 13
25.832062 38
32.585714 30
54.809024 18
66.873085 14
23.953250 41
57.600843 17
77.257489 12
42.218920 23
97.332012 10
47.334662 21
38.643766 25
19.478890 51
97.559454 10
54.694434 18
67.765618 14
23.172283 43
29.268829 34
300.566761 1
110.394799 1
56.653627 17
93.519720 10
6.453382 154
97.687037 10
76.803988 13
73.838623 13
37.660977 26
78.040124 12
33.948147 29
69.829280 14
83.749245 11
73.327402 13
80.418243 12
73.068356 13
89.277849 11
77.390474 12
787.120689 1
14.533543 68
45.126840 22
75.280794 13
9.867876 101
78.949957 12
66.324147 15
14.773991 67
75.292590 13
32.758512 30
515.216154 1
99.278561 10
36.131122 27
65.299988 15
88.956963 11
37.821703 26
8.218230 121
40.129953 24
8.032292 124
8.786289 113
73.820033 13
61.139858 16
932.019915 1
24.229638 41
87.318751 11
26.725435 37
19.736395 50
11.806491 84
87.067274 11
17.957664 55
101.195771 1
56.337425 17
1.434075 697
24.998526 40
65.212359 15
70.473314 14
69.027601 14
56.711249 17
797.553394 1
32.738712 30
61.574656 16
21.106291 47
416.716444 1
89.086032 11
43.145659 1
71.888443 13
3.036284 329
53.084032 18
59.142474 16
90.961420 10
70.333258 14
83.822800 11
56.496463 17
94.532501 10
52.930905 18
851.614554 1
33.356352 29
31.445805 31
931.543137 1
92.378508 10
86.570127 11
48.335669 20
7.009150 142
11.136009 1
62.505069 15
45.478951 21
62.145036 16
530.191708 1
175.129805 1
4.132284 241
45.370898 22
85.618849 11
31.317008 31
48.033503 20
5.967985 167
5.583791 179
51.027662 19
329.326361 1
81.928294 12
90.704057 11
478.595899 1
45.609397 21
31.420789 31
94.330700 10
22.954802 43
430.968685 1
360.449930 1
54.657730 18
8.750344 114
84.980568 11
48.071083 20
56.062912 17
16.364715 61
43.517033 22
57.300916 17
24.919326 40
63.512136 15
52.060234 19
28.139999 35
80.604799 12
648.464287 1
57.914001 17
95.445372 10
18.131910 55
33.227331 30
32.087841 31
47.417974 21
28.478948 35
49.943218 20
36.106011 27
31.498920 31
84.003017 11
36.577077 27
75.528463 13
986.969761 1
3.546281 281
60.791694 16
92.608348 10
46.575875 21
23.125888 43
84.661215 11
95.799046 10
91.958065 10
83.898358 11
27.509753 36
31.249534 32
6.557415 152
89.359491 11
64.428952 15
44.263551 22
858.167677 1
44.319094 22
2.046224 488
16.036396 62
37.632233 26
55.514123 18
634.624891 1
16.333490 61
29.182734 34
95.694062 10
159.563250 1
26.627637 37
7.725070 129
39.086995 25
512.988024 1
650.733110 1
9.989151 100
85.606501 11
19.875939 50
357.988498 1
65.562512 15
284.373688 1
35.729435 27
224.460773 1
11.949195 83
62.567118 15
73.268749 13
69.416635 14
94.750437 10
51.282254 19
19.830827 50
28.825075 34
55.178983 18
80.485192 12
95.478881 10
92.044313 10
82.574175 12
929.689939 1
28.626768 34
7.008667 142
30.403070 32
21.936216 45
48.863029 20
39.626017 25
21.544562 46
63.966987 15
39.007606 25
60.720530 16
58.660469 17
27.497624 36
10.374141 96
73.455697 13
29.819662 33
41.442360 24
19.548225 51
59.445340 16
3.993082 250
52.175362 19
44.153241 22
96.265665 10
3.083310 324
39.910452 25
77.624654 12
42.202835 23
39.455790 25
92.928481 10
44.213822 22
83.544281 11
32.197890 31
697.379277 1
79.520437 12
33.424915 29
36.455920 27
6.676840 149
9.889033 101
62.455856 16
65.192618 15
88.221354 11
61.871718 16
61.447367 16
40.566269 24
42.635134 23
48.245404 20
91.606004 10
23.562269 42
37.001560 27
78.824723 12
75.343304 13
27.531953 36
35.563773 28
90.731757 11
584.753472 1
8.043791 124
585.195813 1
545.294980 1
42.680607 23
95.252331 10
50.699500 19
82.947277 12
25.348457 39
21.385141 46
7.756838 128
20.000959 49
83.372173 11
59.394358 16
74.123729 13
14.345168 69
71.566953 13
38.365043 26
26.340870 37
14.271711 70
83.199057 12
91.782369 10
61.276729 16
20.232143 49
40.082300 24
53.783850 18
98.127591 10
34.602624 28
40.468070 24
36.206970 27
15.731310 63
5.301608 188
575.337333 1
68.753827 14
88.063850 11
23.929159 41
86.816057 11
75.622220 1
53.563453 18
55.981852 17
67.789929 14
86.503716 11
11.446752 87
941.274483 1
88.196314 11
82.678342 12
61.167091 16
75.017287 13
81.590268 12
32.878850 30
11.899505 84
69.817320 14
33.344182 29
32.014788 31
23.149304 43
40.025726 24
41.965024 23
30.961121 32
22.772730 43
61.010389 16
57.636621 17
85.589945 11
25.540570 39
66.697432 14
32.156106 31
27.131803 36
9.850496 101
61.963311 16
49.749473 20
6.642168 150
74.486026 13
43.322915 23
34.201732 29
66.207269 15
44.838661 22
37.090178 26
66.512623 15
19.582328 51
79.405136 12
93.180886 10
57.133400 17
51.559455 19
28.255762 35
26.983449 37
19.317002 51
84.722166 11
793.862432 1
857.143327 1
99.350364 10
92.845202 10
57.633107 17
78.413147 12
38.123771 26
49.115332 20
25.139904 39
67.449578 14
70.841201 14
30.400468 32
75.894113 13
57.362633 17
519.030022 1
22.794312 43
43.029996 23
47.395257 21
52.230861 19
54.858368 18
31.072451 32
59.794343 16
33.715772 29
86.952212 11
73.163619 13
64.609567 15
28.069022 35
97.745733 10
247.040924 1
19.289488 51
15.497392 64
15.941351 62
43.646305 22
82.784344 12
91.889029 10
17.695417 56
14.979065 66
4.884090 204
42.964422 23
66.543880 15
924.664267 1
86.597886 11
96.588004 10
6.006697 166
2.416961 413
36.429769 27
443.257581 1
37.160257 26
74.733658 13
79.034425 12
128.550072 1
43.495173 22
380.622949 1
55.628266 17
209.971665 1
750.331813 1
493.084558 1
56.156262 17
90.123363 11
74.830439 13
5.669176 176
74.383083 13
44.982528 22
39.394991 25
46.221657 21
73.171158 13
888.923298 1
85.992031 11
68.904027 14
863.803277 1
35.736432 27
31.240508 32
52.927721 18
53.833460 18
47.365381 21
68.669990 14
5.746607 174
37.908926 26
56.538121 17
70.643606 14
2.032020 492
42.559595 23
67.538215 14
60.689965 16
294.499489 1
45.984705 21
11.760337 85
2.693231 371
21.060398 47
60.192600 16
3.664290 272
16.294108 61
19.782831 50
94.508446 10
69.172902 14
59.507599 16
77.473101 12
913.309340 1
86.693990 11
760.687292 1
71.347802 14
37.507027 26
31.773881 31
77.324742 12
62.390966 16
14.595700 68
90.328934 11
39.539045 25
32.710905 30
79.639881 12
2.370106 421
69.581861 14
2.030296 492
18.564460 53
24.466216 40
497.954813 1
106.755285 1
796.336966 1
10.457559 95
21.403376 46
33.778710 29
55.579943 17
61.185438 16
699.939721 1
19.528191 51
17.967428 55
25.849811 38
63.363469 15
944.441885 1
38.144552 26
58.010862 17
75.110425 13
20.435486 48
18.770765 53
30.673791 32
26.953741 37
31.868391 31
21.034148 47
454.036074 1
42.760480 23
26.677543 37
31.939159 31
56.888255 17
49.121521 20
88.501488 11
5.699716 175
42.489020 23
2.826718 353
70.393521 14
81.760760 12
5.481802 182
58.657574 17
64.460153 15
49.192993 20
32.348827 30
6.656324 150
36.951861 27
41.958465 23
90.412502 11
32.961036 30
85.292912 11
21.937840 45
685.282185 1
28.087089 35
77.494224 12
44.917473 22
46.596460 21
55.930816 17
71.481985 13
8.349416 119
28.925675 34
75.866862 13
3.151403 317
53.480981 18
36.068110 27
35.953384 27
55.371482 1
61.112839 16
91.571751 10
78.318183 12
27.290892 36
30.946392 32
83.705723 11
67.452983 14
163.618392 1
66.687074 14
367.009909 1
21.625802 46
16.566039 60
73.398520 13
11.035839 90
77.796086 12
11.838155 84
88.313006 11
90.510705 11
80.717589 12
43.380301 23
61.230134 16
17.336080 57
782.459377 1
46.408564 21
22.910287 43
58.738157 17
70.415420 14
86.601621 11
91.592721 10
14.142161 70
44.347273 22
75.782953 13
65.661360 15
7.814897 127
29.999889 33
55.580590 17
97.656725 10
4.176470 239
12.873802 77
23.464704 42
79.258246 12
5.308746 188
43.449533 23
94.239733 10
11.862258 84
94.544203 10
38.453854 26
5.420762 184
89.614854 11
3.310878 302
17.876562 55
792.340705 1
65.773074 15
97.505420 10
73.015945 13
23.978936 41
55.833950 17
41.215210 1
63.384371 15
83.219629 12
23.769786 42
96.371794 10
76.012960 13
1.159737 862
9.921698 100
4.999334 200
6.561585 152
61.712201 16
84.846152 11
76.668243 13
29.437366 33
78.817362 12
86.165940 11
26.376658 37
74.985461 13
74.023236 13
64.450752 15
19.690028 50
39.389611 25
768.976601 1
68.133005 14
99.227325 10
51.088887 19
94.366552 10
96.237632 10
6.859287 145
56.549096 17
88.939664 11
11.748993 85
11.866988 84
460.686703 1
29.709347 33
32.278219 30
34.697037 28
49.018376 20
58.365480 17
599.425683 1
95.426265 10
30.008626 33
55.808319 17
97.406438 10
40.224669 24
166.368753 1
72.327257 13
68.644508 14
65.331666 15
99.579109 10
14.063429 71
34.619312 28
41.574622 24
46.395515 21
88.138012 11
46.426781 21
53.336235 18
49.785441 20
29.166862 34
86.753369 11
79.390732 12
22.128095 45
48.954616 20
8.012055 124
91.789192 10
75.856526 13
24.672171 40
35.702248 28
10.128421 98
67.715158 14
87.319103 1
10.113491 98
3.386424 295
51.606676 19
34.235567 29
64.151072 15
77.759752 12
72.844934 13
241.008885 1
15.888428 62
32.452462 30
13.865639 72
62.556749 15
64.728103 15
9.484992 105
50.978945 19
276.762849 1
43.473951 23
659.063084 1
81.123130 12
66.404082 15
38.163726 26
20.458400 48
28.945035 34
55.326409 18
73.206664 13
34.855149 28
29.228512 34
30.938194 32
45.399067 22
33.593294 29
386.142174 1
1.992801 501
82.106172 12
33.856264 29
56.697383 17
31.698327 31
80.162311 12
95.429728 10
9.052124 110
74.621105 13
59.809863 16
55.472818 18
65.270662 15
605.239174 1
81.595217 12
80.423955 12
385.897920 1
93.688649 10
42.871879 23
50.211240 19
45.742346 21
12.252538 81
16.812358 59
73.423986 13
29.676857 33
132.952706 1
2.878581 347
2.702334 370
2.906086 344
60.481214 16
64.824023 15
54.342399 18
29.084750 34
7.616575 131
74.881041 13
27.283962 36
21.809804 45
62.161026 16
70.873060 14
45.713791 21
52.677514 18
8.520428 117
18.735276 53
64.409221 15
26.630187 1
358.039209 1
90.090389 11
485.126255 1
49.009695 20
37.199695 26
32.421027 30
2.555892 391
27.226248 36
30.512117 32
12.642114 79
17.210362 58
46.721822 21
44.583096 22
44.255105 22
35.639613 28
682.043902 1
54.873176 18
76.188362 13
28.779251 34
13.108906 76
50.731531 19
18.879765 52
967.000844 1
97.813374 10
72.303811 13
54.458390 18
33.743252 29
4.049623 246
89.218360 11
54.802183 18
61.593977 16
41.659182 24
17.403247 57
94.236619 10
8.601124 116
27.321565 36
25.994720 38
97.615478 10
97.363959 10
30.425288 32
926.395868 1
91.400192 10
36.847703 27
54.509125 18
27.286603 36
21.025684 47
88.125483 11
30.542085 32
76.357413 13
92.184573 10
21.821547 45
93.127868 10
45.650860 21
60.494673 16
13.073972 76
55.347490 18
21.421269 46
18.334260 54
35.074010 28
54.172621 18
18.750450 53
61.580781 16
70.180155 14
60.785628 16
30.528952 32
53.487629 18
695.719744 1
79.377652 12
33.340097 29
91.039146 10
6.038147 165
82.283819 12
56.917762 17
46.238465 21
9.154525 109
15.415141 64
51.176640 19
76.553036 13
46.872405 21
54.624081 18
67.864801 14
91.753652 10
50.282906 19
30.732952 32
71.245762 14
40.848514 24
28.560719 35
47.408679 21
12.966867 77
76.769006 13
27.551368 36
57.524473 1
44.913924 22
59.887008 16
1.214140 823
26.804513 37
52.432747 19
26.970840 37
91.525215 10
383.893979 1
7.234102 138
70.853562 14
3.378339 296
562.894351 1
66.487050 15
4.896503 204
4.646725 215
112.671789 1
936.293195 1
28.877677 34
81.929640 12
20.308260 49
252.593288 1
12.453880 80
91.033188 10
57.157808 17
3.981773 251
51.040119 19
63.704767 15
62.834533 15
83.354263 11
69.504663 14
10.043636 99
51.877785 19
83.011819 12
33.858321 29
66.091107 15
29.168115 34
10.315139 96
81.524244 12
33.662053 29
192.124157 1
51.953338 19
7.169071 139
98.015404 10
51.889610 19
61.696864 16
47.117842 21
65.579027 15
88.682273 11
17.185143 58
75.051783 13
71.184868 14
11.864361 84
23.307109 42
58.579727 17
422.891440 1
53.622098 18
2.917229 342
95.764109 10
50.760367 19
34.567497 28
24.692027 40
35.866532 27
271.428114 1
57.851470 17
998.172257 1
58.184151 17
54.953815 18
88.076835 11
488.642086 1
98.833667 10
79.683201 12
49.530331 20
74.654131 13
474.819073 1
27.698564 36
85.945700 11
83.313378 12
61.761798 16
64.636147 15
65.058408 15
51.703402 19
89.480608 11
81.003166 12
73.927595 13
50.043302 19
30.082947 33
54.808175 18
1.812252 551
42.700844 23
69.862733 14
91.215990 10
88.279680 11
28.786123 1
47.467555 21
38.648069 25
64.230571 15
72.158555 13
38.995381 25
99.012237 10
769.708201 1
3.956491 252
46.646260 21
35.965580 27
56.050484 17
269.191755 1
98.762226 10
50.632653 19
40.641649 24
34.710375 28
92.042117 10
22.421696 44
16.420060 60
94.020904 10
53.575976 18
86.654963 11
46.897420 21
40.107825 24
736.808624 1
22.330009 44
940.254131 1
48.546020 20
123.456488 1
76.717194 13
78.804233 12
89.063097 11
50.660780 19
2.235251 447
21.891786 45
41.364773 24
11.480576 87
18.971173 52
46.407872 21
97.445903 10
14.331722 69
13.452101 74
13.112733 76
35.085295 28
74.530980 13
80.207882 12
11.365313 87
92.070811 1
59.276455 16
59.481673 16
47.998349 20
32.085462 31
43.005866 23
49.086354 20
66.143667 15
67.106824 14
44.237838 22
561.983559 1
25.357388 39
6.576754 152
16.536270 60
14.212499 70
47.409021 21
52.926029 18
89.042425 11
29.721345 33
63.655303 15
58.891123 16
25.629459 39
13.005917 76
91.912331 10
42.909037 23
7.952484 125
92.792958 10
79.042887 12
32.541659 30
10.004258 99
76.366243 13
67.264873 14
71.546813 13
70.867572 14
40.271745 24
97.487733 10
8.797497 113
5.100076 196
78.653542 12
22.012852 45
13.954205 71
50.395104 19
90.881050 11
45.147303 22
76.209951 13
56.583718 17
93.263985 10
81.932075 12
724.140058 1
53.057898 18
81.434194 12
78.284690 12
64.814564 15
65.137104 15
37.301230 26
604.276209 1
58.773631 17
9.637283 103
47.294471 21
77.754582 12
21.878168 45
38.824483 25
63.396501 15
832.684346 1
92.767780 10
72.011217 1
67.461852 14
73.439555 13
19.217750 52
67.121666 14
93.341701 10
169.295720 1
88.431512 11
64.458066 15
99.583065 10
37.187006 26
10.600458 94
90.401796 11
20.187725 49
46.189231 21
99.543931 10
66.744174 14
31.241383 32
23.020408 43
683.661105 1
40.676733 24
20.820594 48
23.627277 42
92.394568 10
56.019939 17
91.543096 10
92.628294 10
54.022594 18
55.721950 17
32.933076 30
911.969942 1
1.735189 576
38.124948 26
39.834367 25
54.450555 18
72.893704 13
217.023452 1
88.168205 11
19.837808 50
4.906504 203
78.806455 12
25.284346 39
68.723397 1
52.830668 18
3.473287 287
73.732837 13
35.206513 28
897.929017 1
50.114228 19
12.246726 81
57.522401 17
52.084001 19
97.012435 10
76.865937 13
19.194133 52
70.903239 14
88.196490 11
148.052504 1
16.803254 59
44.281888 22
64.119523 15
91.614554 10
93.902847 10
34.023012 29
29.821951 33
68.958290 14
7.166570 139
67.546215 14
86.172090 11
17.459719 57
207.582309 1
22.312542 44
48.483914 20
96.752023 10
54.537799 18
93.366085 10
20.963277 47
72.634801 13
5.327422 47
45.092323 22
77.698826 12
8.453313 118
25.969059 38
25.273858 39
74.013338 13
26.772434 37
41.198494 24
53.557262 18
37.799364 26
97.797561 10
15.978234 62
26.291209 38
68.242119 14
54.426521 18
62.863349 15
68.890502 14
92.274074 10
72.145593 13
314.050563 1
44.256397 22
85.099722 11
37.488559 26
40.260089 24
304.177677 1
14.728029 67
977.518492 1
68.894291 14
33.759831 29
44.738695 22
57.458764 17
63.114111 15
72.030422 13
78.593286 12
38.367603 26
653.166899 1
47.248239 21
9.407164 106
2.321281 430
96.263494 10
83.165780 12
26.901128 37
17.647756 56
10.393855 96
86.418753 11
50.157959 19
428.136443 1
66.961618 14
35.733983 27
54.460440 18
45.958347 21
5.512482 181
81.661269 12
756.707627 1
77.650087 12
351.286513 1
38.690192 25
17.297271 57
42.732237 23
1.739369 574
21.360565 46
93.043471 10
448.343927 1
27.599023 36
43.027153 23
29.166133 34
10.754943 92
34.468473 29
61.785368 16
55.652636 17
25.553183 39
76.686645 13
31.681938 31
58.904302 16
47.966115 20
68.709973 14
9.697692 103
99.718980 10
89.960201 11
95.976361 10
869.282139 1
79.599649 12
786.985476 1
54.048968 18
83.538584 11
45.942185 21
77.623778 12
2.510280 398
16.438965 60
43.602152 22
61.607777 16
91.318085 10
47.627906 20
74.294486 13
60.132115 16
24.494424 40
76.666541 13
86.812800 11
16.076353 62
97.884449 10
79.814336 12
558.855695 1
20.387865 49
5.245957 190
60.155331 16
104.200457 1
95.818088 10
73.296689 13
29.537926 33
713.739626 1
13.931902 71
9.359876 106
66.034731 15
44.067534 22
13.834688 72
82.148914 12
92.687572 10
5.353455 186
411.972992 1
26.090840 38
883.814437 1
821.703269 1
95.285752 10
45.186392 22
73.653908 13
25.417275 39
12.154100 82
21.343387 46
21.500247 46
24.737835 40
89.696763 11
44.928752 22
73.112585 13
46.908593 21
3.235631 309
13.120767 76
6.466968 154
7.830966 127
83.843423 11
72.454657 13
36.861639 27
74.128280 13
30.755050 32
80.148683 12
85.906729 11
90.860586 11
83.954114 11
71.048392 14
302.849951 1
88.382149 11
72.945291 13
274.525285 1
91.567119 10
42.993713 23
318.811285 1
38.657294 25
3.006414 332
57.989419 17
7.546101 132
4.196227 238
51.825207 19
56.980539 17
54.224708 18
20.622555 48
43.603360 22
84.550014 11
156.992675 1
45.117721 22
11.952509 83
87.802464 11
6.104192 163
41.520929 24
483.884371 1
27.404212 36
70.090938 14
23.821049 41
93.323118 10
89.498346 11
4.870315 205
27.798848 35
89.112710 11
82.969145 12
94.085096 10
369.733463 1
11.230596 89
27.479240 36
65.419307 15
27.771821 36
71.448937 13
15.349741 65
88.228517 11
98.926495 10
71.147682 14
83.464899 11
30.526881 32
616.553309 1
52.826150 18
11.705379 85
39.088658 25
892.745948 1
70.081554 14
64.278588 15
77.587245 12
26.857423 37
63.942781 15
36.460005 27
47.521452 21
85.943441 11
55.334505 18
7.828395 127
21.649510 46
63.495752 15
97.993011 10
57.558768 17
76.547008 13
83.913534 11
87.771463 11
76.027417 13
91.403801 10
87.590242 11
239.115237 1
70.574247 14
59.957051 16
25.767206 38
39.195058 25
15.604632 64
59.476811 16
10.099344 99
46.014400 21
60.006381 16
99.630078 10
644.407608 1
80.380802 12
18.379043 54
70.933347 1
41.696689 23
24.786708 40
88.156586 11
13.865811 72
45.187556 22
73.518310 13
17.942284 55
25.275189 39
552.706039 1
66.358718 15
757.776441 1
47.179113 21
72.178765 13
84.600173 11
715.392247 1
34.482357 29
97.491607 10
30.875723 32
53.596167 18
1.791660 558
31.573466 31
81.661475 12
88.137021 11
19.631304 50
80.209856 12
55.928571 17
71.472514 13
23.759928 42
43.172233 23
72.181704 13
2.569412 389
44.790821 22
96.458316 10
34.829557 28
49.267110 20
42.021975 23
53.777964 18
368.854629 1
95.366165 10
44.831516 22
89.681263 11
1.765458 566
65.331850 15
6.417913 155
62.039039 16
57.482488 17
97.537880 10
37.840625 26
60.581254 16
8.905214 112
35.386527 28
56.462072 17
26.411087 37
89.572904 11
94.440291 10
16.891994 59
46.137835 21
52.189200 19
96.763192 10
42.473044 23
27.378916 36
25.961369 38
66.537222 15
87.153063 11
99.601473 10
9.122656 109
92.472278 10
36.833753 27
18.384483 54
11.478880 87
61.880511 16
75.323257 13
77.356148 12
1.872110 534
55.738196 17
56.651308 17
19.817642 50
88.880056 11
64.193904 15
51.608658 19
38.290873 26
50.210826 19
38.185764 26
46.502572 21
87.343987 11
69.195717 14
96.929238 10
1.257039 795
94.189564 10
93.235419 10
40.212973 24
46.310924 21
37.679275 26
51.104071 19
5.400343 185
33.192172 30
87.941470 11
85.030216 11
31.788015 31
86.297913 11
28.028471 35
2.740560 364
2.930049 341
76.426943 13
13.088343 76
9.206516 108
15.335383 65
81.753966 12
90.395607 11
71.768887 13
79.558380 12
8.887164 112
61.125343 16
64.717041 15
7.355309 135
92.653541 10
66.143633 15
76.019474 13
38.635981 25
388.078525 1
4.999153 200
46.319871 21
36.834991 27
415.261048 1
88.356007 11
38.465021 25
17.675971 56
55.914940 17
48.787484 20
33.706387 29
92.801618 10
46.201968 21
64.150378 15
28.669395 34
59.049674 16
92.793299 10
12.036786 1
76.651058 13
23.278592 42
22.992480 43
231.253085 1
75.314551 13
51.188169 19
11.963931 83
26.350193 37
33.980707 29
93.258983 10
85.781000 11
758.867041 1
71.572056 13
97.368990 10
30.712585 32
491.428151 1
16.514353 60
88.760633 11
86.759076 11
2.505408 399
78.658405 12
97.681347 10
48.344335 20
39.124435 25
69.778650 14
393.843058 1
68.686834 14
45.225198 1
42.806399 23
55.589747 17
708.758569 1
60.374703 16
81.429314 12
32.597339 30
17.531155 57
93.576004 1
20.130336 49
68.948938 14
47.197275 1
298.188409 1
2.284986 437
44.650288 22
66.675154 14
29.143034 34
30.026855 33
57.949086 17
94.661060 10
86.696489 11
66.492359 15
69.631126 14
15.402901 64
91.609135 10
43.530416 22
85.145156 11
22.231742 44
945.926994 1
90.539613 11
337.990262 1
57.134352 17
67.546493 14
16.994790 58
71.388472 14
79.105531 12
38.758343 25
82.432540 12
8.589213 116
57.610026 17
22.071879 45
15.726399 63
13.861275 72
56.169000 17
89.282552 11
90.010927 11
99.936946 10
30.819484 32
41.914131 23
98.674553 10
620.621440 1
14.563995 68
50.555017 19
79.796764 12
7.854204 127
141.689280 1
66.397149 15
94.329030 10
69.100070 14
76.047394 13
70.666976 14
85.057950 11
1.842120 542
86.906310 11
48.664830 20
27.277696 36
53.026554 18
35.670194 28
551.769424 1
93.915277 10
9.878418 101
71.080042 14
85.365769 11
99.692774 10
40.859400 24
82.656352 12
41.793397 23
18.439595 54
56.751995 17
87.919321 11
42.717126 23
4.507625 221
99.077141 10
33.246224 30
58.926271 16
744.319481 1
39.014447 25
83.897103 11
1.579951 632
89.295819 11
64.780242 15
60.050651 16
5.926993 168
41.972696 23
7.905892 126
61.382795 16
43.771577 22
24.045876 41
34.086948 29
2.019680 495
966.379586 1
12.788749 78
1.834377 545
41.440917 24
36.792171 27
67.600100 14
25.582866 39
39.692130 25
54.975365 18
16.403466 60
55.875134 17
68.720549 14
83.500465 11
60.038766 16
33.143267 30
70.374229 14
55.176103 18
46.144651 21
56.227465 17
29.015979 34
64.405670 15
22.118240 45
55.241805 18
72.315061 13
14.380629 69
14.421574 69
28.283646 35
32.946994 1
82.211005 12
68.647079 14
63.879372 15
96.340537 10
38.910057 25
664.026138 1
32.052677 31
542.540688 1
41.930183 23
65.256979 15
22.079113 45
97.504216 10
13.248142 75
25.077722 39
13.707005 72
83.323468 12
38.943747 25
93.256547 10
67.785128 14
98.082710 10
97.334964 10
268.227214 1
63.995395 15
245.356619 1
62.945940 15
22.990066 43
726.513380 1
65.691348 15
53.710210 18
12.145327 82
53.596729 18
41.167463 24
50.634094 19
95.054720 10
62.702383 15
20.238625 49
60.031468 16
54.343278 18
51.453289 19
94.883812 10
86.043719 11
63.857474 15
24.001495 41
69.583192 14
37.956676 26
774.022144 1
74.424604 13
150.707113 1
45.160081 22
57.598552 17
20.661559 48
13.891719 71
36.575416 27
88.965081 11
6.081756 164
881.608308 1
46.180178 21
24.599370 40
13.583772 73
23.166715 43
97.321799 10
42.427781 23
39.529131 25
63.904370 15
47.800145 20
32.858701 30
40.364136 24
419.382173 1
76.198675 13
15.926386 62
10.946920 91
40.185030 24
22.744779 43
41.504619 24
81.650673 12
47.966232 20
38.183792 26
376.470321 1
26.499249 37
51.871112 19
20.276785 49
16.403966 60
28.953129 34
28.177549 35
64.760168 15
14.374246 69
69.589071 14
30.572473 32
49.806229 20
21.378914 46
63.413531 15
70.145338 14
45.005898 22
49.139330 20
195.339996 1
9.588128 104
33.687475 29
68.779477 14
81.704879 12
66.255988 15
600.824783 1
2.790773 358
7.403434 135
7.365962 135
94.388119 10
37.157615 26
34.958658 28
58.260336 17
918.165796 1
23.412900 42
69.710013 14
44.833318 22
50.783989 19
20.396513 49
16.655545 60
49.594679 20
75.019140 13
13.192520 75
28.741069 34
7.712859 129
89.852577 11
25.293333 39
70.018687 14
45.200571 22
22.263419 44
20.441386 48
67.727455 14
96.033178 10
91.041110 10
27.439798 36
62.726602 15
27.669024 36
290.990975 1
436.223170 1
46.066410 21
4.217672 237
91.074487 10
69.723780 14
834.687988 1
10.652341 93
51.088427 19
52.323210 19
669.769887 1
117.330119 1
11.891393 84
50.060591 19
10.502950 95
536.394473 1
39.776289 25
32.461376 30
51.109734 19
210.941348 1
84.323169 11
90.348085 11
69.965612 14
73.555811 13
17.883724 55
64.683026 15
10.404900 96
36.720740 27
87.019965 11
75.286483 13
23.702533 42
2.783421 359
424.504636 1
83.161277 12
539.891851 1
15.092937 66
901.882135 1
51.414506 19
61.579924 16
74.475488 13
33.994424 29
98.231783 10
51.747638 19
35.362022 28
18.010924 55
85.959868 11
72.345105 13
301.794965 1
17.586803 56
10.544607 94
51.059846 19
50.318294 19
92.469130 10
23.788778 42
87.118391 11
21.810626 45
67.475110 14
10.217660 97
11.092483 90
89.211652 11
71.761134 13
45.948923 21
39.297831 25
84.690177 11
57.575397 17
28.196155 35
64.726780 15
45.948603 21
58.112077 17
13.534556 73
86.776649 11
59.115430 16
11.643384 85
87.420262 11
35.066692 28
89.310763 11
3.791367 263
89.204289 11
906.371118 1
133.057624 1
89.817769 11
57.841067 17
6.827176 146
75.893110 13
35.595364 28
57.161736 17
92.482411 10
48.743515 20
55.039907 18
27.388692 36
10.874643 91
66.493670 15
9.571897 104
68.753857 14
84.629555 11
22.630320 44
52.268236 19
13.691050 73
77.186376 12
21.902717 45
75.594973 13
591.865540 1
21.811532 45
94.365704 10
49.570705 20
3.493158 286
66.551663 15
31.542710 31
889.567713 1
13.390313 74
12.845803 77
8.832576 113
59.843807 16
65.106976 15
9.195132 108
7.172978 139
35.895769 27
33.644170 1
12.024318 83
45.071651 22
86.873479 11
71.657887 13
31.713932 31
525.807741 1
109.388394 1
47.796596 20
33.628279 29
62.276818 16
32.279571 30
16.331963 61
99.306799 10
5.002033 199
680.856415 1
24.963434 40
63.919709 15
33.617915 29
12.322838 81
51.677464 19
50.148830 19
69.488473 14
26.171849 38
41.186922 24
65.719508 15
97.600977 10
84.093151 11
334.408575 1
43.416124 23
71.168624 14
93.485320 10
79.330003 12
57.401342 17
50.869540 19
212.077166 1
31.145679 32
75.224380 13
94.225271 10
4.726340 211
27.591433 36
28.983454 34
34.660096 28
99.506056 10
57.687703 17
98.028955 10
24.577268 40
65.781825 15
55.669842 17
68.940387 14
6.837793 146
19.516094 51
35.837212 27
1.491679 670
72.488085 13
19.979022 50
83.606499 11
69.973465 14
16.820374 59
69.594423 14
35.504547 28
41.081506 24
50.562055 19
93.837760 10
55.341216 18
85.583299 11
92.784975 10
87.197410 11
55.033047 18
43.022917 23
64.478753 15
608.665362 1
130.128398 1
14.538554 68
79.399881 12
14.362845 69
40.475277 24
4.764630 209
9.080938 110
13.219212 75
49.676569 20
550.294684 1
19.100653 52
60.877979 16
31.593403 31
36.744678 1
28.215417 35
61.293525 16
60.866369 16
85.587987 11
50.105949 19
59.997624 16
38.690471 25
506.580959 1
41.803144 23
76.801527 13
34.176785 29
349.816499 1
15.126027 66
40.482317 24
11.060486 90
81.448955 12
577.297947 1
56.977935 17
22.003051 45
89.176989 11
71.515630 13
52.890043 18
579.329118 1
53.196664 18
67.067313 14
24.267476 41
73.698114 13
15.563798 64
26.562534 37
9.914010 100
28.507761 35
86.226384 11
99.262888 10
40.423600 24
96.271932 10
45.487666 21
72.389706 13
261.562189 1
12.415339 80
666.063671 1
4.642637 215
23.019653 43
71.180892 14
45.514563 21
51.348339 19
34.516321 28
89.184988 11
95.284336 10
124.913325 1
96.282854 10
10.869261 92
19.217939 52
41.788939 23
30.015583 33
322.102330 1
61.219789 16
9.197155 108
71.492088 13
54.531446 18
816.002697 1
59.313326 16
39.532746 25
23.223123 1
31.496335 1
77.620812 12
24.628135 40
13.326367 75
74.921201 13
38.978136 25
67.940760 14
80.690094 12
6.513565 153
501.671288 1
20.149255 49
10.430519 95
42.780772 23
98.704674 10
593.242691 1
83.728505 11
74.672852 13
20.867469 47
26.735734 37
36.699776 27
24.676880 40
45.113694 22
16.242370 61
14.932096 66
41.014567 24
50.390687 19
25.138580 39
30.651078 32
78.438355 12
639.897297 1
13.769020 72
27.081439 36
54.325856 18
22.749939 43
47.233367 21
61.153138 16
51.198030 19
67.941112 14
83.173625 12
71.589555 13
5.090084 196
29.950435 33
17.855502 56
37.712437 26
14.017227 71
55.613952 17
60.487196 16
50.708315 19
41.368846 24
65.316336 15
12.445555 80
6.872608 145
93.219737 10
77.386811 12
87.463007 11
48.359482 20
14.281841 70
12.202081 81
57.730125 17
37.838612 26
1.728877 578
76.259439 13
6.598005 151
46.828466 21
36.649123 27
54.138225 18
4.595591 217
823.189457 1
10.619791 94
84.618519 11
43.366852 23
90.411267 11
76.657741 13
10.943533 91
19.753929 50
33.116105 30
870.495077 1
74.898747 13
54.598234 18
76.545793 1
82.009197 12
79.677076 12
76.536742 13
55.037424 18
76.781713 13
16.272592 61
85.590678 11
900.334828 1
50.261217 19
28.814255 34
87.729726 11
92.352218 10
62.350498 16
42.969875 23
948.116345 1
814.483490 1
60.590034 16
1.539677 649
96.746391 10
72.066577 13
26.633800 37
51.838865 19
4.116722 1
16.358688 61
4.023032 248
20.519283 48
81.669021 12
73.804000 13
79.267752 12
45.838402 21
45.931830 21
45.275150 22
56.810225 17
48.854047 1
42.259876 23
79.255452 12
305.656612 1
66.675384 14
84.764674 11
64.206366 15
46.070833 21
47.052140 21
180.422388 1
77.057402 12
31.411752 31
73.339637 13
63.398855 15
44.100180 22
29.311047 34
28.442265 35
39.446521 25
52.518508 19
56.569909 17
498.760950 1
61.758413 16
58.371755 17
63.285961 15
51.413295 19
77.640860 12
89.621085 11
51.214260 19
26.011711 38
218.741880 1
36.091647 27
15.494450 64
91.816831 10
58.981785 16
77.618665 12
47.202362 21
189.137794 1
2.693223 371
73.718597 13
90.735619 11
99.872017 10
6.660652 150
44.953863 22
79.410213 12
94.457851 10
88.830216 11
6.617924 151
41.494963 24
35.482071 28
6.732678 148
14.774489 67
623.590463 1
81.968118 12
143.415848 1
807.082746 1
57.606549 17
29.288994 34
755.517997 1
38.934296 25
61.999908 16
46.696901 21
92.416524 10
25.570919 39
31.574757 31
73.936597 13
41.302838 24
36.871213 27
44.749800 22
51.965746 19
65.187499 15
26.007931 38
42.255303 23
71.469581 13
761.686038 1
39.544288 25
87.884967 11
23.671911 42
40.205151 1
856.671654 1
16.943010 59
21.645830 46
2.544040 393
762.323262 1
94.749377 10
8.121935 123
24.552189 40
450.905772 1
1.870686 534
98.839102 10
85.725133 11
12.030139 83
39.168385 25
885.172415 1
2.523860 396
26.449116 37
255.662187 1
235.444939 1
9.470701 105
88.783862 11
28.513493 35
2.419997 413
79.735966 12
94.135791 1
89.354324 11
88.572908 11
721.896662 1
12.707623 78
4.895664 204
89.712778 11
33.276463 30
57.632156 17
39.822769 25
96.198785 10
63.279578 15
15.501146 64
55.618389 17
32.374049 30
86.662396 11
330.939866 1
11.964518 83
62.321138 16
923.508916 1
596.320561 1
815.479591 1
48.978583 20
961.208206 1
28.483480 35
16.703555 59
59.875315 16
3.633713 275
25.678182 38
16.310249 61
92.946243 10
46.164381 21
17.378269 57
68.115645 14
64.720921 15
22.898111 43
6.707970 149
25.572118 39
83.446498 11
15.486306 64
78.617685 12
68.096650 14
16.260618 61
4.502221 222
28.042545 35
77.102912 12
28.771996 34
335.536173 1
40.728927 24
71.708306 13
52.256510 19
30.622352 32
8.838741 113
9.641882 103
35.601171 28
58.732443 17
15.234877 65
85.646698 11
47.687616 20
256.157244 1
78.774917 12
111.123678 1
41.486711 24
627.467202 1
82.866587 12
21.168588 47
81.694431 12
72.835268 13
28.898475 34
63.626944 15
45.257420 22
820.373061 1
78.042255 12
96.254180 10
45.519913 21
99.504214 10
97.044793 10
28.673425 34
73.858769 13
40.824041 24
65.146684 15
54.791561 18
69.684387 14
79.566400 12
43.550913 22
61.089038 16
90.279935 11
79.514818 12
23.664494 42
5.257666 190
2.365072 422
16.286642 61
29.285644 34
72.913337 13
73.082615 13
62.180392 16
14.263930 70
37.384569 26
90.846770 11
20.463363 48
64.025090 15
516.458327 1
96.546595 10
89.395708 11
77.048294 12
514.453363 1
55.657257 17
62.521436 15
31.298368 31
91.936647 10
96.772199 10
2.089373 478
71.001753 14
18.899847 52
41.674906 23
11.473697 87
64.593170 15
8.547634 116
17.376259 57
68.954296 14
90.608895 11
50.873832 19
35.437384 28
953.400476 1
56.416971 17
71.962916 13
31.990428 31
440.732737 1
63.667059 15
74.142703 13
16.338111 61
14.103478 70
92.172445 10
48.998664 20
20.203352 49
68.819775 14
86.242345 11
83.906443 11
92.140804 10
62.676294 15
39.203358 25
81.368021 12
51.842390 19
99.099444 10
6.166963 162
34.150266 29
181.118037 1
85.598964 11
30.025717 33
20.676518 48
58.659378 17
674.152713 1
517.492100 1
61.113010 16
35.197890 28
366.160948 1
20.297326 1
39.276579 25
59.763904 16
240.675002 1
70.504383 14
14.686222 68
92.533164 10
38.538640 25
9.731148 102
17.301029 57
7.956338 125
105.928625 1
68.589874 14
49.662274 20
22.175821 45
29.349964 34
35.940585 27
802.658318 1
18.592701 53
41.762581 23
27.273891 36
16.320059 61
24.452771 40
47.997974 20
94.896852 10
71.029416 14
32.291258 30
2.291458 436
22.123786 45
71.480508 13
11.388099 87
66.540232 15
84.466446 11
23.703709 42
34.919262 28
54.629422 18
69.115808 14
82.512710 12
91.650734 10
824.083533 1
55.090542 18
73.102214 13
53.387687 18
27.838199 35
67.409400 14
24.888423 40
94.905834 10
42.021454 23
2.976693 335
81.302917 12
742.091116 1
61.213955 16
27.034508 36
14.078195 71
56.862707 17
36.720391 27
87.652943 11
57.411339 17
49.629831 20
13.522636 73
14.569038 68
6.653250 150
146.132683 1
759.302989 1
29.643024 33
65.689906 15
317.494857 1
82.950159 12
21.651637 46
641.399478 1
32.467167 30
20.823681 48
22.829603 43
77.221628 12
63.475077 15
59.817973 16
52.240482 19
59.815414 16
73.576682 13
12.078319 82
24.346004 41
90.992645 10
27.389538 36
22.604181 44
34.175789 29
85.131589 11
63.945758 15
81.852662 12
687.379481 1
98.194091 10
27.735837 36
884.413562 1
81.051792 12
64.921513 15
20.773557 48
20.869177 47
90.589773 11
58.966147 16
6.223304 160
48.584224 20
67.427540 14
49.346875 20
34.795720 28
36.711493 27
221.174310 1
451.980529 1
68.626389 14
50.884585 19
27.120122 36
34.246227 29
753.055946 1
171.460141 1
184.122879 1
36.265416 27
33.117971 30
78.230698 12
285.630640 1
71.731881 13
21.975773 45
13.838779 72
41.168472 24
95.372851 10
39.585351 25
91.323428 10
30.120423 33
50.855138 19
35.471332 28
3.003624 332
49.520411 20
14.114987 70
85.770944 11
95.379304 10
45.448168 22
14.871168 67
444.796337 1
67.428073 14
45.794777 21
603.140989 1
94.707510 10
32.499198 30
67.743937 14
51.023353 19
85.528524 11
98.865709 10
71.322363 14
479.024270 1
68.431914 14
34.551448 28
8.402589 119
27.154101 36
34.644530 28
99.998530 10
939.074336 1
12.063484 82
43.684339 22
85.913818 11
95.659105 10
41.919778 23
18.727114 53
82.064603 12
73.887687 13
5.072440 197
77.737324 12
630.611046 1
36.392159 27
4.077077 245
48.121600 20
38.360174 26
28.264104 35
20.429994 48
70.829310 14
24.600323 40
587.522390 1
50.249008 19
18.813625 53
265.403724 1
843.943557 1
70.752508 14
89.655947 11
35.548794 28
42.786749 1
675.158105 1
60.832744 16
91.746115 10
72.030329 13
14.485509 69
78.537761 12
83.243625 12
68.320227 14
21.544166 46
55.147187 18
813.439293 1
59.437529 16
502.263638 1
85.490220 11
24.610179 40
554.462982 1
2.298525 435
16.704301 59
58.486183 17
23.363943 42
716.415468 1
94.055325 10
42.399433 23
95.112315 10
95.975632 10
27.441394 36
59.447640 16
19.027467 52
8.820318 113
19.299598 51
48.090264 20
27.821113 35
6.913942 144
16.571110 1
70.133811 14
18.733407 53
9.246855 108
59.062265 16
68.575453 14
76.007020 13
25.052421 39
29.899561 33
86.649497 11
38.007042 26
23.517020 42
55.274236 18
25.201289 39
79.090959 12
88.542838 11
98.162661 10
4.426741 225
42.174780 23
28.074993 35
85.863843 11
12.404750 80
10.674446 93
90.030671 11
71.210356 14
98.552352 10
58.900718 16
34.167171 29
78.239811 12
52.239520 19
19.987900 50
60.319921 16
65.427784 15
90.335322 11
71.388180 14
5.744563 174
23.951415 41
37.672352 26
76.324870 13
914.470177 1
41.204667 24
57.187115 17
85.625541 11
982.717610 1
56.300048 17
34.082470 29
85.448953 11
32.530760 30
39.701184 25
81.037994 12
25.875830 38
37.156426 26
572.747856 1
7.605025 131
73.832392 1
29.393985 1
67.992669 14
41.647300 24
30.130455 33
704.248867 1
44.149611 22
203.220590 1
63.383160 15
72.035144 13
19.019989 52
91.088181 10
24.800689 1
59.973721 16
50.460153 19
55.165289 18
35.785094 27
28.451709 35
5.615736 178
62.278911 16
44.469862 22
10.842121 92
895.955841 1
3.161123 316
80.021606 12
71.716955 1
81.894972 12
88.291706 11
54.964660 18
55.200847 18
24.507445 40
11.797516 84
67.335862 14
248.952203 1
69.834333 14
17.800477 56
46.314449 21
35.896875 27
92.915236 10
499.643484 1
39.460612 25
63.154772 15
79.648383 12
6.963539 143
10.596844 94
74.920142 13
21.529796 46
8.540505 117
76.151789 13
74.866783 1
45.720250 21
183.453034 1
86.348684 11
63.713932 15
69.947908 14
37.623435 26
6.925262 144
484.177738 1
866.035683 1
35.545253 28
806.187775 1
38.347358 26
36.077621 27
7.126315 140
7.446054 134
45.685496 21
43.563100 22
43.366625 23
69.823478 14
33.388117 29
73.345350 13
31.963738 31
5.368523 186
96.893915 10
29.929646 33
52.411757 19
88.431014 11
28.197233 35
35.485117 28
5.254998 190
12.811515 78
640.173632 1
621.280432 1
93.067123 10
202.713935 1
60.807145 16
17.760215 56
43.206196 23
96.659126 10
88.799245 11
65.238416 15
35.124592 28
22.367335 44
93.809829 10
8.372929 119
342.627937 1
17.235699 58
22.274145 44
5.458505 183
60.129095 16
88.428155 11
482.494635 1
97.459869 10
63.435348 15
5.761657 173
92.940907 10
80.625184 12
54.102763 18
53.942856 18
182.635532 1
35.276139 28
98.840001 10
37.425166 26
67.593053 14
59.683402 16
3.502876 285
50.822535 19
810.299140 1
95.568258 10
22.940094 43
51.436823 1
63.488442 15
40.191727 24
84.060788 11
31.957392 31
818.182857 1
15.914239 62
48.871818 20
30.389002 32
96.796616 10
58.989609 16
770.627599 1
86.087660 11
71.887478 13
984.987166 1
31.248931 32
323.466888 1
6.561930 152
65.696701 15
39.672061 25
61.775173 16
20.845481 47
2.142242 466
97.911665 10
39.466002 25
8.775618 113
81.113884 12
77.248773 12
573.352799 1
353.122781 1
96.422862 10
32.406289 30
15.694214 63
27.876770 35
52.268054 19
4.246567 235
848.780101 1
8.522209 117
92.595147 10
66.005609 15
30.068126 33
70.677882 14
84.025697 11
21.814556 45
80.557199 12
28.153477 35
79.591682 12
83.618990 11
91.797092 10
84.821154 11
12.359601 80
27.774669 36
126.176594 1
84.681866 11
62.920672 1
32.243445 31
36.294731 27
59.177856 16
71.920107 13
701.978225 1
81.885070 12
23.919786 41
10.997787 90
53.450210 18
99.032621 10
10.330217 96
92.933212 10
50.403573 19
91.295657 10
27.127490 36
44.985299 1
45.103465 22
58.894271 16
82.540735 12
17.367650 57
59.705814 16
18.554694 53
23.215433 43
17.587143 56
799.863708 1
22.779676 43
70.468480 14
140.648715 1
66.635091 15
56.600636 17
55.249541 18
98.262311 10
3.534397 282
23.130773 43
32.890621 30
17.407212 57
80.189167 12
14.919406 67
60.476401 16
481.847818 1
47.522371 21
53.940939 18
959.392830 1
199.744606 1
6.897544 144
60.323838 16
19.464250 51
282.668957 1
49.211789 20
84.338783 11
84.790959 1
30.470861 1
54.861657 18
91.084041 10
39.817471 25
31.224045 32
36.168336 27
23.305365 42
10.915645 91
83.644041 11
23.271547 42
75.154654 13
84.102770 11
4.152393 240
87.662426 11
43.003637 23
82.844146 12
688.617158 1
29.510420 33
33.862514 29
723.471883 1
33.067981 30
61.066639 16
9.599967 104
21.439869 46
46.053285 21
15.683562 63
88.293675 11
25.113716 39
63.027101 15
48.503311 20
95.522542 10
862.140089 1
28.489711 35
83.654795 11
73.966324 13
61.674201 16
20.277476 49
81.973214 12
2.494506 400
25.311968 39
13.717651 72
99.608080 10
69.114572 14
79.016626 12
2.356013 424
974.803121 1
489.140619 1
92.134194 10
25.338445 39
66.347707 15
58.719161 17
14.378508 69
29.315742 34
5.476676 182
332.499840 1
19.890787 50
18.072877 55
60.735771 16
649.811471 1
77.213543 12
57.690254 17
40.314428 24
91.511760 10
626.744790 1
19.872067 50
65.946040 15
39.566756 25
52.909843 18
74.574987 13
4.121061 242
58.018447 17
54.701779 18
90.333025 11
970.651614 1
85.872259 11
23.068584 43
30.299309 33
6.221627 160
65.461855 15
89.322788 11
908.487351 1
44.948150 22
951.808008 1
25.242149 39
43.119052 23
69.532009 14
75.975741 13
89.431460 11
85.643746 11
36.601042 27
40.338212 24
69.281649 14
86.875337 11
21.889782 45
8.401528 119
31.364672 31
11.115101 89
40.333825 24
5.634863 177
80.516411 12
35.891748 27
50.442051 19
6.012229 166
86.892978 11
7.262550 1
53.540281 18
82.939567 12
32.845325 30
81.203991 12
41.878105 23
96.800047 10
44.282883 22
35.282148 28
22.001091 45
95.739960 10
23.305373 42
80.060765 12
56.068742 17
51.112368 19
433.464958 1
41.715254 23
29.726801 33
59.908569 16
78.386205 12
10.218401 97
232.576387 1
29.792282 33
21.929579 45
79.027584 12
88.393737 11
28.583964 34
33.110940 30
47.994376 20
81.074098 12
65.827507 15
763.841367 1
17.738310 56
46.033521 21
78.512850 12
96.605774 10
70.867169 14
93.154368 10
77.457821 12
21.101269 47
39.138779 25
61.347058 16
14.883971 67
51.842264 19
98.770857 10
56.255686 17
41.270161 24
39.552060 25
76.326402 13
92.753501 10
66.787995 14
97.152833 10
69.567547 14
81.186726 12
76.295050 13
509.916120 1
1.271277 786
15.422926 64
97.374140 10
95.926116 10
58.832651 1
59.038637 16
95.163382 10
88.837936 11
24.548586 40
91.468005 10
92.922002 10
42.824847 23
25.289064 39
66.882692 14
72.262786 13
11.636168 85
590.123506 1
23.634372 42
13.675776 73
86.000284 11
40.531081 24
18.760429 53
90.257284 11
19.062677 52
7.919862 126
94.411402 10
37.194114 26
57.789339 17
88.339504 11
23.662433 42
93.637812 10
97.508936 10
59.372720 16
81.547271 12
103.475685 1
60.206592 16
39.819796 25
867.913927 1
72.940565 13
83.511979 11
77.671038 12
36.319126 27
57.849238 17
6.583329 151
60.504014 16
78.835362 12
1.977041 505
79.288264 12
61.496063 16
23.110801 43
33.628260 29
40.389075 24
60.740504 16
34.238031 29
59.655720 16
90.438915 11
93.090308 10
968.477165 1
18.306009 54
56.514866 17
950.239673 1
9.228807 108
8.829557 113
5.422280 184
18.105896 55
83.208651 12
21.583239 46
942.937285 1
99.306431 10
62.248876 16
95.055279 10
57.956389 17
28.739099 34
1.574721 635
85.292748 11
58.003575 17
9.180200 108
14.390990 69
79.642372 12
37.277541 26
46.194903 21
14.996086 66
18.406646 54
42.486410 23
43.201341 23
2.802656 356
72.079905 13
2.480464 403
91.125004 10
78.590076 12
15.365726 65
35.554296 28
21.323682 46
43.884804 22
96.390730 10
65.153971 15
75.796208 13
42.947535 23
10.486411 95
20.470323 48
68.152711 14
23.538086 42
97.364654 10
30.555265 32
90.939545 10
85.175877 11
34.100105 29
45.463268 21
622.508131 1
47.473961 21
71.431348 13
24.520204 40
6.837609 146
200.591869 1
3.292215 303
66.804637 14
87.984462 11
49.989571 20
233.059463 1
996.018800 1
73.470097 13
62.154968 16
894.357469 1
94.534088 10
9.695895 103
38.152893 26
44.430416 22
24.602785 40
40.242362 24
5.366803 186
69.863714 14
53.017892 18
49.145814 20
95.611551 10
18.335494 54
35.031896 28
8.464219 118
22.322757 44
3.244163 308
11.976135 83
27.328367 36
33.790219 29
53.935471 18
73.281405 13
44.554393 22
24.657275 40
53.655060 18
20.442786 48
55.805311 17
30.829422 32
93.894804 10
23.249365 43
16.544491 60
61.952327 16
9.066199 110
898.381419 1
865.449974 1
56.316397 17
86.004372 11
48.841323 20
80.324523 12
46.458008 21
93.203440 10
97.343267 10
15.670906 63
34.544206 28
46.279207 21
50.714078 19
51.183225 19
12.133217 82
21.956896 45
32.852220 30
4.647800 215
23.015118 43
2.093938 477
53.463656 18
40.519541 24
91.456500 10
99.978192 10
27.215561 36
86.047604 11
56.657089 17
92.389106 10
67.591664 14
89.081509 11
37.723040 26
30.289774 33
16.979079 58
26.587619 37
70.511578 14
720.101255 1
13.748120 72
97.305536 10
79.609950 12
722.693018 1
91.273639 10
52.718004 18
80.604958 12
22.458593 44
4.416997 226
127.915734 1
46.957571 21
31.191873 32
402.464174 1
38.873566 25
29.355477 34
28.771489 34
57.877287 17
154.436176 1
33.504813 29
49.867470 20
52.569414 19
259.249307 1
20.599874 48
27.514176 36
16.359961 61
417.755174 1
2.510228 398
952.445308 1
3.572147 279
85.663022 11
65.059896 15
42.806218 23
7.664367 130
253.972363 1
82.769594 12
22.854784 43
84.792627 11
36.022569 27
955.335622 1
99.703356 10
76.808138 13
14.370012 69
51.957218 19
22.138666 45
87.548785 11
68.701251 14
34.753273 28
21.748474 45
56.996322 17
6.323269 158
10.253269 97
50.486302 19
93.244845 10
387.040426 1
2.083012 480
43.181956 23
90.278058 11
41.731953 23
79.456352 12
8.861545 112
70.513562 14
80.706417 12
38.504404 25
668.879006 1
51.733786 19
48.666826 20
25.959715 38
49.531921 20
343.486743 1
58.460266 17
71.699033 13
22.331373 44
30.512705 32
39.673470 25
24.162681 41
72.711941 13
529.913394 1
34.430521 29
92.124299 10
963.858402 1
887.679759 1
131.422179 1
37.558004 26
22.111412 45
54.372259 18
31.324192 31
66.869025 14
54.363203 18
75.240552 13
30.620276 32
60.813743 16
31.918627 31
592.255698 1
25.025286 39
30.973814 32
30.729366 32
78.210851 12
38.687306 25
26.058723 38
51.048158 19
2.857964 349
17.834479 56
447.471746 1
42.921190 23
23.537091 42
81.485089 12
5.329936 187
9.179575 108
41.084856 24
83.322915 12
63.556846 15
47.402473 21
947.539531 1
72.762197 13
29.004245 34
38.930718 25
43.139756 23
60.898823 16
28.743555 34
84.703426 11
34.491123 28
82.131050 12
39.450754 25
58.122862 17
66.931898 14
93.468570 10
45.715395 21
87.232249 11
48.400133 20
57.637462 17
689.079412 1
15.542460 64
57.107289 17
60.719552 16
97.923495 10
53.436711 18
62.816353 15
85.536796 11
1.634996 611
69.931420 14
35.178958 28
94.772740 10
45.165249 22
37.748856 26
68.861415 14
69.714309 14
36.516225 27
5.875881 170
55.129585 18
7.534363 132
907.131299 1
88.345746 11
705.053530 1
62.566401 15
93.980371 10
85.464677 11
53.917962 18
53.158090 18
91.063392 10
88.590039 11
80.511641 12
66.156193 15
58.030755 17
16.374980 61
94.966862 10
42.763524 23
12.717850 78
1.511678 661
