92
126 971 51 971
829 280 829 -463
789 28 951 28
131 -558 255 -558
-896 -728 -896 -224
385 7 385 -162
-678 962 -678 24
548 -282 673 -282
-190 76 -190 42
588 579 588 -361
-58 138 -383 138
351 -776 351 932
-292 -428 807 -428
19 -355 19 958
-974 -18 -974 693
557 366 557 -255
150 787 150 -280
438 711 438 -261
79 708 79 -72
-140 133 -218 133
-411 988 705 988
-985 -453 8 -453
-768 53 -768 -427
670 214 -859 214
-139 527 -283 527
579 456 579 318
-402 800 -342 800
732 793 732 -67
-679 -9 -679 720
-292 80 -292 -132
-94 794 -94 -60
81 626 -880 626
189 220 505 220
-839 -177 -839 -201
585 809 585 -686
-663 247 -663 317
597 389 597 -342
879 -44 -695 -44
489 597 489 862
325 -666 325 115
-479 -379 -479 -455
570 696 570 35
460 349 460 155
187 -176 187 797
-544 -316 136 -316
-640 441 -640 992
-932 854 -932 849
-936 317 -936 746
-914 -709 -914 -414
846 621 846 -991
164 918 306 918
-445 456 -445 457
-401 -407 -401 239
231 776 -41 776
160 977 -803 977
-233 943 -233 -958
-20 -74 206 -74
215 -725 -228 -725
-569 -280 -455 -280
-849 -997 -849 275
-134 335 -250 335
-939 -762 111 -762
308 699 -784 699
838 -390 838 -182
-976 -105 116 -105
-677 889 -677 170
-89 715 -89 395
23 19 62 19
-836 -309 -646 -309
446 817 446 281
497 -271 497 -271
-599 -684 -599 -81
-964 -716 296 -716
-51 -534 -51 -41
-646 -396 860 -396
619 274 619 623
-671 663 -338 663
943 625 461 625
-41 -748 -646 -748
-329 626 -329 -346
950 939 307 939
-734 303 240 303
-650 100 -650 907
-836 883 -836 969
-369 -289 -821 -289
640 -280 -312 -280
43 -70 -28 -70
626 -317 602 -317
-654 261 -654 -26
-851 -786 -851 -999
908 -608 -501 -608
-292 -179 -292 -444
