200 5000 14 4 200
1009
1071
9317
2570
4548
4028
4787
4253
8870
5767
3662
7890
9317
450
4968
4351
485
278
3300
622
26
3949
9852
8556
3458
280
3132
7323
6249
299
5013
5841
3266
3804
7211
4774
3365
7479
4999
9146
2780
7101
1846
6412
2965
5888
1912
1828
7939
7001
7762
1978
8717
754
2844
9437
4269
2125
8051
6030
8849
1723
7960
6914
4062
8885
4864
4259
7241
6967
6434
7039
2252
2079
1692
6967
5143
2579
47
6561
2796
3896
3966
1863
4785
2156
8818
742
386
685
9
2512
220
3743
4738
1691
2372
6106
5667
6848
3198
3882
340
2716
4246
734
8097
2290
1483
3289
4955
2887
238
4324
7112
9988
7128
7769
271
5672
4785
9562
3884
7667
5290
2696
6258
8204
5508
3212
1348
9405
4582
2098
1147
6274
9147
4137
3156
6093
7777
9684
4958
4292
8635
2364
9792
3073
9008
1387
3873
4370
8907
818
5342
4183
9577
101
6232
2566
6910
3642
9956
2474
2944
1998
2809
3568
1897
8928
4341
8408
1354
6163
4568
3226
4371
9680
3815
8879
5804
4449
1306
1732
1263
888
3039
1322
6123
7014
293
7400
8546
2308
2273
88
4396
8462
2333
3878
29 7 13
160 46 4
11 53 4
157 200 2
72 27 3
54 35 16
30 84 7
133 25 16
9 141 8
115 114 17
154 194 14
2 85 1
59 175 15
111 162 7
134 31 15
177 121 7
82 96 15
182 60 13
103 56 11
160 26 18
196 3 2
149 188 18
168 71 16
194 127 4
101 179 17
138 128 5
43 20 3
45 40 17
174 90 16
172 3 1
78 2 10
105 119 20
3 196 8
139 73 18
161 160 17
63 93 9
105 119 4
86 90 18
2 82 6
170 2 8
181 145 17
49 61 8
154 127 15
182 180 14
5 196 18
44 64 5
151 197 8
101 174 18
163 108 15
10 192 16
124 149 17
55 199 1
69 192 4
73 81 12
153 151 9
64 111 18
69 37 5
180 85 12
7 199 15
64 63 12
134 171 12
119 118 2
2 191 12
62 195 5
113 147 10
56 103 11
81 73 1
183 70 10
195 91 2
67 19 11
18 120 3
176 35 19
26 89 3
158 97 20
90 185 1
2 3 7
178 92 8
78 5 16
127 111 9
83 115 11
120 64 17
162 81 11
44 75 9
85 174 9
46 181 8
154 147 1
60 180 7
11 192 5
135 50 2
84 135 4
2 85 12
87 86 16
29 32 19
12 16 17
165 134 5
107 177 13
158 97 15
130 144 1
186 168 8
42 148 12
125 72 10
69 53 14
184 186 1
158 76 7
83 39 5
186 69 11
37 163 6
99 28 7
199 102 18
104 15 16
118 119 4
73 140 7
15 104 11
175 114 6
26 42 16
111 44 11
197 56 6
63 113 1
133 181 15
100 126 5
92 184 19
62 137 3
6 42 8
163 11 3
73 142 2
12 160 17
99 26 18
170 159 4
46 31 3
29 80 7
104 79 16
63 64 19
73 81 11
155 72 13
84 44 4
44 113 20
192 34 12
13 95 15
42 89 20
20 103 15
49 144 12
60 180 10
53 131 4
73 42 6
50 127 7
85 60 8
97 76 1
154 75 19
99 46 5
77 186 9
42 38 3
12 171 5
152 183 10
115 92 7
56 43 9
177 30 17
192 37 5
123 16 6
154 194 1
5 57 16
126 151 5
94 97 13
94 49 15
99 122 4
19 67 19
94 129 11
107 93 4
11 69 9
49 166 8
91 148 18
146 97 11
151 103 18
188 155 18
119 130 12
53 104 18
2 74 15
79 24 1
51 172 15
144 97 4
63 147 20
166 1 3
104 37 7
62 58 9
126 20 1
173 135 9
31 45 14
50 30 11
143 197 7
120 110 19
171 99 11
112 113 13
8 116 8
112 137 6
90 74 19
158 116 5
19 105 19
160 176 16
190 161 12
61 67 6
3 98 7
60 90 9
1 94 7
127 112 13
178 175 17
6 42 15
155 182 15
172 60 8
87 128 3
33 171 7
107 20 10
159 196 1
99 33 18
83 184 14
93 135 9
153 80 5
165 139 10
100 199 9
154 198 11
134 89 5
54 35 9
160 122 14
155 67 18
92 108 15
3 172 14
48 179 7
150 100 17
12 161 4
15 53 3
101 172 11
136 102 16
104 24 13
189 104 14
28 160 10
104 11 5
124 125 4
5 170 11
51 74 9
61 8 20
65 97 1
140 38 17
179 83 20
23 46 1
119 116 13
195 58 18
70 152 11
145 16 1
184 83 14
170 96 4
122 12 2
186 92 2
39 179 11
197 103 14
127 113 4
80 20 2
41 37 17
13 107 6
185 167 1
42 17 3
138 128 14
138 67 1
192 37 8
39 178 15
141 72 1
57 39 20
72 85 17
179 168 14
148 54 15
97 129 17
28 122 10
12 134 9
16 14 1
192 11 10
149 138 11
110 17 1
118 19 11
47 87 16
34 10 14
151 56 1
48 3 12
65 22 10
97 119 12
146 88 11
186 178 9
74 90 11
71 183 18
10 200 4
129 76 2
77 196 10
32 56 11
187 19 1
47 132 6
186 69 13
89 176 19
173 43 13
118 119 15
92 77 20
75 50 20
141 52 13
13 107 11
10 186 15
44 147 11
87 86 4
33 165 9
119 166 13
66 108 1
116 105 20
125 67 3
143 126 7
99 165 11
136 164 19
179 183 15
197 7 1
81 18 7
2 98 6
193 19 20
184 108 15
12 171 16
91 176 6
197 103 6
38 139 11
82 74 16
109 73 11
70 183 1
95 173 2
14 25 12
13 44 14
110 81 18
169 32 16
143 95 20
81 147 18
135 63 11
76 97 4
142 140 12
166 94 20
159 2 4
131 200 11
26 42 6
104 24 3
168 179 18
119 116 4
12 134 17
101 179 9
129 136 15
147 195 16
43 20 10
124 116 15
27 149 19
170 3 19
50 135 17
181 123 9
153 22 18
23 171 12
130 129 19
101 159 18
130 1 10
48 159 4
171 45 6
195 73 10
117 180 18
197 143 9
41 11 5
149 125 9
49 199 7
132 170 20
183 77 16
32 95 8
51 170 11
44 112 12
45 23 14
45 134 10
87 36 3
64 154 14
134 26 17
92 59 10
7 80 13
138 105 16
12 46 10
172 85 14
158 67 10
30 198 11
196 70 11
7 32 5
7 55 13
172 191 2
11 192 17
72 47 8
15 200 13
53 192 20
102 7 2
59 66 18
17 81 8
9 125 14
82 96 6
52 128 2
160 122 3
89 35 5
22 65 13
124 188 14
172 3 8
153 169 19
116 1 4
189 21 10
156 159 10
162 111 2
190 123 19
135 127 2
174 74 1
36 167 17
102 94 19
142 35 11
6 33 14
114 92 14
62 142 12
3 51 3
7 100 19
6 176 16
123 31 2
155 8 14
59 37 2
65 166 2
108 79 8
185 72 4
87 125 7
133 145 12
37 157 9
112 93 2
154 64 4
93 50 4
82 172 1
28 134 17
96 82 9
77 115 12
61 193 14
123 181 13
198 177 16
22 49 19
169 20 19
34 10 20
122 139 13
148 109 2
99 89 13
65 199 10
97 22 14
47 132 12
63 107 5
177 173 9
19 119 5
25 14 20
120 62 14
200 34 13
55 199 2
134 165 17
61 8 20
98 172 14
54 109 19
82 172 2
158 116 4
190 14 3
189 106 5
80 20 16
180 36 1
159 74 1
195 142 10
149 155 13
45 145 6
162 198 9
166 1 4
190 16 2
95 169 17
179 115 10
108 186 11
119 8 19
137 110 16
119 19 15
55 32 10
99 23 2
90 72 2
193 155 4
115 66 6
30 107 14
197 95 9
108 114 3
172 132 16
84 173 2
138 124 2
189 4 2
172 174 1
59 175 9
122 26 20
58 54 18
186 53 10
177 93 11
121 197 1
82 85 10
101 70 9
116 193 4
147 75 9
110 194 12
10 175 10
55 199 7
179 168 1
68 4 11
21 4 18
185 86 18
146 88 19
189 37 19
84 177 18
118 124 20
144 130 3
14 181 13
33 40 2
53 178 3
174 101 6
89 171 2
18 162 12
179 156 20
129 102 13
143 84 2
140 109 11
85 87 8
98 183 1
26 89 3
80 121 16
157 175 5
17 42 16
85 87 16
109 40 4
108 71 5
74 185 7
112 198 20
50 121 18
101 78 1
133 161 2
162 140 11
30 135 3
94 158 16
167 141 3
97 22 16
173 56 19
145 14 17
82 180 12
113 84 11
63 113 10
123 31 19
107 103 14
28 26 13
154 18 19
106 200 20
80 43 14
63 127 20
77 184 16
3 101 13
13 43 14
9 105 7
123 25 18
85 72 15
13 44 12
199 55 15
106 4 14
74 96 5
55 94 15
113 30 8
50 20 17
5 101 17
53 79 5
198 30 19
166 119 13
191 82 20
87 180 8
49 65 3
31 99 8
10 131 18
55 94 16
42 140 5
65 136 9
23 89 1
64 44 9
150 136 3
188 52 4
13 143 9
63 198 1
69 59 2
41 15 1
101 98 9
165 160 9
154 194 12
27 67 13
2 191 1
166 158 7
92 39 15
187 105 16
85 182 7
129 76 19
192 41 19
145 134 2
132 60 14
143 107 2
56 63 13
131 163 4
59 69 16
32 126 6
159 3 17
117 2 6
50 173 10
176 6 8
5 101 5
20 177 11
49 136 2
91 109 7
64 113 6
9 124 7
185 85 16
149 19 18
175 53 15
174 185 8
122 134 10
126 199 8
23 171 20
192 41 3
184 168 10
25 14 2
79 24 13
19 138 13
5 57 12
35 160 13
41 79 19
112 113 18
3 183 5
155 72 5
184 179 18
131 104 16
12 45 4
77 183 5
130 102 1
76 136 4
112 64 14
21 4 16
147 110 6
172 51 1
141 125 5
100 197 16
81 111 5
128 149 9
128 149 13
130 129 1
156 191 14
192 79 4
114 186 16
7 197 16
104 15 6
122 6 2
6 40 7
24 163 5
108 10 11
1 97 1
120 140 8
141 125 14
158 124 19
30 154 12
113 120 17
8 158 2
90 132 18
146 153 6
36 180 9
158 116 5
102 119 18
187 105 6
183 71 6
104 4 12
193 8 20
32 80 1
127 112 19
96 180 19
1 49 20
25 145 17
42 35 3
76 22 5
148 109 13
18 195 5
66 186 6
145 31 9
104 4 9
40 54 1
196 183 3
25 12 20
200 10 2
121 151 13
16 145 18
158 65 14
69 11 11
103 93 12
104 11 3
116 158 20
144 193 2
194 58 5
148 195 19
136 49 13
165 122 14
97 187 4
146 166 1
73 18 19
106 15 18
179 115 2
44 107 16
179 168 9
164 136 15
151 43 11
136 1 11
120 109 4
75 147 7
111 112 4
62 194 5
78 172 11
150 153 19
63 111 1
56 135 15
42 54 18
112 111 15
179 71 3
108 10 3
99 23 9
176 26 7
74 170 6
26 38 2
53 11 4
127 30 12
114 157 9
127 30 13
9 36 10
141 149 8
152 175 19
95 143 8
145 14 3
147 18 10
161 14 1
116 105 19
125 87 19
91 120 18
119 118 20
174 132 12
137 58 8
27 90 4
45 26 16
13 30 9
58 62 1
117 172 19
189 200 17
45 122 6
119 19 9
96 74 16
135 50 1
161 14 18
76 119 10
70 39 3
25 14 11
114 186 3
126 103 6
181 14 6
46 190 11
128 167 11
134 12 16
164 95 19
25 16 2
148 73 6
23 33 6
90 85 15
90 47 12
53 59 12
66 178 14
84 50 9
99 176 7
89 171 3
55 7 6
153 146 20
19 119 14
165 122 4
118 97 1
197 150 5
155 52 9
2 170 17
166 116 15
72 141 19
5 48 19
160 46 8
165 33 2
20 143 3
11 189 2
174 74 10
100 88 6
178 10 14
199 102 18
113 198 7
2 85 19
163 69 9
194 58 1
153 7 19
119 102 17
139 148 9
178 71 6
108 79 16
142 6 9
32 80 8
173 63 20
68 106 3
133 16 6
58 154 11
181 14 4
127 194 9
125 124 5
157 186 13
185 85 14
82 86 8
63 127 9
53 15 2
179 71 4
39 196 12
30 84 6
75 177 19
140 42 3
31 45 10
184 178 4
113 162 10
100 199 19
54 38 6
188 138 14
38 122 17
40 42 9
160 45 17
130 94 12
30 44 13
97 65 11
146 29 15
173 63 3
25 23 19
10 41 3
17 62 5
74 2 7
106 21 1
78 179 20
151 43 2
131 41 18
28 40 15
58 109 10
198 93 6
55 153 14
65 76 7
44 56 4
113 112 11
172 159 7
188 155 4
36 86 19
19 124 12
86 185 3
173 197 5
117 101 16
61 76 11
116 67 3
97 76 11
179 184 5
14 181 14
169 43 19
148 162 9
195 137 20
44 63 20
140 139 11
142 17 11
94 29 5
75 44 1
114 157 11
146 166 15
69 178 9
18 62 8
151 121 4
172 170 3
34 4 8
69 37 7
61 187 4
154 112 1
76 61 3
160 6 1
175 66 20
176 134 8
198 84 9
156 183 15
78 70 16
14 181 10
60 172 11
20 80 12
67 155 12
17 81 19
173 95 13
62 140 18
43 151 17
157 59 6
45 165 8
70 83 4
184 186 6
70 183 18
176 139 17
109 120 10
34 24 8
68 4 11
64 62 16
13 20 18
132 82 10
157 41 1
57 179 5
177 50 17
146 65 9
129 166 20
169 153 10
124 118 17
53 175 12
186 192 20
199 29 13
35 89 4
107 103 8
193 67 3
185 90 11
111 44 17
35 54 14
162 140 14
107 84 14
70 101 6
32 43 12
166 97 16
2 101 3
2 78 19
73 91 4
46 16 17
121 107 4
1 166 5
56 63 11
126 169 6
129 29 8
14 161 5
45 33 6
159 2 5
178 69 3
73 6 5
181 14 3
142 42 12
187 158 12
4 15 12
76 105 10
189 11 13
154 113 4
14 181 3
167 60 4
178 114 15
194 154 1
37 200 15
29 102 1
60 36 14
37 163 11
23 145 14
2 172 18
164 102 4
191 101 18
191 78 20
47 82 13
115 196 9
125 118 16
149 86 5
61 128 4
96 172 17
13 135 17
190 16 8
97 76 6
65 49 19
90 47 9
30 93 6
89 165 4
92 59 12
91 109 17
185 87 1
186 83 15
179 115 9
35 89 5
53 41 3
31 25 7
165 89 2
98 196 20
9 52 10
89 122 12
53 175 20
184 10 4
164 146 17
155 27 4
46 16 20
106 21 20
39 186 11
96 174 1
78 183 16
192 41 15
158 97 15
55 199 2
78 172 18
55 49 8
152 114 4
185 74 15
100 164 11
140 18 15
124 116 2
51 5 12
28 139 14
11 131 2
89 165 13
140 148 11
130 76 14
130 49 12
90 87 4
13 56 4
41 175 12
122 6 20
17 91 5
80 103 5
88 146 8
187 138 18
136 49 4
36 182 13
33 99 10
112 62 17
190 133 1
74 90 3
63 64 4
115 5 17
70 92 2
188 167 15
105 144 3
110 81 8
116 166 12
29 32 5
181 14 6
35 91 2
194 113 9
47 60 13
130 49 14
124 138 6
174 85 3
170 3 6
39 70 14
161 31 1
143 197 3
101 170 14
179 101 9
148 91 6
36 149 5
164 102 6
124 67 19
109 35 3
174 85 2
160 176 11
122 54 20
136 199 6
174 101 2
173 63 12
108 37 20
29 130 1
67 116 7
111 93 13
187 158 2
47 174 13
70 101 1
71 178 4
23 122 14
131 104 17
30 147 16
182 52 10
175 168 2
82 72 17
19 188 4
168 83 12
30 177 3
167 86 17
180 174 4
94 119 14
163 79 1
83 196 16
21 68 5
82 72 16
81 73 15
198 113 18
122 33 12
200 106 12
168 175 12
71 179 18
175 92 9
124 125 12
113 75 3
149 128 15
199 130 5
50 63 1
192 163 1
58 148 3
160 161 7
73 54 7
134 176 9
27 138 16
84 63 7
155 9 10
15 106 19
124 149 15
91 42 8
130 55 16
186 59 8
28 26 7
189 200 10
26 6 16
149 9 8
160 165 4
88 129 14
180 87 7
18 91 6
54 28 12
88 55 5
167 128 17
129 164 5
82 51 9
14 181 19
168 59 7
20 103 7
41 192 7
93 111 9
64 137 7
35 42 19
79 24 3
46 99 13
149 19 11
6 89 17
117 60 16
82 47 17
11 4 10
85 86 17
68 4 9
70 98 14
78 3 19
73 109 1
164 146 8
20 143 2
77 83 12
36 47 19
118 19 6
14 181 4
10 178 19
107 95 10
183 152 11
60 96 6
61 76 2
186 178 7
147 62 11
159 174 15
187 193 9
79 59 15
63 84 17
152 66 7
54 176 19
152 196 8
90 74 16
182 125 12
141 124 8
33 35 20
105 8 4
68 200 15
119 118 10
166 22 8
177 112 6
43 153 10
6 139 18
97 158 6
186 69 15
137 198 11
5 183 18
173 151 8
160 46 5
56 63 14
16 161 15
72 36 1
156 5 18
81 148 6
30 154 19
112 93 1
12 45 13
184 108 10
60 182 9
80 56 7
9 187 14
21 4 6
180 117 12
92 108 3
186 157 3
70 168 15
86 180 18
109 142 5
41 163 16
24 15 16
33 160 10
76 116 9
5 115 11
112 113 1
12 165 10
70 3 10
49 65 16
165 12 14
91 73 13
180 117 4
187 105 1
78 83 8
111 110 13
150 197 10
120 137 1
54 91 19
55 100 20
73 195 9
39 156 6
2 117 15
118 144 12
27 72 7
157 192 10
71 114 15
24 79 19
131 163 18
125 193 2
88 43 7
86 74 1
43 135 19
32 197 9
100 20 1
77 179 9
181 46 6
82 51 19
52 86 15
175 168 2
43 100 11
157 114 11
149 128 7
13 50 2
149 86 12
137 75 18
104 4 19
133 16 3
10 69 16
79 37 9
59 10 14
190 133 4
78 57 10
103 135 19
71 66 15
107 63 18
154 64 3
136 102 11
149 52 17
151 121 13
89 45 4
7 164 3
79 34 19
34 79 1
164 199 8
200 163 2
56 121 1
118 193 20
138 19 9
41 79 14
81 110 3
8 19 13
57 159 13
118 19 13
158 116 13
46 161 17
113 120 2
34 21 5
156 70 15
14 123 14
22 65 17
13 50 13
163 157 17
124 116 16
9 193 4
107 43 15
117 74 14
184 108 3
29 199 15
184 157 11
55 136 1
151 197 19
64 112 13
170 51 14
72 90 16
133 161 13
94 29 19
32 56 11
163 157 13
14 181 8
92 59 4
69 59 4
7 80 14
39 152 18
173 126 18
46 14 13
191 159 8
87 90 6
100 22 4
27 185 5
142 54 3
24 34 5
179 152 16
80 103 18
89 176 8
47 141 13
87 125 19
92 157 18
145 161 19
136 146 3
15 106 11
131 10 9
163 200 14
108 59 16
178 10 5
30 198 17
179 48 18
43 169 6
29 102 4
91 195 8
42 165 5
68 189 3
187 67 13
67 9 2
35 99 12
180 117 2
48 83 19
89 42 7
162 112 10
64 137 1
152 178 5
13 177 10
41 192 20
158 187 2
105 67 5
160 26 6
6 26 10
165 38 16
128 141 20
189 34 8
119 65 7
162 147 6
1 76 11
178 39 6
86 90 1
33 23 19
62 195 1
70 101 18
165 134 20
158 138 12
53 175 19
148 140 6
144 49 16
29 94 5
155 27 15
92 184 19
33 46 20
25 123 9
41 24 20
51 74 16
106 4 16
146 29 13
166 97 20
34 11 17
173 80 1
6 26 7
20 197 20
20 135 15
5 191 4
169 164 16
127 147 17
42 6 2
40 91 1
71 168 7
14 181 16
190 14 5
40 142 10
32 43 19
191 196 7
103 50 5
146 65 11
105 116 19
87 180 12
190 133 20
29 164 15
105 67 8
104 34 9
188 124 7
169 143 2
154 58 19
188 19 9
168 115 19
1 97 9
197 88 20
93 198 7
184 178 13
65 61 3
194 110 14
177 111 1
135 43 5
54 73 10
5 2 20
175 114 11
119 116 3
54 6 18
64 110 11
122 33 16
153 88 14
63 107 16
82 2 5
46 33 20
124 9 20
173 56 6
189 24 19
108 200 11
16 31 15
180 96 9
149 185 10
168 183 9
144 102 19
163 34 19
124 116 7
70 98 11
77 184 4
69 79 18
63 30 20
96 47 9
25 133 2
33 26 14
185 87 17
88 169 20
50 13 18
67 105 15
79 178 7
158 138 10
179 156 11
42 176 17
85 172 2
137 147 5
53 178 9
113 112 16
15 24 17
16 31 12
142 91 1
156 78 6
95 56 7
32 20 8
114 59 2
174 90 19
25 16 20
84 111 6
55 94 14
195 154 7
94 29 15
170 191 8
8 138 12
200 189 10
95 80 14
130 129 2
138 193 1
32 103 9
32 100 16
69 200 18
34 4 4
11 37 15
67 158 14
124 27 7
130 55 15
26 42 15
67 19 16
43 88 5
60 180 19
170 172 5
111 30 11
84 50 12
66 59 3
176 134 14
143 93 12
69 11 3
120 148 9
105 166 8
131 4 2
122 40 12
133 16 8
29 94 17
187 9 13
141 138 6
101 172 2
171 46 19
160 165 9
90 74 14
166 105 16
12 161 12
198 75 17
122 38 13
166 102 18
40 35 3
76 105 1
130 55 12
166 158 18
168 196 16
59 186 16
37 131 18
72 155 7
14 16 19
41 131 7
70 152 10
87 36 3
112 147 19
83 183 6
63 177 5
68 21 8
123 12 1
125 52 20
84 135 3
185 87 2
45 33 2
88 169 2
12 31 15
71 179 2
189 4 1
24 4 11
110 148 1
133 123 14
89 99 5
56 173 11
147 195 2
115 184 1
64 112 11
199 94 20
108 92 19
63 13 12
128 105 11
124 8 12
187 124 10
52 185 17
118 116 16
123 23 8
10 69 16
1 166 20
180 182 8
67 187 1
56 103 8
54 28 20
135 56 1
171 89 2
131 53 3
50 56 11
78 117 13
175 157 14
44 147 17
43 121 16
174 74 6
56 103 18
173 135 19
144 136 4
161 134 5
189 4 5
42 122 14
39 168 20
111 177 2
175 79 2
198 154 18
150 100 6
120 147 4
15 24 2
22 150 7
141 128 14
78 115 10
121 50 4
74 132 17
150 55 18
152 39 6
124 138 13
170 74 6
45 122 4
125 167 17
51 174 19
29 88 4
187 19 7
58 38 7
26 42 4
91 35 3
17 38 13
18 154 11
149 155 15
135 84 4
151 95 20
54 91 7
118 19 20
56 13 15
14 46 11
74 86 13
118 8 1
78 156 7
49 130 15
80 43 13
12 99 3
141 36 4
29 136 9
133 25 17
111 127 13
29 80 8
16 14 17
89 38 13
91 176 5
71 175 17
166 158 12
112 62 17
20 50 17
104 79 18
116 67 7
80 43 12
200 41 10
111 177 20
147 44 16
187 158 11
68 4 10
119 49 12
29 164 1
187 144 1
50 56 4
49 150 11
114 184 6
2 170 8
54 139 11
181 14 9
75 64 11
145 25 11
61 8 19
57 70 12
60 47 6
154 75 2
105 128 3
86 85 19
97 116 14
49 119 4
136 29 15
79 178 15
162 195 5
156 48 20
160 26 18
194 147 6
104 4 10
112 30 11
108 10 2
155 167 10
153 150 14
37 59 15
123 133 19
144 158 11
181 31 8
151 100 15
18 110 16
196 191 4
17 6 2
73 17 18
36 86 1
165 33 16
72 155 10
62 110 1
150 94 2
186 53 17
194 30 18
23 25 13
148 162 16
89 165 13
9 128 8
141 125 20
140 91 1
60 182 2
102 164 6
101 183 11
109 17 7
185 47 6
136 102 4
183 156 8
180 172 13
198 127 8
37 200 10
181 14 2
116 144 2
186 69 18
195 18 15
109 40 2
130 55 10
58 18 12
2 3 10
162 194 11
171 122 19
166 49 19
67 193 17
30 84 13
11 104 11
89 12 2
123 16 12
49 158 13
57 3 7
84 121 2
166 102 8
27 67 16
119 116 8
55 7 12
68 21 15
192 131 17
26 35 3
154 194 19
145 123 13
177 112 5
20 135 11
100 197 2
171 160 16
175 79 6
137 195 6
155 141 11
15 37 12
54 58 2
138 188 4
191 57 13
29 102 19
44 113 20
96 85 20
50 20 12
135 75 19
12 122 15
65 166 3
124 61 15
88 126 20
170 3 15
71 184 3
73 91 13
158 94 20
93 135 13
76 129 19
44 30 12
100 88 17
53 178 19
46 134 12
185 182 2
197 121 14
38 58 11
93 112 12
26 165 16
109 40 16
150 22 3
69 34 16
129 29 12
1 61 11
7 150 14
14 31 7
161 16 1
107 103 7
47 96 17
174 47 14
190 171 2
179 66 17
128 141 16
42 140 14
144 118 20
23 190 11
180 82 10
195 109 13
96 172 16
173 32 6
99 176 6
187 193 8
170 85 5
57 183 10
108 114 20
21 4 20
40 99 1
48 159 10
178 77 13
54 140 7
92 108 6
115 179 19
103 32 14
118 105 4
136 102 19
2 159 6
63 75 6
161 45 3
44 147 7
125 128 16
183 83 17
114 178 15
91 58 9
3 101 2
131 41 20
87 36 8
60 85 1
51 98 8
70 83 19
187 193 9
133 14 14
157 10 14
44 107 16
170 2 9
165 134 17
66 157 13
79 41 1
146 150 20
177 84 14
127 162 18
37 131 16
167 9 13
107 127 4
87 149 12
52 9 11
27 125 10
21 4 2
135 50 11
89 134 8
161 14 4
33 160 19
55 126 18
19 128 17
38 35 8
119 116 1
158 116 2
89 165 10
199 55 5
19 67 10
149 188 15
124 149 5
123 12 15
32 100 16
67 125 14
147 30 7
89 134 3
147 113 15
24 4 15
110 111 18
97 49 16
81 120 7
151 121 12
198 162 7
178 39 18
192 37 18
50 30 3
176 89 5
21 11 2
69 108 3
100 32 6
103 50 17
58 17 2
176 165 17
155 27 4
65 199 4
3 51 9
59 41 19
106 104 1
76 193 19
144 61 5
182 155 16
67 9 20
97 61 9
129 136 6
134 31 12
136 150 16
128 193 10
15 106 2
124 155 11
68 34 10
154 112 14
83 184 12
116 97 2
45 145 2
128 188 8
168 175 10
9 36 13
34 104 13
10 79 9
199 94 7
123 161 8
42 28 17
60 185 12
71 115 12
40 122 9
112 162 9
85 86 7
13 84 1
42 38 13
126 95 12
32 169 2
130 94 11
171 33 1
23 123 20
142 139 3
130 7 12
32 7 19
165 40 12
21 11 6
127 64 18
173 20 5
168 77 13
28 42 10
181 14 20
194 111 2
65 136 4
41 131 15
14 181 5
46 161 15
177 173 9
127 113 10
160 23 7
57 156 4
22 153 18
21 106 19
134 16 3
40 45 3
44 113 4
194 195 9
196 152 10
80 107 12
37 200 14
167 188 16
47 87 20
19 67 2
120 18 18
141 128 18
108 152 19
151 197 17
68 104 20
135 50 10
66 108 3
35 122 1
76 61 17
157 192 13
78 98 19
144 187 11
101 159 13
107 103 14
18 120 3
125 9 1
78 51 11
96 51 5
12 160 4
87 47 11
163 79 1
131 37 18
45 16 19
58 54 3
30 113 2
31 134 19
106 79 6
92 186 8
87 180 19
86 180 20
37 200 4
121 13 16
199 150 7
105 97 2
2 170 8
43 13 11
188 141 14
180 132 15
152 92 12
1 94 20
157 59 8
37 15 16
5 78 14
60 90 20
112 113 17
40 38 18
44 112 7
160 46 4
113 75 20
188 9 1
115 78 7
101 48 8
40 6 4
2 170 10
26 122 12
49 199 5
88 146 13
158 138 5
49 55 18
98 101 18
52 90 12
75 93 19
101 51 3
55 100 13
103 135 17
120 110 13
16 14 19
120 110 7
45 46 1
114 83 8
194 18 2
137 75 20
138 8 20
142 73 18
105 124 5
195 137 7
124 138 4
188 36 9
27 90 18
181 190 14
170 3 3
188 124 11
81 62 3
60 96 1
80 169 9
113 198 15
57 101 10
147 154 14
174 172 5
31 23 18
120 17 2
96 90 20
171 160 4
94 29 1
110 109 4
116 130 19
104 41 2
174 191 16
68 34 11
137 112 19
14 145 18
148 17 6
19 67 17
145 99 2
128 187 9
118 144 16
87 125 20
194 195 7
10 184 2
30 84 19
45 16 20
183 5 9
145 14 12
43 107 15
169 197 18
105 166 1
8 128 11
147 44 16
144 187 12
183 156 12
35 17 20
147 63 11
89 45 10
113 162 20
50 56 19
50 20 1
13 30 13
90 174 12
141 9 6
80 32 14
68 4 14
64 62 13
57 159 16
181 14 8
58 142 9
75 63 10
57 179 10
29 129 13
167 9 15
98 39 12
95 126 20
159 78 4
103 80 17
60 172 8
30 194 15
68 200 8
78 115 2
85 86 1
146 88 19
119 118 2
199 55 12
25 161 12
91 26 4
61 19 7
134 161 10
79 37 4
108 10 10
178 71 19
140 120 4
77 57 6
185 86 20
117 2 17
146 65 6
129 7 11
35 89 3
172 60 7
97 61 6
124 67 5
127 162 19
36 90 18
2 196 13
111 84 15
173 43 6
157 200 15
153 88 5
118 188 18
28 40 17
50 121 11
38 40 8
111 147 7
17 140 16
99 33 4
157 66 12
197 20 15
20 169 8
16 14 19
199 169 5
27 138 18
8 138 11
67 187 8
186 77 6
100 103 12
23 165 8
73 142 9
35 6 12
130 199 3
124 105 16
131 163 3
62 137 3
125 193 9
88 150 8
167 9 19
138 193 4
152 92 10
99 26 18
110 147 20
54 42 19
122 160 13
164 153 17
105 187 15
42 109 4
3 74 20
166 61 14
198 93 15
13 75 5
52 149 11
184 83 9
84 121 18
144 61 16
62 17 13
200 10 5
2 98 8
35 54 11
20 56 13
59 37 14
199 164 3
102 199 12
136 164 11
150 197 13
129 55 3
127 64 18
29 146 20
88 126 9
176 165 7
124 67 10
146 7 14
94 49 6
16 14 16
73 81 20
113 127 20
64 113 16
57 196 5
111 112 14
102 136 8
6 160 17
145 31 15
29 130 18
92 178 2
196 98 17
2 101 9
129 136 19
33 26 4
122 40 9
10 79 15
113 110 15
51 78 3
9 27 14
80 164 19
124 118 2
162 64 18
1 136 4
15 79 8
112 62 13
101 3 20
96 101 7
146 97 11
59 192 4
162 64 19
21 4 1
18 17 7
128 67 4
91 38 15
167 72 17
67 8 12
142 120 6
80 100 7
70 78 10
131 4 11
117 174 9
89 33 3
124 141 19
73 6 16
112 194 18
160 45 1
125 36 5
78 70 3
178 66 1
130 94 17
74 82 9
196 39 12
28 89 9
100 197 20
79 157 17
50 44 9
141 182 17
15 106 15
17 109 10
127 93 6
78 70 5
44 111 14
155 124 12
93 44 8
117 78 15
138 124 6
10 69 12
63 173 5
2 132 15
6 165 6
185 90 4
97 1 7
153 7 20
13 103 1
13 107 8
31 133 6
135 107 12
188 125 7
6 38 20
26 45 19
183 39 2
106 34 11
146 7 7
171 31 11
151 153 15
11 37 5
134 176 19
34 10 3
135 143 18
62 112 4
56 151 12
132 86 17
5 101 3
154 147 17
178 184 18
93 84 20
137 18 1
109 176 9
60 172 1
191 174 19
70 179 18
90 86 7
96 191 3
95 197 20
81 112 16
45 134 18
171 165 10
2 196 15
199 146 3
35 165 2
43 107 7
161 133 1
186 71 10
135 84 9
176 28 18
192 79 7
187 105 2
47 85 1
97 158 2
196 78 1
86 74 3
5 3 19
17 62 3
193 76 12
185 82 20
173 84 2
7 153 19
92 168 6
163 34 6
38 40 8
34 10 9
143 169 8
176 54 7
15 24 16
160 42 16
44 112 6
110 194 5
155 36 5
21 4 12
48 77 5
159 156 13
103 100 2
111 93 4
194 44 9
99 12 1
46 161 7
69 11 4
139 40 5
28 42 7
184 66 16
75 84 2
142 58 4
6 26 5
154 75 20
144 119 10
31 46 14
31 46 1
95 153 11
10 114 7
159 78 3
144 166 13
109 42 7
41 200 19
107 20 9
43 121 2
30 198 15
43 143 10
133 14 20
48 57 15
155 27 10
153 150 14
184 178 5
89 38 3
83 71 19
34 53 6
162 111 9
196 70 3
191 48 17
43 153 16
157 175 8
109 58 17
9 105 2
187 118 4
149 188 16
165 42 17
58 195 18
57 159 14
89 45 7
186 157 18
147 110 14
23 171 15
153 164 2
16 31 7
57 98 18
145 14 3
1 166 16
20 107 11
5 172 18
179 152 17
179 156 15
147 63 1
60 72 13
132 47 9
72 155 2
78 57 9
121 103 17
142 139 10
89 35 18
175 41 20
111 112 4
21 4 3
74 3 9
85 132 18
143 135 7
156 39 11
60 96 20
32 95 17
55 7 19
10 114 18
127 113 8
37 59 19
169 146 17
42 38 2
57 5 16
65 166 4
167 52 13
75 194 6
16 133 1
36 125 17
21 4 16
75 30 18
85 47 6
25 190 17
72 149 10
151 50 8
165 28 6
73 28 15
79 106 5
86 155 10
112 75 15
45 99 19
103 80 6
52 87 20
153 32 20
35 139 20
169 126 11
75 137 11
28 176 17
10 108 13
74 51 3
88 80 6
35 165 5
124 155 8
169 43 2
174 172 8
11 4 1
91 148 12
5 70 5
187 19 3
89 33 11
186 71 10
153 32 8
21 4 20
184 70 10
10 66 5
52 149 13
64 111 11
107 63 13
146 22 16
19 193 5
44 198 17
197 103 5
78 159 13
46 160 4
14 46 3
152 175 16
119 105 17
76 144 18
129 164 17
191 48 10
17 58 11
33 12 4
118 158 6
34 131 9
37 79 4
184 178 16
150 146 10
163 15 4
26 176 18
44 93 12
198 111 14
113 162 3
141 188 4
167 9 16
100 55 19
180 51 19
120 142 2
147 113 10
123 165 3
13 143 12
80 32 14
9 138 6
45 165 3
38 17 15
8 118 10
120 81 11
165 6 8
117 170 9
1 130 11
7 197 13
134 122 7
197 100 12
141 60 1
167 87 11
127 64 7
39 183 5
118 144 4
199 100 3
107 56 7
160 176 13
122 42 20
64 177 15
22 199 20
83 48 17
125 193 12
8 188 7
16 14 20
15 131 20
112 64 16
11 163 5
167 128 11
102 130 15
36 85 7
73 38 17
54 42 1
194 64 19
12 160 2
195 58 1
15 200 16
75 147 20
185 141 10
101 51 2
15 4 8
147 112 2
142 17 5
167 90 4
40 45 16
135 112 12
188 155 4
6 42 11
186 53 3
182 180 10
124 193 12
131 189 19
185 180 20
80 32 20
159 3 1
40 99 1
26 45 2
181 14 17
125 167 3
195 139 14
21 4 11
63 113 17
145 14 8
101 2 12
86 27 6
52 87 1
187 118 4
147 113 16
83 168 10
115 156 5
182 167 20
10 66 15
21 4 5
88 164 5
147 75 13
55 102 19
21 4 10
164 22 19
21 4 16
34 104 4
115 57 19
12 45 16
142 62 15
174 159 14
73 35 2
14 181 16
15 200 17
45 99 10
53 11 9
183 57 20
172 96 10
45 176 18
36 141 15
28 165 14
111 112 4
17 148 13
140 195 6
95 151 10
36 85 6
54 176 18
14 181 10
63 121 16
162 64 19
52 19 14
91 35 4
130 49 12
6 165 10
86 87 1
184 10 3
111 30 14
113 110 12
104 34 2
9 188 10
40 6 6
184 77 9
21 4 6
24 11 18
17 195 18
186 69 18
21 34 6
77 178 9
33 12 10
180 170 14
95 197 3
166 22 8
132 2 16
83 179 9
51 132 10
38 54 9
158 105 18
184 175 6
14 181 17
66 77 5
55 22 19
98 115 9
38 176 5
124 116 16
125 155 12
141 52 19
87 86 8
157 200 9
194 137 12
166 1 19
95 126 13
26 54 20
20 56 14
199 102 9
156 101 10
102 119 1
161 133 2
45 176 9
37 157 9
171 165 11
79 104 18
186 108 19
185 90 15
18 109 1
191 96 4
129 164 9
193 155 13
99 31 16
188 105 8
21 4 1
69 108 16
93 111 14
98 191 17
159 96 4
123 89 15
85 82 6
136 55 13
171 165 14
136 166 14
123 25 8
118 119 5
146 7 14
3 196 17
187 158 2
36 149 4
35 54 13
187 118 18
11 4 10
168 184 11
67 128 18
63 112 16
125 124 10
55 199 18
85 82 1
191 159 8
75 137 19
112 63 9
96 82 5
55 7 13
92 39 15
115 66 13
41 15 3
164 80 10
85 117 13
98 70 4
175 152 9
8 193 19
51 174 20
48 57 10
124 8 13
90 182 17
198 127 10
119 19 18
29 129 13
146 94 2
138 193 18
81 137 9
89 42 3
89 12 17
163 11 18
159 78 18
49 55 9
39 115 17
131 24 7
15 41 2
2 191 4
86 52 20
50 127 5
197 169 13
133 14 1
76 22 1
112 63 4
57 83 16
185 132 16
60 90 1
16 45 3
144 94 5
13 177 7
19 144 15
150 197 1
56 173 8
186 152 13
102 94 7
55 164 9
12 165 19
144 102 4
195 154 1
174 3 19
59 53 5
151 32 20
92 184 17
6 91 4
26 89 6
82 185 18
69 186 17
31 46 9
92 83 11
156 98 11
143 169 13
6 73 15
114 184 4
41 10 9
175 186 3
135 103 5
44 135 2
198 64 19
178 186 20
154 58 3
59 178 3
158 105 20
136 94 14
93 107 14
134 12 14
106 15 14
108 163 10
182 149 8
138 8 15
32 95 19
76 61 4
31 133 14
28 99 3
25 16 12
87 185 13
143 84 12
20 135 12
85 180 4
88 129 16
94 158 4
182 85 9
200 24 20
31 14 9
101 172 9
95 13 15
53 131 5
21 4 6
198 177 5
46 14 11
84 50 9
179 98 11
13 173 13
96 82 18
25 161 14
63 121 20
195 91 9
44 63 17
160 171 4
139 38 16
58 195 16
99 161 15
142 58 6
2 3 4
109 73 9
40 165 8
34 37 6
74 132 1
112 81 6
120 109 8
71 115 8
162 154 15
181 14 20
179 152 15
180 74 17
189 68 19
26 139 20
33 35 18
137 18 12
35 33 14
120 140 9
108 157 18
47 60 14
91 58 2
185 180 14
52 87 4
67 105 6
26 45 17
10 69 5
69 108 20
155 149 14
124 155 20
22 153 8
76 105 3
2 174 20
100 169 2
166 1 11
63 56 15
162 110 16
85 2 5
40 142 15
97 76 5
174 170 19
124 116 12
135 177 10
199 22 13
166 144 19
8 116 15
76 193 15
191 74 20
162 62 12
123 33 3
132 86 11
200 108 15
102 164 2
43 88 1
143 126 5
97 130 18
160 46 20
5 183 5
82 117 10
30 121 20
48 57 18
157 41 6
186 152 16
11 24 10
51 98 2
59 66 13
41 15 16
169 80 17
36 9 12
21 4 1
59 186 6
108 175 20
170 132 10
136 65 17
122 40 1
89 26 13
105 193 18
85 132 17
14 181 6
5 179 14
119 65 15
173 143 1
41 34 9
146 88 11
182 85 9
11 15 20
161 99 14
157 79 19
193 116 16
87 72 12
76 136 17
171 99 5
80 107 18
124 52 2
192 69 5
149 67 12
45 123 8
50 93 12
131 21 9
194 127 13
6 42 7
113 137 18
23 161 7
9 124 4
123 133 4
112 84 5
43 169 5
163 189 12
145 23 13
8 61 13
65 61 14
6 122 19
68 4 17
48 77 8
108 59 11
55 130 6
36 47 19
144 61 16
44 113 17
138 128 13
159 57 6
99 171 2
51 78 5
119 8 14
39 98 19
140 58 16
149 185 14
179 184 2
29 150 2
169 164 1
108 66 17
49 119 12
90 170 17
140 110 2
117 98 7
76 22 9
195 120 4
56 95 3
80 43 19
81 140 13
52 141 14
111 30 3
92 114 10
185 52 4
37 79 4
129 1 17
33 171 8
2 132 7
156 101 3
12 134 11
74 47 3
145 31 12
107 177 13
52 188 11
51 3 2
132 172 20
45 171 5
184 71 16
9 141 11
42 40 20
128 125 3
35 26 19
193 1 17
56 84 6
8 144 18
78 159 18
114 152 9
122 99 13
19 124 5
110 154 9
75 154 6
69 192 6
172 2 15
167 182 19
126 103 6
164 22 13
101 3 11
112 198 6
52 36 12
138 167 7
187 124 2
97 105 14
112 30 15
89 42 9
29 94 6
78 172 8
145 14 1
75 50 6
200 21 3
55 150 10
14 181 20
181 25 5
194 147 5
72 132 13
32 80 3
51 82 6
42 38 2
16 14 14
65 22 5
90 185 14
168 83 16
118 138 6
127 162 6
156 3 7
81 194 13
159 96 13
55 88 3
129 94 13
93 112 17
27 155 16
122 160 15
191 196 18
5 98 20
152 178 10
105 118 14
27 36 4
146 97 17
120 73 7
113 84 13
123 89 5
67 187 3
99 161 18
178 66 14
194 198 10
157 200 10
84 107 17
93 173 17
78 115 5
3 96 20
45 123 3
16 181 20
188 19 16
3 156 1
123 145 18
15 11 20
192 157 17
16 23 20
57 183 17
63 64 4
165 171 4
175 108 19
125 118 4
160 45 2
190 161 2
179 57 5
102 119 1
135 127 10
10 186 8
16 145 6
131 104 5
43 151 18
150 29 4
39 71 11
40 35 12
166 105 8
83 183 10
160 28 7
162 58 10
46 123 15
165 45 18
163 192 13
40 28 19
98 39 1
117 180 4
116 49 12
71 175 17
168 184 10
93 63 20
69 66 11
34 189 3
180 72 1
78 115 15
182 85 17
101 98 20
52 9 4
137 140 2
178 41 8
100 197 1
33 134 10
181 14 14
41 59 1
115 71 19
54 139 20
30 154 4
119 49 20
132 191 1
145 133 18
107 127 18
185 170 8
147 112 12
160 46 15
154 127 14
170 101 17
78 48 12
111 194 20
105 166 6
36 60 16
115 196 3
69 131 19
188 193 7
6 165 8
192 178 20
58 162 7
140 139 10
112 64 3
185 149 18
23 134 13
188 167 20
152 39 11
144 130 20
19 67 3
35 109 9
15 189 17
106 68 19
86 60 8
28 109 8
170 74 2
102 146 11
58 137 9
63 173 14
192 114 12
77 152 3
63 64 3
164 146 20
166 1 16
151 103 13
113 162 5
6 28 9
72 155 14
194 81 12
36 185 16
172 3 3
168 114 13
171 160 6
144 193 5
19 193 20
24 21 20
16 12 4
31 14 13
58 162 17
131 34 20
35 6 20
18 120 3
41 186 18
35 139 11
128 193 19
131 192 17
13 173 13
11 131 12
171 25 19
138 167 8
193 67 17
16 134 1
155 124 19
54 139 10
191 57 5
144 158 2
61 76 5
81 18 1
119 116 13
8 138 3
177 44 8
121 197 7
116 144 7
49 150 11
31 190 2
85 180 7
148 6 14
125 36 18
51 156 4
31 25 1
84 63 4
29 102 16
104 24 12
151 50 5
83 168 1
30 84 15
6 38 14
119 158 8
60 85 7
24 4 4
44 177 10
59 71 7
96 74 3
183 184 17
170 101 17
98 70 17
168 156 4
174 132 14
64 198 6
103 169 7
193 76 12
40 35 13
13 50 15
159 117 3
43 151 8
113 137 14
96 117 13
77 39 9
167 125 7
99 26 15
97 1 13
39 196 16
169 20 2
128 52 15
183 156 11
163 69 1
95 100 5
160 161 5
163 104 11
32 56 4
49 116 17
47 90 16
57 48 2
115 184 7
73 110 5
49 1 17
165 160 3
154 113 19
71 152 7
107 13 1
42 160 3
155 188 4
152 115 15
105 128 4
165 33 9
29 130 17
121 93 2
30 44 18
192 163 14
163 68 16
104 131 16
127 93 4
158 19 18
102 129 7
133 14 6
14 145 8
74 170 19
71 183 8
78 3 2
150 129 13
156 77 12
60 141 9
41 11 16
77 92 5
76 119 17
182 85 3
150 130 3
126 88 13
117 57 2
156 57 16
180 51 19
119 97 11
65 22 8
176 42 3
55 88 9
156 57 18
122 160 7
128 105 11
114 184 12
48 101 18
24 4 4
67 128 7
94 97 5
133 161 13
140 54 9
174 3 17
71 157 13
93 103 17
131 53 3
115 5 16
27 86 18
31 14 18
73 17 16
166 199 15
184 114 3
193 1 19
108 92 18
154 137 11
94 102 1
83 71 13
46 133 18
52 90 1
59 66 18
45 171 4
147 63 13
41 24 20
23 171 20
154 140 1
63 44 3
2 191 11
9 87 10
106 4 3
82 2 1
66 168 3
135 56 1
77 178 17
76 193 9
161 123 18
180 60 6
73 42 16
169 199 7
123 145 4
16 133 2
63 198 2
120 140 11
163 11 19
18 194 7
83 71 18
45 160 9
6 160 20
191 74 13
165 171 8
93 56 12
147 113 20
88 80 12
63 84 4
172 101 14
200 108 11
54 122 4
134 31 7
13 103 7
120 58 1
46 33 13
187 158 2
98 83 4
130 136 14
186 152 9
108 69 2
190 14 14
73 139 10
84 30 18
8 19 14
144 187 7
85 72 5
50 30 5
127 162 19
82 96 5
66 179 20
88 150 15
100 153 5
177 121 17
63 198 17
67 116 18
23 160 8
21 4 10
142 140 7
45 33 16
23 190 18
102 146 19
16 161 5
72 82 14
58 18 18
136 146 9
112 177 3
79 15 5
192 178 5
135 84 16
38 91 10
115 57 4
130 7 18
151 121 20
46 16 6
178 114 17
97 166 11
115 70 7
33 171 5
71 184 12
129 88 10
125 27 2
50 30 18
182 60 4
133 145 18
45 12 16
67 188 10
39 114 10
197 88 11
21 4 18
17 91 2
80 88 7
92 184 4
86 149 8
103 121 1
55 153 6
189 11 14
60 180 15
195 120 3
142 6 5
189 4 12
181 190 3
65 22 3
87 36 3
150 169 6
75 44 7
155 52 13
188 8 14
148 195 19
59 69 19
70 196 7
117 180 2
41 163 11
144 76 10
135 198 14
64 154 2
34 200 15
33 165 5
195 73 7
78 101 1
11 15 6
3 98 3
114 66 16
12 25 13
123 145 8
50 103 17
8 118 3
58 195 7
95 56 5
88 199 15
147 30 17
171 46 10
43 32 5
55 199 8
82 191 19
113 64 1
154 195 2
100 199 19
40 176 16
174 172 14
36 182 5
100 88 20
177 93 4
77 152 17
115 5 9
19 9 1
13 121 15
35 6 8
113 30 5
189 4 20
30 113 5
179 70 12
185 170 13
143 20 16
87 155 9
46 160 1
119 76 11
26 42 6
84 56 16
1 166 18
11 68 14
89 42 3
199 129 19
112 198 3
56 143 10
167 182 15
90 74 16
105 166 19
125 155 13
79 34 5
185 174 13
182 87 20
149 87 11
109 17 16
38 40 3
47 36 17
64 110 2
140 148 12
102 136 5
74 2 7
40 35 20
183 196 13
158 76 7
84 111 15
59 37 15
19 138 11
23 165 13
165 160 3
119 94 5
108 53 16
200 157 15
54 140 6
140 162 16
73 28 18
73 54 15
130 65 5
170 101 16
13 84 4
158 65 10
144 119 8
114 69 1
86 87 19
159 57 10
69 34 1
91 58 15
35 176 20
61 187 8
81 62 19
141 185 12
68 4 13
77 175 1
200 53 6
42 73 19
20 121 4
181 14 18
23 123 13
19 149 2
131 41 3
102 7 13
67 119 20
127 44 5
141 155 17
29 146 20
15 21 16
152 184 12
162 111 12
193 158 1
5 96 20
176 28 4
116 124 20
183 78 7
75 111 1
155 87 16
163 131 6
157 184 15
84 135 12
103 50 14
197 56 13
35 139 11
194 147 15
105 166 16
186 178 5
50 177 10
168 59 6
60 85 20
152 168 5
97 130 1
97 146 15
75 112 20
162 147 20
95 107 8
65 187 20
100 151 20
116 67 10
48 5 20
89 99 19
124 138 14
110 154 9
64 44 3
157 79 3
80 164 19
130 29 9
8 188 5
154 18 2
143 20 19
99 89 19
164 151 14
153 43 14
47 185 12
198 177 1
75 162 5
79 131 16
112 137 14
155 193 1
136 166 4
112 63 18
47 141 1
116 49 17
170 117 12
180 72 16
107 135 6
107 20 6
160 176 2
7 100 2
73 17 15
66 186 12
123 165 18
93 56 12
80 173 14
16 14 20
193 188 7
148 195 2
43 197 8
86 180 12
78 48 11
3 183 6
137 111 2
193 105 12
149 52 17
130 166 11
18 142 4
184 39 14
192 178 1
7 153 15
131 106 1
15 4 7
27 141 15
130 7 3
193 158 11
156 101 14
174 86 15
150 126 5
72 86 12
93 30 17
46 45 8
182 149 19
61 97 8
4 34 10
91 54 18
121 84 3
40 26 19
159 78 11
132 96 20
48 3 15
124 141 1
84 121 17
196 70 14
38 28 18
48 179 17
114 186 15
41 10 12
6 91 10
3 57 20
37 79 6
166 199 11
175 192 19
25 14 7
13 151 9
127 135 16
45 46 8
149 185 6
108 163 9
42 148 7
123 23 2
155 167 17
23 160 13
91 109 1
15 79 2
84 177 19
119 144 19
6 54 16
190 14 19
75 50 3
84 135 10
171 16 11
127 93 11
191 159 20
171 89 1
158 144 9
50 127 1
103 126 8
167 90 18
8 116 13
66 115 7
36 182 6
10 178 15
169 150 20
14 181 1
116 187 6
196 168 5
45 99 6
120 140 18
87 9 10
92 183 15
143 93 3
188 19 2
84 121 3
40 142 2
14 181 1
123 181 20
102 55 18
6 109 5
103 121 1
55 153 17
149 36 8
113 18 19
82 2 15
157 186 13
138 141 11
130 119 10
179 66 8
25 16 12
25 133 10
77 115 3
29 136 14
71 83 12
46 190 11
88 32 4
162 148 11
63 198 13
3 101 7
2 82 1
3 174 14
8 144 9
104 21 14
33 23 10
188 9 19
55 100 13
141 90 4
105 9 12
5 183 12
27 155 17
59 79 20
153 22 15
42 73 16
96 172 4
40 26 15
152 83 3
163 34 20
2 191 15
107 121 11
116 65 2
179 115 7
99 89 14
75 113 8
169 43 16
161 89 14
47 96 6
44 107 19
97 130 9
57 117 8
112 135 14
98 117 2
138 61 8
100 80 15
114 59 12
19 116 11
199 7 8
31 12 20
171 161 17
10 192 5
95 100 15
199 94 3
78 96 12
157 200 4
80 143 8
35 42 18
108 53 9
78 3 19
155 149 2
101 5 14
21 4 9
3 159 3
79 69 19
141 60 19
149 72 20
26 28 18
91 40 7
96 170 18
155 141 4
163 53 9
24 4 1
79 200 16
68 4 12
53 104 14
46 99 1
79 192 9
66 39 16
177 107 5
140 91 15
121 50 5
157 71 3
195 162 6
72 149 20
12 16 13
125 141 13
174 51 15
122 6 2
2 132 14
124 125 7
159 101 18
84 75 4
27 125 18
181 161 4
125 155 1
34 106 15
51 180 19
82 51 18
187 118 16
82 117 11
57 101 1
146 199 12
47 74 15
71 77 14
7 153 18
91 120 4
155 27 17
77 39 6
94 1 4
1 76 4
80 107 4
30 198 1
26 33 10
189 163 6
175 184 19
51 156 17
195 58 11
199 55 14
161 14 9
138 8 4
33 134 12
162 154 15
137 58 6
156 5 18
28 38 7
121 173 8
132 170 19
36 167 1
50 75 8
82 180 19
69 192 2
68 4 16
38 89 19
123 134 2
162 127 11
29 150 19
199 94 18
70 183 2
61 65 17
1 119 18
164 197 9
21 11 1
90 27 20
181 161 1
77 184 4
181 14 11
105 67 19
115 98 3
38 165 20
97 102 16
42 17 13
81 18 6
132 47 16
153 151 13
5 3 1
98 57 2
65 76 1
128 125 8
179 39 10
55 22 12
91 109 17
98 115 15
29 164 11
78 117 6
88 7 12
176 99 11
158 118 14
99 160 4
140 18 5
143 56 13
76 61 7
199 126 13
171 122 11
13 56 18
172 51 13
36 9 3
66 92 10
5 98 5
5 191 8
88 22 7
30 113 16
13 93 14
99 122 13
107 95 8
104 79 19
15 79 16
178 192 13
50 173 6
57 117 1
170 96 16
29 102 14
118 76 6
51 170 6
92 184 15
94 65 4
121 20 5
84 13 5
23 99 3
121 103 16
95 103 1
89 35 18
123 46 2
45 160 7
144 1 19
68 189 14
33 123 16
48 196 14
155 182 10
87 72 12
86 141 14
190 31 20
95 107 11
47 132 15
119 144 13
63 64 19
49 129 18
180 167 16
47 132 8
92 77 3
156 78 20
72 185 6
88 22 6
88 129 7
117 51 6
53 15 3
93 44 11
90 72 5
155 167 5
25 14 5
83 70 13
33 28 17
61 128 7
102 76 9
147 137 5
118 97 13
99 89 12
183 78 15
61 187 11
167 182 16
114 157 20
182 185 2
19 67 18
60 185 12
197 7 5
77 39 14
108 10 12
53 41 20
135 63 17
137 140 3
102 166 18
145 161 10
195 58 10
30 107 16
114 77 11
111 154 9
65 49 16
129 29 5
25 190 3
132 90 6
148 62 10
193 67 17
67 124 10
157 131 8
141 27 8
23 12 18
9 125 5
118 9 17
107 177 4
126 88 13
121 13 14
119 118 19
179 66 4
37 11 5
6 165 11
44 198 11
28 122 20
134 165 8
26 89 9
171 165 16
105 1 7
54 122 13
170 85 14
134 145 8
194 120 15
167 52 20
14 181 6
97 22 7
5 196 8
66 59 15
3 117 17
43 13 7
38 89 20
8 188 7
181 23 5
126 95 7
56 63 13
112 147 18
180 72 6
192 175 14
104 4 12
36 182 20
91 195 18
159 191 19
126 164 14
45 40 4
196 48 10
22 150 15
157 192 19
186 10 13
110 154 4
59 108 11
6 148 17
98 83 5
169 103 7
108 152 11
75 63 6
83 186 1
113 18 9
66 184 6
187 19 18
39 115 1
78 183 8
155 72 7
172 96 16
168 48 1
166 22 7
155 67 12
3 183 6
30 113 20
126 197 5
153 32 1
135 20 14
118 187 9
175 77 2
57 51 12
47 170 3
147 63 4
34 15 13
59 178 14
105 166 16
21 4 18
155 141 10
105 19 9
75 44 12
57 183 3
42 89 10
87 85 12
21 106 1
32 150 15
131 21 20
172 159 14
159 74 10
104 4 11
89 123 18
153 29 12
180 36 8
127 13 11
39 179 3
180 87 12
74 90 12
39 156 5
124 52 6
179 71 10
113 194 15
7 129 7
88 197 15
26 6 1
5 57 9
65 187 7
150 197 16
95 173 18
19 8 14
103 135 18
165 134 3
51 2 9
57 3 14
99 12 12
54 109 15
98 196 7
23 31 11
101 172 19
150 199 8
107 121 19
187 9 13
164 100 2
10 131 7
45 23 4
3 57 13
50 103 19
27 167 14
106 34 3
128 87 13
91 176 16
97 146 4
105 128 13
101 170 16
99 176 6
51 101 20
169 29 3
71 10 5
37 200 11
134 122 15
16 181 9
112 194 9
71 175 13
93 135 14
24 4 12
14 181 1
130 102 19
63 127 9
167 87 8
48 70 4
127 194 12
98 117 5
177 84 5
13 20 9
165 139 2
57 2 17
98 159 4
91 58 20
39 115 7
23 181 15
85 72 12
117 170 15
6 42 5
89 6 8
67 138 6
1 8 15
138 9 11
93 84 14
143 173 2
126 80 19
145 171 20
159 51 8
115 179 11
6 40 13
1 8 20
27 149 4
104 53 14
61 1 19
25 14 16
120 113 16
172 51 14
96 191 16
28 40 14
137 154 14
134 31 3
153 164 19
88 153 5
44 107 9
91 28 3
167 36 3
141 90 19
21 11 20
105 124 9
158 138 16
141 167 16
170 2 9
197 7 8
92 48 10
66 114 8
58 54 20
21 4 2
159 170 16
119 61 9
92 184 10
173 107 6
36 149 14
107 20 18
138 155 9
112 63 11
3 170 2
149 67 12
183 77 17
138 52 3
50 20 11
3 2 1
33 122 12
153 136 2
95 173 20
162 137 13
15 37 6
102 129 7
8 105 20
51 170 9
60 87 2
200 131 4
102 119 10
188 52 10
21 4 12
40 139 20
192 79 11
28 176 16
163 11 7
103 32 7
185 36 6
119 76 6
195 58 7
76 158 1
53 192 12
104 200 15
176 42 7
84 143 3
169 88 12
53 163 9
40 54 12
62 162 1
53 41 17
22 136 2
17 137 14
50 63 6
109 54 18
88 164 13
7 130 5
174 170 14
109 40 6
112 162 19
154 18 3
15 79 18
128 188 16
108 157 14
62 154 13
106 4 19
114 186 16
174 3 12
6 28 19
174 170 16
77 152 3
58 73 3
8 118 16
64 81 3
7 197 11
90 82 20
190 14 5
86 87 1
25 12 15
34 69 18
109 73 20
162 58 9
90 47 15
14 133 12
170 60 1
52 27 3
17 18 19
194 110 6
37 163 1
135 13 1
68 200 12
97 102 4
177 63 7
161 190 3
103 135 2
12 165 8
29 146 11
122 45 6
76 1 8
196 156 14
29 88 15
122 45 15
181 14 13
89 171 9
145 46 12
47 27 13
129 150 8
12 33 4
28 91 13
163 34 2
39 196 14
94 166 20
81 194 6
68 163 3
43 95 11
163 192 12
37 163 8
129 49 5
61 187 17
8 118 7
56 135 16
72 182 16
187 158 12
180 47 9
147 162 17
196 179 10
4 21 15
137 162 9
54 148 2
191 57 8
107 121 3
50 173 1
168 71 8
139 26 6
56 63 10
56 197 19
111 137 19
45 176 19
38 176 17
82 74 3
70 5 16
89 33 14
1 61 13
14 181 17
47 87 14
198 30 6
166 119 14
42 109 17
122 26 8
81 64 16
127 30 14
37 175 8
168 59 2
1 94 19
19 116 1
116 61 17
200 192 10
47 82 1
155 149 5
41 175 20
121 43 3
164 32 4
6 142 16
29 7 17
171 99 17
30 63 18
163 157 16
165 28 13
154 127 19
69 114 5
138 52 11
156 57 17
24 4 9
163 41 9
167 188 8
158 61 20
110 137 10
83 39 8
186 192 17
52 87 11
59 175 17
37 41 11
174 172 8
129 130 5
60 117 12
42 142 14
51 2 15
193 125 16
42 17 10
166 129 14
45 134 7
85 96 5
12 161 14
191 132 9
61 118 17
20 151 19
121 173 7
135 50 10
37 104 13
125 87 15
105 119 10
144 8 2
137 58 15
90 72 19
137 110 13
98 117 19
46 123 7
180 172 13
91 109 13
146 22 3
138 61 10
82 86 6
200 41 6
84 177 19
168 175 13
142 73 15
28 54 18
71 108 20
147 112 18
149 182 18
182 132 8
164 151 10
14 46 5
107 103 20
82 172 18
88 153 4
60 86 5
72 47 18
70 156 17
175 41 8
117 51 4
42 40 6
162 112 4
193 158 15
60 132 11
14 181 20
69 59 3
52 72 11
150 88 14
149 8 9
29 22 9
198 30 4
22 100 14
73 38 19
14 181 4
41 79 16
164 100 8
199 29 1
14 181 15
89 35 11
131 79 6
13 127 20
136 166 4
106 4 17
69 131 15
80 173 2
126 43 12
33 89 9
1 187 4
85 2 19
5 57 16
106 4 6
39 77 9
62 142 1
44 177 2
192 34 17
43 13 9
67 9 17
39 98 4
39 77 15
54 142 13
116 130 19
192 41 3
141 90 11
5 2 14
196 159 1
115 184 6
119 116 6
184 179 5
89 26 19
156 196 8
95 143 13
17 110 19
139 28 9
104 79 8
185 141 3
137 81 10
137 75 14
125 141 7
54 176 20
130 7 10
44 84 8
191 196 20
150 129 17
79 10 16
153 164 9
73 195 20
154 127 18
110 81 19
168 178 4
32 95 7
191 159 5
53 131 16
158 61 7
29 7 14
135 44 19
52 87 9
182 86 20
76 1 1
59 157 12
132 36 20
131 189 18
64 113 16
173 95 18
104 53 1
47 180 10
20 103 5
158 61 7
182 90 20
76 105 5
178 92 12
44 198 20
71 66 8
176 91 19
177 64 4
48 179 17
1 119 13
119 102 1
200 24 17
36 141 6
21 4 11
142 54 11
71 108 5
176 28 2
56 177 15
15 4 18
75 127 7
62 58 18
196 5 6
52 27 1
147 75 20
26 122 4
106 4 13
100 169 9
75 63 8
108 152 20
127 75 4
129 97 1
11 69 10
139 35 15
33 45 10
53 108 18
108 37 11
11 24 11
160 122 20
112 147 19
120 64 13
33 23 6
196 101 20
151 153 13
127 75 13
177 111 11
98 179 4
135 50 2
184 183 6
182 47 17
86 141 3
132 85 15
132 72 9
97 76 10
118 124 11
137 140 19
197 103 8
190 14 8
150 199 20
28 109 12
25 14 15
21 4 2
139 73 9
175 92 16
151 95 16
191 159 5
95 121 16
58 137 1
155 87 7
13 84 15
98 83 11
1 8 13
89 134 14
66 157 8
118 193 1
23 12 13
180 60 6
103 56 15
70 159 14
48 3 8
85 170 13
200 106 20
36 47 6
14 181 2
145 31 5
33 165 16
76 94 15
141 52 10
109 139 17
81 147 13
147 110 17
41 69 12
9 52 10
138 128 3
178 175 2
198 127 7
136 164 18
126 197 14
98 83 3
135 198 10
167 72 13
12 171 17
1 166 10
165 26 4
104 200 20
158 94 6
181 161 12
119 193 14
10 59 9
18 109 19
42 91 17
138 158 9
138 9 10
137 58 17
1 193 18
175 59 16
98 117 6
87 36 16
124 155 18
22 100 18
16 133 10
10 69 19
36 182 20
59 108 8
154 198 5
186 41 12
136 49 4
22 55 16
196 168 18
126 20 6
138 187 5
87 52 6
49 65 20
118 193 17
80 121 19
151 164 4
181 14 10
133 14 9
164 32 9
38 26 3
179 57 1
93 30 7
120 142 8
56 143 9
5 156 15
50 63 10
82 117 1
192 79 16
119 65 9
106 11 6
60 87 16
190 14 4
5 70 7
67 128 17
70 159 14
39 168 4
50 20 7
176 35 9
96 2 4
62 64 13
111 62 20
25 14 4
51 3 4
41 192 20
181 23 13
87 182 2
84 13 7
114 192 14
136 199 17
159 98 10
92 184 5
139 6 5
113 64 20
55 129 15
193 76 13
76 97 12
152 59 17
86 47 1
154 147 9
47 141 14
91 17 18
127 113 1
157 71 5
143 177 12
12 122 18
188 167 1
89 26 17
89 26 12
94 150 5
161 134 14
104 200 4
142 140 17
190 31 9
171 89 2
25 171 2
11 69 16
129 130 15
33 23 10
103 100 7
117 74 5
102 76 16
71 175 10
18 58 2
173 143 14
144 193 6
40 122 19
192 79 8
168 114 11
55 136 15
126 173 18
10 163 4
82 174 11
20 80 16
19 105 3
84 127 13
161 123 8
15 79 8
133 14 13
17 142 18
78 2 9
91 176 14
83 39 10
115 168 2
105 9 17
121 20 17
180 87 2
181 14 17
48 92 11
9 193 15
41 69 7
141 124 10
33 134 13
86 180 12
30 44 16
184 183 13
98 159 4
47 172 4
102 199 10
77 48 11
161 12 10
113 81 19
133 46 3
195 110 12
82 170 5
194 64 7
162 147 6
38 6 4
63 84 10
80 151 12
61 138 18
78 101 14
72 60 3
105 1 7
43 143 11
153 43 5
80 126 12
84 63 19
120 113 17
50 30 16
173 56 20
191 74 8
176 122 10
47 60 7
81 64 14
80 56 13
61 49 19
61 166 19
90 180 7
160 26 2
18 17 14
56 93 15
17 142 11
14 145 9
58 38 18
23 25 20
70 184 3
157 186 9
141 27 3
106 163 2
122 139 9
127 75 4
64 62 12
90 86 19
196 77 12
142 120 15
20 121 19
8 155 12
161 14 18
22 97 4
21 4 15
74 174 19
131 69 15
172 5 19
134 12 3
108 175 12
119 49 9
85 96 18
75 50 10
198 30 18
47 36 13
99 23 11
183 48 5
56 173 12
126 7 20
53 114 2
63 121 5
177 93 16
152 92 18
76 116 20
161 160 6
195 154 19
27 138 9
38 54 16
147 137 3
3 2 19
88 22 6
54 122 11
41 178 3
43 151 9
132 180 16
169 126 19
169 153 3
111 110 1
57 39 5
127 154 12
200 69 10
168 186 4
172 180 13
133 123 8
76 102 6
189 106 20
21 68 12
193 76 4
31 46 4
145 99 10
82 174 20
104 37 18
60 86 18
46 133 7
171 26 20
117 51 8
60 72 2
61 128 12
6 35 11
13 173 5
167 141 6
139 140 5
184 157 4
117 78 11
79 157 15
70 183 7
15 163 17
52 182 17
177 30 7
46 14 16
149 128 17
93 177 6
50 44 18
162 75 3
17 148 7
87 60 14
29 32 11
115 114 4
43 151 12
165 40 20
172 78 2
101 57 2
43 197 8
44 64 16
191 78 2
147 44 15
153 80 4
47 27 14
92 152 9
174 2 15
193 138 2
80 197 11
85 2 15
157 186 12
30 111 14
165 40 10
132 72 18
146 22 18
146 29 9
131 68 10
75 44 5
177 50 11
155 193 15
179 98 2
138 8 20
104 15 5
108 59 9
169 20 9
37 131 9
71 152 17
63 107 7
158 116 20
181 123 5
117 60 10
91 17 19
188 9 1
23 123 4
121 135 7
3 183 18
137 75 1
167 141 13
3 101 2
39 196 3
5 78 13
110 113 4
111 93 10
166 130 9
159 57 8
93 13 18
78 117 10
89 45 4
124 193 9
32 7 14
127 30 10
70 57 4
18 120 19
92 66 9
45 40 18
72 27 9
47 74 20
118 76 3
138 118 13
68 4 15
86 182 3
53 186 11
22 94 16
93 111 17
11 200 8
144 105 2
27 86 7
93 13 3
69 178 6
178 41 3
170 60 11
198 75 20
29 22 19
116 105 10
200 10 10
28 54 8
122 26 3
22 146 5
145 14 3
29 126 11
127 113 10
100 7 6
105 61 9
34 163 19
9 141 2
86 90 19
138 128 10
128 27 15
60 141 4
105 118 18
169 153 11
73 18 7
59 53 14
5 78 1
48 3 2
170 51 6
40 99 2
7 164 2
185 170 20
108 37 10
39 98 1
133 16 3
27 9 4
127 147 7
110 73 15
87 182 4
120 58 4
145 12 11
69 200 16
100 126 20
139 35 5
92 157 13
17 18 10
5 115 13
130 119 9
10 59 16
87 52 10
145 171 2
96 78 5
52 72 5
145 181 9
119 130 3
26 45 3
140 17 20
194 127 9
36 27 19
113 137 18
175 178 7
10 41 10
95 7 9
122 35 16
109 38 3
53 178 17
33 12 16
92 179 3
73 140 12
14 181 2
10 69 8
171 31 8
21 189 11
189 37 2
120 194 19
157 114 16
4 106 18
159 82 9
153 164 2
38 109 16
184 108 11
47 87 4
175 186 8
83 39 15
129 146 5
31 45 14
12 99 12
153 164 1
99 122 13
81 58 19
197 7 1
168 156 3
127 112 3
40 35 1
133 14 7
185 90 20
171 25 19
103 50 19
2 82 4
2 191 18
172 132 1
17 58 19
21 4 20
131 21 10
54 18 15
40 26 3
50 13 9
56 44 16
116 65 3
56 197 14
25 46 11
12 123 7
41 175 1
44 63 8
172 98 11
164 150 8
109 35 11
187 76 20
63 13 17
189 11 1
29 88 10
160 26 16
55 65 3
61 193 4
88 146 2
152 92 7
182 141 4
63 173 20
43 56 9
17 148 2
18 73 5
68 21 4
32 103 12
59 192 12
177 93 18
133 171 18
19 118 19
112 62 7
16 133 12
88 197 6
172 96 15
158 105 10
96 2 2
109 140 6
164 126 1
74 82 5
92 115 20
31 12 4
126 197 13
29 100 2
