200 1000 20 118 200
1614
8567
1790
9287
866
3293
7926
8184
9168
9822
3615
8723
6110
5723
8525
6813
7426
3978
1851
9564
2279
7217
5830
1354
8943
9391
2721
2966
1931
6836
8879
4050
1956
8099
4172
422
8694
7079
1125
587
6640
8988
7850
7873
7861
7121
5107
2105
94
7997
4041
8124
8422
9303
3113
2162
3980
3628
5701
4572
4229
7404
8642
3723
8631
6894
6042
854
1679
5720
2779
7992
2636
7447
2951
4528
8993
1469
2658
5887
2359
2350
5367
7518
2841
8098
3796
6677
4166
4455
4313
2132
4275
5420
5789
4734
7782
1174
3416
2329
5484
1534
7802
8992
2724
2993
6179
9665
6737
2656
9225
2592
3932
3310
822
4818
7536
372
1767
706
524
4992
2093
3967
9285
2801
2128
3516
2561
7133
2343
1775
5053
7819
6353
8626
8856
362
2880
2661
5461
7112
5464
1402
8957
7932
1028
2408
1211
4060
9186
3737
5999
7255
978
8556
8203
7789
4651
8163
8233
9234
7766
2438
1778
5887
5985
7246
6600
6272
1389
7259
1582
1239
9360
3103
6267
8904
5379
65
7755
6123
2517
1706
2493
3421
103
9627
8246
3999
4974
3285
8076
7317
197
1504
1228
7336
632
4357
184 173 13
98 16 14
19 161 7
104 147 16
68 116 15
174 110 5
54 4 19
162 15 16
111 20 6
56 148 17
155 141 11
10 173 5
36 151 19
171 5 5
102 199 17
30 49 10
114 54 15
36 141 8
163 198 8
65 4 4
199 152 12
147 110 6
84 192 19
42 67 18
110 191 2
37 27 19
44 126 16
46 131 3
73 176 14
20 50 7
182 153 13
154 118 4
13 106 2
113 22 18
52 114 13
194 70 9
125 172 17
77 107 20
189 180 10
130 159 14
89 151 4
100 175 12
33 6 10
149 46 9
44 17 18
46 102 1
188 110 7
114 68 3
41 45 20
33 165 10
172 9 11
89 161 7
136 67 20
34 118 15
107 193 4
88 53 18
126 91 3
99 170 3
171 41 16
18 35 20
48 4 5
158 114 3
145 178 12
25 48 6
185 70 16
33 191 19
12 94 19
74 65 17
146 24 20
134 70 20
191 179 20
131 140 10
68 91 18
169 143 18
173 184 12
131 184 18
199 128 18
71 140 19
72 160 6
68 155 20
66 137 14
140 130 20
12 27 7
115 2 5
78 141 8
178 169 19
76 196 14
18 14 19
193 198 19
177 180 9
137 145 3
159 95 6
135 107 5
41 133 13
184 169 18
131 127 15
6 51 16
133 24 4
168 60 10
74 23 14
6 43 3
38 136 18
126 44 3
21 53 14
38 136 15
73 115 18
30 144 1
7 177 19
169 142 13
61 96 2
83 60 3
191 195 3
76 21 14
26 88 18
109 14 8
123 30 8
177 26 16
17 156 18
77 128 7
99 105 6
105 158 3
42 121 17
102 46 8
101 144 12
100 182 17
14 173 8
73 91 5
5 137 7
145 178 17
108 151 2
8 13 6
199 14 6
88 27 7
31 20 5
28 192 13
167 177 4
10 149 3
15 55 1
181 13 13
200 59 4
60 83 7
111 94 11
180 103 2
106 13 2
35 131 10
6 90 13
89 63 13
61 25 18
13 60 5
65 96 1
162 33 12
22 46 17
177 76 18
67 11 12
177 96 8
88 196 13
67 118 18
177 47 9
6 38 1
99 78 3
16 14 20
74 190 20
67 118 7
86 104 19
125 72 6
103 196 15
30 127 7
32 72 19
57 160 15
72 101 6
82 115 16
24 133 4
154 34 2
175 97 18
10 159 6
87 178 8
97 23 17
73 156 17
167 23 11
119 47 1
186 198 18
76 111 4
27 190 9
120 124 1
156 176 20
112 200 6
93 119 3
9 71 11
174 64 18
109 35 3
166 109 12
146 157 17
194 191 20
27 75 3
109 178 16
22 173 15
114 62 15
78 141 12
196 190 9
125 101 3
89 63 17
123 30 14
23 153 1
20 53 17
156 84 16
151 49 6
178 128 5
25 103 1
200 112 16
107 166 9
119 37 18
125 72 7
90 139 7
123 95 14
125 30 10
111 76 10
23 153 14
43 121 18
132 197 9
163 157 9
157 171 20
130 140 15
56 129 16
76 37 18
51 6 5
96 25 11
13 116 3
94 119 9
50 119 19
31 47 5
102 14 18
89 85 8
152 166 12
79 86 16
181 155 18
53 167 10
138 173 20
5 133 20
143 142 17
165 110 17
5 188 5
140 173 14
6 81 14
181 78 3
22 46 1
89 141 12
199 39 10
157 133 9
23 180 14
138 95 13
2 200 6
153 48 7
23 153 12
143 107 12
3 154 7
67 118 19
73 62 7
71 123 11
154 81 14
10 173 8
73 158 20
149 123 6
177 12 16
171 79 9
27 26 17
73 200 5
13 8 9
103 177 3
174 134 3
58 49 3
30 57 19
137 183 16
107 163 3
179 56 8
78 116 2
58 101 13
125 106 7
185 86 10
25 187 6
167 26 8
174 110 6
155 68 14
86 104 5
54 97 5
159 71 7
87 173 15
105 200 19
16 184 6
5 198 15
168 124 16
42 154 2
128 143 18
168 122 1
19 161 14
147 165 9
65 192 13
152 77 6
3 67 9
41 135 7
87 138 16
10 14 16
86 79 16
157 5 3
110 185 10
104 70 10
26 37 18
193 163 11
162 38 17
135 128 5
107 143 7
98 128 3
179 165 1
51 90 18
99 132 10
60 89 20
164 30 11
5 146 4
126 68 4
71 130 4
37 31 1
114 126 16
89 181 17
103 167 14
33 139 6
143 92 6
100 61 2
138 149 18
48 100 9
124 176 18
74 75 11
37 12 15
85 19 10
37 20 19
91 62 6
169 92 1
160 144 19
46 152 15
39 128 20
40 63 18
92 173 14
58 19 11
8 151 11
115 44 19
87 117 15
200 73 13
117 87 12
168 181 1
52 126 2
153 82 19
137 39 10
32 123 4
95 9 19
183 41 14
199 173 11
94 93 8
107 41 20
98 184 12
56 179 9
121 118 3
193 157 2
111 20 5
42 121 12
55 56 3
118 90 19
119 94 13
160 83 2
180 88 13
146 133 15
115 200 9
103 100 7
36 122 17
75 180 10
66 157 6
4 73 7
107 145 10
132 124 9
178 166 7
135 117 17
9 35 13
98 169 8
20 50 17
31 177 2
21 26 2
143 163 7
84 80 6
25 61 9
38 136 10
177 88 20
183 198 18
175 54 12
5 45 16
10 95 4
125 71 8
129 179 11
62 99 13
144 60 8
119 50 20
180 23 12
160 172 6
199 142 2
193 64 12
100 21 19
61 153 8
63 161 8
112 115 5
109 22 15
112 54 10
111 20 5
17 73 20
91 52 9
82 69 3
155 8 10
59 69 9
71 30 7
57 30 1
118 43 19
26 37 3
151 141 12
104 174 2
67 118 2
145 107 16
82 200 15
43 118 20
42 67 11
127 32 10
32 83 9
156 158 2
181 108 17
119 53 2
45 41 15
165 179 5
4 82 13
158 52 5
123 101 7
142 107 5
120 108 1
28 25 1
25 100 10
21 28 9
195 29 18
151 108 17
13 89 15
10 35 5
140 131 9
174 110 3
60 141 2
145 66 14
11 43 14
112 80 17
72 9 8
76 177 14
108 155 2
196 100 15
84 4 9
101 71 8
153 189 8
44 105 11
101 144 1
56 38 14
65 48 7
55 81 19
164 101 8
7 196 2
130 113 18
88 12 19
170 132 20
114 105 2
156 52 15
82 115 13
178 169 17
39 77 1
1 15 12
7 119 5
85 181 15
91 155 1
122 106 3
73 80 8
132 170 7
94 20 9
144 49 20
150 157 16
153 182 16
24 134 6
140 113 17
103 61 2
91 36 18
104 188 9
82 80 9
39 128 16
16 169 8
109 169 5
174 185 4
148 43 6
49 181 18
62 126 9
156 69 18
97 59 14
98 166 1
138 46 17
4 2 11
90 81 9
133 64 3
140 102 12
149 22 7
94 20 12
18 123 7
45 5 17
88 96 10
70 195 15
171 183 17
171 64 14
164 30 13
171 41 17
74 21 20
66 183 12
102 14 17
183 193 5
136 67 7
26 20 17
104 191 3
139 6 8
45 29 18
173 22 15
150 135 10
136 38 3
92 143 2
145 143 14
140 22 6
47 177 2
9 113 19
40 125 4
98 142 9
199 184 9
46 22 17
59 187 6
166 199 15
46 14 19
164 161 16
188 29 11
37 31 20
190 47 4
135 137 12
169 109 20
121 56 5
122 120 20
195 183 13
176 99 19
61 75 19
48 54 20
41 5 16
22 173 16
58 160 19
146 195 7
27 47 10
122 19 19
130 22 15
186 45 14
102 14 11
87 199 12
114 17 8
144 40 8
170 68 14
34 11 12
3 81 18
67 118 6
182 192 3
44 73 13
58 63 20
143 137 9
178 92 13
119 20 7
87 22 15
22 9 4
163 145 17
50 111 16
189 74 16
53 190 3
160 72 19
32 58 18
45 137 4
143 145 8
91 62 20
67 154 12
24 133 8
17 170 18
32 125 20
137 45 2
184 173 13
91 99 12
87 22 18
72 160 8
129 70 2
33 165 19
163 39 13
195 86 20
70 29 4
189 61 7
81 38 8
86 110 12
180 192 14
55 165 14
188 29 4
134 70 19
171 29 5
23 182 10
93 119 4
119 7 19
68 132 6
182 82 4
194 188 5
150 186 14
148 55 14
143 41 16
160 49 12
136 118 11
117 163 17
172 160 8
169 152 2
141 170 4
77 142 11
138 35 12
68 120 2
84 156 14
39 145 15
162 148 4
93 20 4
113 22 10
37 47 1
115 82 8
162 148 16
147 15 10
190 74 9
32 72 2
94 50 13
193 39 5
111 20 20
146 29 18
45 41 12
176 158 19
134 29 3
141 122 2
54 97 20
151 120 19
113 22 7
87 16 13
191 110 11
85 151 2
37 20 12
24 137 5
79 146 17
56 43 13
117 199 9
196 103 14
8 78 4
51 165 10
12 94 14
43 67 10
93 20 16
47 31 20
106 49 3
42 148 6
149 102 17
197 52 8
72 30 17
75 21 2
81 51 5
49 63 15
181 144 7
68 156 12
27 180 18
175 97 8
27 74 7
112 48 1
15 139 4
4 65 12
117 150 5
170 176 6
51 33 14
114 105 1
76 37 20
52 36 17
108 19 20
146 79 17
160 49 14
92 117 7
127 130 16
110 104 4
18 10 1
159 172 5
18 10 9
153 75 15
110 147 20
130 123 4
185 86 12
102 14 2
199 46 6
176 17 13
90 136 12
104 134 11
3 42 14
50 20 13
120 116 13
197 52 4
96 65 15
129 86 6
23 96 16
150 142 7
27 96 6
32 101 7
159 72 13
114 170 4
109 169 9
90 3 1
84 156 13
154 118 19
54 156 16
122 168 2
70 110 17
33 191 19
76 190 15
96 61 17
142 163 6
136 118 7
66 41 18
95 123 14
100 75 12
200 176 19
109 169 17
190 103 8
61 23 1
152 92 2
137 193 9
27 190 4
96 75 14
58 60 17
108 124 1
26 76 8
35 22 20
80 112 10
187 69 9
62 114 4
94 93 7
192 59 7
13 63 6
195 188 16
177 103 16
87 173 5
28 177 18
73 114 15
126 114 16
2 62 1
99 197 16
198 64 15
62 155 8
22 138 4
167 23 3
51 1 1
161 58 6
99 141 17
53 76 16
61 23 14
133 24 9
2 126 15
88 196 16
74 190 17
20 31 1
163 137 9
191 110 3
56 90 4
193 107 13
59 25 14
8 141 5
122 155 18
179 110 1
5 45 1
109 149 13
192 61 3
183 135 18
84 175 1
106 83 8
141 132 18
111 119 4
129 79 8
30 101 16
176 156 2
145 128 15
160 123 9
126 176 18
161 49 3
137 193 17
133 41 2
31 53 1
29 79 3
142 166 7
150 39 20
4 54 11
192 97 17
24 195 1
163 135 2
5 29 11
163 41 4
132 36 19
67 118 7
66 186 8
124 62 8
57 160 18
135 137 3
6 38 17
72 127 5
102 138 19
156 69 8
117 128 18
44 115 12
141 122 2
59 187 1
132 62 19
117 107 10
84 115 10
194 133 20
64 66 19
148 121 19
165 104 15
31 20 19
178 128 18
76 50 15
97 182 16
108 124 7
43 136 6
141 197 11
61 180 2
74 21 17
34 118 3
45 5 18
46 98 5
110 194 17
25 61 17
177 96 6
178 152 7
72 40 17
37 94 19
196 100 18
125 58 18
158 170 1
144 161 1
196 189 9
121 51 9
195 183 4
99 62 13
94 37 8
182 59 13
160 32 15
36 168 6
185 104 14
32 71 16
95 18 4
4 82 13
144 101 11
94 53 15
164 19 17
142 107 17
59 69 20
158 197 14
183 133 13
76 167 9
102 14 6
26 27 20
88 76 20
119 12 16
62 120 13
61 100 11
6 55 7
157 45 5
1 86 18
5 134 12
36 168 6
144 60 11
139 15 7
50 20 14
84 69 16
33 70 6
34 81 7
40 49 1
24 79 15
173 184 11
88 196 18
72 144 9
46 152 1
148 42 9
21 74 14
21 180 13
121 56 14
108 78 12
188 104 10
170 78 14
99 124 4
105 17 11
146 5 6
17 73 8
27 96 19
78 91 1
73 4 20
77 186 15
149 35 13
167 190 20
2 158 14
3 154 12
34 118 9
161 164 9
56 38 20
127 57 1
111 93 15
52 156 10
155 36 3
122 161 2
14 18 16
149 9 6
97 65 14
145 128 6
55 139 14
186 137 17
93 31 12
95 127 2
62 99 18
157 5 16
38 162 3
40 144 1
61 189 4
156 73 20
110 162 4
116 78 16
127 160 15
190 189 12
27 31 7
95 159 6
35 46 2
165 38 8
13 78 9
83 85 7
114 170 15
159 173 3
144 19 15
189 23 5
13 78 3
192 175 2
82 4 13
7 31 11
50 119 5
177 88 3
131 35 15
164 60 2
4 115 18
143 39 3
161 85 2
84 80 1
60 181 8
27 88 15
90 11 6
180 96 20
100 61 14
14 152 16
28 100 16
123 40 12
175 59 8
59 82 9
156 126 7
41 145 17
37 119 12
30 72 10
119 26 3
48 82 16
125 101 16
150 45 18
31 93 20
64 195 6
33 139 5
44 187 8
79 195 4
62 126 9
165 129 4
100 175 14
86 129 3
92 102 2
49 60 14
7 196 18
30 125 3
85 164 19
53 27 10
200 44 11
133 191 8
150 186 2
142 92 14
26 12 14
76 119 16
127 149 9
6 136 14
171 29 16
137 150 3
101 9 4
11 81 1
132 124 20
