20 50 9 4 200
8
181
3239
979
8287
9088
9972
2177
9980
3600
8824
8644
2548
1395
9570
4870
7186
572
646
1073
12 6 12
11 17 9
3 13 2
19 1 2
19 4 9
2 9 2
16 15 16
3 4 9
20 1 17
11 6 4
13 2 9
1 8 11
11 15 15
3 4 7
13 9 1
1 12 3
16 9 5
10 9 13
6 16 5
16 1 17
17 9 4
5 4 1
2 17 20
12 15 11
17 8 18
12 14 6
13 9 2
16 11 15
2 10 20
18 4 5
11 16 19
16 8 9
18 4 16
4 7 13
14 3 5
6 8 4
6 9 5
15 19 6
6 15 20
18 5 20
6 9 13
20 12 5
1 20 9
8 1 1
5 15 19
19 4 19
6 9 9
15 12 11
3 17 13
19 18 13
