100
550915094 684824507
198288283 404227450
637868593 961957173
794080096 504616997
163903919 649234257
909146563 890212911
414376323 962642262
592239553 817784399
932964989 952568603
307122645 584177343
38497957 143676807
13387897 774340896
805598793 9115959
231375802 881466979
898707890 93824701
224522716 592933905
884848 452645171
372905391 991930778
635473603 40891164
561333287 151321704
868654120 287355648
170269294 295475827
546596604 91761381
262000105 230234160
36515377 445955497
509336617 591923917
63943255 969635284
285762194 458136338
204141458 596452785
647550294 329051280
577044822 795530033
486245064 840099613
232405545 960393064
431529383 83068736
843490440 59699839
44618430 936595138
343714136 856622897
869273955 542794178
317067137 671930841
458194177 288341581
226079939 449097415
719800581 462432941
614823139 175083337
199938397 549821222
71122586 502507160
560413416 411798341
144891433 163873617
324442684 297875476
298966801 229924897
219496382 812545962
292633490 131668799
490158940 45729756
890933852 923125287
516099990 170713669
386501459 856704058
349946025 942225801
189020081 702158229
703013504 362247876
97693833 440000787
800483041 416074380
994068617 309416992
831533357 68282852
104086175 518120847
175680273 653603990
952885764 945255549
187366950 591439437
415915453 618929040
615277761 366178204
779702342 178800466
955502535 951315566
813093773 425304679
373702762 991185362
531447299 114791266
205921054 326518783
285932451 563830169
570243326 983034629
380361224 346552335
181137448 76060859
729272393 203248658
499373737 253415991
313312636 777671867
656115817 347011719
567977199 723198266
913679182 313562352
472216475 631708697
403471259 421163326
425148675 271796469
968297984 946637297
500396504 419862777
520597304 643553885
792248815 86571759
715660738 999445718
68755913 62936225
98279260 481247208
592560368 937422310
979415362 153546128
185906752 6744705
546158271 876343332
314949482 178667100
520055151 131490799
