100
61984146 640841836
981203554 265631756
341830684 415713302
738777761 326548639
671286534 1973225
301164000 988921064
73609390 27943695
584875838 405980560
694375836 687793261
659484870 37523084
629241841 953429045
465395178 582298008
949757270 821043128
990823356 459183337
703048376 725179301
657301316 534823821
324046496 74144478
133254270 643511257
547931227 836664199
897961604 827046680
466589313 780425026
950490584 652750660
454845945 172117991
668388716 290064546
999647372 647793099
156667161 434709343
978237043 856731107
123234212 940768053
942808724 436902846
528285438 295167436
985237405 667236318
793122289 643389282
327975638 395112698
48731446 754995803
582653853 685755666
867128373 808485193
704581925 420875755
358353196 360486332
262160674 799078945
322272154 618874518
406850780 978759283
739010827 808572804
985408559 392803737
491104084 822294778
373555759 686024886
233883513 84176681
262269459 982068057
43151105 317670080
72348847 766503406
232266096 906101040
122799059 685503219
923520618 247788567
78857259 599548857
713554594 387999386
248181093 477603497
296619554 167681173
26771490 134129161
93532160 788684541
447651891 523114793
957055743 792078601
653269629 404038344
169531056 756139466
135815237 958879423
325623369 665074812
395236986 504944384
212476748 350182262
771150979 592564016
477244791 492427922
320625497 125787009
931463397 396797169
202473991 286446913
811717154 788851055
692079388 158095337
640204370 999443210
773623212 48845974
777682975 800596270
53310842 442600620
474148521 678665819
216023237 795887486
686070685 680436235
595998907 435767769
678895241 152473912
437852806 657488802
17764934 654327451
677935021 460065988
283969484 251212437
51404787 821178210
435463981 168069448
887791881 963813452
161270031 990471427
838644901 957137953
101199935 739249883
317644557 245724137
395413172 484769855
329559576 812289678
111281220 560968103
276296727 540182806
694594485 160945940
118477476 621536714
558956374 411509504
