100
31359667 304439804
501819643 250971722
565592887 634546897
323149870 478546159
330418628 250589647
178122383 870836156
590015370 976084723
482862778 551596796
195357559 262089782
359400479 540784597
343402502 452264942
491792474 314477643
433235602 992612774
42185976 53539565
241336156 303722709
996033228 581214836
581223923 372485100
686089858 372654066
210911587 38677807
534138243 422490057
618961179 341344366
279661343 563434575
498751505 64695303
868317314 832800246
718415160 888144356
251084767 487772305
229165708 9542372
876570920 545974357
105019397 783288177
260513411 454706088
854758082 550002676
828414005 204259304
343451874 388000121
282061586 709454154
58266078 396383846
314094281 970540290
495475554 559733548
234516253 113413726
871976186 72335722
861108931 243832744
277526093 483152297
268387284 544532068
597084975 222539923
295932419 877245776
778772054 661066125
896408315 840262489
857140141 100101284
616313601 233737388
56354696 844891499
497851676 444086763
340970493 363339731
736819862 669703870
824411779 43335127
400676361 918003786
904941327 938851198
961457422 572436
781554648 507660429
768057313 135214036
471067133 4360324
390434951 743072402
301216306 305048883
27168808 95458986
35201166 685787467
675295514 836704748
459110392 930016361
849426220 133934064
777875236 312361633
666107873 313158856
928546538 272944023
546202757 871016106
439139612 831759180
199254931 30739201
761920146 439727405
715261695 943938986
728218002 649024023
724756682 167348554
950789057 533919539
563679602 451506204
774448974 699684639
71580421 920440847
607817186 282530650
696489269 644492802
751354903 873222424
989305827 776950682
208270209 3385263
50422523 173993173
558390647 259844231
174630888 645516285
984774965 131188833
860159990 501022926
53230269 823868609
621590787 372177588
645744688 98555701
876880882 738668892
522868904 216242285
325415601 730299759
767083450 989787139
492123872 37470807
780488194 136765369
983927255 656555214
