100
261105450 567868209
69976432 214559064
677000776 254226204
244756187 659486392
863345215 434830035
764788807 624344007
330558150 439793064
625339864 420920510
818958859 80516849
981720487 690593719
249576819 861749102
491873906 643168082
782597011 595227157
73066147 793171810
767962280 577834177
468782790 575044312
28387460 829835331
554220593 312936380
492941005 68497961
737094990 740811663
813416196 629021312
985707079 194769168
754905614 360244770
86655866 709131922
88144974 189337042
752662507 185685272
88384953 996574198
639744521 221633973
137268198 7855150
7551341 274427341
306243422 805936800
387743715 160611963
28656356 906164112
974257934 692353137
384829141 531036997
912208809 923373415
819514602 979758408
173759051 953197111
154414319 913037546
938494863 725969106
399392719 195761285
915864375 402916145
644804256 510658398
449424826 665513703
804816358 358632144
809960159 64976841
723897039 877543229
713037644 536979325
646977479 67639490
347133671 300270084
303182188 900857009
591618974 24774872
137054555 583331569
389656116 725528495
366025717 298974683
625210354 566721628
766399140 246824637
282569449 592526937
533830131 334565231
558540408 447641993
223440882 195107170
374810704 133491214
659596962 120239786
190627066 678201447
290718018 593632825
227131814 369550855
784670680 447756141
261917781 738092511
131941113 978273155
18180162 811001130
920871671 248763454
896117888 718902657
944106186 820935399
253623138 526362178
149698465 508807070
221833449 738422466
951430119 298410613
589008458 498534797
983749578 109992683
827740195 767581490
443409687 728245444
889888939 672083829
824047443 888344445
592802969 390292713
516350203 473024088
700323989 694068960
940150774 805927832
948076153 226151676
38328154 718314719
720557515 676358172
589339331 559089288
718149860 746649639
835662902 87754166
882572854 92001549
69713265 68720218
162726349 54522264
331382154 373050356
392557515 792823469
484433027 494664492
292587175 555181152
