100
298573293 509404912
891497528 987971770
586687273 882639191
468116608 11716685
662197131 19456994
819987617 474404277
548011024 2211278
317111381 966343179
740658345 892277589
52433225 294424566
460876714 988024837
299396654 226780575
277037343 600998814
933422911 833266668
202231257 735480419
807415214 659532100
421797615 654941996
224636517 183770062
128781584 331955342
935952813 877680235
306388632 602747201
400858325 191648344
591923308 650874359
788675907 518380626
628317726 626011435
109173810 851391084
110412782 570484687
44945899 765662157
779857515 252573937
6509483 965773076
787844962 692913662
546353594 332199745
608796916 355556791
971675114 115944924
654246642 140188851
853083733 522225886
835928341 969792977
747138393 205848550
640413909 342117135
874314794 86927803
428948811 470087136
87089617 939981960
950407082 342298461
144610348 757044017
711182601 580405184
987351952 726966630
883843046 211953437
532452433 635423666
313265454 144262731
417662873 808012067
859477662 597197134
540910993 962371663
526223395 671545075
70490832 519003763
456351279 997968048
765079988 277065676
88431880 286075311
841335277 52519203
815584705 637377747
927125542 899594016
668586326 796831222
545125400 771645616
298058940 373991075
228386875 935820596
45006424 322637819
84464622 4516529
419000498 143330632
973004808 667037749
956167748 778935781
54854096 640339376
20849199 930634743
949752941 538848030
618190534 186411211
48292894 683979353
959574017 808003483
567466582 116862721
218508546 882416908
94536399 892653437
862113598 682841306
820390804 482556764
814238780 572143236
222322424 15372265
333006289 753926162
552325442 595500601
149832489 513206259
778097897 971045082
975075132 257715421
153670158 352326651
996021989 670381638
217712177 658213732
654184617 701092020
388832255 951237020
700093463 499234284
239498489 929987810
944528027 38998628
816148222 830136847
59528392 581007371
425417091 896466955
715107035 400549262
801360794 358122484
