80 100
83 77
50 44
88 88
6 34
55 69
11 15
26 62
56 91
34 22
98 82
41 83
74 93
99 86
71 31
56 59
38 2
73 50
88 79
44 50
13 91
12 51
4 3
41 28
64 78
87 37
38 36
61 74
19 51
90 40
85 58
23 96
86 63
29 2
89 60
83 90
34 19
44 9
78 90
69 23
21 35
16 77
43 84
27 51
88 84
95 58
87 75
67 71
99 21
22 78
15 84
25 97
45 94
67 8
96 92
19 74
2 22
68 68
69 97
22 21
43 77
80 60
12 43
34 4
10 25
24 31
66 42
66 41
40 61
47 71
13 68
24 42
45 24
92 40
10 37
6 69
57 88
64 22
85 68
97 45
15 40
