100 100
96 26
18 94
84 100
40 67
17 63
2 81
100 67
56 50
29 82
21 10
28 53
99 76
12 35
37 68
90 66
47 6
88 9
5 73
60 66
65 12
13 42
82 100
73 25
19 13
59 82
86 83
44 23
36 97
17 61
11 2
91 69
25 17
96 20
5 48
70 60
54 78
35 47
91 69
10 61
82 95
15 57
65 1
55 29
48 42
87 2
25 76
18 61
18 76
90 6
79 16
32 70
83 40
97 43
96 2
18 3
17 58
44 33
14 32
46 77
96 99
87 75
12 50
18 59
59 30
45 19
30 68
45 68
45 46
67 54
49 60
32 11
66 85
95 39
29 42
76 54
52 23
35 60
96 32
64 17
44 46
33 20
96 91
80 7
45 10
64 61
96 46
13 80
30 78
19 16
44 90
82 30
5 40
1 90
91 75
56 18
32 12
32 76
57 69
87 24
4 19
