90 100
100 10
49 14
96 26
82 36
78 34
69 79
2 37
14 4
11 52
86 98
80 78
37 26
76 18
62 59
56 60
26 65
97 16
53 79
3 40
49 92
29 87
16 33
54 92
70 28
46 76
68 57
26 96
16 58
36 18
4 29
37 61
96 37
10 51
70 40
42 82
79 69
6 65
93 39
70 27
24 71
6 75
64 60
67 51
70 15
60 31
85 38
44 51
82 57
9 61
62 94
34 41
51 43
23 35
64 8
58 67
52 95
40 73
31 78
87 47
60 82
15 78
39 49
24 48
15 72
68 97
30 32
76 88
55 59
48 19
85 1
52 74
93 83
96 3
63 74
47 73
58 17
18 36
91 67
49 4
92 49
61 21
14 41
41 75
98 34
99 99
99 23
13 41
49 36
24 4
95 8
