400 4000
139 202 23
96 319 59
164 229 129
80 378 37
203 316 92
324 354 148
396 398 108
109 212 193
66 382 2
11 29 56
106 166 23
146 241 33
86 101 168
257 311 72
183 302 106
236 261 71
328 338 143
169 234 195
12 280 34
113 194 130
44 189 27
95 383 67
4 43 100
5 207 168
42 336 98
126 314 23
95 247 43
256 359 47
71 191 73
42 242 46
195 394 67
188 241 79
42 126 134
61 201 107
24 354 36
62 305 38
68 152 19
247 294 187
2 129 142
242 297 62
175 185 59
104 233 51
70 249 137
28 149 193
93 399 190
275 350 174
115 174 69
19 66 33
39 312 52
64 109 149
107 307 189
124 319 150
98 237 191
252 281 44
115 186 27
103 287 68
99 180 11
90 359 90
73 237 77
354 377 70
36 294 72
97 140 144
229 380 147
48 186 31
207 285 154
22 346 65
17 261 97
336 391 77
50 206 86
189 276 143
111 141 199
100 393 13
213 283 183
84 258 168
111 369 108
85 100 101
36 64 15
135 354 133
79 287 24
56 114 62
74 85 160
198 306 36
197 256 28
139 143 28
196 343 37
307 368 53
10 325 54
210 293 99
176 237 61
287 324 66
145 337 37
217 294 149
86 201 190
286 326 118
9 142 25
337 381 116
71 185 147
329 337 4
301 324 164
142 271 45
107 289 56
156 392 190
118 291 167
108 235 46
227 296 106
315 351 186
80 177 22
80 302 12
77 365 157
145 162 180
201 244 56
62 248 139
180 219 19
8 285 147
159 237 69
98 105 198
203 306 38
82 380 23
128 172 113
89 120 189
160 302 174
50 196 122
169 242 72
269 375 176
157 325 166
101 218 16
306 358 102
67 76 46
33 190 46
302 327 153
6 347 25
171 337 195
57 297 10
91 196 52
151 316 36
385 391 17
11 51 182
222 394 38
221 346 83
266 297 33
130 354 79
108 355 76
265 367 131
356 388 57
111 147 65
65 395 184
271 316 0
7 107 102
176 355 48
120 280 188
322 393 197
198 310 52
72 259 122
60 398 199
37 185 112
316 354 85
8 60 106
85 129 146
150 169 138
308 394 104
337 356 33
71 155 72
177 302 15
87 232 80
139 258 190
43 219 70
32 62 19
273 364 102
103 129 121
99 248 145
7 223 86
195 378 44
284 348 40
59 113 56
77 307 102
289 321 101
184 399 92
49 385 45
17 173 32
42 84 88
16 377 116
6 398 146
188 221 30
378 387 181
86 353 121
61 383 36
89 320 36
199 297 186
173 258 170
191 377 56
273 304 86
168 316 142
296 367 56
227 365 85
66 109 140
13 153 138
50 380 79
22 146 191
82 371 147
254 309 108
90 264 171
200 256 50
207 228 113
324 372 127
218 264 153
127 196 95
34 224 52
194 386 65
172 245 107
72 88 99
120 197 115
258 391 159
260 314 35
44 75 116
123 172 57
96 175 38
184 259 95
123 184 31
121 229 56
114 133 92
159 275 187
65 115 146
167 388 8
115 257 147
124 140 9
228 238 186
217 228 169
24 100 114
16 45 36
70 379 76
259 353 46
75 334 115
17 125 129
243 385 72
183 203 175
217 266 152
45 355 43
25 400 22
122 134 13
61 376 74
9 196 26
130 273 177
17 204 90
255 330 134
39 275 26
64 135 172
308 319 133
238 296 179
262 345 59
162 308 176
173 229 196
12 336 35
30 117 132
157 159 149
184 246 174
92 189 138
12 243 124
182 380 102
84 293 132
72 179 40
57 149 44
16 65 26
273 280 193
83 206 136
134 306 187
233 309 96
239 379 38
4 391 186
101 169 23
148 197 166
31 66 152
1 18 173
68 113 134
53 370 162
91 112 64
89 274 15
70 287 30
10 241 121
294 385 157
200 337 29
120 218 113
54 118 177
55 73 134
217 251 193
260 367 85
40 319 107
69 355 50
117 260 158
184 400 135
7 296 86
4 253 118
279 361 101
150 365 185
27 358 137
42 139 193
169 274 135
51 288 40
68 84 0
271 376 196
84 389 19
147 191 75
70 320 141
137 239 158
181 286 13
138 352 131
18 34 171
177 330 131
245 343 67
1 329 116
41 182 23
100 364 45
84 190 135
25 96 145
171 284 117
69 71 43
31 157 165
112 268 117
329 391 99
181 271 190
167 393 188
39 266 12
251 271 145
326 349 74
175 244 29
337 364 16
259 335 101
62 256 15
101 225 64
138 296 125
46 175 38
154 272 155
55 318 192
131 219 148
57 191 82
294 328 69
243 281 16
162 318 107
122 183 182
164 372 192
100 154 151
195 242 64
3 259 2
154 250 58
24 196 101
6 359 123
131 210 20
136 244 131
75 303 100
272 376 9
31 395 22
53 355 182
334 389 55
143 260 87
183 345 142
40 47 162
187 220 135
141 267 32
362 371 113
222 397 4
115 400 10
70 353 35
72 345 30
311 359 172
296 307 14
253 285 105
176 291 125
184 188 193
51 80 68
75 85 29
202 360 109
26 257 140
49 56 7
50 92 160
232 325 7
125 312 67
33 228 160
140 267 37
249 366 21
134 376 41
115 148 162
59 122 184
57 181 29
329 367 72
184 388 23
104 273 20
41 228 10
166 200 51
104 359 38
99 144 34
194 206 81
52 161 98
72 243 94
285 336 100
156 356 123
251 289 139
11 18 132
20 249 189
172 252 95
24 38 49
85 378 12
252 333 165
139 246 28
202 400 127
293 354 195
143 168 149
48 274 165
332 371 53
290 359 38
255 373 8
57 172 147
104 312 174
20 108 5
200 389 61
4 368 99
115 130 193
32 90 126
75 237 12
103 346 76
225 282 195
24 33 143
36 380 54
133 146 93
5 178 105
120 351 128
116 390 81
219 347 150
259 395 171
21 55 153
161 387 19
136 193 18
66 171 136
126 347 44
86 363 102
69 175 152
193 201 143
192 346 184
186 317 8
289 300 25
97 170 131
215 303 170
338 399 77
64 254 105
56 82 95
19 73 94
71 139 121
138 200 99
32 67 29
323 357 18
123 350 77
178 339 175
222 341 40
348 352 107
175 255 169
49 331 173
184 192 22
11 188 164
169 395 179
24 110 57
24 73 28
236 350 117
66 391 91
177 213 191
198 263 128
101 360 42
41 90 94
147 365 86
72 144 66
150 228 154
144 313 32
388 396 45
249 280 7
31 355 1
213 378 23
273 384 85
87 321 57
277 325 52
117 291 167
7 22 175
321 393 165
83 197 180
52 337 155
162 398 195
126 286 62
30 361 118
63 225 174
83 276 15
144 247 132
169 285 161
90 152 4
34 395 76
199 205 133
69 385 17
67 197 73
31 39 191
168 255 77
91 398 56
140 386 41
168 321 160
7 390 184
204 361 62
333 393 43
64 124 11
271 320 49
113 177 45
87 357 3
79 139 123
2 340 144
184 336 28
169 283 48
59 72 106
171 356 107
4 240 194
89 265 73
88 165 113
14 53 170
179 367 104
217 250 177
38 138 59
33 156 105
127 338 166
315 356 90
47 183 35
94 337 46
39 257 3
115 400 41
77 198 134
45 393 161
70 376 139
269 314 66
147 360 103
207 392 93
117 150 115
119 244 188
98 112 91
208 371 121
128 259 136
36 64 30
115 137 183
106 271 140
269 392 128
186 338 120
266 355 100
129 149 79
152 200 3
43 81 16
91 299 58
131 154 151
86 256 172
130 241 60
47 228 44
23 337 73
203 377 180
70 189 29
100 243 55
53 376 150
90 366 121
128 365 40
314 390 110
89 164 120
189 222 64
4 155 122
117 255 186
26 325 18
103 121 59
89 283 141
51 317 26
102 302 149
187 388 171
91 173 118
74 354 81
263 397 13
252 316 4
186 334 164
185 334 172
122 345 170
58 89 129
132 301 48
14 254 111
94 333 51
215 400 16
13 35 49
10 251 180
166 312 17
212 364 121
43 245 33
207 344 129
29 342 59
21 316 144
139 384 38
183 316 80
22 26 152
5 247 12
45 150 194
130 133 9
40 281 35
30 361 121
45 222 105
16 314 134
200 338 15
252 352 90
53 296 20
62 361 167
188 280 100
216 310 72
262 353 170
24 65 137
22 319 98
250 251 46
60 369 85
302 369 47
207 388 135
310 365 33
152 341 25
125 147 0
18 25 184
16 345 152
20 71 167
120 175 87
231 346 116
45 100 162
86 116 121
103 142 4
212 230 24
160 384 65
246 351 26
372 387 62
67 219 191
160 367 103
80 99 67
21 26 134
222 234 35
288 394 27
149 225 92
32 287 95
108 272 22
162 392 52
52 324 165
157 181 61
66 324 100
43 332 60
229 320 184
200 244 155
65 138 158
7 112 14
16 119 184
48 249 147
38 228 96
260 325 199
54 102 41
5 130 15
40 379 38
221 271 49
6 125 78
188 385 29
140 299 173
42 86 63
83 383 31
57 203 48
114 127 97
60 284 21
138 361 149
101 371 39
86 393 22
334 336 183
91 336 100
237 382 139
100 102 7
134 253 0
76 370 104
191 244 157
150 191 146
265 310 103
302 345 27
25 84 98
241 332 170
155 336 103
33 118 30
236 318 45
122 219 5
171 189 194
51 243 54
68 110 10
122 256 127
115 284 137
133 150 162
125 235 33
4 326 122
27 363 163
75 382 142
256 345 44
119 350 147
141 289 170
98 234 140
48 100 50
131 397 104
283 340 167
157 374 116
34 44 72
121 387 127
42 254 123
129 292 197
35 267 47
114 223 145
178 320 83
47 325 41
290 299 197
174 266 5
7 239 196
127 216 93
124 370 124
71 362 15
226 330 94
38 196 30
193 360 148
7 214 169
40 256 161
9 21 181
244 249 192
95 251 149
10 142 31
125 368 166
50 197 142
182 234 174
312 323 151
301 343 30
121 199 127
205 393 9
139 206 66
165 342 26
287 336 133
52 325 76
93 160 151
6 328 37
111 184 3
36 222 77
110 375 141
149 286 178
102 172 105
202 397 172
310 332 187
71 326 184
89 153 197
190 296 198
116 269 83
11 260 125
319 360 118
167 339 26
161 339 157
62 69 121
74 299 157
59 220 145
126 133 178
22 317 162
200 370 7
54 214 56
194 400 162
7 67 135
200 209 47
15 115 12
93 321 199
125 189 93
369 398 25
48 222 37
244 308 70
17 175 56
333 359 188
69 175 101
90 114 141
224 397 131
41 232 135
33 383 182
51 245 52
234 374 94
20 127 83
134 383 112
97 203 173
159 306 77
159 312 81
51 371 180
254 328 159
117 198 118
119 178 181
66 153 113
75 243 41
110 298 62
49 243 148
182 239 106
59 240 105
2 117 94
40 164 0
25 50 86
16 59 75
31 183 11
238 271 162
13 97 76
101 359 171
129 346 142
239 261 73
78 294 95
22 249 168
85 221 91
338 367 32
63 135 31
38 295 102
131 304 41
339 383 54
123 238 174
252 278 23
88 329 29
322 388 63
128 289 77
321 381 41
141 190 25
283 305 53
181 231 11
207 259 187
52 328 30
23 348 7
150 207 10
116 336 188
186 335 113
224 277 163
108 330 66
28 226 100
49 376 130
158 214 96
52 208 130
104 348 52
256 285 135
37 48 105
23 193 13
9 53 41
192 377 124
258 309 146
28 232 41
28 180 46
140 239 81
99 193 21
239 389 75
84 167 99
69 160 195
67 264 113
61 284 173
75 309 146
168 379 30
122 192 90
223 248 150
26 63 182
56 306 126
43 162 183
110 400 97
196 343 52
56 356 52
198 251 189
66 306 127
77 266 75
47 182 3
216 264 160
117 182 177
134 229 184
3 336 41
187 394 120
113 305 96
92 307 26
217 384 133
112 177 105
19 20 191
266 363 39
187 296 122
336 349 159
320 339 66
174 351 60
7 319 68
128 172 114
43 151 149
66 184 153
63 92 29
99 399 178
270 381 23
49 361 80
51 89 166
244 249 132
292 334 129
28 111 26
164 249 196
79 309 86
2 242 45
31 295 0
5 343 124
170 182 43
235 302 5
101 333 56
111 191 8
270 374 44
208 223 164
97 107 67
6 312 183
44 248 153
71 211 5
43 333 42
21 26 81
119 189 151
53 258 65
176 231 151
103 151 188
20 118 193
161 357 92
94 400 32
50 74 143
1 333 22
96 348 108
91 176 146
40 249 165
163 369 119
270 383 113
88 341 166
34 291 121
237 278 195
107 264 49
21 57 133
135 389 99
71 400 115
275 279 137
1 49 193
259 283 17
266 307 20
113 205 2
225 316 73
161 279 136
183 322 16
224 313 186
263 347 181
154 305 38
198 323 195
112 316 187
22 238 4
166 357 184
66 307 65
1 385 189
203 212 157
87 344 35
236 347 159
91 365 197
16 378 94
135 384 11
201 242 60
74 124 189
179 340 103
178 202 3
100 199 103
69 175 92
49 107 184
49 327 167
9 278 66
34 306 78
91 112 40
47 91 68
50 340 13
38 216 75
278 385 75
236 377 40
49 130 190
124 246 3
105 379 191
34 61 125
27 126 90
215 229 113
166 366 87
74 177 150
254 354 29
110 144 0
203 361 168
19 386 1
214 297 189
220 228 88
62 96 52
44 91 147
126 354 192
111 198 97
6 113 56
57 131 31
39 257 65
37 70 124
53 272 180
126 381 108
85 94 58
78 360 159
131 231 76
141 239 191
261 277 60
95 329 37
128 329 196
105 369 196
334 360 127
174 202 7
96 153 35
89 268 175
50 331 28
386 391 172
97 374 61
109 317 100
200 279 166
11 243 195
368 378 54
55 393 2
227 395 45
45 282 175
99 368 194
61 113 100
13 35 77
48 191 140
224 261 164
128 266 100
51 57 5
21 83 32
67 388 31
265 302 180
186 303 73
54 195 27
267 369 147
87 318 141
164 249 132
214 395 107
83 109 2
95 172 106
299 356 144
160 190 70
107 259 197
16 97 22
40 278 172
340 400 15
255 372 90
210 259 125
8 156 196
124 342 49
235 385 26
187 212 22
70 259 11
1 5 185
104 363 8
120 292 148
91 131 81
289 396 38
212 385 47
256 372 102
24 216 9
13 28 184
16 142 56
63 249 179
144 332 151
252 297 98
180 339 106
142 156 35
259 400 161
194 374 71
232 253 53
37 201 166
104 282 152
210 334 122
13 73 26
86 182 29
57 189 116
39 199 115
117 229 61
48 348 119
282 383 89
191 392 168
166 198 68
17 219 144
205 364 79
16 173 43
8 218 126
18 181 57
193 322 140
290 337 43
229 295 18
3 144 96
55 155 142
244 301 150
54 325 21
49 112 75
44 304 23
117 124 85
4 113 117
316 346 193
167 271 96
294 304 167
325 362 125
70 287 75
7 189 117
44 139 184
158 240 94
61 332 53
91 107 13
99 224 190
14 99 146
315 357 19
289 385 21
200 211 13
235 316 10
264 275 92
182 303 93
56 180 178
100 267 68
43 188 142
98 389 172
30 118 124
26 139 9
70 282 39
108 230 113
155 286 50
3 9 134
297 343 172
22 284 127
159 176 44
92 335 152
184 225 186
64 132 101
127 270 134
64 131 121
68 250 17
66 212 125
109 363 50
67 293 82
50 307 194
206 288 157
121 298 129
175 290 59
65 80 72
64 223 18
27 264 191
231 250 175
163 372 137
164 168 36
105 241 172
107 327 157
97 347 80
39 157 179
297 383 129
144 307 132
82 317 177
204 282 23
362 398 153
10 36 121
138 144 133
307 397 186
36 274 34
170 209 131
131 162 47
215 287 105
121 317 38
332 389 144
40 336 101
233 235 41
187 329 9
117 197 89
34 219 103
112 261 135
91 221 46
146 171 13
107 308 156
116 388 90
198 370 33
63 237 60
31 212 109
169 231 138
133 202 102
192 207 4
219 250 112
247 319 38
90 291 33
273 390 53
145 166 103
221 233 25
77 110 91
122 188 177
63 256 177
280 322 48
52 288 75
80 259 183
289 326 195
61 321 190
80 101 93
4 310 108
29 289 12
34 121 2
3 249 106
114 162 10
139 190 101
39 57 198
29 154 109
126 306 7
19 101 128
258 393 126
238 360 139
182 353 183
43 380 7
90 181 65
57 93 50
317 387 34
173 249 23
244 246 96
230 374 100
51 304 28
14 389 79
1 398 11
230 300 133
96 299 42
53 322 140
282 381 7
37 71 62
64 367 63
132 262 100
45 238 82
20 268 63
17 211 42
7 253 96
57 136 11
24 284 113
1 17 158
16 366 130
73 118 58
82 273 57
112 258 193
172 388 143
69 203 88
94 117 28
92 384 81
28 116 137
52 369 184
146 342 32
59 95 154
95 314 138
52 74 47
220 280 17
299 398 141
174 301 64
255 268 130
178 335 20
177 346 53
236 366 26
71 313 80
127 160 60
188 302 168
340 347 162
293 315 87
127 149 144
264 371 55
161 309 98
266 282 74
181 371 39
176 273 33
95 142 109
196 227 145
5 378 189
117 198 188
117 157 28
130 131 146
188 295 114
279 369 133
221 292 123
47 179 89
26 385 15
94 375 169
35 128 125
62 189 139
61 400 170
12 234 26
81 237 36
146 326 123
325 330 51
229 268 198
53 350 0
18 141 112
185 250 28
64 164 197
6 147 189
191 198 192
66 153 119
114 355 24
299 351 190
149 157 124
102 319 105
30 155 1
76 216 137
132 262 10
48 382 55
12 122 16
132 344 8
217 265 59
73 346 163
177 302 13
213 340 190
58 119 15
118 260 72
46 50 71
7 253 186
60 393 98
21 117 47
23 326 2
5 370 83
169 339 74
147 157 70
16 200 155
185 259 84
126 376 89
145 321 175
162 325 171
55 98 139
198 321 167
92 345 58
156 372 9
154 249 145
105 113 116
256 399 162
158 397 18
124 218 112
310 331 90
75 317 81
58 66 43
75 148 95
1 62 63
169 327 17
103 300 17
110 353 90
38 323 87
78 210 163
193 364 62
136 198 25
108 385 44
223 274 194
74 205 159
130 394 147
16 17 15
59 399 131
380 389 73
82 101 80
242 399 89
305 337 67
55 86 85
122 229 135
251 256 19
98 139 176
275 326 65
230 251 136
190 299 83
38 335 184
91 290 17
242 399 58
88 117 18
274 353 15
57 329 115
220 344 48
311 345 10
13 235 144
18 69 35
92 398 146
34 163 190
87 136 196
263 364 135
176 355 170
64 261 163
119 310 64
313 325 134
207 382 190
19 317 61
15 352 32
136 303 163
112 138 178
41 311 138
308 350 151
76 326 7
29 66 186
182 256 87
195 307 116
102 188 127
126 141 91
218 256 23
52 379 198
87 389 121
12 101 28
110 223 178
187 208 126
26 71 95
123 347 146
332 371 110
69 209 59
202 344 119
335 345 28
88 97 7
213 315 164
58 187 79
83 140 27
167 383 131
91 114 31
5 85 158
84 153 98
308 354 74
342 356 139
4 235 182
332 347 70
56 65 10
281 361 178
313 371 15
83 327 158
53 82 133
38 60 161
157 205 49
126 269 125
205 245 106
265 374 179
56 128 197
287 397 6
164 255 188
231 267 5
66 304 32
283 335 96
268 303 131
271 321 88
13 242 130
93 298 73
20 187 91
105 130 198
74 76 22
45 384 6
83 293 8
114 272 94
44 365 79
295 399 94
35 140 4
99 282 169
69 283 119
80 174 169
83 334 100
163 343 91
29 287 153
160 263 18
10 236 95
76 153 0
2 364 34
78 252 3
86 309 58
103 375 6
72 389 131
211 271 149
300 331 194
17 176 104
116 260 140
80 108 45
26 268 111
141 198 145
171 327 68
229 361 167
108 264 16
114 209 194
162 369 13
93 115 73
125 398 187
195 349 86
142 382 123
30 249 153
322 380 1
136 279 13
145 360 16
203 314 106
44 277 183
156 397 50
251 347 136
252 264 64
296 379 180
145 289 75
117 246 71
263 346 30
270 346 148
182 242 4
208 365 66
90 259 79
91 209 76
2 230 29
348 388 31
107 189 104
60 157 132
326 375 133
63 382 168
108 237 148
49 202 92
250 308 52
213 376 32
134 320 19
16 45 63
52 87 141
95 105 197
47 164 36
71 337 26
153 276 103
344 351 37
285 386 161
29 336 156
105 311 80
5 355 122
15 100 14
122 266 5
39 301 194
135 334 153
143 160 195
81 283 57
331 399 25
44 338 97
17 170 161
193 303 185
117 251 167
113 175 97
181 251 24
56 333 92
57 285 102
76 207 172
1 226 162
60 105 116
32 232 103
116 360 181
282 333 124
232 373 182
144 363 7
5 375 171
220 291 93
248 309 63
247 351 47
35 299 127
357 388 87
356 384 144
275 349 93
109 149 135
106 240 18
255 314 101
185 233 183
231 251 49
124 264 117
127 301 180
246 308 62
27 76 181
233 250 71
1 290 71
276 304 124
30 250 29
166 177 161
117 248 103
95 228 74
235 292 159
64 214 5
146 200 86
186 351 14
9 160 38
174 254 3
268 289 65
248 357 169
51 101 8
225 304 8
78 228 76
22 292 91
8 47 36
123 345 105
100 364 11
226 299 40
16 95 96
314 353 134
55 333 101
332 378 12
80 193 13
71 165 165
106 265 56
52 61 162
36 282 60
1 231 115
111 362 78
48 143 125
221 363 118
40 381 145
73 112 143
8 36 20
138 343 52
183 279 25
6 273 107
186 247 32
168 277 102
132 200 3
152 277 42
151 199 128
83 272 130
273 364 45
39 266 111
274 398 189
8 192 179
50 173 180
244 388 123
12 336 25
350 359 17
115 321 190
152 153 182
70 103 91
10 306 197
116 244 77
86 284 60
94 160 137
173 303 25
116 226 28
54 211 196
192 246 66
101 206 192
170 358 174
123 369 96
203 399 26
288 355 11
318 324 102
35 169 42
300 390 70
100 225 35
99 373 147
353 357 13
9 116 45
302 315 85
132 339 106
41 341 34
118 312 150
13 188 146
75 99 189
115 233 165
353 392 95
107 221 174
52 318 62
89 214 18
197 295 163
34 345 174
139 299 6
331 350 52
133 380 192
204 222 25
29 142 77
7 135 147
175 251 162
48 324 120
136 148 60
202 371 193
164 203 69
167 363 158
123 279 151
60 338 161
61 211 197
107 248 29
100 186 139
79 102 149
125 179 29
134 355 193
288 322 195
29 131 40
30 280 75
24 378 88
117 339 81
1 126 184
351 379 17
143 262 78
55 313 49
76 236 68
298 382 48
58 173 74
159 284 104
379 387 118
182 213 150
154 306 185
268 316 98
85 317 126
211 239 195
266 293 199
141 326 78
270 323 104
182 222 89
69 304 47
145 348 99
143 297 73
42 257 109
84 278 12
71 223 175
256 343 16
55 275 64
252 386 104
48 220 10
30 235 135
32 324 20
374 383 94
95 197 43
40 121 11
45 347 94
189 199 94
161 399 62
99 233 147
78 234 152
79 335 15
141 153 17
259 388 95
288 359 7
56 318 67
256 374 151
26 135 94
52 76 154
68 390 65
162 399 148
186 263 143
199 304 41
89 322 189
192 194 190
166 182 81
19 193 7
254 286 184
75 333 147
120 231 99
144 263 71
50 396 100
25 220 113
2 5 108
174 245 65
34 75 151
156 306 75
75 84 177
55 311 164
97 360 171
3 215 58
137 361 6
242 361 24
105 179 144
200 292 13
80 397 40
184 230 117
24 331 18
42 82 178
101 242 34
158 371 20
336 381 132
78 287 117
2 235 84
291 386 198
13 254 5
101 205 40
48 336 145
304 397 101
104 368 97
294 301 195
251 333 75
228 396 109
35 296 53
175 221 111
180 204 110
15 263 72
111 186 51
152 315 175
1 308 89
44 280 106
26 294 54
20 135 150
302 339 146
150 238 7
104 323 159
90 205 52
84 246 92
21 365 34
132 336 159
4 210 106
23 249 100
169 185 46
137 298 177
111 210 64
155 309 100
187 268 178
283 400 170
123 268 199
43 181 151
103 360 20
52 235 28
340 356 30
40 277 119
176 371 15
361 364 19
68 258 69
284 356 115
129 337 100
5 200 1
74 176 34
198 202 150
87 115 135
90 165 196
154 341 77
322 346 28
72 302 150
177 181 21
6 43 68
153 305 18
72 143 182
114 115 67
195 293 144
87 257 7
206 377 181
119 250 193
46 54 86
216 250 41
104 282 101
72 395 81
139 376 26
6 254 49
90 174 4
121 289 33
4 82 170
49 57 59
88 365 27
308 384 26
276 370 28
59 299 15
301 326 156
4 147 152
62 140 148
109 377 60
216 225 14
110 258 34
3 52 18
61 255 55
78 268 123
117 387 196
74 284 173
202 229 161
37 148 38
194 317 39
257 396 119
283 317 187
222 266 133
99 279 16
209 269 36
39 238 76
32 389 129
69 149 93
229 300 165
100 237 15
5 379 180
26 339 173
135 393 14
118 330 28
52 288 77
98 258 136
141 227 72
1 205 26
26 54 164
199 317 163
31 255 77
37 374 136
236 249 181
269 325 73
123 213 103
37 374 166
134 394 62
149 193 102
194 357 60
221 255 94
136 218 135
126 318 53
9 319 130
85 150 163
87 106 40
189 191 193
230 320 62
159 229 145
57 285 41
29 75 137
5 105 191
70 393 113
98 125 82
243 258 168
287 359 74
322 380 194
215 383 183
129 199 71
1 52 4
1 370 10
253 360 0
180 312 174
119 384 3
32 62 165
161 185 11
165 353 116
96 389 131
149 286 48
144 331 133
13 246 108
146 163 95
81 106 36
87 354 167
133 357 119
173 234 94
35 161 169
129 194 63
136 323 91
108 267 180
60 220 109
126 343 144
115 162 92
146 348 52
235 328 125
253 294 156
25 271 42
153 220 196
58 371 169
82 134 99
61 269 170
114 254 152
70 223 71
49 397 36
40 379 110
109 292 21
78 369 186
271 314 48
280 287 1
84 315 165
124 318 164
303 386 58
36 90 191
87 379 108
137 328 95
36 191 78
266 344 169
83 112 155
225 282 164
92 400 110
349 381 6
277 287 184
126 237 48
168 195 147
71 321 106
23 360 26
45 98 5
100 210 189
75 93 26
178 202 85
19 226 142
117 135 146
163 256 91
271 308 90
136 331 191
68 331 101
287 334 173
254 374 155
367 397 187
77 220 81
44 130 136
114 308 79
97 110 152
102 256 172
181 183 167
91 107 167
149 334 36
154 315 85
158 303 191
124 140 123
184 291 120
16 194 121
22 366 184
335 337 94
286 348 178
153 212 168
3 399 80
196 372 107
298 336 27
45 130 146
12 218 114
218 264 179
30 95 77
45 320 189
123 350 56
4 390 189
45 61 149
114 293 17
293 305 156
84 330 3
50 246 62
32 344 160
155 242 190
113 133 52
10 314 126
80 333 62
237 304 30
399 400 62
47 297 19
77 172 95
139 177 122
57 366 15
12 167 93
94 249 184
247 385 131
339 385 159
83 368 29
129 319 156
327 348 133
133 248 13
310 331 157
2 220 31
270 280 191
41 89 155
280 329 3
25 346 129
212 299 89
11 327 33
110 124 40
308 342 113
151 297 71
180 342 144
220 325 149
4 341 33
123 386 22
176 381 116
131 317 154
45 89 29
77 248 54
20 42 177
1 85 36
109 293 50
117 303 4
146 218 160
205 236 183
29 231 82
230 355 176
150 183 133
167 269 119
82 331 15
83 178 121
42 203 27
222 235 40
254 308 6
152 386 152
228 307 95
44 256 165
61 127 70
358 370 31
200 274 78
150 331 134
47 204 98
85 206 144
132 259 116
241 369 28
147 397 10
28 113 147
67 240 186
75 358 185
48 148 135
104 221 189
93 331 190
40 202 4
141 374 22
21 72 158
47 49 103
160 365 9
148 231 13
40 195 139
5 188 167
115 147 49
207 325 93
244 371 121
41 258 101
23 101 25
142 345 48
118 278 194
329 361 116
116 142 166
224 365 167
231 373 156
27 377 102
247 324 177
158 383 96
63 361 180
104 321 148
102 385 128
28 297 134
227 397 32
186 353 31
37 214 47
49 361 13
356 376 22
261 313 150
192 223 51
118 374 77
346 384 133
371 392 9
151 340 153
68 390 165
26 236 10
55 82 191
43 343 166
308 384 197
97 311 59
175 395 160
242 371 148
190 223 3
127 265 69
53 301 186
215 324 130
96 167 141
179 243 29
215 295 184
174 385 106
35 362 26
31 117 140
124 313 171
132 391 34
11 385 169
46 182 92
17 305 174
123 154 132
9 374 175
259 300 159
61 338 81
207 356 38
106 383 28
40 76 82
296 368 148
106 357 0
66 94 185
171 373 130
300 365 25
280 339 46
163 237 41
83 343 66
196 224 73
239 350 69
80 150 28
101 287 86
262 294 55
53 345 151
53 320 195
252 322 75
120 297 135
271 291 185
79 272 156
131 172 34
155 344 29
117 191 22
309 349 102
65 322 109
2 4 164
16 399 25
335 353 35
101 209 65
158 392 197
140 393 25
171 392 184
57 360 111
68 357 193
381 390 13
10 224 101
144 171 157
183 391 167
88 136 115
38 166 173
120 229 141
72 349 150
259 303 8
73 130 34
149 229 126
166 205 141
296 328 124
172 183 49
63 365 143
212 213 86
13 91 131
28 313 130
69 354 148
100 101 41
122 394 143
137 224 65
77 101 130
155 294 187
172 334 41
77 173 148
149 363 145
68 227 125
101 366 79
42 71 24
78 327 58
146 265 168
9 222 116
16 61 29
67 184 8
106 351 69
45 290 69
93 320 32
299 312 132
260 382 130
341 344 145
88 110 14
47 128 77
79 146 74
104 262 118
144 338 93
163 315 139
22 363 165
6 162 199
313 392 98
171 173 166
350 360 143
192 307 162
232 366 179
22 312 129
149 265 149
18 164 153
273 340 181
176 389 89
159 164 54
310 322 107
43 159 49
284 387 4
43 120 117
65 161 84
280 368 155
101 241 23
254 393 8
157 187 116
247 375 161
135 168 6
56 132 80
57 134 83
27 175 189
3 212 185
137 324 46
239 347 193
87 378 87
144 182 145
23 92 34
159 298 38
215 368 140
208 228 168
223 391 19
56 335 8
85 205 191
134 239 136
120 390 9
57 163 94
40 247 54
103 252 66
198 343 192
159 347 71
161 330 28
163 253 121
98 334 91
108 130 100
104 149 101
318 399 137
367 385 102
338 398 86
256 258 79
216 360 47
63 287 62
160 191 22
3 254 2
9 179 69
75 81 80
294 365 169
109 278 122
98 387 140
312 388 115
211 280 193
130 155 143
235 365 53
283 381 189
242 308 143
100 213 87
24 312 40
24 66 19
386 391 8
15 333 142
227 395 109
156 294 61
33 109 121
165 348 35
34 182 140
130 345 120
63 210 102
165 359 148
214 263 181
277 290 62
29 339 27
173 372 104
125 168 147
218 361 160
214 277 137
236 386 91
112 133 188
97 98 25
79 176 163
66 230 91
154 276 133
317 355 71
80 172 53
174 254 136
168 278 6
98 184 191
67 204 155
270 278 4
130 273 89
281 343 155
191 287 83
172 399 194
249 369 113
182 234 21
8 262 155
42 315 94
217 393 165
47 90 144
134 253 190
108 389 158
254 346 83
252 317 114
49 237 43
218 263 4
266 301 115
87 328 139
342 352 178
16 212 80
104 214 1
7 62 104
186 303 89
149 203 164
217 349 21
266 353 76
17 21 116
75 323 17
112 193 117
79 289 195
99 369 29
107 303 128
206 242 104
44 139 0
320 337 28
62 104 107
29 80 137
147 260 68
56 215 183
97 369 103
30 203 16
20 305 188
7 232 26
254 286 30
19 251 117
27 399 31
178 226 115
127 387 29
100 252 147
10 303 91
374 395 79
103 176 164
87 387 190
159 366 100
314 390 70
106 260 27
65 128 150
268 332 84
15 338 62
111 223 77
165 289 3
16 287 55
10 386 69
83 331 135
7 365 105
219 223 182
185 393 82
88 380 24
83 179 25
145 246 173
29 210 164
279 372 41
76 109 151
132 225 145
84 200 180
41 383 77
59 308 23
38 225 168
179 337 3
35 371 45
90 202 49
212 303 197
91 159 118
71 280 81
85 155 41
160 229 23
110 137 72
18 144 116
187 395 13
48 192 148
282 287 51
338 381 49
149 298 162
263 345 195
92 300 132
26 233 133
39 238 152
94 173 171
29 369 96
314 358 74
103 114 107
272 282 3
39 325 138
195 287 67
127 395 41
126 204 3
38 287 170
132 160 122
12 354 148
135 279 137
157 274 163
43 299 78
50 317 144
336 393 120
263 391 12
13 191 193
94 373 129
48 59 125
233 281 8
80 253 8
176 202 85
93 202 174
8 70 66
78 183 166
189 289 161
208 269 173
105 281 38
257 380 131
56 317 61
63 81 159
12 216 144
345 399 42
177 239 177
152 385 161
19 386 150
207 220 3
59 70 6
246 269 26
60 345 7
56 225 54
62 279 173
377 398 24
59 76 167
220 245 34
198 344 152
249 365 136
253 361 123
108 245 24
36 173 74
174 307 155
196 350 19
92 143 88
107 366 119
260 398 179
47 50 193
236 255 126
113 194 156
166 235 97
245 340 75
186 226 193
323 325 181
278 294 55
95 105 33
54 91 146
109 342 19
284 377 185
221 266 153
116 272 136
320 367 61
62 273 31
80 296 97
94 216 7
146 260 163
105 348 104
2 363 139
109 273 198
124 246 41
145 152 124
117 341 125
149 311 49
111 124 192
220 271 189
111 391 79
83 233 1
345 356 54
9 140 55
280 326 26
52 206 198
112 221 125
59 62 192
70 75 113
245 252 103
40 257 139
14 99 3
78 225 19
70 203 132
55 183 93
57 216 142
160 304 108
173 295 126
84 91 182
63 234 37
58 311 33
10 264 160
91 238 193
30 128 85
16 23 59
89 364 126
144 149 197
8 277 71
232 390 176
46 307 195
148 151 23
166 325 16
117 270 56
54 260 160
22 144 80
90 164 11
154 377 72
48 185 190
6 229 117
169 314 198
37 192 141
214 230 138
131 291 76
156 400 134
108 128 69
60 278 41
184 362 96
22 172 195
106 110 117
22 335 88
121 240 185
43 88 58
264 316 71
301 365 46
100 278 168
29 292 92
81 234 11
85 170 24
56 121 51
136 142 24
200 233 144
75 198 14
300 393 155
149 195 8
208 227 189
310 346 97
16 82 96
48 374 86
259 349 188
137 396 152
147 393 80
18 296 140
115 230 184
154 168 16
105 264 66
206 287 54
132 295 169
127 229 51
65 170 70
71 114 132
264 296 106
48 161 195
82 195 90
234 396 128
250 399 52
230 284 151
84 117 183
64 164 80
17 202 34
157 174 175
162 386 30
219 327 44
40 395 31
374 376 140
35 268 126
128 281 179
378 393 64
95 184 51
77 296 58
24 301 105
69 137 65
346 353 6
83 174 170
343 392 34
317 336 14
80 247 89
14 58 119
113 198 111
130 334 75
163 389 15
38 131 82
148 351 22
92 145 73
170 385 34
11 318 116
237 260 9
228 242 5
272 387 80
135 255 118
43 330 182
329 357 33
63 100 96
45 253 132
98 254 12
173 378 150
165 313 139
177 349 26
106 285 153
198 242 151
216 319 122
112 329 146
241 389 138
29 373 121
31 82 159
38 362 175
185 398 171
27 388 148
55 88 9
208 332 42
197 245 160
146 330 39
210 222 168
120 268 150
133 158 189
35 60 193
242 259 24
187 327 29
52 213 107
27 354 74
232 349 88
100 369 114
135 142 140
74 267 12
22 375 48
53 283 175
96 106 49
362 391 19
110 273 15
26 312 6
255 396 107
38 84 157
91 217 99
128 265 60
21 301 39
10 326 143
96 258 56
232 319 118
194 268 68
48 144 47
58 212 73
198 350 37
194 308 150
76 219 91
315 386 131
190 234 0
248 352 93
167 285 47
156 390 101
250 342 133
30 62 192
258 282 136
3 275 150
191 285 34
259 349 6
54 75 192
8 320 74
87 318 89
73 364 77
26 200 189
209 335 99
335 355 176
371 389 46
157 255 160
107 152 28
75 114 83
7 190 97
71 90 160
294 374 19
55 111 46
200 226 98
190 351 85
56 182 191
31 85 164
53 334 16
126 223 156
101 259 51
24 277 163
249 291 4
43 137 148
264 387 172
71 202 149
24 294 59
40 268 124
206 294 134
130 342 5
287 322 79
98 317 70
88 204 137
14 171 36
238 381 111
122 141 1
63 324 84
171 246 28
86 197 196
157 383 179
114 225 58
92 142 36
164 316 26
4 28 121
114 276 41
147 171 64
36 141 146
113 230 166
53 99 37
19 281 73
280 309 1
89 384 193
283 312 91
16 204 66
24 281 5
190 317 39
215 349 184
211 279 1
13 137 173
20 400 142
366 381 65
312 316 9
268 389 79
15 79 50
89 372 148
165 227 48
308 385 156
154 285 53
123 205 97
148 281 121
314 370 90
114 286 89
157 316 102
292 342 152
52 141 66
307 399 171
41 171 12
165 284 1
145 226 123
223 249 189
128 262 30
328 362 134
52 309 85
132 231 42
121 208 67
284 357 107
50 285 124
49 359 12
107 361 90
177 383 90
191 377 94
163 315 156
205 378 190
181 359 69
97 208 45
163 374 180
197 254 184
64 157 9
52 315 122
35 40 140
29 382 89
186 241 123
67 337 92
292 365 19
32 399 103
340 351 93
125 206 61
343 386 116
45 181 1
174 346 83
371 387 90
179 357 84
125 323 191
38 185 132
213 272 83
82 126 183
45 235 172
198 297 62
348 394 148
139 364 143
62 301 183
35 68 116
43 153 135
321 342 25
29 153 70
41 369 165
63 377 124
171 302 199
44 319 128
165 169 85
319 356 20
4 294 153
116 222 42
117 253 197
165 317 134
54 312 121
70 206 74
4 95 123
281 291 31
327 336 94
32 203 194
34 371 56
81 361 132
89 393 109
52 191 122
213 255 18
225 387 153
161 242 69
113 348 20
56 375 56
216 287 32
7 220 94
75 282 135
18 359 29
193 272 178
1 157 76
181 199 36
18 250 36
152 268 132
107 210 171
297 314 116
44 205 143
152 292 6
80 361 145
285 298 75
14 294 104
67 89 178
200 294 88
364 370 172
140 219 153
205 295 123
4 122 91
4 30 177
200 220 169
77 270 21
84 104 186
55 105 83
12 111 179
325 380 39
234 345 26
83 247 60
104 327 48
13 84 176
37 137 77
267 279 129
28 304 176
144 222 133
124 143 91
231 378 12
136 196 167
375 390 89
230 342 55
35 156 16
387 399 33
43 61 183
64 183 71
293 397 39
111 114 1
194 259 97
111 230 106
147 275 131
194 230 42
111 307 182
47 387 29
216 325 176
73 312 183
206 380 160
4 52 108
160 328 185
13 285 7
220 393 20
254 354 5
140 208 27
194 254 180
187 350 191
194 375 53
58 127 130
248 312 97
152 360 145
65 104 40
233 369 75
63 266 113
222 303 29
158 344 55
145 150 29
298 323 165
299 351 137
186 355 56
54 400 46
224 276 188
180 304 144
318 377 104
190 328 103
45 143 189
199 237 167
12 400 71
49 122 196
329 333 29
171 330 90
34 79 70
356 391 140
189 196 14
27 227 147
77 306 23
178 341 85
34 194 89
267 395 137
166 256 74
180 230 116
212 268 76
238 354 142
33 334 59
128 249 110
174 395 84
122 393 167
112 361 42
32 80 181
18 39 150
238 366 21
26 91 198
126 227 191
19 77 89
92 393 187
47 394 117
41 245 171
19 289 145
12 19 194
72 261 15
110 371 22
17 165 26
84 174 17
63 140 23
237 383 112
170 337 90
64 360 85
32 396 129
123 241 45
313 326 73
260 347 177
186 265 136
32 75 2
8 218 26
286 307 58
62 223 140
38 132 141
80 229 103
121 280 175
73 186 95
95 332 169
114 175 80
73 97 101
159 385 123
116 288 23
171 242 189
97 204 138
152 354 5
195 379 33
59 77 147
37 158 91
143 375 13
281 351 146
190 237 124
144 268 133
244 355 91
189 213 50
27 74 40
93 301 69
181 331 94
319 377 5
208 286 70
41 197 14
51 201 180
74 397 178
58 244 182
296 385 130
286 334 161
174 229 29
93 95 123
310 313 85
2 210 190
105 234 116
49 257 30
178 332 81
252 358 16
13 246 11
49 237 150
81 260 185
76 320 188
1 189 50
242 385 170
37 74 123
146 367 107
31 215 128
129 212 107
31 388 130
78 253 17
267 298 70
181 331 7
118 362 198
149 400 84
14 212 198
78 388 133
255 398 28
47 190 182
58 344 55
157 275 99
21 65 194
20 230 6
54 74 153
68 294 67
29 338 87
262 384 196
39 128 137
172 295 1
109 343 67
20 151 64
88 257 104
55 318 105
25 44 158
61 214 176
105 213 140
188 216 79
187 205 62
101 222 168
92 235 6
355 372 111
196 307 37
248 288 116
91 220 182
270 359 63
101 111 116
204 209 149
159 275 119
17 141 110
236 308 5
174 186 29
149 349 101
76 337 10
247 294 183
105 310 60
2 133 56
46 223 46
189 190 113
126 172 177
136 231 178
315 323 122
46 385 123
21 303 11
172 292 87
49 82 57
72 107 138
63 116 3
26 361 95
121 341 82
52 399 188
63 246 3
239 308 72
200 219 109
97 196 129
170 369 81
191 227 168
9 234 33
93 298 116
80 186 183
258 333 126
328 378 4
212 297 72
210 391 87
307 370 101
20 202 177
162 355 35
209 313 15
85 333 17
70 400 86
222 369 36
35 219 25
198 268 3
4 361 101
16 72 169
15 157 26
264 284 182
94 288 22
235 392 181
99 226 74
48 54 199
115 273 98
320 399 117
152 317 181
62 232 53
221 325 88
58 81 87
389 390 27
249 273 24
43 157 23
239 390 111
196 295 78
56 101 176
28 253 112
295 320 142
79 247 126
14 146 106
112 208 39
104 141 118
139 271 167
251 267 95
270 377 175
7 301 115
225 233 15
128 266 165
325 338 4
187 327 61
180 256 114
148 212 19
136 137 66
19 124 3
279 348 104
42 231 129
138 218 63
19 56 185
253 395 163
76 309 33
53 74 83
17 172 188
169 396 98
251 370 141
160 293 185
347 370 69
164 169 117
215 302 47
199 206 196
94 262 167
209 281 124
379 395 86
193 230 58
240 283 17
221 309 142
15 205 135
196 378 43
334 361 21
6 214 101
287 393 182
217 335 93
128 136 166
10 338 148
300 341 103
84 307 62
232 365 154
221 395 31
40 283 162
227 393 144
190 379 42
224 331 187
133 284 161
298 359 49
19 385 39
75 282 64
297 334 184
151 346 133
119 281 109
78 105 163
157 374 138
237 293 52
61 278 41
5 151 58
161 384 93
154 259 93
39 286 189
146 396 199
322 400 1
224 292 56
253 336 42
111 329 36
150 302 5
210 362 125
75 127 195
111 148 183
158 220 150
173 316 63
94 224 168
237 313 101
196 306 178
312 327 21
180 317 101
241 383 173
61 228 91
258 357 16
81 223 103
235 306 23
21 309 2
231 333 2
151 183 3
52 400 92
52 144 69
7 13 150
44 216 165
222 291 4
232 372 152
203 224 87
101 306 152
28 182 72
105 251 12
182 194 40
204 326 100
250 362 7
73 269 141
69 169 48
253 387 171
208 374 162
7 252 99
3 345 69
286 365 24
113 242 137
87 330 153
99 348 158
301 333 24
298 353 27
105 127 89
213 276 49
48 355 24
169 300 80
274 283 57
189 271 141
242 287 180
10 203 173
160 218 83
118 359 106
43 332 148
279 282 70
150 222 3
331 345 182
23 141 72
9 210 76
349 352 146
53 77 112
78 234 73
19 238 42
53 384 125
227 337 129
78 190 165
61 263 169
62 296 62
69 158 10
88 132 156
196 225 143
18 346 76
313 381 103
177 253 136
2 218 89
124 128 156
203 221 116
66 139 93
76 351 5
178 348 119
243 322 114
129 277 33
120 180 184
122 229 193
253 383 93
81 207 134
71 363 10
215 333 37
175 317 186
299 384 114
179 358 153
78 146 88
304 351 88
11 30 171
64 191 190
107 248 97
60 88 174
225 357 141
217 280 112
49 305 120
54 242 33
52 187 63
103 256 148
171 192 61
248 366 80
6 362 193
101 239 126
68 86 26
289 290 92
326 400 78
173 194 140
71 114 18
285 343 192
6 224 175
150 183 60
94 358 68
334 371 1
253 372 189
267 349 57
34 134 9
71 304 0
295 374 196
214 295 16
61 195 88
43 174 120
106 227 114
55 218 114
173 324 183
53 322 95
56 341 11
140 340 97
298 383 144
154 269 29
338 385 105
17 162 79
80 371 38
69 330 56
126 305 145
196 290 6
40 70 189
37 142 60
218 365 51
171 370 172
169 219 178
235 382 151
234 283 128
301 367 189
141 361 43
13 78 115
29 372 88
124 232 55
246 359 161
7 279 136
206 220 110
36 361 193
138 224 169
44 124 141
102 221 184
1 90 63
193 293 50
115 268 158
316 354 85
360 387 22
256 267 113
25 87 151
205 339 112
82 93 196
235 263 171
40 198 157
85 102 150
135 192 83
102 165 110
20 287 54
296 334 167
19 153 40
176 304 97
127 388 121
139 204 167
285 396 11
313 354 163
91 342 176
109 253 27
299 330 138
256 367 148
115 253 32
40 182 94
107 332 95
233 250 98
370 397 54
14 393 158
265 331 51
233 282 175
107 242 132
110 180 155
236 303 91
279 328 165
155 197 32
100 398 73
154 310 61
281 328 39
235 386 188
325 382 159
171 290 143
312 315 0
137 172 124
44 83 59
36 96 51
335 353 107
4 60 165
84 392 91
86 305 141
186 318 137
191 306 70
287 308 5
204 225 104
66 352 136
26 211 174
295 382 39
75 134 186
256 380 167
14 356 189
5 380 132
10 374 118
105 275 141
39 44 120
201 317 82
163 200 120
109 148 93
223 349 33
316 376 8
92 274 14
206 317 1
47 385 48
134 318 178
67 90 166
271 359 154
25 194 51
14 121 193
108 204 119
83 343 63
117 298 65
26 52 20
246 334 105
113 146 17
127 193 80
28 119 90
70 248 138
92 262 82
18 345 24
54 400 144
97 201 7
213 278 79
5 264 127
81 232 197
146 190 60
93 171 40
28 81 31
91 118 54
51 278 10
254 272 126
18 254 41
54 376 128
81 175 22
131 340 21
5 296 13
49 342 181
62 367 162
22 119 85
38 60 162
146 338 67
111 336 165
336 342 143
60 287 109
236 327 23
215 362 61
101 190 92
169 303 173
273 326 89
47 380 22
337 340 114
215 306 196
167 252 88
49 112 35
4 187 54
41 362 74
1 341 83
159 387 137
11 305 30
304 314 87
80 187 16
164 214 94
57 343 185
215 353 82
101 118 4
165 266 89
112 398 148
49 347 189
61 329 194
69 118 120
302 340 157
91 375 50
167 396 159
39 373 50
147 221 196
154 352 84
49 289 195
40 216 6
247 274 165
139 284 155
195 384 114
103 396 83
209 352 48
259 369 31
174 269 101
62 149 141
208 233 119
298 323 26
154 329 93
292 344 194
149 330 41
223 234 18
111 245 71
192 258 55
93 168 188
99 126 67
292 340 188
8 77 112
194 358 149
5 278 77
264 335 116
190 203 104
208 230 88
79 156 78
160 205 163
248 363 69
24 389 149
22 23 52
283 329 168
319 377 16
111 220 50
175 207 104
29 343 183
202 229 19
161 208 148
103 279 76
336 396 173
53 313 53
274 308 32
144 384 62
109 313 96
112 153 113
256 359 98
15 315 170
67 326 31
40 76 55
133 380 102
334 349 167
27 248 173
377 396 198
128 231 175
20 306 14
31 333 147
124 154 152
68 111 199
64 379 61
337 362 46
306 357 17
63 140 152
119 313 25
74 115 74
44 109 147
131 285 0
110 122 65
239 370 109
193 230 93
49 316 199
200 321 117
59 95 91
326 341 154
195 246 152
246 343 57
74 367 198
92 257 10
169 183 90
243 373 17
304 360 69
207 314 177
188 388 152
87 226 159
8 174 124
330 358 88
18 360 115
146 356 126
10 180 124
146 213 137
39 75 175
51 354 139
366 368 36
210 287 151
229 356 125
59 351 28
16 91 121
150 303 178
44 291 63
91 274 181
245 398 15
104 245 198
3 346 9
89 332 197
2 112 165
22 111 46
225 287 174
217 259 130
235 335 139
210 380 158
176 196 74
213 276 192
30 236 31
302 373 67
35 337 32
12 258 97
251 265 95
253 278 39
39 235 69
89 214 107
187 309 195
143 313 122
258 347 86
109 188 111
12 230 178
103 207 61
157 237 120
147 259 193
147 219 124
108 362 165
267 280 5
107 246 164
119 362 160
56 382 69
102 275 129
35 272 24
289 353 171
71 226 191
182 337 82
253 373 160
20 167 149
135 289 186
173 316 11
34 77 163
135 360 81
326 382 84
10 87 46
206 211 88
146 147 160
152 203 72
312 315 41
149 208 72
93 309 69
6 89 144
60 205 65
193 291 10
156 295 111
177 270 148
97 209 105
196 218 17
271 379 188
54 361 111
83 204 138
48 118 197
27 86 84
196 235 107
135 209 91
131 382 103
91 204 81
81 231 78
52 398 115
258 389 199
189 226 7
25 169 115
26 281 33
166 227 123
5 358 5
72 228 27
171 309 82
37 294 9
31 290 155
175 247 107
236 312 198
128 389 15
171 371 60
91 359 52
162 387 130
140 293 112
307 312 10
219 301 121
135 254 132
261 379 109
36 378 36
156 310 131
190 304 13
13 338 27
83 139 32
86 295 48
179 349 49
7 22 100
55 72 31
2 312 85
42 371 117
308 374 18
293 306 76
257 310 92
15 45 2
27 219 113
47 197 9
297 393 97
22 158 6
5 373 188
24 354 136
65 200 33
127 179 112
11 253 95
167 391 181
21 64 84
73 263 170
178 224 112
273 384 26
118 163 142
360 377 172
41 377 44
113 286 17
273 314 32
265 341 44
13 36 150
193 227 16
303 338 139
106 270 83
80 341 1
201 243 30
71 228 74
20 367 78
59 382 135
153 211 58
135 152 193
202 365 119
29 283 68
19 251 57
8 185 182
130 341 186
170 268 176
262 367 119
193 218 63
204 353 86
47 164 108
9 183 137
25 59 38
44 126 105
111 233 196
262 312 95
113 180 23
382 389 197
165 215 24
11 209 55
81 275 182
65 339 137
42 346 56
158 274 175
152 224 113
40 208 172
215 342 53
192 195 47
118 352 179
123 153 182
17 382 8
210 300 146
161 238 185
78 381 173
120 301 193
321 378 53
129 184 155
232 259 87
5 279 83
362 366 173
212 230 91
12 252 184
51 195 125
106 202 59
121 395 23
116 290 167
341 387 12
97 281 142
29 96 152
170 217 73
170 227 104
75 146 132
167 172 167
76 337 89
49 98 77
47 363 199
310 357 120
356 361 47
300 372 29
28 76 134
222 335 24
71 115 2
9 389 22
5 122 42
11 339 53
122 388 37
340 391 71
59 66 174
305 343 135
38 177 175
60 379 101
92 236 32
219 233 145
233 388 182
140 198 42
28 33 126
65 298 183
49 308 31
4 40 26
291 316 48
164 280 103
247 320 146
324 341 181
288 374 194
93 109 59
30 400 30
165 168 130
159 164 3
176 271 69
159 351 68
232 266 88
147 238 102
226 337 121
162 299 69
204 355 172
269 280 156
26 398 82
88 285 64
175 303 150
165 241 16
319 346 105
195 237 105
39 204 103
39 187 128
21 366 23
83 327 80
150 243 99
41 224 35
235 314 73
163 236 137
276 342 187
41 358 174
104 212 111
16 188 95
21 94 139
27 312 42
51 374 91
195 364 41
20 32 32
35 49 60
55 384 173
85 194 127
67 294 3
16 120 89
255 362 149
110 333 48
20 205 51
259 282 13
76 308 101
13 384 120
33 288 47
12 192 23
88 137 118
196 262 168
16 385 122
208 268 48
20 197 172
186 398 182
90 202 148
39 396 24
180 387 191
89 299 79
161 219 75
94 187 16
237 340 88
117 205 109
37 216 148
30 307 167
12 175 131
127 158 92
264 396 35
176 351 32
218 244 36
135 400 112
69 345 110
203 306 61
65 97 170
144 251 88
61 152 73
102 264 133
184 389 167
29 336 138
85 185 110
237 292 81
120 169 165
70 397 178
180 324 139
347 377 35
9 116 33
221 312 140
156 395 71
296 344 16
57 294 101
49 142 104
37 178 197
235 240 77
26 278 109
129 179 138
121 208 27
67 319 67
57 66 107
174 299 47
251 317 171
76 259 81
117 370 41
201 383 138
56 66 27
288 382 44
38 51 188
175 318 188
318 348 189
271 309 103
249 355 137
77 260 165
8 232 22
37 337 136
61 90 130
118 315 47
157 398 156
193 225 26
284 359 76
265 383 49
30 159 95
157 302 186
184 249 196
260 366 88
132 342 138
79 342 60
276 389 98
93 244 135
198 271 17
31 78 148
105 333 54
12 275 126
389 398 71
207 349 155
121 294 167
80 185 166
16 228 67
296 313 37
225 387 49
238 249 184
251 397 139
254 362 45
290 375 169
243 254 115
143 380 37
20 281 100
87 283 67
39 158 129
3 160 176
4 42 17
21 337 65
273 321 41
190 295 90
49 327 132
94 251 77
48 195 141
238 240 107
11 211 76
125 150 54
31 280 70
281 285 6
354 379 174
16 52 184
88 210 116
99 308 162
31 293 182
211 374 99
197 256 196
19 371 23
251 253 117
50 310 158
264 311 86
94 291 167
12 307 91
95 235 188
84 94 136
32 73 182
65 109 94
168 239 92
133 193 80
125 137 153
273 285 39
289 349 0
53 90 63
366 372 88
189 211 113
202 379 47
199 271 197
320 397 190
87 370 124
147 176 103
7 315 93
100 343 93
128 388 53
190 232 52
156 334 60
12 139 116
