30 400
1 29 85
11 28 189
11 26 153
13 28 149
18 22 129
14 24 192
7 19 170
18 28 4
7 24 10
2 10 40
19 23 150
6 26 139
4 23 98
2 15 113
23 30 185
1 26 108
4 13 72
3 8 170
4 22 103
2 29 142
9 21 21
4 11 20
6 19 53
4 30 57
17 25 155
9 27 11
6 25 142
17 23 175
4 6 36
7 12 14
27 29 82
6 16 131
21 22 25
2 28 186
3 4 54
14 15 103
7 29 124
19 29 50
6 12 64
4 15 20
3 24 31
19 30 171
4 16 181
3 29 37
21 22 34
14 16 69
8 10 58
1 22 64
3 9 82
5 6 110
5 25 180
26 30 110
8 13 156
10 14 8
4 29 184
17 30 50
7 21 116
10 28 128
6 7 16
18 22 164
24 25 141
16 23 23
19 23 107
8 22 12
17 21 114
21 24 196
5 6 52
17 23 33
9 23 146
3 18 125
28 29 2
13 21 78
10 23 48
8 29 51
6 29 29
11 21 160
6 13 161
15 19 146
10 29 63
15 28 162
2 15 149
1 24 125
21 28 136
8 19 193
17 25 164
2 30 135
16 18 4
11 19 168
2 22 89
26 30 64
4 20 161
3 29 158
11 13 174
23 26 60
10 16 195
5 22 12
3 10 28
3 13 167
4 30 34
15 27 119
7 11 167
12 14 22
2 23 56
7 28 169
4 5 77
7 14 28
18 27 71
3 15 69
14 24 34
2 3 177
4 18 23
13 19 126
8 21 128
19 24 67
24 27 7
3 14 40
17 26 10
3 9 152
9 13 47
3 26 8
20 26 41
10 21 12
21 25 190
18 30 180
11 18 99
11 28 185
13 19 159
19 30 159
1 9 167
9 28 103
11 28 196
21 24 83
7 13 52
13 17 60
6 15 199
3 18 184
1 2 82
7 17 78
9 20 58
9 17 153
20 25 165
4 19 172
4 13 148
7 18 117
12 20 112
6 10 57
1 13 36
2 8 26
6 20 150
13 17 167
16 30 121
7 27 55
4 18 148
6 18 124
5 10 198
16 24 88
1 7 78
1 12 161
21 24 181
28 30 110
10 22 112
11 22 5
20 29 109
15 30 178
18 26 26
1 20 185
27 30 20
11 12 67
2 9 93
9 29 155
14 25 187
22 23 47
6 14 104
1 19 11
4 29 51
7 20 168
1 2 133
20 24 59
6 25 120
6 26 71
29 30 156
1 26 162
7 28 2
17 29 93
1 27 74
2 9 81
9 26 196
17 26 162
6 10 169
23 24 33
20 28 42
4 14 20
5 19 44
14 30 52
25 30 70
6 18 194
8 27 76
1 24 189
16 29 179
6 22 105
18 28 69
2 24 101
13 22 15
10 23 8
6 19 144
1 20 154
8 16 5
7 21 89
5 19 137
4 16 134
25 26 182
20 22 32
25 30 79
14 28 36
6 29 137
4 13 136
21 26 107
5 25 119
1 17 41
6 27 79
16 20 68
19 24 39
9 12 23
4 25 43
7 22 37
11 23 135
6 15 63
12 16 67
13 14 147
4 7 3
19 22 170
23 30 175
5 22 3
14 24 175
13 20 100
15 19 185
8 14 93
21 24 150
13 29 79
13 14 190
13 29 22
6 16 8
2 3 194
18 30 145
1 24 164
1 22 185
4 25 62
4 23 69
5 10 130
2 28 111
20 29 98
4 24 122
11 13 40
12 13 51
21 28 16
6 29 198
4 13 102
3 11 170
3 4 41
27 29 117
18 20 65
2 24 130
5 18 95
1 18 71
7 10 43
4 13 3
2 11 62
18 28 151
4 11 117
11 24 166
6 17 51
6 12 40
20 28 83
1 29 21
2 28 199
6 12 14
8 14 196
16 18 171
21 23 158
10 14 148
4 13 193
4 18 103
1 12 94
9 18 98
8 20 131
10 27 199
26 28 16
24 25 66
2 15 90
27 29 189
19 30 89
5 6 26
10 14 66
7 16 41
3 8 62
25 26 72
24 26 65
1 6 178
2 26 120
12 26 136
17 22 80
26 29 173
3 18 198
6 23 117
26 30 58
10 26 72
16 23 72
4 21 38
4 28 125
5 22 78
29 30 138
2 17 63
2 11 161
3 13 48
16 25 16
18 28 193
3 20 41
13 24 41
10 29 27
9 25 124
5 14 85
9 21 62
1 15 193
6 23 165
8 18 77
23 29 86
9 22 24
8 17 54
14 29 166
15 20 156
9 13 78
5 9 41
2 15 146
7 30 33
9 22 133
9 18 113
16 27 161
13 23 76
14 24 66
14 30 107
3 8 94
13 20 7
9 11 71
12 15 147
10 17 87
7 8 29
13 28 45
5 17 33
19 28 176
9 15 120
4 8 69
18 24 30
3 25 154
11 22 76
20 24 77
8 21 123
15 25 146
2 3 191
12 22 130
29 30 91
1 20 117
8 25 195
2 27 67
9 14 109
11 28 81
3 12 57
5 20 31
15 19 10
18 30 119
7 24 58
11 24 6
1 25 54
24 27 29
2 19 159
12 22 88
1 19 182
21 26 66
4 10 157
16 19 193
2 21 94
8 15 112
8 12 95
18 21 13
7 21 189
19 20 186
6 14 11
14 16 162
18 24 40
3 8 177
11 21 158
12 25 80
14 24 121
11 26 71
1 13 175
17 23 62
3 12 187
7 11 50
3 12 93
10 23 44
1 27 66
