100 872
92 69 2
61 86 2
50 23 9
77 27 8
95 17 5
9 12 8
13 2 2
77 49 3
19 37 5
3 65 2
77 45 4
40 59 1
8 67 5
62 69 6
3 63 10
94 62 1
60 52 10
55 87 3
58 16 3
4 42 6
93 24 2
95 8 9
84 39 2
22 20 7
12 44 7
82 76 4
69 7 1
31 65 5
31 72 5
20 40 7
90 80 3
53 32 6
93 6 5
56 87 6
90 18 8
78 19 3
89 93 2
71 30 10
28 50 6
89 77 6
21 11 7
24 30 4
54 76 6
61 6 10
86 22 6
72 92 9
37 30 5
7 11 7
87 39 6
63 23 7
86 77 1
21 7 10
11 100 3
70 13 10
80 43 3
17 75 9
10 28 7
50 26 6
48 25 10
71 25 10
59 57 7
78 18 4
58 46 9
39 75 8
64 26 4
9 76 2
85 15 7
96 35 7
17 62 3
75 3 1
1 88 8
5 49 6
54 3 2
60 24 10
55 76 1
25 21 10
63 94 1
65 81 3
32 41 8
25 93 7
70 30 2
62 4 4
14 3 9
83 85 10
100 59 1
32 11 10
96 6 10
44 26 9
46 74 9
80 79 8
97 25 4
66 40 1
21 51 3
100 79 5
11 68 4
70 80 2
43 78 7
61 11 3
56 64 1
80 13 3
69 17 3
45 4 2
81 38 2
89 44 9
39 76 2
26 62 9
41 66 3
32 26 7
86 54 1
34 79 4
49 54 6
13 57 3
96 32 9
97 22 1
26 82 6
42 32 9
76 100 6
80 49 3
26 53 3
95 40 8
12 17 1
84 43 7
15 47 2
84 46 1
31 48 4
99 30 4
12 33 9
28 74 9
11 29 4
41 47 5
94 34 4
56 39 7
100 62 8
46 13 7
47 80 9
21 68 4
85 43 7
74 23 5
65 23 4
15 2 8
99 91 4
44 17 4
14 24 7
27 24 10
15 78 7
88 94 9
81 69 4
6 64 2
3 36 10
47 76 9
59 87 6
2 91 9
5 45 1
89 75 1
11 36 2
53 35 5
92 93 9
82 51 2
55 67 1
68 66 10
83 38 10
24 28 1
69 33 8
46 26 10
18 13 8
41 83 6
1 45 10
21 99 7
38 2 4
39 43 5
95 54 4
96 25 9
93 95 6
51 56 3
52 24 1
90 52 7
78 86 9
70 23 8
24 17 2
39 24 6
2 13 10
93 74 8
15 65 2
41 33 3
87 74 6
40 54 1
77 100 2
89 30 10
21 31 9
26 23 10
58 18 4
86 40 6
47 55 3
7 82 7
23 92 3
60 18 8
55 86 2
27 65 6
41 9 10
17 98 2
81 14 7
5 11 4
11 32 5
53 63 5
16 36 10
82 30 4
14 73 7
4 85 9
5 69 4
28 97 7
3 13 5
1 54 6
12 88 4
49 1 7
38 90 3
92 63 3
61 39 7
29 44 6
45 10 1
100 16 5
60 48 6
39 64 4
7 79 8
54 28 10
91 51 7
30 94 4
85 52 3
36 50 8
60 77 1
31 83 7
96 38 1
9 69 2
2 64 8
73 2 5
33 65 7
92 48 3
32 20 10
26 10 7
82 40 5
76 77 8
89 28 4
74 18 4
99 68 8
85 94 3
41 8 9
32 3 9
4 11 5
61 64 6
48 63 8
97 94 9
60 86 5
12 68 10
76 92 5
17 76 10
14 16 7
41 44 6
99 16 3
74 87 6
22 29 6
87 68 5
7 50 6
18 86 7
85 42 10
98 22 8
78 59 6
79 96 6
65 71 7
20 65 5
94 39 10
87 94 4
75 22 1
83 89 1
95 50 6
53 77 2
83 80 6
54 90 1
59 65 3
70 12 5
38 59 4
69 38 9
59 98 7
27 82 8
6 3 5
58 57 4
67 93 7
47 37 2
73 56 8
24 65 2
72 6 6
92 44 2
27 90 4
13 67 6
44 40 3
11 95 6
39 30 1
83 32 4
15 94 1
44 82 10
60 77 1
39 52 5
19 12 3
7 88 6
25 94 2
79 37 6
97 94 4
80 63 4
44 66 2
64 34 4
62 77 1
28 63 3
30 6 8
3 58 10
3 75 9
68 43 6
63 31 6
39 63 5
53 80 10
46 60 5
60 34 6
98 87 10
4 23 10
42 50 4
51 93 3
10 2 10
83 96 2
39 66 5
86 62 1
82 64 7
16 91 6
87 13 2
23 50 6
85 21 6
73 61 2
79 26 1
46 25 1
49 66 10
82 74 7
91 10 6
48 8 7
100 46 2
35 71 9
8 13 7
90 29 3
36 40 8
20 82 5
31 58 5
38 39 1
40 3 9
96 22 7
30 35 1
74 82 5
11 13 6
27 72 1
48 39 2
73 1 9
68 64 7
96 6 9
70 41 8
30 71 7
17 15 6
54 14 1
20 90 9
90 58 8
67 50 3
18 11 1
65 68 2
82 17 2
10 47 4
33 18 10
30 60 7
26 19 10
30 28 7
42 68 2
44 50 2
48 81 10
79 33 9
46 54 7
64 83 6
32 57 5
65 85 7
94 90 7
3 56 1
7 8 3
38 15 9
73 4 7
7 60 2
13 70 6
31 37 5
3 96 9
96 18 6
96 59 9
16 19 9
30 6 4
31 28 2
70 21 7
77 37 8
63 78 5
83 68 7
70 79 6
6 52 2
27 37 2
81 34 9
14 64 2
37 74 7
86 28 6
19 89 3
88 16 9
37 24 7
41 80 6
91 21 7
87 35 6
94 31 3
96 50 2
65 5 4
67 92 2
92 33 9
66 56 1
57 41 1
60 44 3
88 90 8
95 51 5
98 94 3
91 8 5
100 83 3
66 95 5
48 53 8
2 23 10
22 69 3
91 13 7
75 40 1
25 63 3
12 25 3
36 92 2
72 95 3
21 33 3
22 28 8
53 2 2
12 72 1
12 4 10
85 2 7
64 91 9
12 22 2
14 83 4
25 23 9
25 70 5
68 26 10
51 91 6
16 12 9
89 79 6
11 85 7
100 27 4
82 74 8
18 30 2
14 25 8
15 100 10
93 80 6
54 58 3
71 99 2
66 32 9
59 51 8
4 33 1
8 30 7
56 30 5
72 79 1
92 58 8
68 57 2
86 8 1
96 52 10
73 10 3
57 37 3
78 16 10
93 61 1
36 76 8
63 76 10
93 35 5
41 24 5
87 51 9
93 97 1
6 63 3
87 35 5
23 42 5
21 42 9
32 11 1
35 33 4
18 15 6
41 62 9
81 97 2
82 88 10
44 19 1
44 83 9
46 12 8
27 42 5
40 21 6
70 72 4
17 74 3
95 29 8
90 60 10
7 38 4
89 28 3
92 100 8
51 10 7
13 17 2
94 63 5
65 95 1
69 31 6
60 20 10
76 45 4
72 55 9
92 89 4
38 85 4
68 14 1
12 50 3
80 25 4
84 38 7
17 80 1
16 28 10
28 62 9
35 55 3
28 66 7
20 22 1
78 85 7
83 65 9
59 47 8
47 18 2
21 90 2
44 35 5
58 73 3
21 64 4
20 5 8
39 76 4
79 88 1
22 7 8
43 47 5
96 72 9
90 35 7
6 40 7
39 71 7
87 70 4
48 31 1
30 82 3
37 15 7
64 85 1
26 86 5
32 14 3
60 95 5
30 82 5
89 43 8
15 70 6
88 20 3
73 10 5
8 15 10
94 67 1
66 81 5
12 81 3
28 49 10
22 79 7
45 87 10
100 78 3
74 5 7
25 3 1
64 50 10
50 77 10
6 42 9
13 66 4
9 12 2
46 57 2
48 27 9
16 94 3
50 28 10
73 54 10
1 96 8
77 35 5
90 94 8
56 58 5
87 65 8
19 82 1
94 97 8
37 54 7
51 30 1
100 95 7
86 41 6
57 96 2
33 24 3
89 73 2
74 11 3
28 47 8
9 83 8
73 42 8
21 93 1
1 59 5
18 92 3
44 6 1
3 99 8
38 33 1
61 33 4
77 52 8
93 83 1
59 58 4
3 7 6
98 99 4
33 15 10
84 7 9
25 36 2
54 58 7
67 85 4
52 56 9
79 6 10
44 82 6
12 62 1
51 18 7
43 98 9
90 87 5
17 72 10
45 77 5
64 48 8
89 35 8
63 93 4
1 90 3
67 39 10
99 10 3
36 84 7
67 92 7
98 49 3
97 77 7
62 1 6
81 33 7
47 39 1
14 46 6
86 23 7
76 12 3
52 17 2
1 49 8
4 29 6
40 54 3
68 24 8
62 95 5
24 86 7
38 51 6
81 11 9
69 32 5
88 98 3
46 42 10
17 50 3
36 90 10
49 88 1
87 16 3
70 9 10
56 92 10
70 12 5
21 29 4
87 86 3
37 60 1
69 39 8
70 59 7
81 45 3
11 53 2
82 85 6
73 84 2
48 43 7
34 69 10
17 18 5
31 82 7
63 72 6
10 86 10
56 25 6
35 83 9
70 24 5
28 80 5
58 45 6
69 2 1
86 26 5
60 71 4
46 73 6
9 27 6
21 100 4
16 61 6
79 57 9
5 58 5
47 29 8
56 79 8
43 46 4
45 99 3
59 63 10
22 67 1
85 19 7
62 25 6
98 32 7
8 97 8
28 41 1
10 45 8
53 76 7
16 2 5
45 12 8
58 41 5
47 28 8
68 92 2
100 94 1
79 85 6
98 81 5
34 4 8
47 8 9
73 88 10
33 18 5
70 73 4
70 80 10
77 46 10
30 35 3
98 94 9
70 54 6
79 45 6
63 35 4
17 38 2
4 97 9
56 14 8
58 48 4
84 46 1
96 64 7
57 54 5
37 13 5
53 31 2
35 24 1
27 17 1
52 15 6
32 1 4
41 97 4
12 69 1
82 48 2
99 79 10
88 66 3
98 62 4
22 1 5
21 96 6
25 45 4
67 13 3
38 94 8
91 42 7
59 62 1
66 52 10
95 71 6
58 65 2
29 98 3
88 49 9
39 100 8
8 78 7
40 99 4
6 81 3
68 5 10
45 65 4
57 22 4
36 98 6
70 88 8
60 8 9
100 68 1
25 70 3
95 79 10
31 97 8
14 26 6
30 71 7
64 61 7
79 86 6
50 80 10
16 93 3
68 4 6
31 60 4
31 83 2
7 74 6
24 16 2
35 13 2
65 41 5
63 68 6
34 38 1
49 97 10
1 69 4
25 66 6
42 43 1
51 67 6
99 59 8
18 8 9
96 13 2
7 36 5
25 34 1
38 93 1
8 54 7
7 12 9
98 12 2
72 11 2
63 73 8
99 4 2
42 69 6
28 98 6
63 31 5
44 47 3
44 79 2
85 87 1
60 95 6
86 15 8
6 74 3
72 82 7
29 84 6
74 47 5
61 76 4
49 18 7
21 45 6
93 88 9
29 34 5
65 45 7
14 1 8
28 5 6
77 92 5
12 80 4
15 65 8
40 82 9
90 62 9
45 96 4
12 79 4
92 15 4
61 100 2
67 49 3
27 85 3
33 72 3
7 96 2
73 58 4
30 81 9
90 56 5
9 85 10
92 94 5
20 94 2
9 59 8
60 58 8
87 38 6
99 95 9
36 68 5
69 31 4
7 63 7
61 91 3
23 16 4
65 55 4
33 17 7
45 57 9
78 15 4
59 56 3
9 8 1
57 9 1
94 36 1
18 60 6
57 82 5
86 27 2
41 56 7
41 88 5
6 66 2
25 14 6
70 38 10
25 57 1
81 12 2
56 40 8
65 38 3
74 21 10
89 97 5
90 68 6
4 94 9
8 3 3
23 61 3
95 81 3
73 28 3
72 14 9
86 69 7
22 49 6
48 38 6
93 52 5
4 70 8
100 81 5
28 87 5
