812 6521
522 194 305
328 50 456
264 60 9
266 805 147
598 344 591
392 498 49
508 42 828
72 555 902
391 638 280
47 422 19
749 804 725
5 133 298
791 329 523
664 767 192
440 83 126
809 121 673
205 275 173
737 775 549
630 388 262
355 245 770
411 564 251
552 338 875
625 732 135
275 159 946
270 202 805
726 629 287
450 494 223
390 478 377
455 161 165
588 218 25
336 272 922
727 712 392
679 175 9
148 347 732
196 634 133
349 680 89
442 548 141
3 44 909
618 139 86
125 589 614
356 68 749
449 442 239
499 152 947
522 672 574
500 265 698
373 538 61
372 274 616
698 699 468
81 551 946
170 626 185
178 459 342
423 451 706
237 105 573
116 650 140
202 548 160
766 283 573
560 42 486
264 49 302
811 274 112
659 533 530
529 365 311
362 213 744
434 762 770
653 114 449
80 329 769
136 777 959
6 133 191
24 713 800
448 608 866
720 174 690
684 624 205
504 241 59
186 577 911
649 685 687
625 135 469
164 318 298
118 291 309
246 211 795
622 772 493
8 587 906
740 64 883
467 593 960
67 411 239
23 54 559
70 747 323
308 605 571
528 436 802
447 344 698
800 674 808
471 484 605
91 97 672
625 289 623
244 667 474
509 746 737
398 441 353
100 259 98
480 712 688
520 687 776
281 204 830
542 612 786
517 413 62
580 264 505
291 420 712
418 477 957
801 433 824
630 130 323
526 568 722
40 209 933
348 240 813
385 617 879
126 688 740
634 471 651
571 383 176
195 264 961
61 644 674
385 211 27
141 280 227
730 271 375
53 436 5
583 198 503
21 633 69
105 145 757
547 535 792
708 169 392
728 572 622
353 472 671
560 206 382
491 339 385
383 5 976
172 666 791
484 472 379
155 154 93
453 241 817
467 209 584
241 109 736
802 43 956
159 65 255
122 570 380
389 344 515
457 736 953
359 806 459
724 385 155
36 265 406
280 197 295
681 311 353
444 704 316
425 57 119
267 419 580
351 86 430
640 237 40
782 619 312
157 438 869
501 39 436
440 109 588
533 711 40
5 768 348
52 158 747
493 532 559
744 174 242
631 282 447
491 670 248
431 105 116
581 213 613
612 569 618
199 715 171
392 242 978
255 641 236
24 566 863
794 96 308
795 164 521
564 155 711
347 158 140
323 695 213
328 679 46
760 592 602
527 351 125
263 237 350
132 393 354
245 164 957
585 56 467
163 365 709
515 327 711
492 42 868
406 530 68
737 73 485
9 204 436
242 215 735
243 788 548
201 188 329
371 385 539
607 491 845
2 804 956
450 786 297
810 685 832
459 791 61
372 671 33
127 172 28
257 538 156
613 565 553
112 418 374
390 582 581
278 562 545
411 515 749
547 499 447
781 637 90
244 390 349
329 97 940
503 705 704
191 700 150
218 210 535
308 353 496
740 806 747
774 490 616
215 561 422
240 233 699
212 327 310
560 728 445
357 131 605
602 202 732
332 286 407
268 361 348
154 683 389
34 631 209
596 664 26
169 329 346
246 742 638
766 579 462
186 699 198
320 712 790
260 296 962
59 476 774
53 512 51
627 694 400
128 631 146
755 624 560
26 3 416
53 778 318
142 571 139
659 781 836
123 142 228
524 84 216
656 645 739
502 409 573
242 688 250
383 60 685
372 239 984
577 34 73
761 251 122
197 432 701
533 526 226
580 195 864
724 424 485
316 20 704
564 529 434
610 583 346
586 250 888
613 712 255
651 118 882
205 190 372
688 705 220
619 622 98
524 731 421
273 297 676
247 692 612
382 229 58
537 419 57
582 638 571
25 476 536
191 345 528
163 53 28
663 172 387
66 531 297
446 76 598
297 748 20
360 265 497
139 556 174
511 520 637
295 804 651
670 21 581
282 332 165
4 3 543
322 109 218
342 597 200
76 59 925
509 76 342
422 5 188
728 468 861
580 179 675
181 283 460
294 499 6
394 32 588
397 649 362
329 754 693
367 2 325
380 201 611
162 569 568
655 749 954
640 362 943
453 141 374
84 738 262
226 204 664
328 669 678
577 556 64
311 575 992
39 299 273
220 221 642
369 439 883
65 147 829
102 671 969
147 306 814
172 511 317
244 783 200
753 63 99
244 494 253
276 304 652
143 398 935
443 148 813
775 140 277
669 761 588
500 424 259
262 305 122
739 133 507
792 81 429
679 652 73
387 326 296
74 132 568
219 410 651
253 563 88
602 79 321
482 244 628
635 694 737
350 324 91
266 300 653
615 784 834
202 312 293
440 599 512
556 463 352
797 22 100
534 653 987
737 488 33
511 773 392
628 448 104
395 63 403
379 660 266
272 509 171
397 787 538
5 712 308
279 589 764
399 794 655
247 456 331
40 130 381
447 325 169
346 503 769
642 544 41
803 326 625
787 161 72
315 693 842
471 779 824
243 731 732
342 44 922
24 423 919
217 637 560
633 752 532
480 771 22
578 229 872
154 452 320
290 21 593
495 398 713
70 594 12
357 801 980
574 586 704
755 23 105
8 790 531
199 513 770
458 13 981
595 690 828
45 457 853
463 539 370
773 402 128
678 786 627
395 648 849
671 207 62
214 596 354
409 133 52
334 110 224
152 168 960
745 138 239
57 389 48
596 430 126
335 283 797
606 475 809
721 123 641
563 100 862
31 470 848
515 686 787
247 72 319
329 233 959
744 396 510
377 698 85
192 543 537
801 291 125
616 487 735
760 663 102
450 32 994
762 55 167
392 93 690
569 740 837
468 472 351
793 461 645
22 49 197
8 233 34
792 377 955
321 66 964
8 267 878
333 25 917
284 719 119
340 44 86
491 63 321
311 764 532
611 93 154
713 169 637
182 312 706
389 249 729
398 24 485
266 491 569
517 743 901
654 164 531
590 251 57
310 762 640
378 505 11
459 631 939
548 185 740
422 235 718
505 557 855
170 224 939
803 427 312
24 540 221
178 562 105
669 549 187
308 214 286
740 568 271
795 457 281
632 591 92
476 211 763
715 760 850
568 802 848
264 737 672
570 436 497
304 387 780
144 116 851
809 162 769
403 50 1
362 682 968
716 153 577
645 64 138
67 308 438
675 807 415
541 419 663
130 290 307
344 447 644
374 803 530
333 164 904
624 342 346
465 570 922
683 454 856
663 18 130
130 336 270
408 621 710
630 334 259
579 14 302
111 460 477
528 381 655
66 775 824
760 556 119
257 186 521
254 791 688
282 746 911
577 75 862
546 335 111
173 688 411
65 591 792
713 394 405
349 641 89
103 671 338
650 772 415
539 635 770
250 443 972
683 233 437
67 803 617
408 611 694
473 323 428
352 153 657
647 475 567
210 450 22
328 57 639
376 332 597
182 790 299
353 479 40
229 589 712
557 542 858
607 802 897
789 804 929
482 271 558
150 582 355
626 654 880
740 291 294
565 728 516
354 259 305
223 359 250
608 72 657
767 376 329
173 25 948
555 122 160
451 673 638
675 42 603
768 391 455
770 68 914
481 762 382
729 752 384
150 228 802
341 679 877
74 619 371
796 420 734
515 459 670
442 435 94
793 143 700
340 122 372
148 134 819
88 382 63
65 642 258
121 320 409
683 383 893
652 307 159
30 26 299
282 298 651
72 730 56
592 406 575
346 126 511
298 766 867
61 745 120
398 811 683
505 714 633
674 104 567
39 598 437
749 748 110
798 150 167
692 585 792
545 241 30
774 540 345
359 17 780
96 529 510
209 554 325
290 400 693
483 210 189
568 717 200
24 234 651
690 198 327
122 598 474
774 67 313
709 368 725
328 91 652
225 15 503
631 573 640
137 206 342
644 186 709
571 312 531
711 119 735
626 44 742
478 621 765
231 284 824
462 452 966
622 528 331
662 787 362
668 156 764
517 326 353
770 43 286
760 567 960
593 269 422
706 750 199
750 471 976
421 690 156
545 697 532
537 591 397
71 438 414
234 373 352
606 589 532
135 622 403
323 418 730
748 340 890
145 63 153
388 66 909
747 210 227
492 651 130
50 14 920
451 511 518
471 340 199
224 346 388
652 663 178
457 401 1000
766 771 711
121 137 634
647 697 179
511 310 502
193 12 531
343 317 615
716 800 692
807 352 126
706 647 447
131 745 520
6 505 190
806 672 505
264 100 829
568 550 275
107 653 711
202 542 614
584 563 252
56 534 629
641 467 905
491 387 679
812 592 729
203 638 815
641 176 48
296 236 129
351 239 853
548 173 353
608 138 3
18 144 450
722 462 614
415 471 138
457 219 599
44 547 318
798 69 33
28 278 87
686 10 640
775 608 67
231 337 544
442 783 178
67 30 96
540 292 543
7 472 183
643 401 389
139 671 908
389 809 150
610 36 125
442 163 503
56 602 660
129 214 872
408 295 105
644 112 862
722 229 395
783 296 35
236 494 705
28 538 6
87 562 671
728 56 85
92 293 602
605 121 897
131 459 370
646 86 981
501 510 436
562 677 80
437 695 586
208 766 314
410 661 629
605 375 354
428 59 853
320 21 12
486 707 817
279 801 891
603 243 392
653 619 243
182 369 72
207 96 190
413 50 370
253 547 709
116 587 256
132 633 742
626 11 691
176 375 172
312 453 243
540 114 874
62 778 514
514 140 239
62 366 802
142 262 311
527 704 343
786 284 408
215 328 323
387 728 667
274 522 453
473 462 486
389 62 905
633 333 743
317 463 203
273 2 60
400 651 195
200 100 388
128 291 356
713 271 594
189 774 264
33 334 306
469 727 733
328 697 547
262 395 232
72 21 573
424 307 487
744 171 591
226 73 845
245 300 841
743 165 85
757 396 657
788 65 787
621 264 49
485 107 55
646 32 732
54 134 164
698 330 682
789 795 815
76 174 642
451 26 945
45 181 285
722 155 642
661 40 870
780 4 725
15 50 293
429 421 19
299 151 307
142 462 739
314 329 702
743 439 804
630 672 828
109 166 723
693 118 79
800 385 238
62 302 758
104 488 96
53 132 905
468 481 523
648 520 35
577 562 909
50 241 57
468 812 929
531 62 456
138 611 632
574 154 259
507 736 768
530 116 946
605 752 95
796 121 479
21 74 343
797 311 316
728 580 402
632 256 937
235 517 379
348 108 173
28 338 528
5 740 4
273 554 801
323 560 792
119 536 813
675 419 830
734 466 974
438 48 403
548 583 195
570 613 42
382 698 836
39 485 397
570 81 872
107 541 418
780 133 630
735 320 114
672 274 696
435 627 516
417 555 975
46 433 913
164 443 756
745 5 168
679 124 992
738 44 216
298 82 290
107 311 239
415 639 688
541 591 942
462 238 942
719 738 597
761 93 224
308 649 34
124 750 105
34 552 626
245 469 358
15 467 466
724 620 48
102 117 798
70 149 993
51 741 767
285 741 144
121 92 132
177 37 117
80 564 663
626 10 616
566 653 64
98 155 313
740 237 963
356 77 310
711 306 988
189 811 784
586 21 587
477 417 677
810 140 696
394 24 876
522 599 943
21 314 679
160 776 368
82 94 112
596 562 711
602 40 895
303 362 195
76 86 391
339 4 389
441 330 713
55 81 481
773 432 464
361 670 498
499 530 86
516 87 188
526 543 645
260 354 271
116 328 194
86 270 227
659 451 715
267 317 509
584 708 927
617 499 819
108 150 964
518 449 623
439 528 623
422 523 416
518 411 114
111 1 487
362 645 460
62 752 91
556 611 766
302 687 358
766 599 116
382 305 916
755 584 850
314 523 264
247 283 363
95 744 521
428 73 682
68 709 775
742 237 1000
303 407 600
692 327 401
119 470 504
335 675 949
728 810 610
277 605 762
589 478 795
706 345 128
152 727 81
706 303 766
558 801 799
427 761 414
60 792 684
187 242 557
519 586 126
739 193 594
497 568 616
254 4 1000
329 575 604
449 783 249
369 224 553
385 670 589
618 630 526
94 537 82
434 317 873
138 805 635
307 88 225
317 281 299
424 69 553
808 437 784
763 644 560
83 795 310
251 710 886
259 703 649
411 783 315
317 481 366
503 773 927
110 99 601
631 406 821
46 378 427
527 192 620
619 298 836
647 236 380
151 686 69
513 435 449
174 265 726
734 652 175
364 53 416
524 36 347
482 613 671
724 545 843
572 267 196
490 580 842
325 368 394
114 261 110
304 516 56
259 620 801
551 744 941
115 431 201
357 468 895
370 684 362
569 799 738
40 785 712
637 104 683
415 655 885
574 388 494
419 449 211
259 781 216
32 664 259
414 408 1
44 510 194
396 517 267
369 600 646
441 231 535
392 553 853
760 72 124
194 348 163
87 672 686
647 109 2
436 437 977
375 48 475
694 731 169
704 228 627
471 277 69
137 176 511
760 158 347
278 492 607
553 560 912
662 695 506
49 766 743
774 181 712
446 58 959
16 457 740
103 199 703
403 752 29
566 248 550
258 441 548
45 209 426
641 159 457
692 91 621
460 803 285
181 241 227
757 670 61
245 484 984
739 363 365
14 224 975
148 90 961
547 434 891
187 219 899
404 766 774
438 648 208
37 312 557
152 170 503
414 325 197
177 404 61
185 150 411
264 145 62
625 251 202
755 170 577
100 381 680
243 557 134
494 39 753
48 630 263
624 433 75
346 321 39
502 448 727
416 484 146
629 275 809
53 281 235
123 87 668
632 782 997
12 192 11
635 751 711
727 161 821
130 273 931
436 505 610
500 290 627
20 638 466
482 29 433
250 343 993
93 365 287
159 469 981
303 744 457
735 193 364
586 109 879
585 316 267
75 117 929
762 388 543
337 150 632
605 804 903
731 37 715
221 715 625
85 758 468
56 305 652
785 181 574
368 132 370
390 262 635
74 55 674
623 530 525
59 257 514
355 294 178
434 81 485
787 350 526
112 22 899
120 223 960
531 545 521
804 365 615
765 202 337
470 624 455
652 15 826
552 159 980
284 169 832
463 681 913
418 461 115
794 294 12
244 522 69
199 162 155
560 716 860
155 210 302
302 177 633
776 483 6
276 161 672
799 103 246
96 362 403
693 422 236
660 727 159
598 480 580
501 198 53
73 375 392
550 299 833
772 370 462
634 242 650
669 324 785
56 104 572
564 371 653
119 451 341
716 664 320
215 88 647
561 684 823
373 225 52
653 233 977
222 335 142
537 680 763
730 295 654
654 643 687
41 659 872
671 274 970
342 614 738
759 584 827
247 288 423
723 656 396
638 207 625
230 205 367
438 669 927
336 361 529
162 194 598
182 310 270
542 655 963
321 569 898
707 357 876
566 41 966
303 257 75
495 92 855
173 151 664
206 515 104
302 259 665
494 329 506
221 265 705
118 609 495
809 495 637
267 191 259
415 621 36
762 669 265
610 705 703
17 343 390
350 73 716
398 644 547
450 163 837
623 119 27
577 284 897
24 491 264
450 661 444
49 740 180
313 88 543
786 627 314
206 665 900
68 651 221
94 484 258
725 329 578
405 630 486
192 297 895
395 740 135
503 86 573
605 388 392
777 339 429
136 454 630
87 632 56
368 451 700
169 459 124
331 234 134
171 662 54
510 506 53
328 78 300
763 26 337
557 197 495
7 138 68
120 802 684
299 363 122
142 603 915
332 792 409
120 347 174
547 322 235
615 111 704
381 118 612
487 259 302
31 647 954
325 205 545
446 392 709
321 793 577
537 666 822
717 112 808
175 807 122
369 684 852
555 159 206
232 153 381
180 625 433
572 741 747
464 160 850
91 738 271
529 252 654
21 311 763
608 381 854
710 667 51
754 480 807
410 468 618
346 248 323
29 340 787
359 746 533
614 347 686
594 129 751
239 360 777
646 590 180
799 220 539
246 679 367
283 393 100
96 280 118
731 476 394
508 579 972
351 511 475
336 327 364
386 402 454
325 101 427
175 586 16
618 670 838
414 542 568
282 742 472
582 462 654
128 371 893
765 668 198
676 690 21
283 334 718
99 709 934
642 183 664
360 561 631
664 337 31
88 537 465
243 471 948
630 347 362
318 383 133
444 196 362
39 747 651
738 367 29
552 331 372
433 559 791
645 83 315
57 707 607
17 436 741
494 522 426
23 442 534
457 38 19
123 210 847
45 757 921
146 516 772
548 510 905
498 779 898
675 133 499
386 194 524
773 153 935
33 578 609
624 651 893
737 101 9
632 662 303
199 738 774
516 287 525
113 316 283
479 648 546
672 587 403
14 795 181
441 273 931
466 407 981
362 145 165
699 356 628
212 358 52
431 753 226
378 801 196
193 121 537
144 76 758
181 494 425
336 348 89
648 597 433
493 432 253
514 579 832
378 794 895
205 3 394
707 525 50
302 576 712
359 491 790
654 294 8
792 430 880
282 656 369
504 168 556
398 49 135
170 152 538
349 298 480
706 36 989
57 601 74
548 262 987
246 109 991
755 237 989
6 551 226
635 723 966
479 436 405
478 794 691
780 512 298
671 724 272
721 507 391
437 9 305
653 32 298
90 83 491
684 628 223
74 486 17
474 161 842
708 139 829
749 342 690
131 373 874
236 257 849
228 194 640
357 58 304
626 347 668
659 9 773
494 300 315
216 51 327
756 628 529
788 680 981
206 53 137
758 552 336
285 96 557
566 684 733
216 36 897
237 628 901
497 176 478
5 204 993
525 737 590
15 418 250
173 734 160
426 425 917
357 80 984
757 305 116
16 360 11
283 809 611
58 596 203
116 285 95
263 117 38
732 633 557
208 191 222
672 783 187
111 361 832
309 118 469
185 655 495
543 738 528
538 66 453
301 135 403
187 421 422
659 503 977
264 499 350
63 125 606
428 167 831
695 158 46
371 544 308
671 519 462
558 120 116
226 709 758
485 767 279
651 719 993
691 126 403
721 785 596
333 6 890
459 186 459
334 560 771
694 315 72
403 301 650
397 527 363
451 514 949
89 190 833
72 93 303
354 38 987
185 56 609
798 702 457
426 177 73
197 199 631
262 399 863
791 75 929
432 768 935
273 620 313
203 196 544
556 234 726
557 572 869
202 203 75
487 655 940
253 207 715
249 210 716
655 807 118
788 592 125
711 24 352
60 146 823
612 627 626
445 648 604
525 557 683
218 469 378
393 72 710
543 750 667
700 538 477
355 8 814
104 796 26
459 682 82
170 753 855
289 703 371
451 75 274
79 766 614
31 119 717
223 106 158
712 191 454
211 624 127
38 324 443
403 810 11
16 739 815
562 19 474
198 733 831
578 407 956
115 399 107
105 609 383
675 143 375
587 317 660
312 476 132
335 425 460
339 225 556
325 38 101
643 74 108
503 29 457
760 67 446
421 747 761
353 270 886
270 175 453
380 516 89
392 49 655
548 781 265
97 352 554
607 399 807
597 334 444
596 437 837
642 516 612
536 406 191
414 62 741
354 411 554
140 696 968
623 131 470
780 131 58
48 144 565
160 508 683
650 649 93
800 769 741
744 141 470
221 253 145
349 146 754
423 426 195
276 741 368
752 575 568
678 597 250
665 70 363
1 305 80
77 614 595
425 669 751
246 525 582
207 762 705
405 210 363
109 387 749
597 285 813
325 224 790
313 720 684
76 253 499
729 294 897
53 379 521
690 115 660
36 95 951
716 15 663
287 646 827
749 592 434
354 27 338
26 543 555
397 305 884
777 496 628
498 556 854
683 613 679
302 240 357
403 131 577
439 320 740
132 632 715
456 574 963
266 77 345
297 490 162
27 314 344
82 411 765
307 247 714
484 397 620
328 782 256
142 388 393
135 209 77
512 117 841
435 679 489
459 485 972
211 54 552
422 261 665
412 803 442
658 162 984
299 23 262
616 747 381
173 613 92
175 629 290
658 32 636
156 468 303
426 623 621
77 627 363
109 667 749
256 52 538
454 387 178
609 456 543
103 7 328
406 745 916
132 755 323
216 137 788
564 581 672
683 425 795
800 659 108
782 580 508
18 524 341
146 217 774
488 598 145
144 513 445
247 510 490
547 792 525
321 252 369
421 196 760
351 713 680
528 297 970
471 418 271
455 421 81
333 64 904
546 740 104
404 170 685
721 428 150
756 391 518
767 446 548
724 242 554
278 713 867
648 781 397
343 135 347
717 644 974
229 258 692
177 776 414
573 325 796
316 812 227
51 303 219
12 321 413
665 179 735
64 807 975
313 186 772
484 741 837
110 211 860
305 114 944
463 545 790
67 583 715
812 654 808
760 274 166
200 235 764
785 506 809
534 495 773
625 378 144
479 73 172
768 526 293
208 436 129
734 356 192
606 106 895
609 407 625
73 317 418
235 332 753
77 249 458
751 250 444
380 15 792
70 650 523
574 210 820
449 407 450
33 88 50
807 541 811
779 703 368
485 250 343
77 694 340
198 621 521
23 506 141
142 697 698
316 669 456
168 5 60
624 791 627
518 306 312
474 401 476
588 211 153
484 617 407
349 233 126
397 629 828
355 312 533
516 34 354
169 196 811
806 25 473
627 795 783
598 11 670
718 758 333
410 362 721
707 162 330
782 451 706
84 809 908
234 67 696
730 120 609
219 347 64
575 672 580
417 462 583
154 221 331
286 579 316
771 56 223
341 24 51
475 298 346
99 147 551
169 801 179
573 473 64
748 43 775
183 364 892
300 312 824
626 36 391
352 783 88
513 12 306
331 778 572
752 394 117
525 567 550
616 311 994
34 528 595
778 529 461
550 689 488
305 200 738
264 245 617
681 495 425
638 111 500
721 240 915
728 600 322
545 683 196
240 439 272
169 466 447
568 179 317
789 175 154
148 85 988
553 703 647
158 467 797
453 59 83
306 432 842
618 379 363
759 733 440
556 102 885
278 588 240
352 427 794
473 20 243
407 443 194
741 36 525
515 388 123
227 621 694
663 561 17
82 455 643
628 241 660
401 712 460
726 126 736
483 396 61
558 489 483
693 136 750
706 609 425
717 467 889
218 300 891
288 85 905
54 227 972
50 717 808
164 594 809
218 528 309
553 368 757
718 619 316
632 600 215
582 474 952
179 613 734
344 382 425
208 374 216
554 153 170
517 484 511
286 573 783
750 661 739
397 128 10
541 374 605
198 812 39
369 175 412
414 134 170
450 440 600
695 8 508
431 111 193
756 641 207
398 26 712
363 140 813
507 453 642
563 447 140
461 520 547
11 718 528
100 118 948
454 192 87
420 91 247
416 401 305
172 808 183
486 390 195
82 715 542
400 642 564
418 222 846
131 346 864
637 517 610
568 712 767
685 61 174
696 141 425
629 35 998
619 565 140
795 598 642
796 458 317
141 613 119
503 30 462
133 518 613
574 348 208
774 650 98
255 83 642
227 350 168
513 382 547
76 404 423
502 535 543
810 425 70
357 361 490
263 545 77
302 601 321
521 135 366
356 115 516
591 111 327
635 719 107
337 368 648
253 618 520
611 345 590
737 322 316
417 760 331
641 240 390
414 530 97
811 415 332
505 516 421
251 760 628
590 683 330
650 281 687
745 485 916
354 671 499
713 100 314
94 163 417
797 128 748
121 652 386
538 687 439
711 683 251
770 713 129
394 181 481
530 743 907
539 103 845
156 25 743
678 772 872
7 110 160
410 623 349
511 354 159
197 85 289
575 243 290
143 804 351
690 677 940
89 812 124
284 459 677
597 312 101
63 10 270
48 486 66
599 434 889
285 550 841
447 86 726
786 195 196
207 168 882
558 208 672
81 710 483
455 419 181
191 803 76
793 302 786
97 718 499
209 518 341
323 783 246
522 200 185
466 573 661
473 220 920
103 597 749
19 767 102
81 676 758
576 690 655
505 481 708
776 441 330
523 448 617
104 169 486
629 459 529
715 467 195
105 515 148
636 552 214
598 319 507
469 227 85
449 782 696
612 544 947
563 76 994
437 370 804
132 128 745
165 722 984
485 30 31
232 270 288
803 414 462
259 526 130
55 226 302
504 691 240
767 231 898
204 498 315
628 282 536
581 183 162
185 254 779
797 808 225
60 109 381
485 208 186
437 366 330
502 260 575
2 409 488
788 533 625
280 700 764
131 664 866
680 563 284
732 148 289
64 756 479
740 602 830
716 739 944
25 639 78
603 101 144
458 812 2
502 472 502
235 41 223
456 605 484
667 353 609
678 633 9
419 115 829
18 553 477
187 183 867
644 473 736
808 631 475
30 373 791
296 415 148
381 417 789
440 43 80
543 219 539
290 333 740
576 303 10
138 269 761
727 40 27
216 233 199
41 9 502
65 5 770
300 539 822
17 654 173
669 715 35
625 680 607
316 693 261
367 369 77
430 594 779
556 273 294
345 534 655
68 576 182
572 794 740
360 125 424
291 482 377
6 380 823
613 641 512
240 452 536
316 310 193
633 44 360
110 808 665
177 572 675
733 700 988
799 651 208
2 666 645
458 776 705
330 261 734
760 267 792
163 175 157
277 750 515
580 114 73
306 7 928
174 319 140
188 305 406
369 5 825
238 263 369
782 332 341
391 274 615
260 721 943
700 394 891
501 308 269
155 536 823
102 723 771
715 585 888
78 46 651
8 186 457
361 3 135
361 266 673
38 318 164
671 36 986
307 634 473
295 699 24
625 276 691
418 600 584
453 5 344
180 568 534
16 486 672
467 91 751
800 311 890
455 686 622
593 649 887
719 743 392
140 187 741
668 684 993
293 778 259
8 220 115
20 665 4
146 26 859
593 808 844
505 22 567
574 702 324
503 202 343
691 516 62
158 308 928
624 552 238
584 191 503
771 24 724
190 754 928
701 559 127
680 557 575
142 665 285
351 595 233
496 464 917
515 769 27
602 711 956
335 39 971
478 560 604
799 87 926
762 121 365
585 291 265
283 730 738
271 453 453
299 806 574
660 545 896
199 720 494
742 678 227
159 462 107
286 645 587
205 456 96
405 657 502
786 360 958
432 257 209
720 732 860
519 682 34
583 208 502
796 158 281
777 570 608
557 258 860
16 392 455
671 503 703
477 290 375
320 779 778
540 456 354
12 46 903
607 217 630
415 97 450
796 247 381
158 228 626
124 336 399
736 548 321
12 500 685
685 392 6
673 681 579
216 810 494
448 132 674
719 267 788
677 492 613
272 631 525
684 807 396
441 579 452
284 413 571
739 606 136
379 233 644
116 78 844
628 432 56
802 613 163
434 443 629
725 561 657
614 417 95
632 202 471
296 123 187
543 748 669
363 581 954
275 781 594
244 304 12
723 324 562
447 213 451
661 93 357
351 278 270
541 227 62
506 550 177
51 362 719
515 89 216
590 759 72
651 517 151
274 735 864
21 44 653
373 702 314
622 244 33
458 120 616
210 789 997
414 23 216
460 89 640
88 702 49
790 165 710
688 313 32
164 754 606
371 190 67
86 581 642
746 93 778
690 108 725
440 426 367
47 403 346
137 134 738
164 664 357
562 154 166
467 222 363
536 129 188
94 335 260
563 139 27
284 750 399
420 772 887
430 29 43
784 647 183
250 294 774
742 326 502
552 205 693
589 432 436
628 402 53
809 20 283
17 424 738
421 140 364
723 644 480
481 383 22
447 275 780
225 561 514
147 490 971
460 35 125
132 785 793
462 688 841
530 770 671
607 14 235
311 664 721
688 464 493
49 53 826
501 132 382
96 342 434
741 488 775
376 433 439
510 794 628
518 84 834
400 661 189
470 521 623
444 32 198
26 794 987
171 165 682
549 241 567
193 244 976
222 430 949
469 47 529
647 375 732
160 323 296
123 427 440
683 97 392
774 296 803
49 11 189
563 280 441
512 262 483
124 271 93
34 42 730
178 657 478
519 744 718
191 558 2
51 209 28
435 232 580
98 494 776
571 450 908
48 458 25
26 464 848
729 625 229
107 272 663
366 125 370
288 775 292
140 293 555
797 721 647
116 50 881
651 41 51
676 673 943
177 424 266
192 230 46
635 340 400
247 423 912
326 533 88
469 515 671
228 457 596
789 237 997
643 169 391
486 753 911
61 651 806
186 63 123
447 551 746
723 665 482
696 28 719
55 702 994
319 230 924
443 809 565
144 349 765
325 689 361
740 548 880
106 644 419
524 589 223
744 594 471
661 677 692
108 241 78
152 801 418
774 100 748
14 685 416
653 590 546
65 121 467
195 475 63
673 394 169
359 254 208
128 374 493
177 719 337
395 706 833
385 754 58
608 715 389
64 605 466
479 611 363
434 647 787
661 689 563
608 394 587
511 244 683
450 473 802
348 407 851
36 310 564
72 280 580
758 807 127
224 18 244
801 244 839
508 525 878
230 615 804
760 510 464
28 167 973
469 71 343
547 543 55
130 133 36
260 169 912
127 577 488
451 133 896
264 134 514
280 631 737
197 779 570
309 7 831
265 249 948
492 220 235
788 553 457
372 206 592
614 61 283
98 177 528
533 795 465
438 176 825
630 698 673
388 240 474
301 293 736
809 344 603
352 109 170
111 264 389
98 317 812
493 305 400
107 8 490
594 209 19
312 572 278
641 398 748
31 591 898
87 248 112
791 50 822
343 633 479
509 744 939
13 6 872
383 157 895
533 798 122
407 277 664
640 32 726
262 743 158
518 765 153
258 108 990
773 62 791
61 37 295
457 574 432
588 362 167
641 685 134
62 155 439
233 21 673
706 545 759
788 385 65
232 322 745
812 681 357
584 688 21
573 427 564
335 502 690
240 706 249
647 651 173
372 418 157
22 188 71
59 533 439
769 535 121
212 268 145
165 301 618
365 563 293
454 562 229
684 271 857
387 100 49
390 171 266
633 237 331
362 46 797
532 360 761
759 450 232
570 287 637
4 736 888
398 285 939
412 808 979
452 172 492
9 336 976
127 121 793
275 319 183
285 554 165
116 496 235
585 476 640
408 470 24
371 156 372
390 306 973
407 586 643
486 55 282
791 203 592
756 49 87
138 522 29
626 53 619
390 343 577
652 367 674
586 749 367
682 694 765
386 497 463
555 633 213
418 691 842
239 456 928
454 540 861
140 460 787
278 301 734
358 119 120
600 713 692
555 531 921
591 163 124
71 343 660
26 486 899
293 585 695
607 402 464
595 34 175
100 796 599
614 433 204
245 429 778
5 473 266
296 389 943
610 444 872
195 255 238
652 582 834
72 79 563
509 470 428
599 373 209
727 329 734
52 122 334
233 748 396
691 98 126
272 3 660
58 535 624
2 644 737
14 503 138
585 426 908
446 702 951
184 653 864
578 281 28
700 771 341
453 645 329
252 605 864
298 592 57
413 637 8
25 777 163
781 141 18
639 325 982
754 683 90
35 449 684
647 392 729
518 154 310
750 656 142
777 145 384
697 190 389
174 404 870
341 269 370
683 205 735
347 279 443
698 746 438
243 23 785
683 30 294
266 415 584
46 5 154
484 294 489
158 740 8
580 253 93
393 544 289
480 521 414
653 702 124
720 119 885
462 237 700
71 411 519
40 562 442
50 743 173
207 11 715
350 298 247
166 304 922
13 586 499
453 182 316
770 222 776
778 232 29
788 208 99
438 612 573
8 500 467
265 563 567
395 189 46
364 37 691
479 96 467
296 471 236
99 627 524
759 413 523
79 464 755
735 290 137
56 337 300
353 786 56
586 494 365
378 628 838
542 230 585
319 337 613
472 20 173
32 639 139
773 129 264
704 676 693
69 375 109
765 4 160
377 164 640
225 249 968
630 309 586
649 543 128
442 414 713
452 312 785
784 410 608
501 555 471
557 202 400
697 702 637
228 421 274
656 414 979
687 141 921
724 65 670
380 603 228
223 170 425
216 427 935
273 252 8
249 92 309
9 434 89
95 537 865
481 367 330
439 325 695
515 164 500
624 209 461
502 122 936
561 529 289
510 683 603
326 671 674
684 479 71
792 642 400
25 162 538
270 484 769
581 601 267
301 731 681
296 78 47
76 80 723
691 239 525
429 605 794
389 177 13
281 416 969
397 617 848
533 775 346
611 452 582
549 372 48
579 585 198
58 737 894
205 379 287
571 226 116
441 124 405
459 298 862
412 10 685
254 43 159
285 683 359
21 689 256
756 622 376
221 358 74
345 804 585
147 54 387
151 781 901
309 502 347
484 146 483
726 466 815
7 190 794
725 371 168
436 216 25
247 464 939
329 573 21
362 433 923
303 585 865
791 769 447
681 166 814
285 332 478
56 112 749
310 181 844
373 396 182
435 504 786
189 353 483
352 3 769
189 288 270
795 532 843
59 324 266
624 740 743
329 310 772
781 712 783
87 752 343
430 611 423
57 768 939
61 803 182
383 179 624
414 552 771
43 477 497
694 681 468
70 460 464
393 177 539
751 315 71
297 314 853
368 6 860
752 444 913
67 224 635
113 564 192
220 340 180
16 87 671
386 230 497
652 202 776
227 708 157
157 685 215
722 610 132
698 260 983
618 32 621
22 138 988
699 351 982
517 765 140
679 522 880
59 148 800
539 258 279
729 443 663
381 639 371
156 483 637
439 676 660
634 298 187
373 6 86
86 95 960
83 378 631
546 697 83
164 630 670
616 716 659
305 690 976
787 760 248
177 498 963
164 735 674
414 19 90
481 717 202
501 404 270
714 210 241
763 289 79
363 524 581
394 581 623
697 497 588
198 426 95
449 333 47
330 570 829
95 471 519
216 418 495
749 18 831
61 190 967
730 731 792
734 182 606
390 489 448
452 455 418
197 545 938
777 636 405
273 567 431
103 510 42
11 230 691
754 454 391
169 480 194
272 619 878
427 95 560
70 341 510
218 22 417
797 449 190
4 764 439
663 202 127
85 429 881
284 626 520
119 388 694
504 423 40
594 424 23
413 430 435
566 102 539
602 108 281
322 654 642
452 188 674
569 657 700
335 555 272
586 642 453
684 381 589
176 473 464
566 243 305
431 632 115
100 309 812
279 440 661
103 47 732
273 280 596
256 770 765
150 719 683
301 164 640
766 16 591
655 728 215
786 706 225
449 369 369
671 142 833
754 142 670
90 425 480
13 562 501
69 490 181
739 561 201
690 239 469
553 165 20
368 610 173
408 623 618
471 736 395
209 460 976
805 211 920
614 114 613
171 667 160
320 225 242
221 313 412
662 323 708
549 310 775
748 667 935
89 422 359
585 304 465
724 761 278
750 144 363
347 323 304
162 767 261
97 448 569
751 372 20
486 545 860
648 677 697
625 336 471
90 226 176
738 166 606
522 526 34
508 256 444
401 141 810
670 646 614
19 51 937
370 177 303
335 69 587
618 176 670
10 282 699
574 562 397
740 22 477
91 8 129
670 523 221
133 504 902
587 728 957
705 780 294
389 771 323
625 778 598
91 415 834
76 662 203
146 17 482
583 168 327
332 229 480
446 676 53
279 385 348
526 394 501
32 151 785
576 633 839
53 233 692
516 394 946
418 101 485
342 722 490
367 540 882
164 790 731
473 489 968
640 797 412
512 317 705
709 120 764
241 40 4
71 40 636
796 288 942
146 646 536
390 598 928
336 578 469
365 200 658
419 205 219
85 616 201
75 790 17
766 185 171
780 152 92
39 664 720
667 349 393
449 119 15
652 129 173
344 625 659
40 517 746
52 459 506
407 321 6
432 27 199
277 394 162
180 784 689
339 644 897
288 104 774
555 12 643
538 601 87
40 535 423
751 24 661
782 134 368
670 381 367
310 72 787
427 247 696
228 318 758
602 96 115
8 26 253
327 812 249
299 172 701
430 412 204
538 126 546
302 513 686
186 675 983
105 179 490
790 421 562
425 272 786
470 206 232
320 755 870
643 756 787
755 768 942
745 612 695
293 342 253
786 744 668
612 21 608
592 515 948
82 179 527
42 698 637
573 324 220
771 786 635
318 741 488
42 322 117
615 720 658
129 389 528
273 699 678
333 307 372
158 780 784
384 560 436
256 292 723
378 119 667
55 220 440
505 107 375
151 512 564
588 131 609
104 207 516
167 728 158
757 538 723
355 213 831
516 553 72
330 773 280
676 729 209
676 97 199
595 306 528
638 348 852
274 625 79
10 445 984
631 509 899
754 217 877
375 374 702
453 672 845
335 774 391
139 356 673
309 607 661
240 113 560
458 577 298
93 324 751
167 94 815
464 373 749
449 172 676
42 382 888
705 117 341
787 375 51
616 281 509
44 610 508
641 502 712
204 377 894
762 294 740
496 288 249
295 199 328
621 640 365
545 183 563
152 461 408
635 651 311
721 43 211
220 567 910
5 59 200
367 358 54
162 745 940
263 423 599
305 463 508
175 557 74
566 368 13
463 10 800
296 145 683
215 677 838
569 737 999
307 625 402
456 668 503
772 365 730
563 256 148
690 267 141
244 11 729
509 105 587
37 762 35
534 432 544
809 108 851
248 804 836
445 484 954
545 550 779
148 352 782
632 735 814
73 510 490
675 104 851
718 130 140
501 12 731
210 248 807
535 799 461
634 83 665
54 28 144
217 123 976
249 786 357
44 213 254
597 556 123
475 519 268
639 101 184
222 543 703
377 221 994
195 473 615
399 13 968
167 749 318
732 74 702
265 432 827
330 530 480
114 409 111
288 151 111
808 364 74
474 41 680
600 81 589
263 227 385
729 757 3
393 339 650
706 202 773
581 437 830
533 425 315
560 310 53
649 81 371
749 707 349
630 260 679
405 27 545
607 763 594
335 387 347
546 92 911
809 684 3
678 483 784
129 672 544
257 453 301
625 655 459
770 627 160
671 675 469
760 709 214
271 534 932
780 763 642
515 653 148
812 580 33
248 633 563
776 670 129
89 509 239
780 490 246
68 481 99
307 517 188
16 529 429
383 193 913
2 791 832
394 746 7
730 90 649
109 69 680
329 632 785
386 20 619
493 692 701
596 101 201
418 710 58
624 739 499
118 343 223
661 552 455
635 484 626
215 679 785
657 431 681
236 513 263
203 334 514
800 417 641
689 809 150
252 443 494
67 584 895
809 558 139
602 407 259
107 196 38
505 715 384
358 787 248
641 312 532
14 495 201
552 16 795
740 532 325
367 56 353
440 431 884
631 539 693
752 539 404
200 743 543
440 474 833
430 755 936
527 408 692
429 480 938
488 367 542
289 721 321
117 543 493
328 588 27
409 80 266
310 171 817
411 674 697
731 767 190
351 571 97
146 234 892
236 488 327
364 702 87
428 18 790
539 86 496
32 105 923
332 90 309
484 793 369
709 153 55
408 208 995
338 241 710
530 271 530
285 585 495
777 177 667
562 178 852
219 728 373
706 418 185
428 319 875
310 407 408
151 485 430
6 791 129
77 545 775
216 597 686
68 761 127
671 128 469
786 739 56
603 166 944
446 171 103
268 392 673
746 464 409
11 242 39
107 80 773
354 637 257
746 114 469
307 594 326
316 27 78
35 677 343
636 706 855
682 55 112
699 737 348
408 230 503
55 664 731
406 374 885
807 771 232
97 208 128
29 545 787
387 189 168
38 730 90
737 154 917
338 40 5
152 265 604
638 765 535
95 467 956
584 142 107
758 592 183
518 515 634
533 330 294
52 586 963
454 481 87
613 657 669
107 600 256
440 36 721
263 502 739
11 795 514
326 768 625
294 221 913
423 178 540
379 733 206
418 412 549
385 247 482
386 435 797
121 415 318
189 315 848
693 45 183
784 769 168
422 758 413
34 6 661
756 704 552
109 260 315
541 191 541
601 623 80
602 791 905
731 91 650
804 419 316
191 411 282
376 477 73
535 658 214
778 65 72
405 51 173
273 242 590
590 477 494
746 47 774
560 622 137
498 28 720
545 10 347
660 752 104
604 665 901
684 434 572
483 404 329
214 788 966
677 684 960
267 92 793
342 328 804
222 312 879
190 635 258
251 145 144
233 17 297
335 580 352
701 479 30
322 474 968
245 683 926
129 67 252
638 786 987
124 208 824
770 156 764
701 82 885
111 396 706
666 512 273
712 189 107
217 476 402
367 161 137
395 653 379
205 595 133
204 4 401
295 480 153
510 202 407
684 22 767
405 579 815
750 360 804
304 173 725
311 289 757
276 428 22
68 640 163
381 159 535
646 292 349
649 210 655
773 315 558
550 69 238
524 746 702
113 21 505
113 591 908
311 375 27
222 142 873
66 368 777
787 123 604
24 543 537
197 367 320
90 638 994
463 282 565
440 16 58
551 91 734
202 242 911
781 761 266
476 416 672
218 489 902
728 580 942
107 43 578
334 211 997
757 473 679
699 145 712
269 457 246
571 749 484
175 685 815
442 662 447
655 329 243
229 487 362
488 426 960
719 804 831
43 675 459
229 288 920
101 347 280
472 214 896
564 308 6
659 290 938
240 400 644
131 60 923
118 597 717
391 307 957
380 610 623
115 547 267
367 68 929
236 741 461
39 183 46
382 402 142
741 330 601
462 594 573
553 212 623
569 739 125
590 425 723
796 459 691
563 609 539
173 573 113
517 743 188
295 24 259
396 221 889
400 597 951
134 279 26
335 295 682
462 609 12
411 222 77
340 18 489
719 24 14
421 14 783
213 626 797
132 265 700
414 805 357
460 331 735
193 174 289
21 109 766
331 769 828
644 168 209
3 378 272
259 471 144
564 607 729
557 404 540
781 181 433
673 297 229
548 661 555
479 81 585
176 742 926
270 154 868
214 662 600
386 553 418
272 79 131
774 478 13
217 524 823
349 407 57
593 401 655
108 293 71
333 264 352
255 267 890
658 181 90
119 520 297
510 388 874
135 234 962
280 686 48
702 132 406
748 294 155
764 210 721
75 223 733
729 378 541
409 794 189
128 109 469
79 134 682
370 723 985
762 434 791
439 476 256
802 589 839
311 521 358
525 407 921
415 334 468
516 808 121
328 621 797
179 763 125
758 497 398
196 232 902
23 543 690
674 698 555
614 61 96
414 491 88
539 80 210
360 726 676
380 279 290
620 640 591
162 242 721
121 375 521
383 187 731
616 357 433
130 297 813
33 794 189
763 434 955
214 58 902
214 109 188
394 375 449
277 429 28
715 643 575
729 431 37
141 353 862
464 526 314
226 13 744
143 564 621
255 757 576
649 89 112
406 358 967
168 111 799
766 72 42
600 702 637
332 319 51
97 242 305
393 178 893
252 17 710
62 666 880
369 11 476
240 329 941
496 729 452
172 328 858
375 540 116
375 402 974
313 549 160
10 663 609
652 478 272
677 456 995
258 601 405
713 499 700
108 201 739
173 355 847
202 472 903
78 206 441
584 731 83
609 437 303
273 122 610
72 430 788
23 38 465
189 231 720
474 8 357
46 394 54
562 8 362
169 455 646
127 446 304
161 205 296
568 446 68
369 775 109
286 329 530
597 502 609
251 363 940
533 44 116
799 773 232
143 747 892
555 42 23
18 629 383
462 61 250
21 152 406
240 528 175
141 622 323
691 720 511
141 559 591
646 503 576
513 269 456
455 370 572
444 670 942
263 228 179
565 122 690
41 52 120
689 199 635
502 413 458
87 393 456
673 157 898
155 547 919
689 551 12
563 761 682
616 414 718
638 772 543
136 216 306
620 275 308
272 108 582
65 296 489
528 163 107
624 445 920
633 107 957
688 23 254
386 382 572
585 435 500
473 109 465
582 57 297
669 158 419
443 318 144
737 3 561
218 452 759
330 571 741
628 260 179
120 704 675
786 595 80
466 574 350
195 644 350
192 648 595
705 456 205
159 478 56
537 351 649
222 523 665
690 114 203
51 156 247
800 13 573
341 22 137
188 758 790
637 703 468
365 604 730
159 65 120
616 119 610
582 780 751
159 706 986
403 171 804
191 732 759
592 235 778
432 98 142
566 670 661
809 233 859
500 601 635
804 425 640
184 507 922
79 737 180
270 244 90
609 741 521
770 116 550
176 126 566
536 364 123
706 166 292
298 398 868
459 581 210
187 123 68
99 684 298
114 546 744
738 609 488
90 104 298
756 373 264
264 667 199
570 678 527
547 436 353
43 711 374
757 26 793
286 763 3
295 474 690
336 704 698
472 325 29
478 104 246
684 415 10
183 736 189
594 72 157
625 260 146
525 800 655
421 87 212
641 242 740
389 263 390
655 222 365
380 584 49
360 711 924
589 754 447
190 247 994
558 278 739
704 6 315
483 583 386
330 44 189
73 93 468
343 638 384
12 727 464
135 531 670
283 115 842
493 275 90
489 629 265
717 610 649
400 152 145
77 26 713
460 597 803
500 604 636
649 779 887
641 233 128
499 637 117
63 686 754
478 490 888
748 288 666
291 727 784
232 357 584
560 772 939
715 65 933
327 84 414
800 51 432
456 553 700
434 222 756
802 395 717
748 434 267
335 306 364
429 585 392
63 49 261
508 697 700
491 794 823
776 86 296
79 564 761
357 272 65
493 416 916
622 668 536
125 234 308
788 558 397
99 663 474
236 77 151
29 384 324
97 810 875
284 59 601
197 491 445
682 398 723
269 810 853
742 308 320
801 356 132
298 85 107
765 116 797
31 352 653
362 37 37
786 595 298
723 708 506
375 684 474
729 75 631
686 802 775
78 466 143
782 567 822
26 301 794
572 292 452
128 405 459
422 566 724
446 356 908
13 674 904
462 274 808
570 393 484
673 85 421
291 628 76
539 72 599
538 264 59
265 83 572
749 218 229
777 260 999
766 484 972
155 312 696
324 242 988
800 177 586
344 103 546
763 322 698
257 287 590
14 525 194
592 311 773
486 177 832
475 90 788
808 264 620
134 612 844
645 634 297
801 716 323
429 181 653
234 345 731
747 748 210
405 191 308
365 272 172
345 75 855
464 19 536
447 560 686
166 638 111
295 186 209
179 18 7
272 517 67
746 743 938
333 628 832
49 603 137
770 167 753
77 420 748
655 710 850
500 673 378
4 486 115
213 492 195
621 260 732
159 89 579
201 348 767
560 750 243
582 201 144
411 773 124
354 83 529
660 319 579
233 603 287
213 273 527
415 305 136
89 277 632
384 288 80
369 363 905
230 418 759
295 614 388
61 526 480
547 99 764
326 573 535
487 374 713
151 235 362
704 287 795
362 623 316
115 220 706
218 277 800
552 287 668
115 91 701
128 350 10
778 44 867
490 752 148
363 57 768
331 216 217
42 307 456
88 653 407
110 274 958
330 621 299
807 444 212
315 166 118
553 432 467
237 45 819
582 803 50
181 564 677
73 399 129
308 590 151
771 627 330
181 85 253
197 259 590
99 164 404
614 627 749
503 629 950
532 775 171
336 340 493
688 30 678
198 297 201
265 529 894
236 163 896
345 749 83
798 499 244
516 407 522
257 317 185
651 49 861
358 489 358
297 98 190
646 719 218
704 721 845
681 682 254
638 578 380
672 372 322
256 601 728
259 671 446
190 521 515
292 60 988
566 315 612
667 315 85
323 92 471
321 565 75
123 520 795
575 761 740
96 226 32
100 683 757
515 763 535
28 772 344
624 738 609
13 37 29
11 590 767
123 115 73
369 232 626
220 441 44
143 102 290
39 739 762
237 567 32
760 565 65
126 677 314
184 254 633
250 254 371
271 667 775
731 457 819
675 413 776
304 467 152
366 630 200
453 767 388
151 448 709
739 436 873
207 5 584
756 23 244
56 529 974
681 713 90
45 668 197
702 661 889
115 655 56
737 773 997
162 513 364
277 373 38
94 265 545
518 356 233
787 750 519
523 276 340
116 2 836
515 192 551
527 464 301
804 84 587
426 502 541
623 3 806
598 450 905
98 741 880
551 28 796
590 685 679
241 466 80
62 775 321
30 706 750
132 231 691
157 375 284
429 762 527
455 707 82
642 488 884
421 112 342
5 628 476
680 7 224
496 137 513
22 245 234
701 418 206
408 84 697
474 90 919
582 216 388
27 626 947
224 751 274
250 363 261
781 489 932
609 603 589
656 69 809
753 233 622
766 237 61
175 634 631
465 380 485
360 379 92
37 640 659
123 112 553
505 462 944
561 339 771
740 306 564
113 604 553
270 740 607
742 764 477
132 423 319
312 602 123
567 173 637
462 536 413
522 734 77
553 209 395
751 32 764
433 142 706
561 803 785
149 371 172
49 778 855
772 331 639
724 322 496
88 643 991
702 160 25
514 659 336
339 568 427
214 109 929
272 772 475
302 792 173
706 17 192
595 458 422
210 405 638
763 160 403
573 618 30
232 220 702
667 719 820
735 289 861
81 294 115
590 83 891
424 334 56
509 720 734
2 567 148
23 778 689
555 687 141
447 111 861
318 719 358
29 281 985
97 48 90
526 344 601
681 581 316
442 577 710
118 713 670
408 489 565
415 758 73
699 179 956
101 656 192
647 378 558
118 690 488
455 641 974
186 760 161
405 709 874
189 606 394
777 650 848
201 683 997
467 628 915
272 607 655
161 429 244
804 733 151
590 379 565
685 674 280
644 768 705
575 189 364
459 68 309
810 502 939
428 601 264
374 104 691
115 607 827
233 300 703
758 793 353
240 447 578
263 725 593
533 422 474
428 55 887
463 27 171
240 473 516
322 546 9
46 744 199
71 354 345
313 809 762
259 452 319
760 733 527
374 594 645
788 58 350
630 209 665
535 361 805
497 136 420
51 583 185
448 209 136
656 324 37
164 717 997
317 26 889
437 132 815
127 82 879
611 29 263
432 724 566
674 49 760
364 392 729
689 439 681
52 718 386
646 95 617
554 740 673
251 337 926
400 384 450
622 468 764
161 20 438
9 67 400
496 285 35
157 663 590
563 706 768
425 375 595
755 544 374
627 713 527
789 469 901
85 596 333
33 774 167
212 770 379
588 710 894
190 738 907
696 708 259
16 405 456
677 700 617
109 529 14
363 118 697
741 406 689
360 725 840
321 747 752
428 756 58
789 183 777
508 539 578
653 667 449
775 501 580
424 181 307
218 662 537
736 508 638
446 437 499
240 335 113
808 379 860
691 483 556
639 364 842
528 76 306
257 180 926
70 281 64
155 375 537
214 705 841
35 541 7
529 256 562
16 169 303
637 262 347
191 271 90
61 231 306
2 115 978
558 258 720
116 3 47
6 183 714
309 168 797
21 364 909
725 805 154
271 55 606
586 249 58
38 540 512
792 414 675
340 500 329
359 495 784
381 13 22
472 463 680
110 479 834
49 193 326
191 161 569
645 783 321
593 611 534
417 631 761
738 565 148
647 35 850
650 281 950
609 727 955
572 470 571
204 624 590
116 320 131
696 440 837
675 673 182
726 278 890
509 725 937
239 509 671
4 741 383
505 243 760
87 197 305
18 223 101
32 403 451
243 178 677
696 606 451
87 726 396
546 517 605
117 756 646
737 387 50
414 152 317
259 236 672
629 223 822
286 125 873
672 451 538
695 127 996
216 445 284
287 233 855
676 684 560
361 44 77
455 215 3
810 600 766
583 215 52
232 381 456
401 664 993
265 414 466
746 442 793
283 542 934
12 468 5
86 675 503
338 397 992
523 386 21
12 217 19
452 197 227
215 528 161
415 535 564
582 211 410
508 10 917
451 619 698
737 318 583
697 242 248
788 462 268
393 508 141
411 586 211
789 721 365
175 204 733
332 491 303
471 127 683
370 181 45
738 734 807
341 654 879
675 47 92
524 316 762
201 532 800
538 284 116
576 473 813
35 399 625
405 373 453
118 431 299
209 462 690
377 805 828
788 176 949
753 643 319
399 444 330
593 377 921
782 601 543
520 2 473
791 47 463
663 66 873
440 245 716
324 37 306
363 142 94
285 488 76
354 550 103
274 176 87
645 650 95
113 530 226
37 491 396
484 221 741
380 49 501
685 79 733
577 174 534
251 634 766
269 102 161
286 110 950
399 491 420
320 281 619
774 300 84
780 178 494
303 533 909
199 572 426
709 404 739
589 40 735
800 258 67
117 776 586
291 591 895
264 683 393
573 648 14
548 485 405
102 332 101
140 413 729
423 446 106
173 579 126
688 762 370
710 758 551
498 635 299
81 400 931
616 444 746
223 494 240
329 254 926
289 230 301
18 117 211
50 259 844
164 361 411
188 726 909
775 454 221
433 69 144
217 144 538
725 522 593
647 226 60
86 329 439
119 577 578
697 515 120
210 717 640
440 63 549
753 104 193
265 243 987
749 160 115
358 314 196
235 602 328
488 529 965
756 433 932
795 713 931
61 52 422
548 701 85
427 221 532
95 636 932
477 442 63
358 522 553
774 125 326
181 61 221
706 217 165
671 397 685
597 786 155
94 60 169
540 592 439
744 132 405
321 623 478
9 604 600
626 326 609
201 615 631
243 612 189
287 739 133
118 455 364
33 399 732
422 788 921
746 28 542
140 66 206
162 168 969
583 495 582
649 683 458
338 703 869
811 611 570
663 399 918
270 129 574
595 197 7
570 352 366
97 148 818
455 550 73
225 377 68
71 136 9
549 513 267
357 191 433
260 360 800
257 418 622
729 72 335
75 767 637
412 85 851
72 788 988
366 32 647
706 104 557
646 607 402
110 509 275
597 766 271
593 754 847
719 562 867
683 605 255
647 198 150
623 316 508
324 564 68
771 208 540
694 395 937
458 511 602
165 15 180
74 590 274
197 365 218
771 387 507
499 744 286
22 630 947
154 490 823
340 147 126
596 14 74
571 705 995
218 707 199
525 683 589
479 495 294
251 146 632
353 388 103
186 736 703
452 474 37
432 528 803
203 681 637
80 669 704
122 98 533
47 71 630
199 227 691
567 88 686
482 170 382
482 143 87
798 3 560
499 95 612
769 226 513
289 357 963
534 385 707
274 223 653
729 538 503
128 574 79
55 424 801
653 425 257
648 53 763
165 594 59
130 432 24
565 496 148
346 235 377
580 405 848
377 760 28
432 703 921
664 450 424
662 584 724
347 606 161
400 503 192
153 65 317
255 686 403
544 652 634
771 515 176
192 651 90
266 793 593
147 784 489
601 586 817
35 387 366
563 180 501
531 298 958
490 385 545
323 708 822
11 770 296
19 409 308
76 230 466
472 136 468
386 684 551
677 704 66
55 460 337
63 272 950
302 501 958
257 490 255
102 785 955
9 462 129
391 385 310
30 576 161
798 637 36
74 461 278
250 405 696
713 117 103
468 688 760
682 628 173
458 642 442
509 75 557
236 233 862
387 178 545
640 604 314
670 108 55
683 692 777
59 621 203
193 744 713
109 272 353
61 757 441
571 199 891
274 548 314
576 694 509
539 499 266
93 133 940
492 423 972
387 764 685
771 596 475
114 185 206
350 717 692
182 415 467
427 810 498
227 89 177
343 416 534
700 486 207
407 290 598
418 544 952
166 59 142
532 510 641
261 30 894
351 606 315
564 74 522
62 558 830
725 253 793
428 719 609
656 155 435
496 504 671
57 742 397
53 257 205
497 252 812
354 64 719
562 97 884
96 17 856
742 629 121
562 416 429
157 453 572
677 205 175
713 407 260
29 252 67
116 13 846
792 740 900
128 373 565
490 191 501
699 110 794
644 638 298
772 755 545
357 438 813
166 165 881
114 784 925
787 340 140
683 172 69
533 551 683
353 331 313
146 484 882
350 366 846
120 705 290
341 34 843
755 254 922
205 788 200
707 291 646
669 461 380
211 563 524
256 479 74
547 527 443
639 399 932
746 612 310
422 372 76
265 125 737
458 477 892
737 637 209
714 58 355
18 555 75
478 45 249
697 566 905
606 140 12
385 459 226
246 540 733
388 568 773
63 757 595
621 368 442
216 807 919
297 807 564
600 160 341
191 581 278
255 294 501
683 136 633
591 574 500
807 510 584
345 587 351
416 190 769
788 7 395
677 80 788
516 230 895
738 301 987
176 312 402
402 760 366
466 78 416
755 18 799
198 254 347
119 155 248
731 183 205
538 24 18
627 395 197
417 705 769
470 336 243
245 110 832
703 523 80
402 411 475
511 115 343
380 373 596
627 335 137
667 705 524
216 310 500
739 601 309
465 713 760
123 293 432
121 677 71
116 500 65
83 539 424
804 388 124
673 38 781
360 454 919
742 505 358
515 17 686
741 345 616
282 487 743
34 412 421
493 260 652
479 812 844
92 565 461
450 89 185
614 63 122
748 736 920
657 452 295
708 810 977
365 172 985
170 93 954
687 363 723
272 319 601
639 467 820
346 655 227
551 70 956
164 351 64
749 586 349
36 734 245
1 589 294
351 784 983
237 806 496
15 771 913
729 574 873
71 281 523
537 186 574
415 464 93
110 254 179
76 563 84
25 618 805
161 224 333
581 240 978
253 667 125
6 2 982
254 135 368
370 359 496
240 138 726
620 317 511
154 697 542
537 753 55
305 749 584
514 516 762
38 352 232
492 585 976
364 358 896
4 347 374
388 180 872
459 669 743
124 214 199
709 641 821
714 809 578
172 643 465
742 369 553
221 262 119
210 656 377
505 701 857
443 771 132
596 166 813
301 183 558
667 291 79
596 81 146
415 283 672
706 261 999
640 788 514
7 580 706
779 616 483
85 229 684
616 568 593
138 420 922
120 28 94
556 512 967
188 584 188
474 560 105
629 461 53
729 594 3
467 191 16
58 708 868
433 378 617
327 694 229
236 132 20
649 571 407
316 682 61
810 489 466
520 504 21
726 35 134
643 79 548
741 48 977
672 374 761
122 738 395
444 238 706
731 360 994
735 320 938
750 342 546
53 692 648
66 10 29
566 648 353
122 608 394
799 468 36
282 388 495
51 550 462
421 428 382
30 489 456
470 31 554
718 661 989
627 784 437
684 295 330
527 365 973
513 325 60
183 622 6
447 346 556
198 117 875
771 490 418
241 351 983
126 71 173
466 317 655
164 15 722
615 59 510
279 138 400
465 263 615
20 432 433
162 621 657
568 491 260
727 28 759
545 673 332
316 479 99
48 596 460
93 341 233
221 731 598
71 246 623
466 539 200
588 547 891
418 59 145
153 461 297
471 117 708
141 649 593
508 34 162
259 477 906
56 717 976
296 619 692
329 35 810
171 160 756
780 641 104
422 65 618
328 488 51
730 194 263
620 306 940
76 381 503
801 748 48
136 240 282
409 299 355
725 342 196
342 575 433
361 477 532
334 665 4
663 485 62
181 790 861
240 667 509
762 404 133
593 369 881
801 337 529
798 519 328
627 361 752
184 657 430
119 627 632
722 5 980
345 553 99
440 725 762
134 441 820
235 170 114
246 745 359
153 278 488
384 438 532
678 477 80
378 640 932
193 454 194
650 741 902
784 119 319
52 53 899
43 312 843
258 607 575
479 323 473
469 794 156
297 687 247
185 515 657
788 790 839
365 624 913
59 665 351
681 164 685
363 607 833
769 320 59
144 285 639
303 586 602
791 154 718
432 165 452
357 792 289
703 588 477
208 737 397
773 44 405
719 457 974
455 329 177
691 536 397
764 93 64
409 196 235
422 265 976
152 578 362
687 799 617
430 365 730
806 489 59
101 810 424
664 586 497
156 48 123
748 37 63
98 387 228
540 263 684
785 475 994
811 737 409
783 559 431
161 223 412
305 90 689
782 590 452
125 231 14
331 4 693
673 495 401
491 175 609
481 456 200
104 413 739
495 567 420
276 296 254
638 563 334
219 585 537
486 540 533
415 594 626
407 526 361
812 278 123
524 480 116
614 28 456
412 274 872
501 34 30
9 424 820
383 268 322
659 133 657
322 686 935
738 456 334
667 109 137
297 745 273
244 337 578
74 535 587
756 60 938
765 260 366
534 492 141
607 554 918
755 721 835
242 330 348
70 12 860
677 802 687
688 719 286
386 668 686
315 587 37
811 190 86
382 783 565
446 343 231
516 483 703
402 494 439
632 181 735
394 281 280
612 556 783
258 257 394
748 291 771
495 238 932
66 252 876
583 425 982
118 103 363
124 385 298
93 213 368
270 122 96
695 646 552
414 610 21
151 551 1
412 517 696
414 428 518
439 308 145
211 128 204
172 430 603
440 794 901
764 97 555
355 667 658
491 266 839
805 764 575
12 326 524
16 323 425
97 268 631
317 98 252
706 26 751
752 706 431
228 616 529
621 362 152
598 602 294
517 668 493
66 466 463
657 713 545
69 512 959
63 711 22
393 403 741
434 538 333
304 156 158
174 449 816
205 173 204
346 128 817
7 587 523
770 596 651
326 298 534
454 306 5
463 432 839
498 193 600
8 355 650
196 124 903
388 407 842
487 211 99
655 455 850
350 808 909
491 419 912
809 554 788
715 659 802
662 291 151
565 719 509
692 119 787
487 451 578
498 573 332
785 617 349
33 334 803
68 357 695
174 454 244
548 74 329
318 681 313
201 105 15
595 206 511
141 88 78
270 367 980
156 161 803
711 50 180
662 289 583
212 606 647
440 10 417
115 680 660
584 440 949
216 749 734
618 643 130
520 53 209
499 438 773
567 29 869
709 668 120
289 82 497
274 567 259
131 493 951
637 35 731
572 508 383
500 569 309
582 476 622
501 742 285
764 800 693
503 704 674
22 806 583
524 396 540
366 382 547
612 16 211
77 310 664
645 472 904
315 135 587
168 779 801
286 706 461
115 614 845
632 509 304
113 426 225
277 32 127
629 714 577
175 2 908
244 605 221
434 604 78
269 262 929
546 614 418
738 321 180
280 710 416
63 504 177
35 41 300
245 378 172
488 770 67
631 211 123
503 175 221
185 346 598
119 705 968
430 516 977
201 86 306
199 313 243
244 114 777
385 117 325
213 236 973
29 98 709
602 669 573
363 602 112
164 371 322
506 581 551
410 595 801
342 339 784
267 205 142
399 725 248
468 290 17
708 741 135
96 292 236
35 652 861
127 203 48
799 415 745
436 728 347
239 492 903
549 221 445
401 181 598
402 27 645
109 249 653
36 348 766
788 471 648
547 462 689
542 597 66
474 126 881
270 658 566
387 705 843
662 439 728
692 541 969
25 532 578
531 509 99
728 384 702
566 446 719
77 448 927
155 124 539
101 546 944
13 220 649
369 721 814
506 162 557
613 457 534
141 517 503
670 44 330
793 353 733
179 175 7
357 760 932
538 63 474
36 258 491
765 119 629
3 459 450
389 727 150
127 798 925
145 786 700
176 587 17
606 764 21
248 334 26
643 366 15
52 364 674
533 764 621
477 664 345
111 142 731
70 36 151
370 410 331
200 482 180
587 482 384
176 634 341
400 201 526
709 551 968
672 26 523
376 779 62
571 36 631
19 767 862
566 536 505
182 476 328
395 246 522
53 647 855
430 372 489
376 205 194
575 165 50
744 627 331
33 350 824
134 698 648
202 443 417
215 135 595
553 323 170
444 712 965
763 130 687
410 267 689
278 388 990
17 422 985
806 373 293
34 202 148
118 318 778
273 617 491
757 519 353
408 184 153
120 356 257
297 703 241
548 94 436
112 456 862
272 445 530
102 520 38
545 471 665
697 150 889
82 133 898
512 559 188
803 480 656
790 328 121
120 213 531
481 250 170
170 250 843
107 186 331
590 253 262
661 320 584
191 113 104
60 250 16
250 178 151
371 666 392
348 420 296
425 101 45
641 605 151
676 744 407
278 174 86
28 116 420
499 451 95
574 154 261
605 430 683
747 586 705
663 326 370
604 520 170
385 74 305
310 535 79
16 243 595
464 85 146
495 58 86
243 385 845
282 348 224
674 214 643
214 502 331
403 497 348
307 220 55
440 130 836
763 509 492
233 136 634
72 12 496
633 197 824
73 752 338
280 375 76
403 209 890
298 405 492
105 431 535
186 664 215
683 28 665
801 307 861
513 562 929
446 710 464
599 761 296
189 63 910
704 432 562
446 735 205
499 780 83
95 574 440
290 367 670
538 468 75
364 744 351
634 604 667
81 218 797
163 5 226
437 725 845
58 618 437
711 299 499
80 138 255
533 75 676
68 429 345
53 699 910
429 281 601
187 744 693
101 203 658
552 465 527
458 61 262
424 771 565
88 658 95
286 671 828
31 811 534
129 409 782
693 338 522
3 594 564
768 171 112
677 57 462
528 94 524
248 88 268
515 614 4
648 262 299
58 415 923
245 437 881
439 778 138
780 524 286
539 781 520
671 75 975
784 49 209
775 640 663
108 90 410
444 144 1000
605 414 858
730 436 937
226 67 487
645 244 440
269 313 807
692 95 31
542 320 468
648 547 504
769 805 662
642 807 46
74 252 443
650 214 800
565 99 19
101 608 60
792 21 53
376 422 626
18 781 797
626 657 832
42 774 601
143 779 515
659 436 671
178 161 236
63 742 443
404 505 717
251 398 387
545 231 351
444 378 496
416 752 763
210 215 186
776 61 591
261 15 122
747 68 491
630 663 775
408 598 543
433 649 463
67 567 466
8 623 277
254 130 996
375 684 360
28 483 220
699 363 429
440 575 598
111 123 647
415 427 114
117 172 669
534 365 836
289 793 216
239 193 864
300 266 319
624 406 112
185 724 275
747 724 823
691 249 454
30 491 420
339 788 153
576 27 303
277 780 774
430 778 196
608 457 797
461 606 809
293 321 996
117 412 157
617 543 461
121 624 51
787 251 684
521 305 358
258 490 578
227 797 340
166 445 18
461 22 158
73 669 461
790 512 443
611 583 315
66 778 717
52 408 995
267 376 402
762 126 701
321 65 758
481 421 490
474 627 152
14 159 541
249 137 628
210 677 92
593 536 142
162 93 816
343 106 924
737 411 691
745 366 353
365 108 852
787 275 859
712 177 798
698 280 729
85 365 696
345 462 665
603 309 36
17 787 345
728 203 865
788 325 245
600 354 847
577 489 151
375 285 255
478 633 91
196 621 458
280 635 133
361 97 136
737 184 290
557 102 182
63 370 801
203 333 11
180 682 786
604 313 378
563 5 945
536 740 159
465 316 173
228 566 466
156 338 234
407 655 974
353 256 132
718 389 490
494 447 234
195 186 237
161 296 77
247 571 979
187 507 180
762 281 325
8 145 963
363 246 245
101 578 156
697 3 967
222 590 694
732 390 389
417 440 26
480 252 355
240 173 219
395 411 297
83 324 67
737 57 610
235 733 135
421 649 10
554 568 414
130 528 478
262 13 959
557 358 178
691 375 355
167 121 703
478 1 467
584 283 223
182 736 523
68 129 823
121 219 972
125 554 775
737 525 667
563 125 376
159 475 282
274 194 996
508 351 249
229 418 836
103 42 746
419 8 513
787 588 388
195 738 166
661 92 119
498 233 502
126 197 526
11 394 744
743 505 744
227 304 177
623 434 372
447 258 452
798 569 530
585 153 222
38 747 153
6 336 199
731 559 327
432 259 209
406 60 847
757 505 299
702 658 926
333 490 130
161 271 471
616 129 708
242 45 915
36 788 488
72 669 723
185 694 854
397 86 834
564 286 913
24 63 65
320 487 469
721 226 719
381 450 57
232 358 833
464 622 5
804 287 401
549 527 585
405 25 714
285 646 755
508 784 944
147 719 90
351 142 369
127 529 508
182 144 148
124 555 434
193 10 827
318 133 485
612 302 16
698 164 815
531 341 4
691 122 907
553 669 589
152 241 522
142 117 48
14 12 188
172 484 51
335 609 902
524 603 898
45 545 782
20 288 484
22 188 666
93 559 490
176 430 71
106 599 898
525 672 347
540 472 868
41 45 860
260 591 580
485 304 982
126 327 694
735 598 406
738 52 877
516 216 52
569 59 657
245 546 227
542 698 357
547 218 670
481 614 50
432 183 329
800 492 699
103 509 596
155 58 531
622 478 320
649 537 498
660 407 217
205 434 189
736 122 576
428 727 938
235 161 778
285 386 968
383 38 641
423 776 682
324 298 599
241 224 590
434 309 546
471 35 147
744 115 881
795 749 756
71 768 709
659 448 624
427 417 676
53 25 770
663 536 1
213 612 677
209 235 335
79 742 492
526 489 352
654 436 221
685 715 595
208 30 409
683 114 938
291 635 127
494 27 176
455 534 482
220 102 162
92 741 315
430 249 366
226 761 567
69 691 96
436 270 753
712 502 667
394 598 670
120 37 742
198 124 106
417 402 696
605 306 237
656 653 712
791 772 570
257 522 177
205 194 113
612 51 589
484 511 661
255 681 525
746 612 983
450 401 987
345 540 25
155 645 771
10 122 18
236 333 995
498 208 427
703 380 279
51 507 757
335 542 273
190 257 830
612 513 739
57 77 803
275 618 656
285 587 169
650 610 297
348 255 357
621 554 955
111 65 679
733 362 376
157 768 19
730 153 230
713 127 525
634 296 117
776 516 965
280 306 598
290 484 118
337 205 781
65 242 212
746 582 375
471 70 50
133 9 328
124 190 644
401 21 797
647 416 912
557 421 913
566 372 732
624 664 102
159 791 433
524 760 435
141 373 152
436 110 206
512 49 646
724 44 190
489 4 790
305 93 90
249 114 348
407 146 746
565 72 239
104 584 810
186 608 518
167 485 275
440 132 455
798 320 313
717 17 474
202 23 663
144 759 888
628 384 223
301 446 521
196 592 492
224 466 372
720 732 305
701 254 312
455 48 989
436 587 265
743 788 847
66 76 876
764 452 871
30 516 713
519 708 678
348 502 781
69 344 183
748 7 921
622 311 592
185 10 729
663 386 759
209 291 625
188 741 121
259 150 67
410 197 321
559 459 861
215 729 532
259 27 540
749 93 219
376 409 539
25 448 334
214 102 347
546 687 4
563 267 318
802 82 513
19 141 121
573 204 438
182 433 105
325 582 915
257 492 591
44 730 589
479 470 167
55 445 464
235 288 995
212 444 550
584 97 465
543 66 334
545 251 16
642 126 52
206 742 361
794 717 272
770 158 773
165 401 399
808 385 310
155 508 469
119 635 240
550 728 38
387 704 376
188 65 978
461 290 403
192 716 88
661 592 646
665 10 165
358 90 534
649 104 222
150 559 533
61 110 916
460 459 735
725 441 699
427 520 971
471 769 110
763 422 799
726 139 846
178 272 332
327 449 728
597 500 198
388 211 575
286 515 309
762 754 276
335 116 74
530 193 440
708 225 38
198 448 229
301 628 786
579 45 119
300 218 527
762 25 685
241 480 682
322 661 93
755 468 648
375 361 961
553 223 301
726 779 17
156 408 382
72 787 121
172 592 7
579 589 763
367 76 142
425 453 139
102 47 149
751 523 135
143 561 347
582 176 46
584 502 240
701 308 997
691 562 868
244 268 724
345 197 205
324 333 231
552 310 144
40 269 240
82 506 689
141 706 753
558 731 231
412 77 240
354 408 768
521 677 524
488 221 42
95 566 220
359 371 320
447 112 587
586 191 598
340 9 584
322 223 257
153 389 499
234 308 843
365 716 71
393 215 647
437 348 44
179 585 611
83 460 65
612 512 818
70 209 941
649 591 216
382 327 463
373 379 436
542 48 128
81 500 54
264 812 844
144 358 252
563 237 473
150 777 643
571 139 62
502 525 643
597 596 29
449 729 748
568 775 558
155 221 820
631 240 865
449 599 17
540 521 893
746 156 984
614 570 185
174 802 530
504 571 719
516 576 50
141 716 746
15 103 475
264 41 860
765 401 464
30 75 194
6 435 797
20 620 837
203 460 275
688 791 199
799 389 190
703 480 5
779 549 367
234 809 69
792 329 299
247 506 937
578 632 326
466 734 892
568 622 628
185 130 752
756 304 746
294 517 418
177 653 801
266 365 638
147 464 873
467 793 709
323 522 835
674 399 430
589 50 908
84 305 508
138 471 445
356 683 639
394 129 395
470 149 231
719 172 44
558 335 569
412 170 490
716 265 716
215 546 299
561 502 447
380 518 552
385 735 396
47 611 459
124 292 447
791 154 210
719 212 781
483 501 147
86 309 57
349 342 659
91 63 337
568 233 291
1 293 53
437 78 358
791 406 607
596 597 223
329 310 176
28 763 557
615 226 233
262 326 961
129 338 584
590 790 676
671 398 319
102 256 967
532 91 950
347 647 969
608 262 642
803 439 631
314 77 68
781 739 646
434 296 483
754 478 647
645 216 528
479 406 186
113 598 237
580 461 761
38 281 55
670 764 492
811 597 752
455 292 837
9 617 205
727 105 377
465 126 104
789 405 832
520 496 197
465 80 423
180 520 350
750 59 6
530 698 508
395 356 314
534 661 901
379 701 708
772 244 132
287 724 758
725 573 672
319 87 648
563 654 974
800 445 190
759 607 882
358 320 628
601 811 718
590 72 204
387 150 662
339 239 527
589 353 654
156 221 448
276 587 641
722 207 910
117 314 348
335 699 397
16 460 373
487 578 770
239 163 950
529 625 954
155 325 704
724 328 67
705 711 440
783 590 542
392 569 764
361 134 837
113 478 379
15 483 247
419 103 392
745 208 858
603 701 104
497 343 516
808 349 223
96 398 271
790 701 133
637 232 745
528 154 304
248 451 970
479 414 904
13 713 554
41 707 22
751 337 92
188 417 738
459 339 248
589 146 417
582 172 132
330 689 596
234 584 56
221 751 723
214 184 18
134 803 185
669 379 221
773 695 41
272 237 671
702 753 191
638 233 65
615 595 973
130 753 821
263 650 361
661 392 288
79 633 75
135 148 795
562 588 852
674 270 440
101 181 256
390 500 865
585 346 219
486 17 765
259 197 972
795 247 37
352 503 364
122 211 505
247 677 425
146 564 469
12 195 387
53 552 787
240 395 484
239 155 853
593 323 726
602 482 647
151 711 803
173 61 426
491 716 618
387 652 558
84 169 88
798 560 463
119 721 420
80 198 318
443 572 878
543 639 8
777 554 498
483 24 972
721 85 666
709 409 548
408 52 402
478 98 152
526 379 412
623 78 671
392 498 403
318 67 289
100 754 655
349 58 512
72 491 804
767 785 323
604 194 725
540 453 328
545 605 562
396 568 877
119 538 758
660 447 532
641 258 878
505 522 847
808 460 138
731 658 940
744 334 967
299 414 219
597 487 686
518 297 924
603 112 660
207 563 210
571 614 772
801 102 137
186 792 469
685 671 171
587 155 54
578 330 544
684 809 338
554 588 22
601 597 20
487 715 923
20 74 972
292 631 230
71 278 84
241 779 276
107 159 571
794 43 600
309 108 306
160 736 638
747 270 96
444 488 62
430 701 1
756 180 2
323 538 356
168 195 889
252 245 681
519 86 559
313 275 489
209 181 350
343 511 849
248 72 436
526 150 232
287 336 95
388 575 71
212 571 122
692 260 914
276 129 508
48 47 549
583 620 293
413 30 804
57 716 402
631 271 231
470 352 947
88 287 365
408 299 500
323 50 211
687 119 616
584 673 745
457 682 265
615 757 329
600 429 488
448 391 428
303 150 46
36 738 379
284 301 293
797 335 447
586 163 13
270 130 710
258 462 475
21 380 199
601 341 557
23 168 2
364 178 658
384 87 671
464 794 171
234 462 143
172 797 763
273 86 75
226 754 1000
809 547 409
732 503 885
454 460 927
252 101 956
299 618 685
136 461 729
288 702 14
11 549 867
244 548 396
259 325 788
509 706 88
499 356 486
138 669 440
621 691 853
407 347 366
527 80 157
234 461 166
656 511 711
188 620 888
619 629 538
590 284 459
268 177 929
238 573 786
152 498 73
384 203 209
174 419 211
362 162 498
791 555 414
64 100 452
340 53 906
272 330 789
329 479 127
510 205 992
357 206 71
493 487 819
790 633 659
242 232 510
324 125 836
328 738 257
644 632 330
555 302 408
48 774 553
381 442 573
333 562 47
697 438 617
783 7 525
587 120 247
620 777 490
691 452 880
643 413 296
80 107 862
423 765 330
558 166 22
285 580 815
351 522 465
77 652 362
259 750 943
65 554 225
566 217 448
231 220 114
210 516 718
318 95 593
136 323 195
429 170 529
610 17 372
630 333 412
765 247 273
707 155 497
660 16 930
139 573 189
36 602 723
759 536 515
400 288 421
131 170 406
728 529 931
97 192 507
665 714 554
250 680 489
262 252 775
528 517 534
600 497 75
675 276 590
646 642 770
115 675 563
467 440 449
693 342 920
52 450 285
649 780 280
388 328 546
274 432 331
506 606 170
721 169 101
385 118 149
116 474 447
535 478 27
525 384 774
129 701 956
422 529 435
566 339 65
675 692 836
320 395 121
773 16 899
644 297 183
537 224 44
778 576 484
276 368 347
614 402 567
226 67 740
754 101 277
170 87 544
631 501 253
17 459 169
720 576 549
398 508 571
356 766 764
58 479 190
756 539 346
768 568 305
489 142 430
330 20 914
458 377 307
493 93 897
712 186 832
619 91 289
153 430 513
211 790 213
4 479 157
145 501 357
809 739 327
446 630 636
556 729 650
803 798 517
802 331 587
634 15 358
492 436 930
785 398 934
14 492 590
387 353 344
127 539 572
304 601 392
479 605 528
346 811 842
290 188 50
578 117 507
524 155 440
69 608 791
620 531 907
105 706 779
662 810 811
197 734 764
730 750 611
126 634 209
154 438 619
734 764 260
306 424 281
447 264 596
29 357 834
442 641 986
159 566 218
21 402 7
611 534 479
450 36 783
167 743 701
582 774 996
55 459 321
166 449 382
424 275 863
31 345 360
775 604 298
60 636 406
667 726 552
164 316 728
544 228 381
419 561 959
103 761 365
36 26 820
240 524 291
788 452 232
333 688 479
14 38 138
92 605 499
757 75 136
148 210 677
97 272 341
779 298 49
805 565 795
242 582 46
161 226 559
382 294 697
591 140 286
536 199 978
230 177 540
458 399 507
214 198 149
195 174 409
93 648 504
515 759 105
277 147 372
304 202 12
391 377 964
42 154 415
599 246 972
598 168 563
121 574 252
746 609 859
205 289 288
138 791 767
90 122 307
143 546 54
151 346 920
802 595 746
84 476 154
764 769 322
52 260 381
381 26 771
405 572 646
150 517 36
493 245 310
354 42 942
199 679 721
436 453 636
272 554 913
451 21 36
611 420 4
791 421 219
310 36 437
548 38 343
134 621 587
697 216 748
190 656 615
12 165 169
314 730 544
239 784 551
379 210 755
357 105 574
503 373 315
497 9 82
36 706 876
59 219 119
396 501 866
270 382 857
710 495 311
13 18 417
332 29 797
138 336 216
210 804 348
754 110 638
744 656 924
374 567 966
247 640 885
109 566 930
203 537 940
313 339 284
431 129 92
100 369 289
348 257 143
377 72 759
346 183 160
247 767 591
183 331 331
594 117 315
590 798 519
125 615 264
787 280 829
537 34 561
769 413 201
642 616 73
263 111 47
108 39 658
79 33 356
358 406 887
766 187 551
600 203 164
700 674 667
169 526 423
452 71 809
739 649 141
574 696 236
32 457 389
438 726 831
124 117 326
496 53 873
287 264 722
60 639 150
280 659 994
798 121 934
611 327 1000
642 418 860
750 172 983
485 651 796
434 768 920
200 116 905
625 466 660
241 250 613
421 466 54
755 211 11
105 326 101
497 303 32
166 335 227
460 22 654
84 215 219
156 125 15
23 542 132
489 277 347
114 665 383
302 793 686
254 615 137
147 372 711
359 425 617
614 255 133
109 520 665
485 40 790
739 523 12
413 177 826
255 201 709
667 33 832
791 77 676
469 159 600
692 59 34
307 506 453
431 690 83
112 727 563
554 250 82
103 326 485
539 324 665
755 314 240
514 284 366
364 348 674
542 222 306
471 803 168
290 792 189
778 117 889
256 209 421
25 583 957
546 715 984
684 453 933
171 236 330
16 380 103
224 345 154
417 294 406
701 114 348
24 138 480
226 71 474
131 272 82
308 35 96
781 407 798
407 176 499
783 270 242
243 610 732
106 155 673
560 101 318
518 285 216
423 505 963
555 179 413
552 698 511
114 623 862
800 766 697
671 374 168
370 146 621
392 437 98
537 441 418
59 593 799
436 396 22
389 764 48
597 322 712
671 530 942
763 759 939
611 88 919
556 357 158
662 492 855
771 475 280
74 31 272
126 31 902
301 133 836
504 14 655
635 57 219
739 219 754
315 280 351
246 507 453
752 248 484
419 29 889
256 304 321
157 156 381
584 71 838
626 82 96
738 777 568
294 521 388
361 445 838
335 484 219
95 673 286
263 159 78
95 675 722
633 616 84
232 354 319
766 507 311
810 539 506
643 433 28
294 423 83
443 588 788
499 627 71
237 803 497
80 125 685
415 555 539
91 182 299
382 596 335
105 75 113
606 237 649
350 155 105
451 110 106
146 571 12
353 584 75
591 82 670
284 34 594
254 275 368
360 302 47
787 575 934
702 131 432
192 655 454
150 222 580
746 402 523
413 527 881
353 116 297
583 229 591
219 187 683
323 337 361
187 670 928
26 173 87
32 758 649
121 527 98
230 189 611
756 388 692
103 764 854
89 498 84
17 38 233
36 647 404
588 550 256
55 134 960
471 84 880
263 83 727
507 674 340
532 93 376
155 285 581
366 500 156
614 192 759
41 518 857
477 543 455
490 305 275
410 103 50
16 803 260
107 237 767
411 424 396
795 645 878
293 82 658
802 799 329
168 2 848
806 691 813
430 783 407
437 64 256
426 293 295
644 133 243
523 166 208
418 618 878
220 137 106
148 509 660
172 291 528
291 607 715
674 652 563
595 249 223
128 372 647
701 802 520
377 605 690
478 362 219
496 562 732
490 766 59
714 811 97
236 254 256
559 428 173
665 245 645
745 70 90
754 78 424
423 579 813
601 664 705
244 642 671
95 294 335
424 405 318
450 569 327
69 259 834
88 585 336
727 415 863
527 501 209
89 268 399
321 168 761
758 68 599
111 3 357
193 371 391
360 604 809
19 649 147
276 202 316
149 174 687
154 82 56
43 707 757
557 714 73
579 687 777
79 39 431
372 199 446
571 485 253
413 101 121
266 301 209
409 440 830
157 136 50
583 293 115
262 277 458
233 393 961
543 492 670
79 229 147
579 737 710
633 368 349
53 230 658
358 476 669
747 440 708
746 383 937
800 261 426
258 251 542
759 235 827
686 293 72
126 750 639
429 88 435
573 383 549
546 480 599
429 812 187
214 40 361
416 633 227
485 349 443
792 271 700
805 109 221
567 737 128
479 708 735
86 779 636
315 613 597
90 483 210
504 758 140
383 733 975
390 365 271
442 686 246
766 36 450
404 40 101
607 153 784
366 706 594
601 336 31
594 583 738
363 161 304
177 175 240
250 694 549
55 487 284
295 568 853
418 639 305
70 191 985
65 675 900
799 751 725
198 200 55
464 225 250
477 40 752
683 156 920
58 694 447
129 528 647
134 99 144
587 19 157
577 216 622
79 452 917
142 451 254
385 473 109
151 681 931
508 119 207
273 400 771
572 287 613
470 406 812
327 360 430
454 56 871
768 118 760
600 677 357
383 540 204
798 564 175
292 766 756
746 736 245
676 556 724
371 27 430
531 99 139
155 650 371
675 32 652
284 549 741
142 31 582
376 625 200
446 335 574
706 156 636
773 652 149
675 225 46
752 427 35
262 114 37
573 548 250
238 221 921
344 767 721
20 306 53
273 127 224
93 372 587
800 322 623
508 168 982
28 616 262
491 661 110
280 29 463
756 93 659
342 344 464
133 42 213
516 453 428
89 728 626
185 526 104
52 318 659
443 474 892
325 594 712
462 338 193
209 185 280
397 712 712
505 381 577
92 557 925
726 525 784
584 122 682
382 376 270
489 161 280
627 302 590
497 147 598
258 177 363
143 238 532
592 218 192
767 41 820
80 239 321
369 488 958
569 434 940
277 312 772
84 593 432
162 78 169
176 688 250
308 392 516
305 603 345
605 362 738
30 801 923
812 514 55
791 292 170
674 722 101
673 577 418
220 439 895
725 504 483
32 227 254
596 277 833
467 269 292
334 411 712
436 693 507
448 656 999
729 535 861
666 293 286
805 791 760
670 209 496
85 703 815
528 484 763
369 619 634
353 804 533
652 343 220
190 235 240
223 731 8
330 192 828
646 235 63
609 316 906
534 682 119
401 797 42
144 609 429
566 370 81
609 221 406
214 334 23
462 167 229
768 91 472
23 230 722
180 657 546
330 63 979
551 124 597
785 275 779
193 740 142
397 149 314
656 114 570
558 119 143
471 546 501
205 569 809
366 503 53
763 189 789
185 399 491
375 779 960
505 362 460
7 60 253
249 772 270
634 792 107
302 234 572
361 498 358
576 427 636
560 57 926
331 697 467
12 407 496
235 126 756
327 86 218
651 413 220
482 617 740
621 254 128
659 584 351
548 198 315
388 106 384
22 726 835
622 359 498
674 775 416
129 590 440
559 308 95
416 747 489
95 298 928
146 274 786
489 39 105
481 568 325
758 353 442
714 5 480
423 54 81
508 264 328
137 287 31
265 208 916
298 40 820
534 180 840
347 787 509
758 127 367
792 74 523
146 370 50
685 656 604
204 803 515
1 457 521
294 629 771
751 32 385
800 562 459
284 799 936
62 370 843
258 341 603
458 678 263
126 640 700
128 674 283
664 144 268
269 696 124
254 555 660
552 468 249
411 196 217
292 667 683
17 711 861
637 24 153
714 432 597
645 385 393
448 811 312
236 773 239
308 157 474
560 21 752
626 314 366
219 35 114
343 727 513
737 424 148
473 336 499
773 60 684
272 783 156
638 776 225
599 16 464
629 517 384
44 292 937
152 56 267
682 470 381
144 380 922
779 635 128
663 393 134
812 467 486
23 28 966
171 644 216
135 241 168
759 403 348
212 203 354
56 84 686
60 79 915
344 106 671
560 590 677
237 131 327
522 82 607
621 655 81
78 542 269
218 202 607
374 161 952
649 785 718
314 694 339
624 125 786
412 743 797
175 575 114
124 217 562
592 805 315
674 27 505
650 721 339
523 139 529
172 249 738
400 374 317
60 508 248
656 238 293
679 564 267
640 745 910
356 199 769
720 413 890
452 767 596
208 436 355
81 227 752
569 764 820
329 285 238
442 568 162
92 800 904
659 341 385
752 31 15
232 172 883
789 72 828
118 583 18
578 74 366
124 226 845
749 96 146
442 644 26
459 529 263
106 93 89
703 506 697
137 173 214
73 256 929
264 540 836
213 410 360
552 705 782
140 722 390
557 770 977
104 595 633
679 485 451
666 237 283
146 244 798
99 564 981
190 10 41
699 532 712
81 759 453
720 707 240
498 3 151
323 20 129
638 742 935
760 710 623
577 614 709
415 616 245
399 283 429
184 144 1
294 389 646
129 522 573
243 654 519
788 589 315
460 194 95
247 381 385
67 41 248
620 725 656
161 174 190
43 241 663
4 506 761
316 90 440
765 141 127
320 471 461
712 434 62
28 537 175
245 140 683
759 518 792
339 734 71
148 406 553
462 783 42
371 335 605
656 336 448
80 730 724
116 801 947
590 704 967
153 291 115
704 686 286
767 268 490
478 361 105
811 218 668
199 682 664
443 419 33
223 429 942
182 345 965
309 467 353
508 763 874
186 171 327
755 237 483
178 35 711
502 50 532
93 287 836
795 63 193
128 457 347
106 679 492
304 598 789
587 71 373
155 729 292
337 763 767
632 458 299
589 321 368
191 590 311
599 18 157
350 766 354
91 95 770
346 66 196
439 221 992
574 502 249
521 33 341
245 457 811
53 271 670
549 554 652
368 534 8
325 229 656
24 138 387
476 12 233
272 381 472
769 634 548
197 719 99
450 531 233
694 739 218
61 270 358
268 545 375
804 206 888
119 189 108
71 219 617
2 162 374
55 481 184
696 560 389
482 534 246
743 10 38
419 390 659
331 624 930
545 618 237
238 701 826
734 62 471
760 42 299
229 750 959
526 252 935
131 10 358
48 350 926
670 724 47
790 555 370
31 476 981
618 288 306
250 647 130
491 736 405
156 347 396
679 248 695
531 6 884
236 302 146
252 86 55
768 684 556
154 369 172
42 593 807
785 44 76
690 37 313
388 496 409
254 794 515
43 400 494
374 811 575
440 774 78
5 462 319
145 458 616
116 622 293
293 732 316
58 91 593
320 718 509
721 120 668
262 774 95
101 312 374
392 683 726
404 500 709
647 537 234
222 673 119
273 647 621
597 622 866
775 91 14
480 263 37
330 593 201
246 568 587
211 671 504
516 577 263
172 272 410
450 248 122
64 677 42
549 100 476
441 703 79
126 415 449
608 708 349
369 391 692
294 540 997
556 718 610
521 476 140
100 795 996
298 749 731
94 716 592
247 46 620
264 568 947
372 727 451
337 160 653
412 163 762
653 215 470
467 438 978
607 116 131
