81
94599
9717
62495
49280
4435
90561
63996
83530
47109
9123
47863
90585
63276
40755
56620
28097
98091
63827
86933
1859
20656
57619
22582
53505
1880
44712
45839
61635
32941
88827
60297
8656
11803
90230
23302
44145
35520
92005
55297
30829
31072
91799
562
42826
25885
8371
85134
41449
41236
36860
87471
13278
9804
93533
52989
54124
45142
25148
76247
87518
13981
82211
33162
79153
70642
31965
83741
51490
22490
50310
82808
81630
85925
36349
99731
2594
84148
64213
88003
43244
56489
