10
4200671510155286264416653526549366286235245469155168546793849385653678003906848108281939738738559073
2783809511504405428290555741089795391841078298352415319898913204328912936341508800893748634343282633
6838992542894121885426306494062177288613251432594121604176666651498796063980965853731451084833018396
437475591446387670530309941274504855155389864684125527000985906187876725502829802087287572628326689
4627270665896449385872289221430455977212405244451220942068188219350943649506555991139409266642325188
1482026303818076820279593730142077210224337519429018013378585873271678361887439764506210682383612317
3371989021509570401232835970418097040134138209159374852728449282279056032880036655598763188407185738
6977646182315849328354936851970789886651583921067047280694506234122633061912467037878024999898206670
8352348946584751161267521138730485662996687181957110227627245390950571088813557043526716207951362914
4175381214707647710855310096590878684657894989407661688638150922510716219253097130435136359110860723
