20
8165702507346038600827602525052269815560504556393931089618318003366214155443572173174317958872032867
4887587149775152039583675269859301510809036674750942934840332793321115990359950047888221232562956581
5617798785673994219254661453204784097538906557604330148534490485724829835512215051513131277140314832
1836397273297575188065234590270652060371671272934331891882631593889596531333907912409116094475062310
1710323589440942949232435104305971728894218552820329827818011230303375840925331290583145165921567860
5165913630703177201323403730396170018574202918031929597827786132002223759885086670121020438233923889
9872438364367541413396985919798987841037332383941655382017568086163741580829805810089497171518037901
8951367927258723852550160407146514370518505538968522542728156005379161560026396548079989865494370410
4777525340538949208534448789132097655192534117978381944377645822101457361898692814573827803225259459
3362230523018911477408191216541337830102254631839664122818470497482869408908268378946741868204511404
2054364421047646370370372269730486781903642865729769153032690267699347411087923054729023127939128516
7998084194687005000135712571845717607170257369313938761547790198011132121817644307886431442519739610
5343313547742230920469890630722751724740163338534779365039877986228019053681198196344024963083606999
6993489839850133186604514293120068747122265984604015201503851330411972375105468002077720375414889612
3768907096657724453449783166841032491231538377105612206218534805305845359355680215318875833823252779
6191786956184166763344208885193337732170045190773435943561102643730078501236469678233585186456535102
2778181601589832183589344943090823153444739123878477896248370913471235499444958402618842817497217367
7179628509798786188266496851866235117125063762922069205089198862577644754598513401306167083156966328
3524244295446833447753500270263919472188087340379132232957447790085894032570735865970570655169944615
4304687406065189688550057419367646365400196273871659296954496533767258288565247580976571677027320432
