20
2317391652852847968941169219357747989208971630014280746219269604656922647707682015498767686501634001
6509436123569265627544367091151185766404164662458513764821844819247570815276125949341942843119399860
2706505602487752821649176473381152039397399203653507805348312001586627046620494016502500260662335605
5016516240894204356973315775437889415684474659697891948791535246009979281297721899845557136266050444
5200775967539866583122619832754828310850150203426621862865083734507347462657818223230191108271807840
1517839990568224400855468766652576326605965371001809400729425217616688526986201258663553595251673039
3548169818539965967907322569971741553699233659063556337724313713376864059808642191139695883701325899
7667799342192904649488104676450895687619088809127355064443474807222368017882580002313258384571251464
3382436484949222993920367624837298106582154503373312943447592565226692429462665342868576286896454939
3652392645068055486081089899057192223291914586059421523423744881453660460986269551682252671941957387
7096974341061910906987953825774750041051029242758084978637025066738043660313878992499588868298458275
6291934911695383363817765491088558236567021075938969262850920487895694117253064246213507733790249455
3416539599911310794680724196137117359789016065734350886520711488457199506983650689358603868037839070
4481955744067504292455114863693448550067061296725882666486124540200090877184880456030850342273055459
2823784034141394908221712752133550162216507716026521339731932068802748047989595137262068457859940156
9958712225869640807135845269015389368242167037908889473792350583242506240951024135090617385153805893
9096201975806507399106042150594489037327150511254246528036151204152909446108005530122016132526059692
8067025734320230314673739832682267041439979066684184642741531584887690721859057147104434893157411995
5864858521172641274470973511989508270980355054421801153112291438076212748883818195137327070033934986
4736621792137726499769124739427497376225518957941371682488929819651682830197953753825697253279127958
