6
0 24 25 39 79 99 21 88 62 35 2 48 65 34 89 1 90 99 68 10 67 54 17 1 38 96 4 40 66 51 0 85 28 70 26 51 86 52 4 71 23 22 91 78 99 43 20 52 93 54 24 26 7 71 36 47 97 38 40 50 59 14 6 20
76 0 48 97 83 26 50 5 21 25 89 6 62 47 86 80 21 46 72 57 31 43 82 24 33 86 61 75 40 77 0 60 67 91 41 27 40 84 42 2 49 26 52 40 66 53 0 87 56 49 60 30 51 68 73 43 38 34 76 88 83 35 70 95
75 52 0 32 6 51 30 89 52 47 83 20 82 54 21 2 72 51 10 72 51 38 43 98 30 62 80 35 76 5 46 93 62 22 56 89 82 43 41 82 13 64 40 6 17 9 25 51 64 53 55 47 72 8 11 96 4 100 0 29 91 32 8 60
61 3 68 0 88 7 37 69 21 26 77 52 27 72 8 25 76 8 28 4 56 88 8 30 100 13 74 43 15 24 50 57 70 59 78 96 88 7 93 36 83 18 15 11 45 72 77 98 98 35 43 96 66 95 35 78 54 45 20 60 95 0 48 98
21 17 94 12 0 74 65 76 70 80 0 41 88 67 43 78 45 79 22 76 55 39 39 31 88 95 50 63 100 46 78 24 64 5 22 94 55 27 23 72 82 30 32 89 80 96 68 42 13 37 42 88 62 57 20 22 90 5 35 43 58 48 99 68
1 74 49 93 26 0 44 55 29 21 30 37 73 21 90 6 74 89 11 49 20 55 2 61 37 9 96 99 98 37 81 79 49 23 38 30 91 16 32 29 60 83 58 46 41 52 81 82 2 69 33 73 96 5 51 67 22 30 98 94 73 41 75 35
79 50 70 63 35 56 0 45 72 87 17 51 30 36 77 85 0 53 68 94 20 32 40 79 92 45 78 64 4 80 22 68 19 25 19 2 14 51 74 19 54 61 39 18 74 81 68 24 6 99 99 70 74 85 9 99 87 82 90 60 70 85 38 71
12 95 11 31 24 45 55 0 44 35 24 34 76 88 91 21 90 49 59 7 51 63 50 57 8 53 9 60 55 31 58 91 17 13 19 91 29 72 12 99 11 62 57 63 93 76 92 37 93 69 35 44 7 72 53 40 55 26 91 22 28 77 75 53
38 79 48 79 30 71 28 56 0 91 4 39 65 67 55 28 2 23 3 33 28 91 79 91 93 69 72 84 3 31 22 24 12 65 47 17 53 19 74 68 32 56 44 37 51 17 82 39 49 29 83 49 6 81 7 29 68 55 86 66 38 0 97 26
65 75 53 74 20 79 13 65 9 0 48 70 44 92 58 75 56 30 45 56 6 55 77 76 58 43 97 88 98 91 27 54 7 26 23 79 27 32 56 17 15 49 18 68 56 83 51 10 92 94 33 21 63 64 63 77 66 45 11 97 36 2 96 70
98 11 17 23 100 70 83 76 96 52 0 15 4 69 6 51 33 66 56 6 42 48 45 71 28 18 15 15 51 48 53 56 81 23 40 41 81 9 18 52 4 14 99 27 93 49 34 45 43 39 88 74 50 79 22 82 2 21 25 65 54 82 70 93
52 94 80 48 59 63 49 66 61 30 85 0 92 48 48 25 64 37 14 84 47 52 37 26 86 36 38 43 80 93 22 28 11 84 31 48 51 3 89 40 69 24 31 80 5 74 21 62 85 62 24 27 90 41 63 94 40 96 18 32 18 57 71 82
35 38 18 73 12 27 70 24 35 56 96 8 0 3 12 7 20 91 69 20 72 17 86 52 45 32 53 72 63 57 19 39 22 68 23 90 93 57 83 92 47 26 18 12 62 69 17 2 86 70 36 70 86 5 29 62 26 10 35 25 97 75 99 25
66 53 46 28 33 79 64 12 33 8 31 52 97 0 28 41 53 74 78 52 5 33 80 42 61 0 74 65 26 4 19 54 84 58 76 62 45 95 12 33 98 53 51 78 17 5 38 2 95 5 83 54 71 59 2 11 16 26 90 13 28 12 44 79
11 14 79 92 57 10 23 9 45 42 94 52 88 72 0 1 88 58 34 45 86 20 76 69 0 17 12 62 79 25 84 81 99 83 3 96 54 30 63 34 72 30 35 8 26 42 85 95 28 58 36 39 18 100 24 18 23 98 83 53 87 76 61 79
99 20 98 75 22 94 15 79 72 25 49 75 93 59 99 0 0 56 35 17 48 40 49 40 95 63 42 4 78 81 38 85 74 17 36 82 48 57 12 44 36 39 62 84 28 7 23 37 95 26 55 70 94 35 80 60 76 67 50 67 15 28 54 32
10 79 28 24 55 26 100 10 98 44 67 36 80 47 12 100 0 76 33 53 40 50 29 13 65 17 33 46 86 52 44 77 81 27 22 86 41 96 48 0 21 46 55 53 7 32 29 9 91 68 91 81 100 36 57 70 32 36 94 24 8 94 63 41
1 54 49 92 21 11 47 51 77 70 34 63 9 26 42 44 24 0 66 100 60 35 5 20 51 93 59 2 33 44 21 15 66 45 17 59 11 90 75 21 0 52 2 59 59 81 82 31 60 43 15 47 79 60 11 93 44 90 13 23 14 31 37 21
32 28 90 72 78 89 32 41 97 55 44 86 31 22 66 65 67 34 0 77 47 94 47 89 96 100 49 17 69 0 35 89 63 84 33 63 71 60 76 74 20 35 12 82 13 99 44 18 92 71 14 58 22 27 9 93 27 73 92 45 22 12 55 85
90 43 28 96 24 51 6 93 67 44 94 16 80 48 55 83 47 0 23 0 62 8 92 58 14 76 57 59 80 0 95 27 100 62 89 71 8 95 12 95 18 43 64 16 19 74 39 82 57 36 2 33 98 93 47 8 58 9 74 95 12 100 84 69
33 69 49 44 45 80 80 49 72 94 58 53 28 95 14 52 60 40 53 38 0 27 51 4 52 97 67 19 93 74 73 55 30 8 42 27 22 64 99 96 37 17 85 52 6 62 18 33 82 86 37 67 56 38 25 11 3 11 54 84 60 11 82 25
46 57 62 12 61 45 68 37 9 45 52 48 83 67 80 60 50 65 6 92 73 0 84 72 32 2 29 10 54 17 4 79 78 2 51 64 92 94 56 66 33 25 19 5 82 39 93 24 95 71 8 17 83 78 100 9 15 99 36 79 3 28 84 30
83 18 57 92 61 98 60 50 21 23 55 63 14 20 24 51 71 95 53 8 49 16 0 68 14 89 76 67 5 62 32 68 29 99 69 45 0 42 45 20 60 39 45 8 66 91 27 18 80 18 16 74 67 80 50 29 98 58 49 49 2 97 40 31
99 76 2 70 69 39 21 43 9 24 29 74 48 58 31 60 87 80 11 42 96 28 32 0 34 72 70 47 17 5 31 36 18 54 85 63 99 76 76 16 1 14 38 36 33 75 17 22 98 48 51 15 19 58 34 51 19 79 96 5 84 0 82 58
62 67 70 0 12 63 8 92 7 42 72 14 55 39 100 5 35 49 4 86 48 68 86 66 0 26 80 44 8 17 87 84 54 56 48 1 82 70 1 16 6 62 56 86 71 27 17 41 66 15 60 10 78 23 17 5 42 77 39 88 91 22 24 74
4 14 38 87 5 91 55 47 31 57 82 64 68 100 83 37 83 7 0 24 3 98 11 28 74 0 73 43 63 26 96 27 30 42 52 13 35 73 10 64 20 10 12 3 12 37 66 31 76 66 26 20 75 99 46 32 56 87 15 71 58 23 49 24
96 39 20 26 50 4 22 91 28 3 85 62 47 26 88 58 67 41 51 43 33 71 24 30 20 27 0 99 20 6 99 9 39 12 45 26 69 72 42 71 29 47 80 20 24 54 65 5 21 86 34 62 7 90 52 15 29 18 98 19 14 54 27 10
60 25 65 57 37 1 36 40 16 12 85 57 28 35 38 96 54 98 83 41 81 90 33 53 56 57 1 0 81 71 19 77 83 20 46 17 56 100 8 51 98 99 32 92 52 30 85 97 52 14 44 92 36 93 91 85 54 94 15 31 71 1 6 88
34 60 24 85 0 2 96 45 97 2 49 20 37 74 21 22 14 67 31 20 7 46 95 83 92 37 80 19 0 10 57 25 17 70 70 87 42 24 15 25 16 75 29 76 62 90 46 13 65 22 93 37 93 59 23 88 41 9 41 12 82 86 59 62
49 23 95 76 54 63 20 69 69 9 52 7 43 96 75 19 48 56 100 100 26 83 38 95 83 74 94 29 90 0 84 32 26 99 64 91 52 24 39 79 96 94 48 45 38 56 61 80 61 96 7 88 95 25 26 64 75 59 4 97 85 53 68 70
100 100 54 50 22 19 78 42 78 73 47 78 81 81 16 62 56 79 65 5 27 96 68 69 13 4 1 81 43 16 0 100 94 96 49 56 47 97 70 25 22 28 73 42 31 30 4 3 65 29 51 5 34 9 34 78 91 2 76 55 32 60 26 52
15 40 7 43 76 21 32 9 76 46 44 72 61 46 19 15 23 85 11 73 45 21 32 64 16 73 91 23 75 68 0 0 7 38 99 33 38 94 71 38 23 45 39 78 91 14 99 61 11 35 18 34 28 72 65 31 79 72 28 82 99 77 24 39
72 33 38 30 36 51 81 83 88 93 19 89 78 16 1 26 19 34 37 0 70 22 71 82 46 70 61 17 83 74 6 93 0 67 12 71 31 34 20 48 75 56 8 65 93 74 66 50 5 75 11 18 77 100 69 88 22 35 63 88 58 10 60 49
30 9 78 41 95 77 75 87 35 74 77 16 32 42 17 83 73 55 16 38 92 98 1 46 44 58 88 80 30 1 4 62 33 0 37 0 87 95 9 22 95 49 85 77 20 69 92 16 34 32 23 78 47 47 87 19 63 92 46 62 80 0 76 55
74 59 44 22 78 62 81 81 53 77 60 69 77 24 97 64 78 83 67 11 58 49 31 15 52 48 55 54 30 36 51 1 88 63 0 55 20 33 56 6 97 60 78 46 43 67 50 69 51 40 55 95 17 27 3 18 85 15 8 1 81 60 1 48
49 73 11 4 6 70 98 9 83 21 59 52 10 38 4 18 14 41 37 29 73 36 55 37 99 87 74 83 13 9 44 67 29 100 45 0 75 44 83 89 60 72 30 37 14 77 5 7 96 68 37 17 97 22 36 97 22 35 98 57 91 74 36 10
14 60 18 12 45 9 86 71 47 73 19 49 7 55 46 52 59 89 29 92 78 8 100 1 18 65 31 44 58 48 53 62 69 13 80 25 0 43 15 82 42 48 92 84 77 61 19 10 20 99 35 18 97 85 52 68 73 50 51 13 83 10 56 53
48 16 57 93 73 84 49 28 81 68 91 97 43 5 70 43 4 10 40 5 36 6 58 24 30 27 28 0 76 76 3 6 66 5 67 56 57 0 67 36 86 57 90 70 51 86 19 1 61 29 11 66 0 97 6 20 44 50 92 96 5 8 75 8
96 58 59 7 77 68 26 88 26 44 82 11 17 88 37 88 52 25 24 88 1 44 55 24 99 90 58 92 85 61 30 29 80 91 44 17 85 33 0 86 76 71 80 18 56 93 79 14 9 43 84 54 61 13 19 89 39 25 48 52 72 18 18 6
29 98 18 64 28 71 81 1 32 83 48 60 8 67 66 56 100 79 26 5 4 34 80 84 84 36 29 49 75 21 75 62 52 78 94 11 18 64 14 0 66 20 91 82 36 70 87 5 37 51 33 43 56 18 28 0 54 67 50 52 79 53 2 75
77 51 87 17 18 40 46 89 68 85 96 31 53 2 28 64 79 100 80 82 63 67 40 99 94 80 71 2 84 4 78 77 25 5 3 40 58 14 24 34 0 78 13 45 62 13 67 8 80 7 95 26 53 50 42 73 46 37 34 81 0 44 67 85
78 74 36 82 70 17 39 38 44 51 86 76 74 47 70 61 54 48 65 57 83 75 61 86 38 90 53 1 25 6 72 55 44 51 40 28 52 43 29 80 22 0 71 0 14 56 1 43 74 34 62 58 44 10 99 58 71 24 12 87 37 58 72 33
9 48 60 85 68 42 61 43 56 82 1 69 82 49 65 38 45 98 88 36 15 81 55 62 44 88 20 68 71 52 27 61 92 15 22 70 8 10 20 9 87 29 0 96 68 89 39 89 96 36 40 57 24 95 54 10 87 16 91 8 20 47 60 8
22 60 94 89 11 54 82 37 63 32 73 20 88 22 92 16 47 41 18 84 48 95 92 64 14 97 80 8 24 55 58 22 35 23 54 63 16 30 82 18 55 100 4 0 69 92 92 71 85 37 70 24 92 86 30 77 18 82 23 26 27 34 48 35
1 34 83 55 20 59 26 7 49 44 7 95 38 83 74 72 93 41 87 81 94 18 34 67 29 88 76 48 38 62 69 9 7 80 57 86 23 49 44 64 38 86 32 31 0 46 27 89 96 65 39 68 48 0 35 100 2 68 80 23 22 65 81 23
57 47 91 28 4 48 19 24 83 17 51 26 31 95 58 93 68 19 1 26 38 61 9 25 73 63 46 70 10 44 70 86 26 31 33 23 39 14 7 30 87 44 11 8 54 0 47 54 42 53 56 51 61 15 40 89 94 50 21 0 12 100 18 75
80 100 75 23 32 19 32 8 18 49 66 79 83 62 15 77 71 18 56 61 82 7 73 83 83 34 35 15 54 39 96 1 34 8 50 95 81 81 21 13 33 99 61 8 73 53 0 30 24 28 74 21 20 82 24 47 100 55 64 76 71 22 19 86
48 13 49 2 58 18 76 63 61 90 55 38 98 98 5 63 91 69 82 18 67 76 82 78 59 69 95 3 87 20 97 39 50 84 31 93 90 99 86 95 92 57 11 29 11 46 70 0 60 61 33 96 4 87 35 72 74 47 52 27 11 11 94 65
7 44 36 2 87 98 94 7 51 8 57 15 14 5 72 5 9 40 8 43 18 5 20 2 34 24 79 48 35 39 35 89 95 66 49 4 80 39 91 63 20 26 4 15 4 58 76 40 0 54 83 46 81 64 69 0 19 81 1 56 54 55 20 34
46 51 47 65 63 31 1 31 71 6 61 38 30 95 42 74 32 57 29 64 14 29 82 52 85 34 14 86 78 4 71 65 25 68 60 32 1 71 57 49 93 66 64 63 35 47 72 39 46 0 35 40 88 4 34 11 92 17 25 40 85 37 86 61
76 40 45 57 58 67 1 65 17 67 12 76 64 17 64 45 9 85 86 98 63 92 84 49 40 74 66 56 7 93 49 82 89 77 45 63 65 89 16 67 5 38 60 30 61 44 26 67 17 65 0 37 52 62 39 9 87 55 66 28 22 91 9 4
74 70 53 4 12 27 30 56 51 79 26 73 30 46 61 30 19 53 42 67 33 83 26 85 90 80 38 8 63 12 95 66 82 22 5 83 82 34 46 57 74 42 43 76 32 49 79 4 54 60 63 0 9 34 65 37 86 79 7 35 90 75 17 1
93 49 28 34 38 4 26 93 94 37 50 10 14 29 82 6 0 21 78 2 44 17 33 81 22 25 93 64 7 5 66 72 23 53 83 3 3 100 39 44 47 56 76 8 52 39 80 96 19 12 48 91 0 79 46 24 76 33 45 68 97 20 20 35
29 32 92 5 43 95 15 28 19 36 21 59 95 41 0 65 64 40 73 7 62 22 20 42 77 1 10 7 41 75 91 28 0 53 73 78 15 3 87 82 50 90 5 14 100 85 18 13 36 96 38 66 21 0 74 70 17 34 93 55 8 80 62 40
64 27 89 65 80 49 91 47 93 37 78 37 71 98 76 20 43 89 91 53 75 0 50 66 83 54 48 9 77 74 66 35 31 13 97 64 48 94 81 72 58 1 46 70 65 60 76 65 31 66 61 35 54 26 0 6 37 41 36 12 47 19 9 73
53 57 4 22 78 33 1 60 71 23 18 6 38 89 82 40 30 7 7 92 89 91 71 49 95 68 85 15 12 36 22 69 12 81 82 3 32 80 11 100 27 42 90 23 0 11 53 28 100 89 91 63 76 30 94 0 31 9 67 14 84 47 62 33
3 62 96 46 10 78 13 45 32 34 98 60 74 84 77 24 68 56 73 42 97 85 2 81 58 44 71 46 59 25 9 21 78 37 15 78 27 56 61 46 54 29 13 82 98 6 0 26 81 8 13 14 24 83 63 69 0 38 1 82 1 70 44 83
62 66 0 55 95 70 18 74 45 55 79 4 90 74 2 33 64 10 27 91 89 1 42 21 23 13 82 6 91 41 98 28 65 8 85 65 50 50 75 33 63 76 84 18 32 50 45 53 19 83 45 21 67 66 59 91 62 0 85 36 61 37 33 38
60 24 100 80 65 2 10 9 14 89 75 82 65 10 17 50 6 87 8 26 46 64 51 4 61 85 2 85 59 96 24 72 37 54 92 2 49 8 52 50 66 88 9 77 20 79 36 48 99 75 34 93 55 7 64 33 99 15 0 74 0 30 0 38
50 12 71 40 57 6 40 78 34 3 35 68 75 87 47 33 76 77 55 5 16 21 51 95 12 29 81 69 88 3 45 18 12 38 99 43 87 4 48 48 19 13 92 74 77 100 24 73 44 60 72 65 32 45 88 86 18 64 26 0 40 1 51 78
41 17 9 5 42 27 30 72 62 64 46 82 3 72 13 85 92 86 78 88 40 97 98 16 9 42 86 29 18 15 68 1 42 20 19 9 17 95 28 21 100 63 80 73 78 88 29 89 46 15 78 10 3 92 53 16 99 39 100 60 0 62 24 72
86 65 68 100 52 59 15 23 100 98 18 43 25 88 24 72 6 69 88 0 89 72 3 100 78 77 46 99 14 47 40 23 90 100 40 26 90 92 82 47 56 42 53 66 35 0 78 89 45 63 9 25 80 20 81 53 30 63 70 99 38 0 45 91
94 30 92 52 1 25 62 25 3 4 30 29 1 56 39 46 37 63 45 16 18 16 60 18 76 51 73 94 41 32 74 76 40 24 99 64 44 25 82 98 33 28 40 52 19 82 81 6 80 14 91 83 80 38 91 38 56 67 100 49 76 55 0 85
80 5 40 2 32 65 29 47 74 30 7 18 75 21 21 68 59 79 15 31 75 70 69 42 26 76 90 12 38 30 48 61 51 45 52 90 47 92 94 25 15 67 92 65 77 25 14 35 66 39 96 99 65 60 27 67 17 62 62 22 28 9 15 0
