7
0 89 4 37 32 79 95 60 38 81 46 2 32 92 40 19 16 65 79 70 42 87 96 89 88 24 62 90 26 35 85 29 12 1 72 88 59 29 14 65 27 99 20 4 95 2 65 35 51 6 82 92 2 12 9 37 83 57 62 41 76 91 19 43 17 67 67 48 74 67 90 49 30 39 92 30 54 80 22 28 60 91 67 23 10 69 70 45 53 43 91 85 93 56 2 90 71 89 8 28 30 38 88 81 91 50 13 29 37 62 72 9 79 87 27 100 31 24 62 98 12 65 96 52 3 20 89 15
11 0 22 44 53 49 32 82 99 96 71 18 79 22 29 76 18 84 79 77 8 53 77 46 52 66 7 25 15 93 75 86 85 12 98 73 53 89 63 95 74 85 50 19 33 72 18 38 38 90 43 99 72 88 30 32 99 29 96 5 64 14 30 17 19 72 86 35 34 74 50 47 62 18 18 25 47 41 83 35 72 65 84 2 32 57 47 4 87 46 100 11 9 62 90 42 47 8 9 24 9 10 1 8 46 59 83 48 37 27 51 58 25 27 75 14 98 52 82 49 71 86 49 67 5 83 34 34
96 78 0 32 86 89 69 52 97 45 11 63 1 45 42 12 23 47 23 3 15 75 41 25 45 71 50 14 41 76 86 60 74 77 29 57 26 26 23 92 33 55 85 82 39 15 53 82 100 3 40 14 99 66 36 34 70 20 63 63 92 78 91 51 10 12 58 93 59 1 88 9 81 20 100 14 66 100 11 62 18 38 11 90 85 81 19 70 83 88 91 36 58 4 47 11 66 16 5 39 77 4 71 25 65 57 58 39 65 99 60 52 53 53 2 66 20 40 65 33 20 5 41 66 6 77 4 14
63 56 68 0 2 40 91 28 26 79 98 77 28 17 27 21 59 30 63 72 11 19 67 21 45 6 91 4 55 100 82 92 68 57 84 62 3 81 0 25 61 62 71 68 2 92 61 23 21 6 68 10 29 9 100 2 13 7 26 76 62 59 92 14 84 76 41 71 81 16 18 22 13 87 50 15 72 67 84 97 80 51 32 85 70 22 83 37 48 99 26 72 59 31 60 40 76 26 63 7 90 99 8 31 10 92 78 82 76 85 47 74 75 90 26 12 12 11 86 19 69 88 58 88 58 40 17 38
68 47 14 98 0 50 57 83 10 85 43 7 5 87 79 19 60 70 10 93 95 55 11 7 81 93 78 96 62 37 35 59 43 1 53 74 20 1 5 64 75 80 80 94 47 77 8 24 27 98 24 18 3 31 81 10 31 68 49 43 15 88 7 95 63 41 89 94 64 38 56 5 97 65 0 94 89 71 80 7 94 87 77 48 69 33 56 27 78 40 6 85 45 94 25 38 55 64 58 25 77 92 39 65 80 29 91 79 51 3 56 81 4 67 3 43 59 56 94 38 90 33 88 32 62 44 66 83
21 51 11 60 50 0 97 70 50 48 26 94 38 65 81 10 70 79 77 47 94 36 83 17 46 71 54 45 65 74 44 90 32 41 99 91 80 69 13 50 34 41 1 13 87 68 56 40 79 36 52 42 44 59 82 43 4 29 100 53 12 92 7 23 31 99 43 20 66 77 64 36 16 48 33 42 60 8 1 86 81 41 1 81 38 8 44 92 38 39 66 76 53 53 54 9 41 23 61 50 26 33 83 17 98 23 77 26 81 10 70 65 9 42 70 3 87 54 83 13 22 61 75 17 59 79 76 95
5 68 31 9 43 3 0 13 13 20 61 46 75 12 32 24 7 6 86 4 28 25 61 77 2 87 0 4 76 56 10 65 86 67 66 62 59 41 78 50 42 23 24 19 46 28 33 98 49 37 55 2 9 2 63 43 69 12 57 50 14 72 31 49 30 46 86 24 66 97 45 37 5 22 54 3 39 82 15 0 6 75 61 80 25 5 59 38 70 49 61 26 50 42 54 46 3 75 9 10 80 87 9 43 16 34 21 13 25 12 81 78 69 22 19 61 66 34 37 89 32 46 28 61 71 59 38 64
40 18 48 72 17 30 87 0 20 55 80 64 28 14 40 68 79 21 55 55 14 28 84 7 98 74 37 52 15 1 49 11 25 22 20 83 74 83 39 92 11 60 36 29 31 96 37 67 60 62 84 41 74 91 55 84 71 95 30 95 100 2 19 35 3 50 71 38 30 95 72 90 53 55 22 8 9 66 7 73 40 36 68 12 83 69 6 57 29 99 100 25 33 93 27 15 5 13 72 89 18 44 28 83 93 15 95 84 20 97 1 7 33 20 55 31 63 79 69 32 51 82 66 53 8 67 17 63
62 1 3 74 90 50 87 80 0 25 31 32 37 7 88 95 80 12 55 26 49 9 15 55 100 89 81 16 96 31 93 41 13 61 3 54 48 82 54 35 64 51 72 29 86 23 44 31 19 67 51 78 4 89 82 69 77 90 66 44 35 45 48 38 23 74 95 9 99 31 53 0 55 60 18 72 32 62 25 18 100 80 11 6 67 63 84 44 100 74 43 58 74 73 100 26 0 59 66 50 80 47 98 98 55 27 63 52 33 24 0 8 73 52 6 86 31 50 66 2 19 81 77 12 20 1 20 23
19 4 55 21 15 52 80 45 75 0 64 49 78 61 93 20 68 100 72 62 10 6 87 21 89 6 81 71 37 54 48 94 53 69 4 25 85 88 1 100 19 51 57 32 98 35 55 83 14 18 34 53 36 82 43 18 36 78 31 11 52 8 55 0 27 83 62 49 90 40 75 12 98 70 74 45 22 24 95 48 4 70 34 8 3 50 62 92 11 56 42 20 88 46 49 90 8 97 100 49 57 97 55 60 16 43 9 44 75 4 89 69 74 100 14 59 57 34 90 58 13 61 81 24 82 10 46 1
54 29 89 2 57 74 39 20 69 36 0 55 9 68 20 19 41 24 53 3 70 89 57 77 68 12 61 90 80 43 10 23 5 49 42 68 52 21 0 16 63 8 10 96 56 46 77 62 26 85 76 1 36 4 5 40 82 21 6 2 65 44 7 54 53 15 59 62 0 92 82 57 46 35 21 9 68 43 26 27 38 74 68 56 89 64 76 29 7 8 8 4 4 18 56 1 0 62 68 6 0 92 38 38 58 61 56 17 60 41 79 8 54 89 9 9 53 41 15 72 80 97 5 25 100 89 10 96
98 82 37 23 93 6 54 36 68 51 45 0 8 41 99 91 11 71 99 35 44 43 70 78 49 91 55 97 81 42 3 11 7 93 43 55 85 70 50 14 65 54 54 34 61 96 48 26 62 80 10 7 26 31 94 84 64 14 0 75 74 4 35 50 53 75 96 20 36 98 7 68 2 27 60 15 53 16 60 3 98 15 18 20 50 94 4 70 19 36 15 24 54 71 80 58 22 3 47 84 41 100 97 85 30 18 6 16 71 5 80 63 88 67 58 25 12 95 77 35 33 88 25 82 5 52 52 49
68 21 99 72 95 62 25 72 63 22 91 92 0 25 97 38 73 17 40 9 28 70 0 98 75 48 48 80 73 1 17 63 69 37 61 21 78 5 65 46 84 67 34 31 26 4 19 57 58 31 26 65 74 45 28 73 17 37 17 66 21 80 7 48 69 26 70 30 61 88 58 90 28 7 26 4 93 87 2 89 32 81 24 46 39 51 62 28 96 32 36 7 64 78 68 23 73 93 92 73 83 84 73 36 68 35 59 9 37 25 53 79 39 73 8 99 16 53 24 59 64 70 39 50 73 4 2 26
8 78 55 83 13 35 88 86 93 39 32 59 75 0 46 99 73 12 0 12 52 78 24 29 67 48 46 76 79 33 92 78 78 68 20 37 61 19 49 32 83 65 40 50 71 91 30 53 65 24 14 100 83 94 56 13 59 65 90 67 17 53 93 2 3 76 85 90 40 27 79 94 97 58 30 23 60 95 36 85 54 95 54 36 31 61 25 26 76 4 35 31 6 55 37 25 0 37 34 90 7 62 84 0 21 11 29 30 95 5 25 20 63 61 68 5 74 96 34 84 83 99 4 15 95 100 90 99
60 71 58 73 21 19 68 60 12 7 80 1 3 54 0 85 17 68 44 23 41 94 46 28 7 2 32 39 1 23 71 86 66 47 86 74 89 6 13 20 43 11 25 82 79 100 38 13 92 54 54 76 74 77 23 44 12 79 86 0 42 39 49 12 46 30 96 87 81 24 77 5 6 1 13 32 75 77 67 51 12 5 89 100 12 98 23 65 91 96 6 29 40 39 91 0 78 35 53 30 95 43 32 8 33 41 94 14 45 3 43 99 91 52 9 95 52 40 91 64 45 23 76 61 10 64 62 40
81 24 88 79 81 90 76 32 5 80 81 9 62 1 15 0 71 58 81 79 28 19 55 54 54 94 99 45 72 73 47 29 52 28 100 52 61 4 4 46 8 10 69 10 51 82 5 35 30 46 13 34 70 90 8 6 75 14 38 51 38 63 22 13 11 30 44 65 93 71 88 7 41 28 70 10 20 48 9 61 64 27 18 52 73 74 39 39 9 72 94 79 93 3 7 41 69 34 26 13 85 50 12 66 3 12 93 18 53 30 33 74 29 37 25 66 95 28 78 55 95 92 5 61 70 40 54 29
84 82 77 41 40 30 93 21 20 32 59 89 27 27 83 29 0 62 87 16 93 5 85 65 9 14 34 57 51 16 28 15 42 40 2 76 64 78 41 48 33 96 39 17 28 74 13 100 90 73 16 38 64 10 46 74 25 12 65 67 2 89 3 42 52 92 3 67 77 7 62 96 51 68 42 16 63 48 90 72 91 95 78 6 31 37 99 72 49 52 63 87 34 76 78 38 35 16 85 40 91 51 7 27 18 17 96 6 27 26 29 98 17 0 70 66 29 100 88 88 13 66 85 19 82 97 88 20
35 16 53 70 30 21 94 79 88 0 76 29 83 88 32 42 38 0 56 50 14 55 14 24 7 80 40 71 12 7 67 98 46 28 21 96 36 30 12 6 28 74 20 97 97 14 86 37 79 67 69 23 41 3 43 82 15 33 32 85 62 51 74 19 27 26 4 30 60 30 59 72 70 80 76 46 32 73 8 30 74 33 88 73 45 13 82 3 13 76 44 70 32 11 20 28 60 12 61 4 54 1 36 15 97 84 92 83 70 9 30 92 48 55 30 65 44 59 40 12 30 5 19 63 15 52 23 99
21 21 77 37 90 23 14 45 45 28 47 1 60 100 56 19 13 44 0 12 33 91 93 91 25 34 14 24 15 22 20 31 40 73 20 18 83 77 90 26 13 75 99 93 19 69 52 84 44 13 59 37 87 84 77 60 65 27 13 65 93 96 14 91 96 39 45 32 36 25 67 47 77 48 66 49 29 91 20 99 90 50 46 58 95 29 46 27 45 61 67 78 96 84 93 75 6 83 20 57 35 57 59 21 9 42 76 54 15 13 77 75 53 88 74 59 85 20 62 80 48 5 34 65 86 64 37 43
30 23 97 28 7 53 96 45 74 38 97 65 91 88 77 21 84 50 88 0 63 76 77 43 93 48 57 65 25 39 10 15 94 14 13 97 95 59 90 54 13 84 5 18 93 57 78 35 10 88 46 63 89 4 36 37 33 82 84 90 16 47 26 35 23 67 52 57 33 40 28 87 23 50 97 87 10 54 52 43 58 54 29 28 85 14 70 72 21 20 6 52 33 90 62 89 38 36 48 81 87 52 85 40 48 35 19 50 25 75 96 70 10 25 57 77 78 54 9 62 36 2 64 39 29 25 75 64
58 92 85 89 5 6 72 86 51 90 30 56 72 48 59 72 7 86 67 37 0 54 59 28 55 55 1 30 28 8 84 79 19 70 59 12 2 97 17 10 8 13 82 27 33 54 76 26 17 40 93 80 39 81 21 36 41 78 70 54 5 0 27 46 63 63 32 83 32 68 35 14 12 56 19 17 36 86 23 20 90 15 11 46 51 81 74 50 92 12 79 64 25 42 74 52 18 79 92 84 77 30 4 18 26 91 28 33 13 0 80 100 89 82 17 53 12 54 25 66 32 73 61 85 36 35 90 33
13 47 25 81 45 64 75 72 91 94 11 57 30 22 6 81 95 45 9 24 46 0 73 78 93 7 0 3 82 100 35 5 7 73 47 33 63 68 58 40 65 67 39 97 80 26 23 67 29 95 14 78 10 0 32 34 82 57 23 58 72 67 16 53 93 7 7 44 15 65 53 1 71 36 58 24 60 28 42 17 25 96 78 93 40 90 40 5 57 15 41 76 81 92 66 70 19 72 2 64 56 79 8 53 14 20 51 2 65 30 74 38 55 10 46 91 52 28 14 80 66 24 33 43 31 6 54 13
4 23 59 33 89 17 39 16 85 13 43 30 100 76 54 45 15 86 7 23 41 27 0 26 85 4 39 60 3 48 10 74 98 66 0 98 15 6 85 47 65 84 35 96 53 86 4 24 70 39 85 23 13 67 87 13 3 95 24 50 36 10 32 50 74 82 62 93 77 12 23 27 76 99 78 96 99 13 75 44 28 37 31 43 63 0 42 68 78 56 20 31 14 86 87 21 83 97 70 79 88 46 87 3 40 31 19 46 4 38 97 64 100 56 60 98 60 85 43 58 24 90 60 70 81 50 56 48
11 54 75 79 93 83 23 93 45 79 23 22 2 71 72 46 35 76 9 57 72 22 74 0 28 60 54 28 2 21 100 53 14 100 71 11 61 55 7 7 85 21 74 57 91 58 90 57 90 22 63 46 97 28 98 79 1 85 12 6 22 92 85 62 5 41 17 6 46 34 27 16 81 85 51 74 1 4 15 12 69 73 74 86 40 8 87 19 50 58 24 86 20 94 74 83 56 54 22 27 16 90 59 85 5 58 58 71 24 40 93 57 68 13 34 3 93 55 58 89 66 12 48 82 36 6 93 58
12 48 55 55 19 54 98 2 0 11 32 51 25 33 93 46 91 93 75 7 45 7 15 72 0 31 54 92 22 86 58 83 92 68 30 94 38 54 43 8 25 91 73 78 63 36 81 94 77 98 49 27 16 89 8 29 42 78 41 31 70 3 95 13 36 65 46 32 52 98 10 81 22 56 52 16 94 62 45 56 83 40 98 36 10 98 71 61 1 61 31 95 79 56 29 48 67 43 71 3 24 100 74 4 34 100 29 93 9 100 53 41 58 74 14 33 62 39 57 66 98 100 86 65 34 80 17 50
76 34 29 94 7 29 13 26 11 94 88 9 52 52 98 6 86 20 66 52 45 93 96 40 69 0 57 3 52 32 36 35 25 78 99 72 33 98 8 77 92 40 1 66 15 10 54 40 4 15 64 3 15 32 21 65 41 77 74 24 12 95 23 69 5 3 23 75 35 60 0 0 4 80 77 75 69 46 23 22 76 71 17 35 18 74 33 58 67 11 57 73 70 25 71 82 47 41 28 80 70 91 40 40 5 78 51 17 75 10 90 42 0 14 73 38 33 28 74 97 43 36 24 94 1 47 48 43
38 93 50 9 22 46 100 63 19 19 39 45 52 54 68 1 66 60 86 43 99 100 61 46 46 43 0 11 82 100 88 84 15 88 69 5 2 80 31 44 74 58 44 18 14 9 93 38 71 23 28 20 45 95 68 48 46 20 51 73 85 0 36 38 39 9 74 73 23 63 77 55 43 48 30 48 51 51 68 42 59 6 99 72 60 59 67 84 67 35 29 26 3 75 56 45 8 72 0 55 73 17 55 5 66 4 56 40 85 73 7 19 60 34 93 72 46 42 1 43 28 80 88 60 49 42 65 60
10 75 86 96 4 55 96 48 84 29 10 3 20 24 61 55 43 29 76 35 70 97 40 72 8 97 89 0 48 67 56 5 46 46 24 45 51 36 16 54 76 24 95 16 14 26 37 27 20 91 21 100 39 48 50 81 95 66 75 3 9 50 3 7 23 67 78 33 11 10 47 15 21 16 84 29 51 47 17 50 25 87 68 14 89 69 97 66 37 27 98 59 38 20 30 14 35 14 1 70 37 14 44 87 99 20 35 76 79 47 40 23 65 50 73 73 89 39 2 99 70 29 40 86 39 30 47 92
74 85 59 45 38 35 24 85 4 63 20 19 27 21 99 28 49 88 85 75 72 18 97 98 78 48 18 52 0 11 28 97 11 24 68 88 93 43 46 9 16 48 10 24 61 81 26 36 18 49 71 62 39 36 100 45 36 29 38 96 58 45 74 21 50 56 22 47 34 76 59 60 2 62 63 50 37 15 55 48 76 66 83 73 48 17 6 81 77 86 12 38 64 34 12 68 1 25 72 19 6 45 80 97 81 37 71 51 96 40 21 53 87 88 65 74 46 8 10 37 75 72 43 69 60 71 77 41
65 7 24 0 63 26 44 99 69 46 57 58 99 67 77 27 84 93 78 61 92 0 52 79 14 68 0 33 89 0 83 84 74 38 45 59 30 25 72 39 35 2 86 37 2 39 64 80 100 79 91 95 33 92 63 43 30 90 31 43 34 99 84 92 57 42 72 22 24 21 64 11 48 33 71 30 94 75 94 67 14 34 87 97 62 97 14 20 58 1 11 73 100 45 64 54 92 66 69 2 60 99 49 18 94 33 14 16 91 56 52 75 86 65 74 25 33 30 13 74 77 27 66 82 77 85 26 64
15 25 14 18 65 56 90 51 7 52 90 97 83 8 29 53 72 33 80 90 16 65 90 0 42 64 12 44 72 17 0 23 44 34 72 69 87 60 55 73 26 24 29 33 31 61 3 46 87 38 80 10 84 49 73 53 12 46 45 33 25 65 86 98 86 57 9 42 74 83 28 67 42 71 37 96 56 70 79 51 89 75 20 9 12 35 90 5 74 12 87 78 54 15 1 70 17 85 22 20 5 49 60 51 11 62 39 0 76 86 13 94 35 29 81 33 5 61 75 16 83 26 45 96 58 54 91 90
71 14 40 8 41 10 35 89 59 6 77 89 37 22 14 71 85 2 69 85 21 95 26 47 17 65 16 95 3 16 77 0 57 65 76 76 2 75 57 41 1 38 73 15 30 100 13 51 64 40 73 94 6 29 90 18 36 91 73 76 4 8 42 68 20 97 38 10 34 73 66 71 65 16 17 76 69 85 29 95 81 28 40 7 52 5 90 32 15 87 49 55 46 33 8 36 83 19 41 84 69 34 96 31 3 82 91 77 52 9 59 44 38 6 25 85 82 22 79 82 94 17 96 38 2 58 48 54
88 15 26 32 57 68 14 75 87 47 95 93 31 22 34 48 58 54 60 6 81 93 2 86 8 75 85 54 89 26 56 43 0 87 68 59 11 60 8 15 7 38 44 84 97 56 15 83 22 9 59 10 16 81 13 82 29 28 47 9 8 11 87 52 39 94 53 82 67 96 52 91 64 24 60 54 39 32 34 14 23 38 43 30 59 42 83 67 34 64 67 72 95 83 94 84 90 26 65 59 8 46 95 26 33 94 58 74 79 18 11 25 21 93 99 51 38 28 4 37 88 71 6 22 13 92 76 25
99 88 23 43 99 59 33 78 39 31 51 7 63 32 53 72 60 72 27 86 30 27 34 0 32 22 12 54 76 62 66 35 13 0 9 80 63 24 26 83 37 48 62 37 79 88 86 22 31 63 58 67 41 36 54 68 31 9 18 91 42 15 7 74 38 33 19 54 41 85 27 76 51 61 86 3 11 94 16 2 52 93 84 97 40 39 80 71 12 73 95 38 57 85 12 24 88 13 77 1 67 28 56 94 3 1 82 40 44 39 48 62 2 88 25 72 54 22 28 5 69 5 63 28 55 66 25 47
28 2 71 16 47 1 34 80 97 96 58 57 39 80 14 0 98 79 80 87 41 53 100 29 70 1 31 76 32 55 28 24 32 91 0 45 27 61 84 96 45 16 47 98 5 12 19 26 64 66 75 24 63 67 2 39 60 10 90 63 82 31 4 27 89 14 74 61 51 41 47 59 82 11 70 37 94 36 1 35 98 43 58 10 95 45 43 86 59 69 74 8 33 87 92 62 71 96 7 55 76 20 40 70 56 41 54 26 95 91 12 92 56 16 98 57 96 98 2 13 72 29 74 57 29 16 24 5
12 27 43 38 26 9 38 17 46 75 32 45 79 63 26 48 24 4 82 3 88 67 2 89 6 28 95 55 12 41 31 24 41 20 55 0 31 91 53 58 11 58 70 60 62 48 2 6 61 18 57 7 38 18 54 74 65 6 72 25 90 100 36 45 45 64 30 92 11 57 79 27 2 27 33 58 2 42 49 90 91 2 94 99 80 36 41 51 60 29 65 77 74 26 42 2 87 78 3 25 80 97 25 67 12 54 74 46 72 58 54 84 13 37 71 10 68 9 37 42 20 14 98 93 28 49 39 54
41 47 74 97 80 20 41 26 52 15 48 15 22 39 11 39 36 64 17 5 98 37 85 39 62 67 98 49 7 70 13 98 89 37 73 69 0 6 83 93 67 72 0 7 94 4 80 26 44 97 43 35 100 69 31 63 77 41 82 81 80 25 86 74 4 81 95 63 21 0 34 46 58 84 29 96 39 94 20 7 79 98 81 63 25 30 71 16 36 57 53 22 20 21 21 88 14 33 28 67 8 99 12 77 55 72 74 5 3 49 48 20 6 28 4 68 8 61 75 62 25 16 8 80 28 19 19 34
71 11 74 19 99 31 59 17 18 12 79 30 95 81 94 96 22 70 23 41 3 32 94 45 46 2 20 64 57 75 40 25 40 76 39 9 94 0 44 87 40 21 33 90 16 86 19 45 2 77 32 98 92 22 48 43 36 52 78 48 51 93 78 72 28 18 31 43 74 49 85 82 11 99 100 12 41 8 82 46 68 24 54 3 90 5 30 15 34 15 55 79 72 39 25 99 58 99 70 24 87 18 5 23 74 58 60 42 67 69 80 24 61 15 69 53 8 80 78 3 78 41 14 79 99 40 86 61
86 37 77 100 95 87 22 61 46 99 100 50 35 51 87 96 59 88 10 10 83 42 15 93 57 92 69 84 54 28 45 43 92 74 16 47 17 56 0 22 43 1 97 4 95 29 2 49 15 44 0 43 89 41 15 7 49 16 47 69 21 65 69 48 85 31 54 57 42 70 46 41 47 11 93 90 28 27 31 11 61 46 84 37 67 46 81 6 38 85 51 36 59 33 24 92 0 3 68 7 61 69 79 72 90 4 69 36 54 88 57 68 31 81 92 49 25 86 59 98 18 64 59 35 20 63 25 47
35 5 8 75 36 50 50 8 65 0 84 86 54 68 80 54 52 94 74 46 90 60 53 93 92 23 56 46 91 61 27 59 85 17 4 42 7 13 78 0 58 98 68 2 63 51 75 35 88 47 1 71 18 88 51 43 8 39 99 96 79 47 62 35 91 78 79 39 92 22 20 19 67 68 10 37 43 88 8 3 49 60 21 47 25 5 0 89 53 43 0 99 11 64 51 29 37 7 4 68 80 20 83 40 14 94 61 3 18 8 45 25 65 69 92 20 97 50 35 61 49 35 71 26 17 48 28 44
73 26 67 39 25 66 58 89 36 81 37 35 16 17 57 92 67 72 87 87 92 35 35 15 75 8 26 24 84 65 74 99 93 63 55 89 33 60 57 42 0 7 64 57 55 25 100 91 36 22 83 26 35 53 28 15 38 83 72 45 63 0 84 49 84 89 62 70 82 11 44 10 75 45 11 92 3 26 60 42 99 91 58 65 35 77 72 91 0 8 77 5 37 72 22 61 63 2 53 84 81 61 70 91 99 52 74 26 70 47 95 83 30 59 92 0 10 32 58 51 94 1 7 91 9 49 85 21
1 15 45 38 20 59 77 40 49 49 92 46 33 35 89 90 4 26 25 16 87 33 16 79 9 60 42 76 52 98 76 62 62 52 84 42 28 79 99 2 93 0 96 41 26 12 97 63 90 95 32 8 88 29 38 77 37 30 50 75 80 51 17 62 3 75 39 77 27 19 86 40 77 8 84 84 62 6 4 98 20 23 69 18 79 71 8 40 3 43 4 77 32 84 61 32 35 8 38 42 51 39 7 14 44 65 32 89 35 62 79 59 29 50 29 93 2 49 88 4 32 89 26 63 48 41 12 16
80 50 15 29 20 99 76 64 28 43 90 46 66 60 75 31 61 80 1 95 18 61 65 26 27 99 56 5 90 14 71 27 56 38 53 30 100 67 3 32 36 4 0 73 80 56 83 45 40 62 80 73 36 17 45 69 95 78 37 62 34 34 51 10 20 91 67 17 9 41 67 11 45 0 54 36 22 57 6 92 69 57 70 98 7 28 48 37 66 25 25 79 73 48 88 54 76 55 27 39 79 62 53 21 22 9 69 83 22 81 90 9 61 21 37 12 65 37 78 73 50 77 32 14 35 54 62 72
96 81 18 32 6 87 81 71 71 68 4 66 69 50 18 90 83 3 7 82 73 3 4 43 22 34 82 84 76 63 67 85 16 63 2 40 93 10 96 98 43 59 27 0 55 8 98 79 47 49 86 28 13 40 23 56 32 48 27 71 76 32 38 46 11 55 84 39 48 15 51 88 12 2 1 50 63 26 48 88 29 55 89 12 24 78 70 63 4 41 41 97 78 32 82 42 40 3 34 68 8 8 78 82 97 14 95 63 16 57 91 52 36 26 12 17 64 65 79 55 84 85 52 22 32 73 35 4
5 67 61 98 53 13 54 69 14 2 44 39 74 29 21 49 72 3 81 7 67 20 47 9 37 85 86 86 39 98 69 70 3 21 95 38 6 84 5 37 45 74 20 45 0 42 66 26 22 1 22 96 64 51 13 33 13 5 59 0 92 83 91 33 61 57 74 80 16 96 93 78 62 92 42 54 55 6 78 99 82 10 68 30 67 55 71 8 24 95 20 28 23 65 10 60 27 82 35 8 12 56 66 98 44 87 54 52 69 88 74 37 40 37 36 74 11 34 37 70 35 50 38 41 77 64 26 92
98 28 85 8 23 32 72 4 77 65 54 4 96 9 0 18 26 86 31 43 46 74 14 42 64 90 91 74 19 61 39 0 44 12 88 52 96 14 71 49 75 88 44 92 58 0 21 14 28 32 36 75 66 34 70 42 97 99 96 56 25 75 89 39 50 45 81 79 77 82 1 59 66 71 17 40 8 88 51 49 86 3 23 43 100 84 2 30 7 92 3 96 53 15 6 41 71 47 36 74 83 32 50 6 52 48 87 98 89 61 13 93 19 98 45 11 6 32 76 92 23 77 53 49 54 3 87 25
35 82 47 39 92 44 67 63 56 45 23 52 81 70 62 95 87 14 48 22 24 77 96 10 19 46 7 63 74 36 97 87 85 14 81 98 20 81 98 25 0 3 17 2 34 79 0 21 54 70 50 33 63 75 85 60 2 87 46 63 14 17 86 6 37 5 63 97 37 17 15 71 63 49 14 21 13 46 52 53 75 4 100 55 19 35 11 92 94 56 84 42 31 76 29 52 3 95 77 7 71 5 69 40 83 28 11 74 29 98 78 95 12 42 54 32 5 36 54 78 0 29 100 34 20 98 19 30
65 62 18 77 76 60 2 33 69 17 38 74 43 47 87 65 0 63 16 65 74 33 76 43 6 60 62 73 64 20 54 49 17 78 74 94 74 55 51 65 9 37 55 21 74 86 79 0 29 56 79 77 71 73 45 61 91 24 39 90 36 100 29 60 31 31 100 7 83 74 67 43 81 76 50 45 66 25 44 75 36 28 83 65 63 67 93 70 14 34 34 13 96 52 47 12 23 62 31 55 32 9 80 78 56 100 29 97 78 64 62 23 77 48 62 67 69 2 73 0 52 16 43 59 28 17 45 76
49 62 0 79 73 21 51 40 81 86 74 38 42 35 8 70 10 21 56 90 83 71 30 10 23 96 29 80 82 0 13 36 78 69 36 39 56 98 85 12 64 10 60 53 78 72 46 71 0 83 29 15 91 40 89 89 10 35 75 67 93 30 92 55 43 74 3 22 47 22 59 96 74 94 3 50 66 49 40 44 0 91 84 96 25 76 28 23 68 41 65 84 65 80 16 86 24 0 41 92 91 38 64 99 28 33 21 33 38 94 0 93 35 6 78 99 46 29 28 89 36 91 27 74 93 86 40 5
94 10 97 94 2 64 63 38 33 82 15 20 69 76 46 54 27 33 87 12 60 5 61 78 2 85 77 9 51 21 62 60 91 37 34 82 3 23 56 53 78 5 38 51 99 68 30 44 17 0 16 21 73 14 3 50 33 80 60 42 9 68 47 89 9 100 7 6 52 22 25 64 94 93 18 16 63 12 79 41 14 35 91 3 46 40 78 12 19 26 68 65 53 4 40 19 46 23 24 27 28 45 60 9 71 58 0 90 16 0 76 40 10 67 30 67 4 3 76 18 34 18 94 98 80 12 87 96
18 57 60 32 76 48 45 16 49 66 24 90 74 86 46 87 84 31 41 54 7 86 15 37 51 36 72 79 29 9 20 27 41 42 25 43 57 68 100 99 17 68 20 14 78 64 50 21 71 84 0 99 85 19 31 14 44 45 48 65 22 47 85 11 85 51 57 1 73 9 97 24 70 57 48 54 27 71 31 88 8 77 95 57 87 66 33 50 53 36 67 41 71 23 51 74 90 57 17 73 97 0 91 89 82 46 76 78 68 11 27 9 98 33 51 35 46 43 63 86 82 76 70 29 17 96 70 79
8 1 86 90 82 58 98 59 22 47 99 93 35 0 24 66 62 77 63 37 20 22 77 54 73 97 80 0 38 5 90 6 90 33 76 93 65 2 57 29 74 92 27 72 4 25 67 23 85 79 1 0 50 69 55 57 51 1 34 87 98 29 19 43 89 38 1 2 87 32 56 12 5 25 38 59 8 39 81 9 79 88 10 29 92 19 54 12 94 88 66 26 6 53 10 12 5 67 29 35 93 87 77 39 66 95 6 73 77 14 23 62 48 14 58 23 94 98 85 81 4 27 66 74 61 58 82 68
98 28 1 71 97 56 91 26 96 64 64 74 26 17 26 30 36 59 13 11 61 90 87 3 84 85 55 61 61 67 16 94 84 59 37 62 0 8 11 82 65 12 64 87 36 34 37 29 9 27 15 50 0 49 61 9 50 6 30 63 71 61 2 26 80 39 86 7 68 70 63 32 27 67 86 23 75 56 81 74 76 37 67 12 58 90 41 77 63 95 91 47 18 63 29 98 89 98 30 49 85 93 76 15 2 37 24 75 46 43 35 0 41 16 70 97 16 61 45 86 37 42 42 28 10 26 87 59
88 12 34 91 69 41 98 9 11 18 96 69 55 6 23 10 90 97 16 96 19 100 33 72 11 68 5 52 64 8 51 71 19 64 33 82 31 78 59 12 47 71 83 60 49 66 25 27 60 86 81 31 51 0 30 34 40 70 21 65 27 7 29 92 23 86 77 71 57 89 69 54 49 16 14 81 96 54 57 36 81 50 62 36 45 74 15 13 55 34 41 95 11 24 27 22 25 30 8 81 4 41 20 40 99 33 25 78 52 59 73 92 68 84 82 3 46 88 0 100 96 16 27 91 68 7 39 98
91 70 64 0 19 18 37 45 18 57 95 6 72 44 77 92 54 57 23 64 79 68 13 2 92 79 32 50 0 37 27 10 87 46 98 46 69 52 85 49 72 62 55 77 87 30 15 55 11 97 69 45 39 70 0 86 85 62 31 19 36 1 60 3 16 29 90 92 52 65 96 66 27 50 34 91 15 86 9 76 62 1 97 43 47 55 33 89 86 14 69 81 42 16 24 30 60 53 30 4 56 96 58 28 8 79 77 57 96 95 99 46 50 73 20 69 69 27 12 62 14 44 43 89 85 74 26 52
63 68 66 98 90 57 57 16 31 82 60 16 27 87 56 94 26 18 40 63 64 66 87 21 71 35 52 19 55 57 47 82 18 32 61 26 37 57 93 57 85 23 31 44 67 58 40 39 11 50 86 43 91 66 14 0 6 41 92 58 40 99 33 68 47 13 69 85 55 86 22 8 52 45 17 62 17 55 24 95 64 73 45 55 39 6 15 94 56 36 46 70 96 51 94 64 5 40 97 23 51 45 5 68 56 15 92 94 19 25 50 2 68 47 4 90 20 96 52 38 87 7 17 10 59 77 29 32
17 1 30 87 69 96 31 29 23 64 18 36 83 41 88 25 75 85 35 67 59 18 97 99 58 59 54 5 64 70 88 64 71 69 40 35 23 64 51 92 62 63 5 68 87 3 98 9 90 67 56 49 50 60 15 94 0 26 32 90 3 21 56 83 15 29 100 55 67 92 37 79 2 80 76 63 29 57 97 41 24 2 75 64 47 31 76 30 95 29 43 74 59 71 51 13 77 67 80 59 29 8 29 37 54 63 88 32 84 24 14 9 13 4 63 58 14 16 50 67 5 12 97 27 3 100 66 88
43 71 80 93 32 71 88 5 10 22 79 86 63 35 21 86 88 67 73 18 22 43 5 15 22 23 80 34 71 10 54 9 72 91 90 94 59 48 84 61 17 70 22 52 95 1 13 76 65 20 55 99 94 30 38 59 74 0 64 18 1 21 47 74 18 10 13 18 11 31 7 34 41 17 48 6 92 1 85 3 63 9 91 40 50 9 53 87 16 27 5 93 72 78 43 55 35 14 55 83 77 3 72 37 35 9 81 17 54 47 38 53 95 59 54 82 22 62 73 62 61 16 86 92 73 16 72 52
38 4 37 74 51 0 43 70 34 69 94 100 83 10 14 62 35 68 87 16 30 77 76 88 59 26 49 25 62 69 55 27 53 82 10 28 18 22 53 1 28 50 63 73 41 4 54 61 25 40 52 66 70 79 69 8 68 36 0 77 97 12 16 37 50 23 18 23 69 12 64 55 88 89 68 95 21 78 4 74 11 17 71 16 67 58 33 7 70 48 94 39 48 65 100 43 100 71 36 36 31 2 63 26 2 35 29 52 91 100 84 63 87 87 28 11 8 32 57 73 88 34 19 10 75 77 52 64
59 95 37 24 57 47 50 5 56 89 98 25 34 33 100 49 33 15 35 10 46 42 50 94 69 76 27 97 4 57 67 24 91 9 37 75 19 52 31 4 55 25 38 29 100 44 37 10 33 58 35 13 37 35 81 42 10 82 23 0 75 5 19 28 31 52 21 1 99 29 93 20 65 46 37 17 63 44 24 79 70 42 54 4 7 42 40 17 88 71 52 31 60 88 53 70 68 80 66 21 52 70 69 28 74 17 27 59 70 69 13 25 45 70 29 60 94 48 50 10 94 25 56 56 93 38 76 40
24 36 8 38 85 88 86 0 65 48 35 26 79 83 58 62 98 38 7 84 95 28 64 78 30 88 15 91 42 66 75 96 92 58 18 10 20 49 79 21 37 20 66 24 8 75 86 64 7 91 78 2 29 73 64 60 97 99 3 25 0 16 72 60 5 86 71 64 88 65 34 35 66 23 21 39 98 57 74 80 24 75 87 68 91 0 13 100 61 16 7 7 66 16 97 47 66 3 84 80 70 15 15 66 60 13 69 48 25 91 98 9 1 79 23 63 83 9 48 59 86 48 15 4 0 69 99 73
9 86 22 41 12 8 28 98 55 92 56 96 20 47 61 37 11 49 4 53 100 33 90 8 97 5 100 50 55 1 35 92 89 85 69 0 75 7 35 53 100 49 66 68 17 25 83 0 70 32 53 71 39 93 99 1 79 79 88 95 84 0 88 11 57 21 13 14 23 25 9 18 45 60 78 98 41 36 49 90 93 87 26 72 70 26 2 83 79 94 32 76 79 1 70 52 34 28 99 43 57 62 18 84 64 54 99 51 48 59 45 9 86 77 59 35 84 14 30 70 20 87 71 82 77 9 54 75
81 70 9 8 93 93 69 81 52 45 93 65 93 7 51 78 97 26 86 74 73 84 68 15 5 77 64 97 26 16 14 58 13 93 96 64 14 22 31 38 16 83 49 62 9 11 14 71 8 53 15 81 98 71 40 67 44 53 84 81 28 12 0 57 86 82 9 38 66 38 39 58 57 96 19 78 85 98 15 86 59 67 41 24 34 50 54 8 26 8 35 29 7 6 25 16 8 39 44 7 22 37 11 68 85 68 45 72 82 70 87 4 71 72 84 93 79 79 0 73 7 10 100 55 13 92 93 19
57 83 49 86 5 77 51 65 62 100 46 50 52 98 88 87 58 81 9 65 54 47 50 38 87 31 62 93 79 8 2 32 48 26 73 55 26 28 52 65 51 38 90 54 67 61 94 40 45 11 89 57 74 8 97 32 17 26 63 72 40 89 43 0 42 25 2 47 81 44 3 50 98 64 43 83 79 78 6 83 34 38 9 11 44 76 93 99 6 95 52 84 28 63 78 58 75 68 53 19 95 22 81 9 88 51 9 17 57 66 19 21 40 23 92 94 51 34 45 80 35 88 91 72 3 24 6 86
83 81 90 16 37 69 70 97 77 73 47 47 31 97 54 89 48 73 4 77 37 7 26 95 64 95 61 77 50 43 14 80 61 62 11 55 96 72 15 9 16 97 80 89 39 50 63 69 57 91 15 11 20 77 84 53 85 82 50 69 95 43 14 58 0 97 18 31 76 8 51 44 23 69 71 21 87 25 81 10 98 61 75 72 58 41 1 100 8 73 94 94 87 31 12 31 17 50 80 88 100 1 65 27 44 37 45 4 34 72 9 84 22 84 95 21 66 91 71 68 19 92 44 37 89 47 45 14
33 28 88 24 59 1 54 50 26 17 85 25 74 24 70 70 8 74 61 33 37 93 18 59 35 97 91 33 44 58 43 3 6 67 86 36 19 82 69 22 11 25 9 45 43 55 95 69 26 0 49 62 61 14 71 87 71 90 77 48 14 79 18 75 3 0 46 56 76 89 36 94 70 37 6 75 3 30 21 42 64 82 4 50 67 56 48 60 30 42 65 38 43 82 100 99 57 19 60 82 82 31 89 17 98 99 98 1 12 88 52 30 74 59 33 79 37 21 55 59 19 35 2 78 62 9 63 70
33 14 42 59 11 57 14 29 5 38 41 4 30 15 4 56 97 96 55 48 68 93 38 83 54 77 26 22 78 28 91 62 47 81 26 70 5 69 46 21 38 61 33 16 26 19 37 0 97 93 43 99 14 23 10 31 0 87 82 79 29 87 91 98 82 54 0 72 86 23 54 83 48 58 90 48 44 72 34 44 78 2 5 50 45 88 92 75 26 66 15 24 12 23 89 16 90 39 89 28 29 38 10 83 89 53 77 59 83 39 35 15 61 13 95 18 28 34 19 59 92 91 4 43 77 37 32 71
52 65 7 29 6 80 76 62 91 51 38 80 70 10 13 35 33 70 68 43 17 56 7 94 68 25 27 67 53 78 58 90 18 46 39 8 37 57 43 61 30 23 83 61 20 21 3 93 78 94 99 98 93 29 8 15 45 82 77 99 36 86 62 53 69 44 28 0 42 7 44 17 18 37 9 42 93 29 31 70 98 2 65 19 28 37 63 46 35 58 45 65 30 52 98 70 49 87 75 43 77 76 10 24 80 42 49 20 4 12 81 27 36 43 27 24 78 13 52 3 23 16 18 15 18 30 65 16
26 66 41 19 36 34 34 70 1 10 100 64 39 60 19 7 23 40 64 67 68 85 23 54 48 65 77 89 66 76 26 66 33 59 49 89 79 26 58 8 18 73 91 52 84 23 63 17 53 48 27 13 32 43 48 45 33 89 31 1 12 77 34 19 24 24 14 58 0 22 74 13 64 84 40 6 73 96 50 18 31 44 79 100 15 80 59 46 27 49 27 48 30 77 10 87 51 27 20 90 43 61 52 91 87 6 30 28 29 61 21 29 16 48 94 80 80 89 49 98 58 61 23 75 12 56 51 49
33 26 99 84 62 23 3 5 69 60 8 2 12 73 76 29 93 70 75 60 32 35 88 66 2 40 37 90 24 79 17 27 4 15 59 43 100 51 30 78 89 81 59 85 4 18 83 26 78 78 91 68 30 11 35 14 8 69 88 71 35 75 62 56 92 11 77 93 78 0 52 61 8 86 25 56 89 1 95 26 5 31 13 19 22 67 65 83 45 50 10 45 50 6 8 31 17 75 50 100 36 80 62 71 6 5 85 4 51 44 83 8 37 33 11 98 40 32 28 74 78 10 82 93 92 31 15 96
10 50 12 82 44 36 55 28 47 25 18 93 42 21 23 12 38 41 33 72 65 47 77 73 90 100 23 53 41 36 72 34 48 73 53 21 66 15 54 80 56 14 33 49 7 99 85 33 41 75 3 44 37 31 4 78 63 93 36 7 66 91 61 97 49 64 46 56 26 48 0 14 37 46 79 9 89 75 22 93 39 40 32 72 8 7 60 29 78 77 65 4 10 49 38 19 53 88 1 42 92 33 39 72 85 54 25 57 93 3 14 28 41 32 11 17 38 17 35 6 5 23 94 44 61 21 37 73
51 53 91 78 95 64 63 10 100 88 43 32 10 6 95 93 4 28 53 13 86 99 73 84 19 100 45 85 40 89 33 29 9 24 41 73 54 18 59 81 90 60 89 12 22 41 29 57 4 36 76 88 68 46 34 92 21 66 45 80 65 82 42 50 56 6 17 83 87 39 86 0 19 32 42 86 64 70 83 75 70 96 44 47 59 36 33 39 57 8 19 81 68 44 60 25 98 86 80 69 32 6 17 36 80 61 57 89 77 50 7 97 96 52 41 96 0 78 93 45 68 93 25 4 53 31 25 41
70 38 19 87 3 84 95 47 45 2 54 98 72 3 94 59 49 30 23 77 88 29 24 19 78 96 57 79 98 52 58 35 36 49 18 98 42 89 53 33 25 23 55 88 38 34 37 19 26 6 30 95 73 51 73 48 98 59 12 35 34 55 43 2 77 30 52 82 36 92 63 81 0 29 29 37 90 48 67 75 6 1 38 47 43 34 18 85 10 16 96 30 4 33 49 40 7 48 93 74 42 100 57 100 56 20 100 28 85 94 23 85 94 28 55 24 72 96 2 71 43 25 30 10 55 54 0 22
61 82 80 13 35 52 78 45 40 30 65 73 93 42 99 72 32 20 52 50 44 64 1 15 44 20 52 84 38 67 29 84 76 39 89 73 16 1 89 32 55 92 100 98 8 29 51 24 6 7 43 75 33 84 50 55 20 83 11 54 77 40 4 36 31 63 42 63 16 14 54 68 71 0 16 24 38 41 61 15 82 82 68 46 52 99 83 57 54 28 89 6 8 64 83 53 97 4 78 52 97 1 76 86 24 13 94 7 45 6 19 4 9 20 38 37 67 33 41 40 9 25 94 48 33 34 81 13
8 82 0 50 100 67 46 78 82 26 79 40 74 70 87 30 58 24 34 3 81 42 22 49 48 23 70 16 37 29 63 83 40 14 30 67 71 0 7 90 89 16 46 99 58 83 86 50 97 82 52 62 14 86 66 83 24 52 32 63 79 22 81 57 29 94 10 91 60 75 21 58 71 84 0 35 72 78 92 58 61 74 62 82 72 64 3 0 87 93 53 19 63 5 72 13 16 22 70 39 86 95 68 33 43 80 89 2 96 52 77 8 58 9 65 47 38 70 30 90 87 19 19 4 46 18 9 63
70 75 86 85 6 58 97 92 28 55 91 85 96 77 68 90 84 54 51 13 83 76 4 26 84 25 52 71 50 70 4 24 46 97 63 42 4 88 10 63 8 16 64 50 46 60 79 55 50 84 46 41 77 19 9 38 37 94 5 83 61 2 22 17 79 25 52 58 94 44 91 14 63 76 65 0 33 4 82 54 92 40 51 98 80 41 0 2 23 83 60 91 35 36 97 57 97 57 28 10 64 48 46 24 10 45 15 79 31 66 42 54 5 73 4 40 48 17 90 91 96 72 2 25 51 62 56 19
46 53 34 28 11 40 61 91 68 78 32 47 7 40 25 80 37 68 71 90 64 40 1 99 6 31 49 49 63 6 44 31 61 89 6 98 61 59 72 57 97 38 78 37 45 92 87 34 34 37 73 92 25 4 85 83 71 8 79 37 2 59 15 21 13 97 56 7 27 11 11 36 10 62 28 67 0 10 99 2 42 42 37 58 86 34 51 61 83 7 79 44 14 59 72 30 83 81 23 79 23 79 62 38 40 53 43 22 81 57 99 50 69 29 67 37 79 14 10 6 45 38 26 99 42 99 14 15
20 59 0 33 29 92 18 34 38 76 57 84 13 5 23 52 52 27 9 46 14 72 87 96 38 54 49 53 85 25 30 15 68 6 64 58 6 92 73 12 74 94 43 74 94 12 54 75 51 88 29 61 44 46 14 45 43 99 22 56 43 64 2 22 75 70 28 71 4 99 25 30 52 59 22 96 90 0 39 6 99 13 98 39 65 79 71 8 12 60 2 28 26 53 20 92 98 77 49 33 36 23 87 48 97 25 12 54 47 2 32 72 95 97 64 75 44 32 1 95 31 78 38 47 14 100 19 83
78 17 89 16 20 99 85 93 75 5 74 40 98 64 33 91 10 92 80 48 77 58 25 85 55 77 32 83 45 6 21 71 66 84 99 51 80 18 69 92 40 96 94 52 22 49 48 56 60 21 69 19 19 43 91 76 3 15 96 76 26 51 85 94 19 79 66 69 50 5 78 17 33 39 8 18 1 61 0 86 27 50 48 37 93 14 30 77 80 47 80 73 9 99 16 37 30 79 28 48 59 49 40 42 85 83 38 35 15 7 56 73 42 57 2 97 50 81 2 69 54 59 48 58 94 63 38 3
72 65 38 3 93 14 100 27 82 52 73 97 11 15 49 39 28 70 1 57 80 83 56 88 44 78 58 50 52 33 49 5 86 98 65 10 93 54 89 97 58 2 8 12 1 51 47 25 56 59 12 91 26 64 24 5 59 97 26 21 20 10 14 17 90 58 56 30 82 74 7 25 25 85 42 46 98 94 14 0 53 75 9 63 68 29 69 73 57 66 94 64 62 18 94 49 59 95 73 51 41 69 2 12 37 57 46 68 54 46 12 63 67 17 65 33 19 56 86 19 69 43 59 29 85 79 29 26
40 28 82 20 6 19 94 60 0 96 62 2 68 46 88 36 9 26 10 42 10 75 72 31 17 24 41 75 24 86 11 19 77 48 2 9 21 32 39 51 1 80 31 71 18 14 25 64 100 86 92 21 24 19 38 36 76 37 89 30 76 7 41 66 2 36 22 2 69 95 61 30 94 18 39 8 58 1 73 47 0 76 32 9 69 59 58 37 53 57 49 8 17 22 4 100 66 49 47 37 82 33 42 48 88 91 93 74 63 60 3 10 36 46 15 26 66 77 48 91 41 11 14 17 57 92 16 91
9 35 62 49 13 59 25 64 20 30 26 85 19 5 95 73 5 67 50 46 85 4 63 27 60 29 94 13 34 66 25 72 62 7 57 98 2 76 54 40 9 77 43 45 90 97 96 72 9 65 23 12 63 50 99 27 98 91 83 58 25 13 33 62 39 18 98 98 56 69 60 4 99 18 26 60 58 87 50 25 24 0 57 30 25 41 26 87 53 21 36 76 48 34 5 65 4 69 8 91 23 25 64 21 5 73 74 27 96 8 12 83 82 40 78 10 28 34 31 66 83 41 96 100 23 39 57 59
33 16 89 68 23 99 39 32 89 66 32 82 76 46 11 82 22 12 54 71 89 22 69 26 2 83 1 32 17 13 80 60 57 16 42 6 19 46 16 79 42 31 30 11 32 77 0 17 16 9 5 90 33 38 3 55 25 9 29 46 13 74 59 91 25 96 95 35 21 87 68 56 62 32 38 49 63 2 52 91 68 43 0 36 37 11 26 78 5 22 93 32 64 19 58 13 19 70 84 31 27 96 37 18 30 50 65 13 98 85 49 3 0 19 49 9 60 31 88 80 31 7 22 31 53 30 0 36
77 98 10 15 52 19 20 88 94 92 44 80 54 64 0 48 94 27 42 72 54 7 57 14 64 65 28 86 27 3 91 93 70 3 90 1 37 97 63 53 35 82 2 88 70 57 45 35 4 97 43 71 88 64 57 45 36 60 84 96 32 28 76 89 28 50 50 81 0 81 28 53 53 54 18 2 42 61 63 37 91 70 64 0 56 77 49 66 15 48 96 22 79 37 29 53 55 27 76 73 1 54 85 55 47 98 51 50 78 32 14 76 44 1 15 10 95 43 9 80 29 59 62 38 35 2 22 43
90 68 15 30 31 62 75 17 33 97 11 50 61 69 88 27 69 55 5 15 49 60 37 60 90 82 40 11 52 38 88 48 41 60 5 20 75 10 33 75 65 21 93 76 33 0 81 37 75 54 13 8 42 55 53 61 53 50 33 93 9 30 66 56 42 33 55 72 85 78 92 41 57 48 28 20 14 35 7 32 31 75 63 44 0 29 2 13 23 66 100 46 47 100 1 18 5 78 60 40 91 72 97 14 54 14 15 53 46 100 100 66 55 43 90 33 5 84 63 89 56 58 54 34 13 74 78 29
31 43 19 78 67 92 95 31 37 50 36 6 49 39 2 26 63 87 71 86 19 10 100 92 2 26 41 31 83 3 65 95 58 61 55 64 70 95 54 95 23 29 72 22 45 16 65 33 24 60 34 81 10 26 45 94 69 91 42 58 100 74 50 24 59 44 12 63 20 33 93 64 66 1 36 59 66 21 86 71 41 59 89 23 71 0 49 6 98 39 56 11 61 27 21 13 50 14 97 92 0 34 62 64 28 42 75 52 11 24 73 9 89 21 79 66 69 94 78 26 53 30 12 21 99 67 6 95
30 53 81 17 44 56 41 94 16 38 24 96 38 75 77 61 1 18 54 30 26 60 58 13 29 67 33 3 94 86 10 10 17 20 57 59 29 70 19 100 28 92 52 30 29 98 89 7 72 22 67 46 59 85 67 85 24 47 67 60 87 98 46 7 99 52 8 37 41 35 40 67 82 17 97 100 49 29 70 31 42 74 74 51 98 51 0 31 37 98 71 63 88 61 17 39 94 24 59 24 8 31 10 19 18 59 60 39 68 56 37 75 51 89 100 1 99 59 9 87 1 10 59 81 13 19 52 25
55 96 30 63 73 8 62 43 56 8 71 30 72 74 35 61 28 97 73 28 50 95 32 81 39 42 16 34 19 80 95 68 33 29 14 49 84 85 94 11 9 60 63 37 92 70 8 30 77 88 50 88 23 87 11 6 70 13 93 83 0 17 92 1 0 40 25 54 54 17 71 61 15 43 100 98 39 92 23 27 63 13 22 34 87 94 69 0 8 81 52 62 61 27 62 94 12 26 27 81 6 94 72 29 56 56 75 46 100 6 61 35 83 90 88 77 16 59 3 98 100 98 79 59 94 1 94 94
47 13 17 52 22 62 30 71 0 89 93 81 4 24 9 91 51 87 55 79 8 43 22 50 99 33 33 63 23 42 26 85 66 88 41 40 64 66 62 47 100 97 34 96 76 93 6 86 32 81 47 6 37 45 14 44 5 84 30 12 39 21 74 94 92 70 74 65 73 55 22 43 90 46 13 77 17 88 20 43 47 47 95 85 77 2 63 92 0 62 69 30 90 50 30 3 93 74 41 60 19 15 60 51 76 94 89 45 93 4 83 83 95 33 88 7 14 81 81 76 66 66 12 58 0 22 6 75
57 54 12 1 60 61 51 1 26 44 92 64 68 96 4 28 48 24 39 80 88 85 44 42 39 89 65 73 14 99 88 13 36 27 31 71 43 85 15 57 92 57 75 59 5 8 44 66 59 74 64 12 5 66 86 64 71 73 52 29 84 6 92 5 27 58 34 42 51 50 23 92 84 72 7 17 93 40 53 34 43 79 78 52 34 61 2 19 38 0 98 5 50 58 72 26 78 44 30 56 75 95 27 55 52 36 72 36 0 43 57 26 13 35 20 4 75 18 62 76 13 7 15 32 42 49 58 73
9 0 9 74 94 34 39 0 57 58 92 85 64 65 94 6 37 56 33 94 21 59 80 76 69 43 71 2 88 89 13 51 33 5 26 35 47 45 49 100 23 96 75 59 80 97 16 66 35 32 33 34 9 59 31 54 57 95 6 48 93 68 65 48 6 35 85 55 73 90 35 81 4 11 47 40 21 98 20 6 51 64 7 4 0 44 29 48 31 2 0 52 70 100 28 95 21 92 62 84 5 96 97 0 23 20 70 67 29 53 41 96 75 47 19 3 42 39 92 15 56 84 15 91 92 82 87 48
15 89 64 28 15 24 74 75 42 80 96 76 93 69 71 21 13 30 22 48 36 24 69 14 5 27 74 41 62 27 22 45 28 62 92 23 78 21 64 1 95 23 21 3 72 4 58 87 16 35 59 74 53 5 19 30 26 7 61 69 93 24 71 16 6 62 76 35 52 55 96 19 70 94 81 9 56 72 27 36 92 24 68 78 54 89 37 38 70 95 48 0 30 0 42 31 89 46 67 12 11 75 71 94 50 29 73 88 93 64 98 90 12 63 42 4 51 21 38 89 58 77 11 76 89 86 16 43
7 91 42 41 55 47 50 67 26 12 96 46 36 94 60 7 66 68 4 67 75 19 86 80 21 30 97 62 36 0 46 54 5 43 67 26 80 28 41 89 63 68 27 22 77 47 69 4 35 47 29 94 82 89 58 4 41 28 52 40 34 21 93 72 13 57 88 70 70 50 90 32 96 92 37 65 86 74 91 38 83 52 36 21 53 39 12 39 10 50 30 70 0 78 38 57 33 94 60 75 73 8 44 22 59 92 19 26 24 47 25 93 39 43 2 20 95 66 1 37 62 61 0 23 83 51 41 86
44 38 96 69 6 47 58 7 27 54 82 29 22 45 61 97 24 89 16 10 58 8 14 6 44 75 25 80 66 55 85 67 17 15 13 74 79 61 67 36 28 16 52 68 35 85 24 48 20 96 77 47 37 76 84 49 29 22 35 12 84 99 94 37 69 18 77 48 23 94 51 56 67 36 95 64 41 47 1 82 78 66 81 63 0 73 39 73 50 42 0 100 22 0 28 40 42 22 16 56 66 41 67 90 50 92 18 51 64 91 2 80 64 66 20 14 19 74 6 92 69 14 27 43 5 97 96 37
98 10 53 40 75 46 46 73 0 51 44 20 32 63 9 93 22 80 7 38 26 34 13 26 71 29 44 70 88 36 99 92 6 88 8 58 79 75 76 49 78 39 12 18 90 94 71 53 84 60 49 90 71 73 76 6 49 57 0 47 3 30 75 22 88 0 11 2 90 92 62 40 51 17 28 3 28 80 84 6 96 95 42 71 99 79 83 38 70 28 72 58 62 72 0 3 63 52 27 93 49 87 44 60 7 16 58 75 86 12 34 95 88 70 28 77 45 87 64 51 14 16 65 42 62 96 50 31
10 58 89 60 62 91 54 85 74 10 99 42 77 75 100 59 62 72 25 11 48 30 79 17 52 18 55 86 32 46 30 64 16 76 38 98 12 1 8 71 39 68 46 58 40 59 48 88 14 81 26 88 2 78 70 36 87 45 57 30 53 48 84 42 69 1 84 30 13 69 81 75 60 47 87 43 70 8 63 51 0 35 87 47 82 87 61 6 97 74 5 69 43 60 97 0 31 11 22 67 91 39 94 17 44 80 77 53 19 14 75 61 99 49 37 58 51 70 99 42 41 64 0 49 11 15 61 55
29 53 34 24 45 59 97 95 100 92 100 78 27 100 22 31 65 40 94 62 82 81 17 44 33 53 92 65 99 8 83 17 10 12 29 13 86 42 100 63 37 65 24 60 73 29 97 77 76 54 10 95 11 75 40 95 23 65 0 32 34 66 92 25 83 43 10 51 49 83 47 2 93 3 84 3 17 2 70 41 34 96 81 45 95 50 6 88 7 22 79 11 67 58 37 69 0 91 58 23 75 51 68 87 79 78 59 47 61 34 12 14 86 56 54 65 53 9 49 54 57 3 94 37 17 98 97 65
11 92 84 74 36 77 25 87 41 3 38 97 7 63 65 66 84 88 17 64 21 28 3 46 57 59 28 86 75 34 15 81 74 87 4 22 67 1 97 93 98 92 45 97 18 53 5 38 100 77 43 33 2 70 47 60 33 86 29 20 97 72 61 32 50 81 61 13 73 25 12 14 52 96 78 43 19 23 21 5 51 31 30 73 22 86 76 74 26 56 8 54 6 78 48 89 9 0 37 89 67 13 13 29 82 78 98 20 21 22 23 85 6 99 43 78 30 57 23 28 55 83 8 62 94 35 28 16
92 91 95 37 42 39 91 28 34 0 32 53 8 66 47 74 15 39 80 52 8 98 30 78 29 72 100 99 28 31 78 59 35 23 93 97 72 30 32 96 47 62 73 66 65 64 23 69 59 76 83 71 70 92 70 3 20 45 64 34 16 1 56 47 20 40 11 25 80 50 99 20 7 22 30 72 77 51 72 27 53 92 16 24 40 3 41 73 59 70 38 33 40 84 73 78 42 63 0 81 20 22 51 26 33 38 64 60 24 83 77 3 12 37 46 78 63 31 19 84 47 43 51 6 7 98 60 35
72 76 61 93 75 50 90 11 50 51 94 16 27 10 70 87 60 96 43 19 16 36 21 73 97 20 45 30 81 98 80 16 41 99 45 75 33 76 93 32 16 58 61 32 92 26 93 45 8 73 27 65 51 19 96 77 41 17 64 79 20 57 93 81 12 18 72 57 10 0 58 31 26 48 61 90 21 67 52 49 63 9 69 27 60 8 76 19 40 44 16 88 25 44 7 33 77 11 19 0 17 40 70 44 48 77 73 49 32 48 90 0 13 78 31 95 20 15 30 42 3 55 63 64 82 62 47 58
70 91 23 10 23 74 20 82 20 43 100 59 17 93 5 15 9 46 65 13 23 44 12 84 76 30 27 63 94 40 95 31 92 33 24 20 92 13 39 20 19 49 21 92 88 17 29 68 9 72 3 7 15 96 44 49 71 23 69 48 30 43 78 5 0 18 71 23 57 64 8 68 58 3 14 36 77 64 41 59 18 77 73 99 9 100 92 94 81 25 95 89 27 34 51 9 25 33 80 83 0 35 89 38 25 83 59 55 10 87 45 92 12 84 1 60 50 92 95 87 90 24 43 13 30 20 5 65
62 90 96 1 8 67 13 56 53 3 8 0 16 38 57 50 49 99 43 48 70 21 54 10 0 9 83 86 55 1 51 66 54 72 80 3 1 82 31 80 39 61 38 92 44 68 95 91 62 55 100 13 7 59 4 55 92 97 98 30 85 38 63 78 99 69 62 24 39 20 67 94 0 99 5 52 21 77 51 31 67 75 4 46 28 66 69 6 85 5 4 25 92 59 13 61 49 87 78 60 65 0 81 70 19 95 89 47 13 56 58 95 12 59 55 59 41 56 25 11 95 27 30 11 21 7 84 70
12 99 29 92 61 17 91 72 2 45 62 3 27 16 68 88 93 64 41 15 96 92 13 41 26 60 45 56 20 51 40 4 5 44 60 75 88 95 21 17 30 93 47 22 34 50 31 20 36 40 9 23 24 80 42 95 71 28 37 31 85 82 89 19 35 11 90 90 48 38 61 83 43 24 32 54 38 13 60 98 58 36 63 15 3 38 90 28 40 73 3 29 56 33 56 6 32 87 49 30 11 19 0 22 37 75 36 96 73 90 23 3 55 71 12 74 100 42 42 29 60 19 12 67 17 41 57 96
19 92 75 69 35 83 57 17 2 40 62 15 64 100 92 34 73 85 79 60 82 47 97 15 96 60 95 13 3 82 49 69 74 6 30 33 23 77 28 60 9 86 79 18 2 94 60 22 1 91 11 61 85 60 72 32 63 63 74 72 34 16 32 91 73 83 17 76 9 29 28 64 0 14 67 76 62 52 58 88 52 79 82 45 86 36 81 71 49 45 100 6 78 10 40 83 13 71 74 56 62 30 78 0 24 3 75 12 74 1 10 67 63 13 19 42 40 95 68 8 30 87 87 85 46 85 51 69
9 54 35 90 20 2 84 7 45 84 42 70 32 79 67 97 82 3 91 52 74 86 60 95 66 95 34 1 19 6 89 97 67 97 44 88 45 26 10 86 1 56 78 3 56 48 17 44 72 29 18 34 98 1 92 44 46 65 98 26 40 36 15 12 56 2 11 20 13 94 15 20 44 76 57 90 60 3 15 63 12 95 70 53 46 72 82 44 24 48 77 50 41 50 93 56 21 18 67 52 75 81 63 76 0 75 17 85 86 56 69 85 89 99 50 6 32 26 42 57 31 71 4 55 54 88 15 60
50 41 43 8 71 77 66 85 73 57 39 82 65 89 59 88 83 16 58 65 9 80 69 42 0 22 96 80 63 67 38 18 6 99 59 46 28 42 96 6 48 35 91 86 13 52 72 0 67 42 54 5 63 67 21 85 37 91 65 83 87 46 32 49 63 1 47 58 94 95 46 39 80 87 20 55 47 75 17 43 9 27 50 2 86 58 41 44 6 64 80 71 8 8 84 20 22 22 62 23 17 5 25 97 25 0 83 60 19 12 48 24 15 54 34 46 43 50 46 99 88 53 7 50 53 33 65 72
87 17 42 22 9 23 79 5 37 91 44 94 41 71 6 7 4 8 24 81 72 49 81 42 71 49 44 65 29 86 61 9 42 18 46 26 26 40 31 39 26 68 31 5 46 13 89 71 79 100 24 94 76 75 23 8 12 19 71 73 31 1 55 91 55 2 23 51 70 15 75 43 0 6 11 85 57 88 62 54 7 26 35 49 85 25 40 25 11 28 30 27 81 82 42 23 41 2 36 27 41 11 64 25 83 17 0 7 25 37 16 11 81 13 92 54 92 10 94 59 85 14 84 79 32 51 37 57
71 52 61 18 21 74 87 16 48 56 83 84 91 70 86 82 94 17 46 50 67 98 54 29 7 83 60 24 49 84 100 23 26 60 74 54 95 58 64 97 74 11 17 37 48 2 26 3 67 10 22 27 25 22 43 6 68 83 48 41 52 49 28 83 96 99 41 80 72 96 43 11 72 93 98 21 78 46 65 32 26 73 87 50 47 48 61 54 55 64 33 12 74 49 25 47 53 80 40 51 45 53 4 88 15 40 93 0 14 74 56 44 88 83 24 55 95 14 87 13 0 77 68 99 16 4 12 28
63 63 35 24 49 19 75 80 67 25 40 29 63 5 55 47 73 30 85 75 87 35 96 76 91 25 15 21 4 9 24 48 21 56 5 28 97 33 46 82 30 65 78 84 31 11 71 22 62 84 32 23 54 48 4 81 16 46 9 30 75 52 18 43 66 88 17 96 71 49 7 23 15 55 4 69 19 53 85 46 37 4 2 22 54 89 32 0 7 100 71 7 76 36 14 81 39 79 76 68 90 87 27 26 14 81 75 86 0 98 45 99 90 69 93 49 13 10 19 94 89 77 52 74 31 54 94 76
38 73 1 15 97 90 88 3 76 96 59 95 75 95 97 70 74 91 87 25 100 70 62 60 0 90 27 53 60 44 14 91 82 61 9 42 51 31 12 92 53 38 19 43 12 39 2 36 6 100 89 86 57 41 5 75 76 53 0 31 9 41 30 34 28 12 61 88 39 56 97 50 6 94 48 34 43 98 93 54 40 92 15 68 0 76 44 94 96 57 47 36 53 9 88 86 66 78 17 52 13 44 10 99 44 88 63 26 2 0 7 31 78 84 85 94 79 25 43 23 71 12 15 10 38 64 95 5
28 49 40 53 44 30 19 99 100 11 21 20 47 75 57 67 71 70 23 4 20 26 3 7 47 10 93 60 79 48 87 41 89 52 88 46 52 20 43 55 5 21 10 9 26 87 22 38 100 24 73 77 65 27 1 50 86 62 16 87 2 55 13 81 91 48 65 19 79 17 86 93 77 81 23 58 1 68 44 88 97 88 51 86 0 27 63 39 17 43 59 2 75 98 66 25 88 77 23 10 55 42 77 90 31 52 84 44 55 93 0 54 54 63 54 15 56 78 11 48 12 80 47 32 35 73 8 69
91 42 48 26 19 35 22 93 92 31 92 37 21 80 1 26 2 8 25 30 0 62 36 43 59 58 81 77 47 25 6 56 75 38 8 16 80 76 32 75 17 41 91 48 63 7 5 77 7 60 91 38 100 8 54 98 91 47 37 75 91 91 96 79 16 70 85 73 71 92 72 3 15 96 92 46 50 28 27 37 90 17 97 24 34 91 25 65 17 74 4 10 7 20 5 39 86 15 97 100 8 5 97 33 15 76 89 56 1 69 46 0 71 89 34 26 15 37 53 64 77 76 37 14 9 89 90 87
21 75 47 25 96 91 31 67 27 26 46 12 61 37 9 71 83 52 47 90 11 45 0 32 42 100 40 35 13 14 65 62 79 98 44 87 94 39 69 35 70 71 39 64 60 81 88 23 65 90 2 52 59 32 50 32 87 5 13 55 99 14 29 60 78 26 39 64 84 63 59 4 6 91 42 95 31 5 58 33 64 18 100 56 45 11 49 17 5 87 25 88 61 36 12 1 14 94 88 87 88 88 45 37 11 85 19 12 10 22 46 29 0 91 68 99 81 1 61 17 56 33 65 29 80 72 75 31
13 73 47 10 33 58 78 80 48 0 11 33 27 39 48 63 100 45 12 75 18 90 44 87 26 86 66 50 12 35 71 94 7 12 84 63 72 85 19 31 41 50 79 74 63 2 58 52 94 33 67 86 84 16 27 53 96 41 13 30 21 23 28 77 16 41 87 57 52 67 68 48 72 80 91 27 71 3 43 83 54 60 81 99 57 79 11 10 67 65 53 37 57 34 30 51 44 1 63 22 16 41 29 87 1 46 87 17 31 16 37 11 9 0 11 2 70 59 34 47 45 73 20 6 10 24 43 21
73 25 98 74 97 30 81 45 94 86 91 42 92 32 91 75 30 70 26 43 83 54 40 66 86 27 7 27 35 26 19 75 1 75 2 29 96 31 8 8 8 71 63 88 64 55 46 38 22 70 49 42 30 18 80 96 37 46 72 71 77 41 16 8 5 67 5 73 6 89 89 59 45 62 35 96 33 36 98 35 85 22 51 85 10 21 0 12 12 80 81 58 98 80 72 63 46 57 54 69 99 45 88 81 50 66 8 76 7 15 46 66 32 89 0 78 25 69 84 13 64 63 67 74 24 84 63 91
0 86 34 88 57 97 39 69 14 41 91 75 1 95 5 34 34 35 41 23 47 9 2 97 67 62 28 27 26 75 67 15 49 28 43 90 32 47 51 80 100 7 88 83 26 89 68 33 1 33 65 77 3 97 31 10 42 18 89 40 37 65 7 6 79 21 82 76 20 2 83 4 76 63 53 60 63 25 3 67 74 90 91 90 67 34 99 23 93 96 97 96 80 86 23 42 35 22 22 5 40 41 26 58 94 54 46 45 51 6 85 74 1 98 22 0 7 88 50 72 92 8 30 42 10 55 79 34
69 2 80 88 41 13 34 37 69 43 47 88 84 26 48 5 71 56 15 22 88 48 40 7 38 67 54 11 54 67 95 18 62 46 4 32 92 92 75 3 90 98 35 36 89 94 95 31 54 96 54 6 84 54 31 80 86 78 92 6 17 16 21 49 34 63 72 22 20 60 62 100 28 33 62 52 21 56 50 81 34 72 40 5 95 31 1 84 86 25 58 49 5 81 55 49 47 70 37 80 50 59 0 60 68 57 8 5 87 21 44 85 19 30 75 93 0 70 96 47 45 88 39 3 23 35 82 50
76 48 60 89 44 46 66 21 50 66 59 5 47 4 60 72 0 41 80 46 46 72 15 45 61 72 58 61 92 70 39 78 72 78 2 91 39 20 14 50 68 51 63 35 66 68 64 98 71 97 57 2 39 12 73 4 84 38 68 52 91 86 21 66 9 79 66 87 11 68 83 22 4 67 30 83 86 68 19 44 23 66 69 57 16 6 41 41 19 82 61 79 34 26 13 30 91 43 69 85 8 44 58 5 74 50 90 86 90 75 22 63 99 41 31 12 30 0 64 88 48 46 62 4 57 96 3 68
38 18 35 14 6 17 63 31 34 10 85 23 76 66 9 22 12 60 38 91 75 86 57 42 43 26 99 98 90 87 25 21 96 72 98 63 25 22 41 65 42 12 22 21 63 24 46 27 72 24 37 15 55 100 88 48 50 27 43 50 52 70 100 55 29 45 81 48 51 72 65 7 98 59 70 10 90 99 98 14 52 69 12 91 37 22 91 97 19 38 8 62 99 94 36 1 51 77 81 70 5 75 58 32 58 54 6 13 81 57 89 47 39 66 16 50 4 36 0 81 9 17 22 36 14 40 97 85
2 51 67 81 62 87 11 68 98 42 28 65 41 16 36 45 12 88 20 38 34 20 42 11 34 3 57 1 63 26 84 18 63 95 87 58 38 97 2 39 49 96 27 45 30 8 22 100 11 82 14 19 14 0 38 62 33 38 27 90 41 30 27 20 32 41 41 97 2 26 94 55 29 60 10 9 94 5 31 81 9 34 20 20 11 74 13 2 24 24 85 11 63 8 49 58 46 72 16 58 13 89 71 92 43 1 41 87 6 77 52 36 83 53 87 28 53 12 19 0 31 67 71 47 33 7 92 44
88 29 80 31 10 78 68 49 81 87 20 67 36 17 55 5 87 70 52 64 68 34 76 34 2 57 72 30 25 23 17 6 12 31 28 80 75 22 82 51 6 68 50 16 65 77 100 48 64 66 18 96 63 4 86 13 95 39 12 6 14 80 93 65 81 81 8 77 42 22 95 32 57 91 13 4 55 69 46 31 59 17 69 71 44 47 99 0 34 87 44 42 38 31 86 59 43 45 53 97 10 5 40 70 69 12 15 100 11 29 88 23 44 55 36 8 55 52 91 69 0 3 22 16 73 11 59 98
35 14 95 12 67 39 54 18 19 39 3 12 30 1 77 8 34 95 95 98 27 76 10 88 0 64 20 71 28 73 74 83 29 95 71 86 84 59 36 65 99 11 23 15 50 23 71 84 9 82 24 73 58 84 56 93 88 84 66 75 52 13 90 12 8 65 9 84 39 90 77 7 75 75 81 28 62 22 41 57 89 59 93 41 42 70 90 2 34 93 16 23 39 86 84 36 97 17 57 45 76 73 81 13 29 47 86 23 23 88 20 24 67 27 37 92 12 54 83 33 97 0 96 21 24 99 48 68
4 51 59 42 12 25 72 34 23 19 95 75 61 96 24 95 15 81 66 36 39 67 40 52 14 76 12 60 57 34 55 4 94 37 26 2 92 86 41 29 93 74 68 48 62 47 0 57 73 6 30 34 58 73 57 83 3 14 81 44 85 29 0 9 56 98 96 82 77 18 6 75 70 6 81 98 74 62 52 41 86 4 78 38 46 88 41 21 88 85 85 89 100 73 35 100 6 92 49 37 57 70 88 13 96 93 16 32 48 85 53 63 35 80 33 70 61 38 78 29 78 4 0 78 52 53 27 89
48 33 34 12 68 83 39 47 88 76 75 18 50 85 39 39 81 37 35 61 15 57 30 18 35 6 40 14 31 18 4 62 78 72 43 7 20 21 65 74 9 37 86 78 59 51 66 41 26 2 71 26 72 9 11 90 73 8 90 44 96 18 45 28 63 22 57 85 25 7 56 96 90 52 96 75 1 53 42 71 83 0 69 62 66 79 19 41 42 68 9 24 77 57 58 51 63 38 94 36 87 89 33 15 45 50 21 1 26 90 68 86 71 94 26 58 97 96 64 53 84 79 22 0 28 66 2 96
97 95 94 42 38 41 29 92 80 18 0 95 27 5 90 30 18 85 14 71 64 69 19 64 66 99 51 61 40 23 42 98 87 45 71 72 72 1 80 83 91 52 65 68 23 46 80 72 7 20 83 39 90 32 15 41 97 27 25 7 100 23 87 97 11 38 23 82 88 8 39 47 45 67 54 49 58 86 6 15 43 77 47 65 87 1 87 6 100 58 8 11 17 95 38 89 83 6 93 18 70 79 83 54 46 47 68 84 69 62 65 91 20 90 76 90 77 43 86 67 27 76 48 72 0 11 46 87
80 17 23 60 56 21 41 33 99 90 11 48 96 0 36 60 3 48 36 75 65 94 50 94 20 53 58 70 29 15 46 42 8 34 84 51 81 60 37 52 51 59 46 27 36 97 2 83 14 88 4 42 74 93 26 23 0 84 23 62 31 91 8 76 53 91 63 70 44 69 79 69 46 66 82 38 1 0 37 21 8 61 70 98 26 33 81 99 78 51 18 14 49 3 4 85 2 65 2 38 80 93 59 15 12 67 49 96 46 36 27 11 28 76 16 45 65 4 60 93 89 1 47 34 89 0 90 47
11 66 96 83 34 24 62 83 80 54 90 48 98 10 38 46 12 77 63 25 10 46 44 7 83 52 35 53 23 74 9 52 24 75 76 61 81 14 75 72 15 88 38 65 74 13 81 55 60 13 30 18 13 61 74 71 34 28 48 24 1 46 7 94 55 37 68 35 49 85 63 75 100 19 91 44 86 81 62 71 84 43 100 78 22 94 48 6 94 42 13 84 59 4 50 39 3 72 40 53 95 16 43 49 85 35 63 88 6 5 92 10 25 57 37 21 18 97 3 8 41 52 73 98 54 10 0 86
85 66 86 62 17 5 36 37 77 99 4 51 74 1 60 71 80 1 57 36 67 87 52 42 50 57 40 8 59 36 10 46 75 53 95 46 66 39 53 56 79 84 28 96 8 75 70 24 95 4 21 32 41 2 48 68 12 48 36 60 27 25 81 14 86 30 29 84 51 4 27 59 78 87 37 81 85 17 97 74 9 41 64 57 71 5 75 6 25 27 52 57 14 63 69 45 35 84 65 42 35 30 4 31 40 28 43 72 24 95 31 13 69 79 9 66 50 32 15 56 2 32 11 4 13 53 14 0
