1800
999 1000 1001
1002 1003 999
999 1001 1002
1083 1084 1085
1081 1082 948
948 949 1081
1083 1085 948
948 1082 1083
1044 1045 1040
1042 1043 1044
1041 1042 1044
1044 1040 1041
1048 1049 1034
1034 1047 1048
1036 1047 1034
1034 1035 1036
1038 1039 1046
1046 1047 1038
1038 1047 1036
1036 1037 1038
1039 1040 1045
1045 1046 1039
1070 1071 1066
1066 1069 1070
1066 1068 1069
1066 1067 1068
1049 1050 1051
1051 1074 1049
1055 1056 1057
1057 1058 1055
1054 1055 1058
1058 1053 1054
1063 1064 1060
1060 1062 1063
1059 1060 1064
1064 1058 1059
1058 1064 1051
1051 1053 1058
1064 1074 1051
1051 1052 1053
1060 1061 1062
1064 1066 1073
1073 1074 1064
1071 1072 1073
1073 1066 1071
1064 1065 1066
1074 1075 1033
1034 1049 1074
1074 1033 1034
1033 1075 1029
1031 1032 1033
1033 1029 1031
1029 1030 1031
1020 1017 1018
1018 1019 1020
1029 1075 1080
949 1029 1080
1080 1081 949
1024 1025 1026
1026 1027 1024
951 1022 1023
1027 951 1023
1023 1024 1027
1027 1028 951
949 950 951
949 951 1028
1028 1029 949
1022 951 952
952 956 1022
955 956 952
952 953 954
954 955 952
1078 1079 1080
1080 1076 1078
1076 1077 1078
1080 1075 1076
1009 1010 1011
1011 1012 1009
1012 1008 1009
1008 1012 1013
1015 1008 1013
1013 1014 1015
959 961 956
956 957 958
958 959 956
959 960 961
1021 1022 956
956 961 1021
1021 961 1008
1015 1016 1021
1021 1008 1015
1016 1020 1021
1016 1017 1020
982 971 972
978 979 980
976 977 978
978 974 976
978 980 974
972 973 974
974 981 982
982 972 974
974 980 981
974 975 976
961 962 963
961 963 1006
1006 1008 961
1006 964 965
965 966 1006
1006 963 964
966 968 1006
966 967 968
1006 1007 1008
1004 1005 1006
1006 1003 1004
969 1003 1006
1006 968 969
989 990 991
993 994 995
992 993 995
992 995 988
988 989 991
991 992 988
987 988 995
996 997 998
998 986 987
987 996 998
998 985 986
987 995 996
998 999 984
984 985 998
969 970 983
983 999 969
983 984 999
999 1003 969
970 971 982
982 983 970
1347 1348 1345
1345 1346 1347
1296 1297 1299
1299 1303 1296
1303 1311 1296
1301 1302 1303
1303 1300 1301
1303 1299 1300
1297 1298 1299
1313 1248 1296
1312 1313 1296
1296 1311 1312
1248 1249 1296
1310 1311 1303
1306 1309 1310
1310 1303 1306
1309 1306 1307
1307 1308 1309
1306 1303 1304
1304 1305 1306
1254 1259 1250
1254 1250 1252
1252 1253 1254
1250 1251 1252
1295 1296 1249
1249 1250 1295
1260 1295 1250
1250 1259 1260
1259 1254 1255
1255 1257 1259
1255 1256 1257
1257 1258 1259
1295 1292 1293
1293 1294 1295
1260 1261 1292
1292 1295 1260
1272 1267 1268
1271 1272 1268
1268 1270 1271
1268 1269 1270
1266 1267 1272
1272 1273 1266
1275 1276 1266
1266 1273 1275
1273 1274 1275
1280 1281 1292
1262 1263 1264
1265 1277 1261
1261 1264 1265
1261 1262 1264
1279 1280 1277
1277 1278 1279
1292 1261 1277
1277 1280 1292
1277 1265 1266
1266 1276 1277
1288 1290 1291
1291 1292 1281
1287 1288 1291
1291 1281 1287
1281 1286 1287
1288 1289 1290
1283 1285 1286
1281 1282 1283
1283 1286 1281
1283 1284 1285
1328 1331 1322
1327 1328 1322
1322 1323 1327
1323 1324 1327
1331 1328 1329
1329 1330 1331
1325 1326 1327
1327 1324 1325
1318 1319 1331
1331 1314 1318
1314 1316 1317
1317 1318 1314
1314 1315 1316
1319 1320 1321
1321 1322 1319
1322 1331 1319
1248 1240 1241
1242 1247 1248
1248 1241 1242
1334 1236 1332
1332 1333 1334
1238 1240 1313
1313 1237 1238
1313 1314 1237
1240 1248 1313
1238 1239 1240
1332 1236 1237
1314 1331 1332
1332 1237 1314
1245 1246 1242
1242 1243 1245
1246 1247 1242
1243 1244 1245
1339 1340 1234
1236 1334 1335
1335 1235 1236
1336 1337 1338
1339 1234 1336
1336 1338 1339
1234 1235 1335
1335 1336 1234
1342 1343 1344
1344 1234 1340
1340 1342 1344
1234 1344 1232
1232 1233 1234
1344 1231 1232
1340 1341 1342
1350 1351 1353
1354 1349 1350
1350 1353 1354
1351 1352 1353
1344 1345 1349
1349 1354 1344
1345 1348 1349
1354 1231 1344
1375 1387 1228
1228 1229 1375
1387 1375 1376
1376 1377 1387
1387 1388 1228
1388 1389 1227
1227 1228 1388
1231 1354 1371
1371 1229 1230
1230 1231 1371
1229 1373 1374
1374 1375 1229
1229 1372 1373
1229 1371 1372
1367 1368 1358
1358 1361 1367
1368 1369 1370
1370 1358 1368
1354 1355 1370
1370 1371 1354
1356 1357 1358
1356 1358 1370
1370 1355 1356
1360 1361 1358
1358 1359 1360
1364 1365 1366
1366 1367 1363
1363 1364 1366
1367 1361 1362
1362 1363 1367
1378 1379 1380
1380 1381 1378
1383 1384 1385
1385 1386 1383
1381 1382 1383
1378 1381 1383
1383 1377 1378
1387 1377 1383
1383 1386 1387
1432 1407 1408
1409 1410 1430
1431 1432 1408
1430 1431 1408
1408 1409 1430
1407 1432 1433
1396 1407 1433
1433 1438 1396
1433 1434 1438
1396 1438 1439
1439 1158 1396
1435 1436 1438
1438 1434 1435
1436 1437 1438
1407 1396 1405
1405 1406 1407
1405 1396 1402
1402 1404 1405
1396 1401 1402
1402 1403 1404
1398 1401 1396
1396 1397 1398
1400 1401 1398
1398 1399 1400
1212 1223 1224
1224 1225 1212
1221 1222 1213
1213 1218 1221
1213 1217 1218
1219 1220 1221
1221 1218 1219
1216 1217 1213
1215 1216 1213
1213 1214 1215
1222 1223 1212
1212 1213 1222
1209 1210 1211
1211 1205 1206
1206 1209 1211
1206 1207 1208
1208 1209 1206
1226 1227 1203
1226 1203 1212
1212 1225 1226
1211 1212 1203
1204 1205 1211
1211 1203 1204
1165 1391 1392
1392 1164 1165
1394 1396 1392
1392 1393 1394
1394 1395 1396
1158 1159 1160
1160 1161 1158
1158 1161 1392
1392 1396 1158
1161 1163 1392
1163 1164 1392
1165 1166 1167
1167 1389 1165
1165 1389 1390
1390 1391 1165
1389 1167 1168
1168 1227 1389
1168 1203 1227
1161 1162 1163
1426 1427 1428
1413 1424 1425
1425 1412 1413
1426 1428 1412
1412 1425 1426
1430 1410 1411
1412 1428 1429
1429 1430 1412
1430 1411 1412
1418 1419 1420
1420 1416 1417
1417 1418 1420
1420 1421 1422
1422 1416 1420
1416 1422 1423
1413 1416 1423
1423 1424 1413
1413 1414 1415
1415 1416 1413
1196 1197 1200
1196 1193 1194
1194 1195 1196
1196 1192 1193
1196 1200 1192
1197 1198 1199
1199 1200 1197
1200 1201 1202
1169 1200 1202
1169 1202 1203
1203 1168 1169
1200 1169 1170
1200 1170 1171
1192 1200 1171
1187 1188 1192
1192 1171 1187
1171 1172 1187
1188 1191 1192
1191 1188 1189
1189 1190 1191
1180 1181 1182
1182 1183 1180
1185 1180 1183
1183 1184 1185
1173 1174 1180
1180 1187 1173
1187 1172 1173
1185 1186 1187
1187 1180 1185
1177 1179 1180
1180 1175 1176
1176 1177 1180
1180 1174 1175
1177 1178 1179
1102 1103 1098
1101 1102 1099
1099 1100 1101
1102 1098 1099
1096 1097 1098
1103 1104 1096
1096 1098 1103
1094 1095 1096
1096 1104 1094
1104 1093 1094
1091 1092 1089
1089 1090 1091
1089 1106 1107
1107 1088 1089
1105 1106 1093
1093 1104 1105
1089 1092 1093
1093 1106 1089
1085 1086 1087
1087 1107 1085
1087 1088 1107
1122 1123 1113
1122 1113 1114
1114 1115 1122
1115 1121 1122
1116 1120 1121
1121 1115 1116
1116 1119 1120
1116 1117 1118
1118 1119 1116
930 924 925
925 926 930
927 929 930
930 926 927
927 928 929
945 931 932
945 932 939
939 944 945
936 937 939
936 939 932
932 934 936
934 935 936
941 942 943
943 940 941
939 940 943
943 944 939
937 938 939
932 933 934
924 921 922
922 923 924
947 1134 1135
1135 918 947
1135 917 918
924 931 945
920 921 924
924 945 920
924 930 931
946 919 920
920 945 946
918 919 946
946 947 918
1132 1133 1134
948 1132 1134
1134 947 948
1107 1131 1132
1107 1132 948
948 1085 1107
1131 1109 1110
1110 1111 1131
1127 1130 1131
1131 1111 1127
1107 1108 1109
1109 1131 1107
1128 1129 1130
1130 1127 1128
1113 1123 1126
1126 1111 1112
1112 1113 1126
1126 1127 1111
1125 1126 1123
1123 1124 1125
915 916 1137
1137 912 915
912 913 915
913 914 915
1137 916 1135
1135 1136 1137
916 917 1135
911 912 1137
911 1137 1138
908 909 910
910 1138 908
1138 1139 908
910 911 1138
1139 1140 908
1142 1143 1144
1144 1145 1142
1141 1142 1146
1146 907 1141
1142 1145 1146
908 1140 1141
1141 907 908
1146 906 907
904 906 1146
1149 1146 1147
1147 1148 1149
1149 904 1146
904 905 906
891 892 893
895 896 891
891 893 895
890 891 896
890 896 897
897 1494 890
893 894 895
1151 1491 1493
1493 1494 1151
1491 1492 1493
898 1149 1150
1494 898 1150
1150 1151 1494
1494 897 898
903 904 900
900 901 903
901 902 903
904 1149 898
900 904 898
898 899 900
1451 1459 1447
1447 1450 1451
1449 1450 1447
1447 1448 1449
1461 1462 1447
1460 1461 1447
1447 1459 1460
1447 1462 1463
1465 1447 1463
1463 1464 1465
1453 1454 1455
1455 1457 1453
1457 1452 1453
1452 1457 1458
1458 1451 1452
1458 1459 1451
1444 1445 1446
1443 1444 1446
1446 1447 1465
1443 1446 1465
1466 1467 1443
1443 1465 1466
1455 1456 1457
1442 1158 1439
1439 1440 1442
1442 1153 1158
1440 1441 1442
1152 1153 1443
1443 1487 1151
1151 1152 1443
1153 1442 1443
1487 1443 1483
1483 1484 1486
1486 1487 1483
1484 1485 1486
1475 1480 1481
1474 1483 1443
1473 1469 1471
1471 1472 1473
1469 1470 1471
1468 1469 1474
1474 1443 1468
1469 1473 1474
1443 1467 1468
1481 1482 1483
1483 1474 1481
1474 1475 1481
1479 1480 1475
1478 1479 1475
1478 1475 1476
1476 1477 1478
1487 1488 1489
1490 1151 1487
1487 1489 1490
1490 1491 1151
1157 1158 1153
1153 1156 1157
1156 1153 1154
1154 1155 1156
1699 1695 1696
1697 1698 1699
1699 1696 1697
1702 1686 1700
1700 1701 1702
1686 1691 1700
1687 1688 1691
1691 1686 1687
1688 1690 1691
1691 1693 1694
1700 1691 1694
1694 1699 1700
1694 1695 1699
1691 1692 1693
1688 1689 1690
1686 1702 1703
1703 1704 1686
1704 1681 1682
1682 1683 1704
1704 1705 1707
1707 1680 1681
1681 1704 1707
1705 1706 1707
1683 1684 1685
1685 1686 1683
1686 1704 1683
1716 1717 1718
1718 1719 1716
1719 1712 1713
1716 1719 1713
1713 1714 1716
1714 1715 1716
1677 1673 1674
1674 1676 1677
1674 1675 1676
1668 1669 1670
1677 1678 1668
1671 1677 1668
1668 1670 1671
1673 1677 1671
1671 1672 1673
1708 1709 1679
1680 1707 1708
1708 1679 1680
1720 1663 1667
1668 1710 1720
1720 1667 1668
1668 1678 1710
1719 1720 1710
1712 1719 1710
1710 1711 1712
1709 1710 1678
1678 1679 1709
1667 1663 1664
1666 1667 1664
1664 1665 1666
49 26 27
48 49 41
41 47 48
49 27 41
41 44 45
45 47 41
45 46 47
42 43 44
44 41 42
50 51 5
5 25 50
25 49 50
25 26 49
6 7 16
16 5 6
21 5 16
16 19 21
19 20 21
16 17 18
18 19 16
24 21 22
22 23 24
24 25 5
5 21 24
14 15 16
14 16 7
7 8 13
13 14 7
8 9 10
11 12 13
13 8 10
10 11 13
1796 3 4
1795 1796 4
4 1794 1795
4 5 1794
1798 1799 1800
1800 1797 1798
1800 2 3
3 1797 1800
3 1796 1797
1800 1 2
55 1794 52
52 54 55
52 53 54
51 52 1794
1794 5 51
36 37 38
29 30 41
41 27 29
30 31 41
31 35 41
27 28 29
41 35 36
40 41 38
38 39 40
41 36 38
32 33 34
34 31 32
34 35 31
67 77 61
61 62 67
77 67 68
76 77 68
69 75 76
76 68 69
69 70 74
74 75 69
73 74 70
70 72 73
70 71 72
62 63 64
64 65 62
65 67 62
65 66 67
1584 1585 1586
1583 1586 61
61 77 1583
77 1582 1583
1586 59 60
60 61 1586
1583 1584 1586
83 79 81
81 82 83
79 80 81
84 1567 79
79 83 84
84 85 1567
1580 1581 1582
1582 1579 1580
1582 77 1579
1579 77 78
79 1567 1576
1576 78 79
1576 1579 78
1572 1576 1567
1567 1568 1572
1568 1569 1570
1570 1571 1568
1571 1572 1568
1579 1576 1577
1577 1578 1579
1576 1573 1574
1574 1575 1576
1576 1572 1573
57 58 1607
1607 1608 57
58 1606 1607
59 1586 1606
1606 58 59
1589 1590 1591
1591 1592 1588
1588 1589 1591
1592 1587 1588
1586 1587 1592
1606 1586 1592
1592 1604 1606
1604 1598 1599
1599 1600 1604
1594 1595 1596
1596 1597 1594
1597 1598 1593
1593 1594 1597
1598 1604 1592
1592 1593 1598
1604 1605 1606
1601 1602 1603
1600 1601 1603
1603 1604 1600
1659 1660 1662
1662 1721 1659
1663 1720 1721
1721 1662 1663
1722 1658 1659
1659 1721 1722
1660 1661 1662
1787 1658 1722
1722 1786 1787
1792 1793 1794
1794 1610 1657
1657 1658 1794
1794 1609 1610
1794 1658 1787
1787 1792 1794
1790 1791 1788
1788 1789 1790
1791 1792 1788
1792 1787 1788
1609 55 57
57 1608 1609
1609 1794 55
55 56 57
1757 1758 1759
1759 1764 1757
1785 1786 1756
1756 1757 1764
1764 1785 1756
1771 1772 1784
1784 1767 1771
1764 1766 1767
1785 1764 1767
1767 1784 1785
1764 1765 1766
1768 1770 1771
1771 1767 1768
1768 1769 1770
1753 1754 1756
1756 1786 1753
1754 1755 1756
1753 1786 1722
1753 1723 1751
1751 1752 1753
1753 1722 1723
1725 1751 1723
1723 1724 1725
1725 1726 1751
1760 1761 1762
1762 1759 1760
1764 1759 1762
1762 1763 1764
1734 1735 1736
1750 1751 1737
1750 1737 1738
1738 1739 1750
1726 1734 1736
1751 1726 1736
1736 1737 1751
1746 1747 1748
1748 1744 1745
1745 1746 1748
1748 1743 1744
1739 1740 1741
1749 1750 1739
1742 1743 1748
1748 1749 1742
1742 1749 1739
1739 1741 1742
1729 1730 1726
1726 1727 1728
1728 1729 1726
1726 1732 1733
1733 1734 1726
1726 1730 1731
1731 1732 1726
1784 1772 1773
1783 1784 1778
1778 1779 1783
1784 1773 1778
1781 1782 1783
1783 1780 1781
1783 1779 1780
1773 1777 1778
1777 1773 1774
1774 1775 1776
1776 1777 1774
1615 1657 1610
1614 1610 1612
1612 1613 1614
1610 1611 1612
1614 1615 1610
1627 1629 1630
1630 1624 1627
1630 1623 1624
1627 1628 1629
1621 1622 1623
1620 1621 1623
1623 1630 1620
1630 1619 1620
1624 1625 1626
1626 1627 1624
1633 1616 1617
1617 1632 1633
1619 1630 1631
1619 1631 1632
1632 1617 1618
1618 1619 1632
1643 1644 1615
1642 1643 1615
1641 1642 1615
1615 1640 1641
1633 1638 1615
1615 1616 1633
1638 1639 1640
1640 1615 1638
1635 1636 1637
1633 1635 1637
1637 1638 1633
1633 1634 1635
1644 1657 1615
1650 1651 1652
1653 1649 1650
1650 1652 1653
1656 1644 1645
1656 1649 1653
1653 1655 1656
1656 1648 1649
1647 1648 1656
1656 1645 1646
1646 1647 1656
1653 1654 1655
1656 1657 1644
200 114 115
199 200 115
115 116 199
1531 1532 1525
1527 1528 1529
1529 1530 1527
1530 1525 1526
1526 1527 1530
1530 1531 1525
1534 1524 1525
1525 1532 1533
1533 1534 1525
1522 1523 1524
1524 1521 1522
1565 1566 1567
1567 85 1565
87 88 89
89 86 87
216 89 213
213 214 215
215 216 213
1540 1565 85
85 89 1540
85 86 89
89 216 1540
1541 1542 1564
1564 1565 1540
1540 1541 1564
1563 1564 1542
1542 1543 1563
1562 1563 1543
1543 1561 1562
1540 216 217
1540 217 218
218 1538 1540
218 1536 1538
1536 1537 1538
1536 218 219
1521 1534 1535
1535 219 1521
1535 1536 219
1521 1524 1534
1538 1539 1540
1547 1544 1545
1545 1546 1547
1550 1561 1543
1549 1550 1543
1547 1548 1549
1549 1544 1547
1549 1543 1544
1550 1554 1560
1560 1561 1550
1554 1559 1560
1551 1552 1553
1553 1554 1550
1550 1551 1553
1556 1557 1558
1558 1559 1555
1555 1556 1558
1559 1554 1555
99 100 94
98 99 94
94 96 98
94 95 96
96 97 98
90 91 109
109 210 90
89 90 212
212 213 89
90 210 212
210 211 212
108 109 91
91 94 108
91 92 94
92 93 94
107 108 94
94 106 107
106 94 100
101 102 106
106 100 101
103 104 106
106 102 103
104 105 106
111 204 208
208 109 110
110 111 208
204 207 208
208 209 109
209 210 109
204 205 206
206 207 204
112 203 204
204 111 112
202 203 112
112 201 202
112 200 201
113 114 200
200 112 113
339 308 309
309 310 339
305 306 307
345 359 304
304 344 345
304 343 344
305 341 342
342 343 304
304 305 342
308 340 305
305 307 308
340 341 305
308 339 340
299 300 303
303 367 299
359 367 303
303 304 359
300 301 302
302 303 300
375 297 298
375 298 299
299 367 375
374 375 367
367 368 374
370 371 374
374 369 370
374 368 369
373 374 371
371 372 373
378 379 296
296 297 378
296 379 294
294 295 296
378 297 375
375 376 377
377 378 375
365 360 361
362 364 365
365 361 362
362 363 364
360 365 367
367 359 360
365 366 367
357 358 359
356 347 348
349 350 351
352 353 356
356 349 351
351 352 356
356 348 349
357 359 345
345 356 357
347 356 345
345 346 347
354 355 356
356 353 354
337 338 323
323 324 337
322 323 338
338 321 322
321 338 319
319 320 321
319 338 317
317 318 319
338 312 317
338 339 310
310 311 338
311 312 338
314 315 316
316 313 314
317 312 313
313 316 317
324 336 337
326 327 328
329 330 331
335 336 324
325 326 328
325 328 334
335 324 325
325 334 335
328 333 334
333 328 329
331 332 333
333 329 331
415 416 417
417 414 415
418 419 274
417 418 274
274 413 417
413 414 417
274 276 413
274 275 276
423 274 419
419 422 423
419 421 422
419 420 421
424 425 274
274 423 424
410 411 400
401 405 409
409 410 401
410 400 401
412 399 400
400 411 412
405 406 407
407 408 405
408 409 405
412 413 399
403 404 405
405 401 402
402 403 405
282 283 284
284 285 287
287 280 284
280 282 284
280 281 282
285 286 287
293 290 291
291 292 293
294 379 380
380 381 289
289 294 380
294 289 290
290 293 294
289 381 287
287 288 289
389 397 398
387 389 398
398 399 387
387 388 389
395 396 391
395 392 393
393 394 395
395 391 392
397 389 390
390 391 396
396 397 390
382 383 287
287 381 382
385 386 387
387 399 385
399 384 385
276 277 384
399 413 276
276 384 399
277 280 383
383 384 277
280 287 383
279 280 277
277 278 279
266 259 263
266 263 264
264 265 266
260 261 262
262 259 260
262 263 259
266 258 259
268 269 270
270 271 258
258 266 267
258 267 268
268 270 258
272 273 274
274 258 271
271 272 274
429 248 249
249 274 428
428 429 249
249 250 274
427 428 274
274 425 427
425 426 427
255 256 257
258 254 255
255 257 258
258 274 250
250 254 258
254 250 251
253 254 251
251 252 253
244 245 246
246 243 244
246 467 243
247 248 429
429 430 247
430 246 247
246 431 466
466 467 246
246 430 431
431 439 466
439 440 441
441 463 464
464 465 466
464 466 439
439 441 464
436 433 434
434 435 436
437 432 433
433 436 437
437 439 431
431 432 437
437 438 439
449 445 447
447 448 449
449 450 445
445 446 447
452 441 445
451 452 445
445 450 451
453 454 455
455 456 457
457 452 453
453 455 457
461 441 452
461 452 459
459 460 461
461 462 463
463 441 461
457 458 459
459 452 457
444 445 441
443 444 441
441 442 443
797 782 792
792 796 797
795 796 792
792 793 795
793 794 795
792 784 785
785 791 792
792 782 783
783 784 792
806 827 828
828 805 806
827 806 807
809 827 807
807 808 809
809 826 827
775 776 805
805 828 775
781 782 802
776 777 778
776 778 781
781 802 776
778 779 780
780 781 778
797 798 800
800 801 802
802 797 800
798 799 800
802 782 797
803 804 805
805 802 803
805 776 802
791 785 786
788 789 786
786 787 788
789 790 786
790 791 786
829 771 772
772 828 829
771 829 853
853 854 771
850 837 843
845 850 843
843 844 845
837 838 843
839 840 841
842 843 838
839 841 842
842 838 839
835 851 852
852 853 835
837 850 851
836 837 851
851 835 836
830 831 835
830 835 853
853 829 830
831 832 833
833 835 831
833 834 835
775 828 772
772 774 775
772 773 774
850 845 846
848 850 846
846 847 848
848 849 850
817 818 823
823 816 817
819 821 822
823 818 819
819 822 823
819 820 821
815 816 809
810 814 815
815 809 810
826 809 824
824 825 826
824 809 816
816 823 824
810 811 812
812 814 810
812 813 814
736 733 734
734 735 736
736 737 733
730 731 726
727 729 730
730 726 727
727 728 729
725 726 731
742 743 724
741 742 724
725 731 741
741 724 725
731 732 741
738 739 740
737 738 740
732 733 737
737 740 732
740 741 732
716 747 748
716 750 713
713 715 716
713 714 715
716 748 749
749 750 716
746 747 716
746 716 717
717 718 745
745 746 717
722 723 724
724 744 722
724 743 744
721 722 744
745 718 721
721 744 745
718 719 721
719 720 721
680 765 678
678 679 680
680 763 764
764 765 680
678 765 771
857 677 678
678 771 857
771 854 856
856 857 771
854 855 856
768 769 766
766 767 768
771 766 769
769 770 771
771 765 766
753 699 751
751 752 753
753 696 697
697 698 753
698 699 753
693 694 695
695 696 693
696 753 693
763 680 681
756 757 758
758 681 756
760 761 762
760 762 681
681 759 760
681 758 759
762 763 681
691 692 693
686 687 688
686 688 689
689 684 686
684 685 686
689 690 691
689 691 693
693 684 689
683 754 755
683 755 756
683 756 681
681 682 683
693 753 754
754 684 693
754 683 684
701 702 704
704 705 701
702 703 704
705 700 701
706 707 708
709 710 706
706 708 709
710 711 712
710 712 705
705 706 710
700 705 712
712 713 700
700 713 751
751 699 700
713 750 751
674 675 676
676 677 674
677 857 674
860 861 862
656 863 864
864 865 656
670 863 656
656 669 670
862 863 670
670 860 862
670 671 860
657 658 668
657 668 669
669 656 657
858 859 860
860 671 858
674 857 672
672 673 674
858 671 672
672 857 858
665 666 667
667 668 665
663 665 668
668 658 663
663 664 665
663 658 659
662 663 659
661 662 659
659 660 661
607 608 604
604 605 607
605 606 607
602 603 604
604 608 602
608 609 602
610 600 602
602 609 610
600 601 602
610 611 600
567 568 569
566 596 562
566 562 563
563 564 566
564 565 566
566 567 569
569 596 566
596 569 570
577 578 596
596 570 577
571 572 573
570 573 574
574 577 570
570 571 573
575 576 577
577 574 575
587 588 584
586 587 584
584 585 586
578 579 595
595 596 578
592 593 594
594 595 579
579 580 594
580 592 594
581 582 583
589 590 591
592 580 589
589 591 592
580 581 589
589 581 583
589 583 584
584 588 589
624 625 544
544 546 624
546 623 624
544 545 546
546 547 622
622 623 546
618 619 620
618 620 621
617 618 621
621 622 617
617 622 548
548 551 617
622 547 548
551 616 617
548 549 551
549 550 551
615 616 551
551 552 615
613 614 615
613 615 552
552 600 613
600 611 612
612 613 600
557 554 555
555 556 557
560 600 553
553 559 560
553 554 557
557 559 553
557 558 559
600 552 553
599 560 561
561 562 599
599 600 560
562 596 597
597 599 562
597 598 599
637 638 639
639 636 637
634 636 639
639 633 634
632 633 639
639 631 632
634 635 636
647 649 651
651 652 647
647 648 649
649 650 651
653 654 874
874 647 652
652 653 874
544 625 874
543 544 874
874 542 543
625 647 874
655 873 874
874 654 655
871 872 655
871 655 656
656 865 871
872 873 655
869 870 871
867 868 869
869 871 867
866 867 871
871 865 866
629 630 631
628 629 631
631 627 628
631 626 627
641 642 643
626 631 639
639 640 626
643 644 640
640 641 643
646 647 625
645 625 626
626 640 644
644 645 626
645 646 625
1507 1519 1503
1504 1505 1507
1507 1503 1504
1505 1506 1507
1507 1518 1519
1510 1511 1512
1512 1513 1510
1517 1518 1513
1513 1514 1517
1513 1507 1508
1508 1510 1513
1508 1509 1510
1513 1518 1507
1516 1517 1514
1514 1515 1516
1520 1521 1500
1500 1501 1520
1520 1502 1503
1503 1519 1520
1520 1501 1502
1500 1521 219
1500 219 220
220 887 1500
220 230 887
222 223 227
227 228 222
220 221 222
222 230 220
229 230 222
222 228 229
889 1495 1496
1496 888 889
1496 1497 888
889 1494 1495
889 890 1494
1497 1498 1499
1499 887 888
888 1497 1499
1499 1500 887
226 227 224
224 225 226
227 223 224
535 536 537
880 881 882
882 879 880
879 882 883
883 884 879
530 531 532
532 884 530
884 529 530
877 878 879
884 532 877
877 879 884
540 876 877
540 877 535
535 537 538
538 539 535
539 540 535
541 542 874
876 540 541
541 875 876
541 874 875
532 533 534
877 532 534
534 535 877
521 522 523
523 524 521
524 887 230
230 521 524
231 520 521
521 230 231
885 886 887
887 884 885
887 524 884
884 527 528
528 529 884
884 524 525
525 526 527
527 884 525
476 478 240
240 243 476
476 477 478
474 469 471
471 473 474
471 472 473
467 468 469
467 469 474
474 475 467
475 476 467
476 243 467
469 470 471
241 242 243
243 240 241
240 478 479
479 493 240
492 479 480
480 481 492
492 493 479
486 487 488
488 492 486
486 492 481
481 482 486
492 488 489
489 490 492
490 491 492
485 486 482
483 484 485
485 482 483
238 498 499
501 512 238
499 500 501
501 238 499
497 238 239
240 493 497
497 239 240
497 498 238
496 497 493
496 493 494
494 495 496
515 516 512
512 514 515
512 516 237
237 238 512
516 236 237
518 236 516
516 517 518
512 513 514
232 233 520
520 231 232
518 234 235
235 236 518
518 519 233
233 234 518
519 520 233
502 503 508
508 509 502
508 503 504
507 508 504
504 506 507
504 505 506
501 502 511
511 512 501
509 510 511
511 502 509
197 198 199
196 197 199
199 116 196
196 167 194
194 195 196
194 178 192
192 193 194
194 167 178
178 191 192
196 116 167
116 117 118
116 118 166
166 167 116
176 177 178
167 169 170
170 178 167
170 171 176
176 178 170
167 168 169
171 172 174
171 174 175
175 176 171
172 173 174
187 182 183
183 186 187
191 178 189
189 190 191
187 188 189
189 178 187
178 179 180
178 180 181
181 182 178
182 187 178
185 186 183
183 184 185
157 163 164
164 123 157
164 120 121
121 122 123
123 164 121
158 162 163
163 157 158
164 119 120
164 165 166
166 118 164
118 119 164
158 159 161
161 162 158
159 160 161
126 127 128
128 138 124
124 125 126
126 128 124
135 132 133
133 134 135
137 132 135
135 136 137
137 130 131
131 132 137
130 137 138
138 128 129
129 130 138
147 148 149
146 147 149
149 141 145
145 146 149
145 141 142
142 144 145
149 138 139
139 141 149
139 140 141
138 149 157
124 138 157
157 123 124
157 149 150
157 150 154
156 157 154
154 155 156
150 151 153
153 154 150
151 152 153
142 143 144
