2000
342 343 344
362 363 364
364 361 362
342 344 345
342 345 357
357 358 342
342 358 359
555 359 360
360 361 555
555 342 359
364 365 555
555 361 364
544 545 555
555 365 544
545 554 555
346 350 351
351 357 346
357 345 346
349 350 346
346 348 349
346 347 348
355 356 357
353 357 351
351 352 353
355 357 353
353 354 355
342 555 556
342 558 559
559 560 342
557 558 342
342 556 557
547 548 549
551 545 546
549 550 551
547 549 551
551 546 547
554 545 551
551 552 553
553 554 551
499 500 501
501 502 499
502 517 499
517 502 503
503 504 505
505 517 503
505 516 517
513 514 515
506 507 508
508 516 505
505 506 508
516 508 510
511 512 513
515 516 510
510 511 515
511 513 515
508 509 510
527 472 473
526 527 473
474 525 526
526 473 474
490 493 495
495 488 490
488 489 490
491 492 493
493 490 491
493 494 495
517 497 498
498 499 517
517 518 497
521 496 497
519 520 521
519 521 497
497 518 519
496 521 475
487 488 495
495 475 487
495 496 475
524 525 474
475 521 524
524 474 475
524 521 522
522 523 524
481 482 479
479 480 481
475 476 477
477 478 475
475 478 482
482 483 484
487 475 482
482 484 487
484 485 487
485 486 487
478 479 482
435 436 437
438 439 401
401 435 438
435 437 438
400 401 440
440 441 400
401 439 440
431 432 406
406 407 431
407 430 431
433 434 406
406 432 433
435 404 406
406 434 435
404 405 406
401 402 404
404 435 401
402 403 404
425 426 427
427 430 425
430 427 428
428 429 430
418 419 425
418 425 430
430 411 418
411 412 413
418 411 413
413 416 418
416 413 414
414 415 416
419 420 421
421 425 419
424 425 421
421 422 424
422 423 424
416 417 418
409 410 411
411 407 409
407 408 409
411 430 407
441 446 447
447 400 441
443 445 446
446 441 443
441 442 443
399 400 447
399 447 397
397 398 399
447 448 397
443 444 445
381 382 371
371 380 381
382 369 370
370 371 382
368 369 382
382 383 368
452 453 527
452 527 528
528 451 452
529 530 451
451 528 529
365 366 367
367 532 544
544 365 367
450 532 367
367 449 450
368 448 449
449 367 368
532 450 451
532 451 530
530 531 532
395 396 397
395 397 448
448 368 395
392 393 394
394 395 392
384 385 390
395 368 383
383 384 395
390 391 392
392 395 384
384 390 392
387 389 385
385 386 387
389 390 385
387 388 389
532 533 541
543 532 541
541 542 543
543 544 532
535 536 537
537 538 535
538 534 535
533 534 538
538 539 533
539 540 533
540 541 533
459 460 461
461 462 459
457 458 459
459 462 463
463 457 459
464 454 455
464 455 456
456 457 463
463 464 456
466 467 468
468 469 466
466 469 454
454 464 466
464 465 466
470 471 454
454 469 470
454 471 472
472 453 454
472 527 453
372 373 378
372 378 379
379 371 372
379 380 371
375 376 377
377 378 375
373 374 375
375 378 373
131 127 128
129 130 131
131 128 129
125 126 127
90 93 94
94 95 90
90 91 92
92 93 90
95 96 131
131 89 90
90 95 131
131 96 97
131 97 98
98 100 105
131 98 105
105 106 131
98 99 100
125 127 131
131 106 125
104 100 101
101 102 104
104 105 100
102 103 104
138 139 140
135 136 137
140 135 137
137 138 140
83 135 140
140 82 83
84 133 135
135 83 84
133 134 135
74 75 81
81 143 74
81 140 141
141 142 81
142 143 81
81 82 140
79 76 77
77 78 79
79 80 81
81 76 79
81 75 76
85 86 87
87 88 89
89 85 87
133 84 85
132 133 85
131 132 85
85 89 131
111 116 122
122 110 111
111 112 116
117 118 122
122 116 117
115 116 112
112 113 114
114 115 112
120 121 122
119 120 122
122 118 119
107 108 124
107 124 125
125 106 107
108 122 123
123 124 108
108 109 110
110 122 108
832 833 834
835 836 837
837 834 835
837 832 834
837 838 832
839 657 658
838 839 658
760 761 832
658 760 832
832 838 658
820 816 817
818 819 820
820 817 818
826 829 824
824 825 826
824 829 815
815 816 820
820 824 815
829 826 827
827 828 829
821 822 823
821 823 824
824 820 821
797 773 795
795 796 797
798 799 800
800 801 798
801 803 804
801 804 805
805 798 801
798 805 806
806 807 798
761 797 798
798 807 761
801 802 803
762 763 764
764 797 761
761 762 764
764 773 797
795 773 774
774 794 795
776 788 789
775 776 789
775 789 790
790 774 775
792 793 794
790 792 794
794 774 790
790 791 792
786 787 788
788 776 786
776 777 786
780 785 777
777 779 780
777 778 779
785 786 777
784 781 782
782 783 784
785 780 781
781 784 785
832 761 830
830 831 832
830 761 807
808 810 811
811 807 808
808 809 810
807 811 812
812 829 807
829 830 807
814 815 829
813 814 829
829 812 813
768 765 766
766 767 768
768 770 765
771 772 773
773 764 765
765 771 773
765 770 771
768 769 770
730 731 732
732 729 730
729 732 739
739 728 729
732 738 739
732 733 738
735 736 737
734 735 737
738 733 734
734 737 738
722 723 724
724 725 722
722 725 726
726 728 722
726 727 728
722 711 720
720 721 722
711 719 720
711 722 704
704 705 711
711 712 713
719 711 714
716 719 714
714 715 716
711 713 714
722 728 700
700 701 702
702 722 700
702 703 704
704 722 702
741 742 743
739 743 744
745 728 739
739 744 745
739 740 741
741 743 739
693 694 698
698 699 693
697 698 694
697 694 695
695 696 697
699 688 693
728 745 746
686 700 728
728 746 686
686 688 700
686 687 688
688 699 700
690 693 688
688 689 690
717 718 719
719 716 717
709 705 706
706 708 709
706 707 708
705 709 710
710 711 705
686 752 753
753 685 686
750 751 752
747 748 749
746 747 749
749 750 746
750 752 746
752 686 746
680 681 678
678 679 680
682 675 676
678 681 682
682 676 678
676 677 678
673 674 666
666 667 673
757 661 662
662 663 757
757 663 664
664 756 757
684 664 665
665 666 684
666 682 683
683 684 666
666 674 682
674 675 682
684 756 664
672 673 667
667 670 672
670 671 672
667 668 669
669 670 667
759 760 658
759 658 757
757 758 759
660 661 757
757 659 660
757 658 659
684 754 755
755 756 684
753 754 684
684 685 753
691 692 693
693 690 691
579 580 604
604 578 579
580 603 604
601 602 603
601 603 580
580 585 601
585 586 601
601 586 599
599 600 601
580 581 582
582 583 580
580 583 584
584 585 580
597 594 595
595 596 597
598 586 592
592 597 598
586 587 591
591 592 586
598 599 586
592 593 594
594 597 592
587 588 589
589 591 587
589 590 591
605 609 568
568 604 605
606 607 608
608 609 605
605 606 608
578 604 568
568 577 578
577 568 569
569 570 577
570 571 574
574 577 570
571 572 574
574 575 577
575 576 577
572 573 574
561 564 612
612 560 561
561 562 564
562 563 564
566 612 564
564 565 566
566 567 612
612 609 610
610 611 612
568 609 612
612 567 568
613 342 560
560 612 613
643 644 645
645 640 641
641 643 645
641 642 643
315 316 313
313 314 315
316 317 313
312 313 328
328 311 312
313 318 328
313 317 318
329 330 331
331 308 309
328 329 331
331 309 310
328 331 310
310 311 328
325 326 327
328 318 325
325 327 328
318 319 320
320 321 322
322 318 320
325 318 322
324 325 322
322 323 324
336 337 333
333 335 336
333 334 335
337 331 332
332 333 337
331 337 339
339 308 331
337 338 339
296 302 308
280 296 308
308 339 280
279 280 339
339 340 279
302 303 304
304 305 302
306 307 308
308 302 305
305 306 308
300 301 298
298 299 300
301 302 296
301 296 297
297 298 301
342 613 614
616 617 342
615 616 342
342 614 615
633 634 635
276 277 637
637 638 274
274 276 637
274 275 276
632 633 635
635 278 632
637 277 278
635 636 637
637 278 635
278 279 340
340 341 278
630 631 632
632 617 630
341 617 632
632 278 341
341 342 617
617 618 619
624 630 617
617 619 624
624 625 630
619 620 621
624 619 621
621 622 624
622 623 624
630 627 628
628 629 630
630 625 626
626 627 630
294 296 280
280 281 291
292 293 294
280 291 292
292 294 280
281 282 283
284 285 290
290 291 284
281 283 284
284 291 281
288 289 286
286 287 288
290 285 286
286 289 290
294 295 296
639 645 264
264 638 639
639 640 645
272 273 264
269 271 272
272 264 269
269 270 271
268 269 264
264 266 268
264 265 266
638 264 273
273 274 638
266 267 268
648 645 646
646 647 648
649 264 645
645 648 649
657 839 840
840 656 657
842 656 840
840 841 842
651 263 264
651 264 649
649 650 651
654 655 656
846 847 848
260 261 653
653 851 260
849 850 851
849 851 653
848 849 656
656 842 846
846 848 656
849 653 656
653 654 656
652 653 261
652 261 262
262 651 652
262 263 651
845 846 842
842 843 844
844 845 842
855 856 857
857 853 854
854 855 857
891 892 853
857 890 891
891 853 857
861 862 863
868 869 880
880 866 867
867 868 880
880 881 866
865 881 859
859 860 865
864 865 860
860 863 864
860 861 863
865 866 881
872 878 879
879 871 872
879 869 871
869 870 871
879 880 869
883 884 881
881 882 883
881 885 886
886 887 881
881 887 888
888 889 890
890 858 888
881 888 858
858 859 881
890 857 858
881 884 885
875 876 877
877 874 875
877 878 874
872 873 874
874 878 872
906 907 908
905 906 908
908 900 902
902 905 908
902 903 904
904 905 902
900 901 902
1986 896 897
897 1985 1986
897 898 1985
1993 1995 248
248 1992 1993
1993 1994 1995
892 893 894
851 852 894
894 248 851
894 1992 248
853 892 894
894 852 853
894 1991 1992
896 1986 1987
1987 1991 895
895 896 1987
1988 1989 1990
1988 1990 1991
1991 1987 1988
1991 894 895
899 1983 1985
1985 898 899
1983 1984 1985
899 900 909
909 1983 899
900 908 909
254 257 259
254 259 251
251 252 254
257 258 259
260 851 251
251 259 260
249 250 851
851 248 249
250 251 851
252 253 254
257 254 255
255 256 257
1983 1977 1978
1978 1982 1983
1982 1978 1979
1979 1980 1981
1981 1982 1979
909 910 1977
1977 1983 909
1970 1976 1977
1968 1969 1970
1970 1977 1968
911 1967 1968
911 1968 1977
1977 910 911
1974 1975 1971
1971 1972 1973
1973 1974 1971
1975 1970 1971
1975 1976 1970
159 19 20
20 158 159
145 151 152
152 153 144
144 145 152
150 151 145
149 146 147
147 148 149
149 150 146
150 145 146
73 74 68
71 72 73
73 68 71
74 156 21
21 68 74
74 144 153
155 74 153
153 154 155
155 156 74
74 143 144
20 21 156
20 156 157
157 158 20
70 71 68
68 69 70
1998 1999 1
1 3 10
10 1998 1
1 2 3
1999 2000 1
7 8 9
6 7 9
9 3 6
9 10 3
6 3 4
4 5 6
240 244 238
238 239 240
240 241 242
242 243 244
244 240 242
237 238 246
246 247 1995
1995 237 246
238 245 246
238 244 245
1995 160 237
247 248 1995
19 160 1996
1996 18 19
160 1995 1996
14 15 16
16 17 14
17 18 1996
1996 14 17
1997 1998 10
10 1996 1997
1996 12 13
13 14 1996
11 12 1996
1996 10 11
19 159 160
169 170 171
172 166 167
167 169 172
169 171 172
172 164 165
165 166 172
163 164 172
172 162 163
167 168 169
235 236 176
176 234 235
237 160 176
176 236 237
162 176 160
160 161 162
175 176 162
173 175 162
162 172 173
173 174 175
232 233 234
231 232 234
234 229 230
230 231 234
234 176 229
177 204 205
205 176 177
205 206 176
207 208 176
176 206 207
176 208 209
209 227 176
229 176 227
227 228 229
224 221 222
222 223 224
224 220 221
216 217 226
226 215 216
218 225 226
226 217 218
218 220 224
224 225 218
218 219 220
209 210 215
209 215 226
226 227 209
214 215 212
212 213 214
215 210 211
211 212 215
186 187 188
188 189 186
186 189 190
190 185 186
185 190 191
191 183 185
194 191 192
192 193 194
194 183 191
183 184 185
178 202 203
177 178 203
203 204 177
195 200 201
202 178 183
183 194 201
201 202 183
194 195 201
182 183 178
181 182 178
178 179 181
179 180 181
195 196 198
198 200 195
196 197 198
198 199 200
1805 1806 1807
1807 1796 1798
1798 1804 1805
1805 1807 1798
1795 1796 1807
1795 1807 1793
1793 1794 1795
1807 1808 1793
1802 1803 1804
1802 1804 1798
1798 1801 1802
1800 1801 1798
1798 1799 1800
1796 1797 1798
1937 1938 1939
1937 1939 1940
1940 1941 1936
1936 1937 1940
1941 1933 1935
1935 1936 1941
1933 1934 1935
1945 1946 1947
1945 1953 1954
1933 1954 1869
1869 1870 1933
1945 1954 1933
1933 1944 1945
1952 1953 1945
1945 1947 1952
1948 1949 1950
1952 1947 1948
1948 1951 1952
1948 1950 1951
1868 1869 1954
1955 1956 1957
1954 1955 1958
1958 1868 1954
1955 1957 1958
1941 1942 1943
1943 1944 1941
1944 1933 1941
1823 1824 924
1818 1819 1820
1820 1822 1818
1820 1821 1822
1822 1768 1818
1768 1822 1823
1823 924 1768
1767 1768 924
924 1766 1767
924 1765 1766
1868 1964 920
920 922 1868
1868 1958 1964
920 921 922
924 1824 1867
923 924 1867
1867 1868 923
1868 922 923
1824 1825 1866
1866 1867 1824
1961 1962 1958
1960 1961 1958
1958 1959 1960
1964 1958 1962
1962 1963 1964
913 914 915
1966 1967 911
1966 911 915
915 1964 1966
911 912 915
912 913 915
915 916 917
917 1964 915
919 920 1964
1964 917 919
917 918 919
1964 1965 1966
1773 1770 1771
1771 1772 1773
1773 1774 1770
1775 1776 1770
1770 1774 1775
1809 1810 1792
1808 1809 1792
1792 1793 1808
1780 1781 1782
1782 1783 1780
1783 1784 1778
1780 1783 1778
1778 1779 1780
1784 1785 1769
1769 1776 1784
1784 1776 1777
1777 1778 1784
1769 1770 1776
1818 1812 1813
1815 1816 1817
1817 1814 1815
1814 1817 1818
1818 1813 1814
1790 1810 1811
1811 1788 1789
1789 1790 1811
1812 1787 1788
1788 1811 1812
1790 1791 1810
1791 1792 1810
1786 1768 1769
1769 1785 1786
1812 1818 1768
1787 1812 1768
1768 1786 1787
1931 1932 1896
1896 1930 1931
1904 1905 1902
1902 1903 1904
1923 1924 1925
1925 1926 1923
1922 1923 1926
1929 1921 1922
1922 1926 1929
1928 1929 1926
1926 1927 1928
1896 1897 1898
1896 1898 1900
1900 1901 1896
1929 1930 1920
1920 1921 1929
1930 1896 1920
1918 1901 1905
1905 1917 1918
1919 1920 1896
1896 1918 1919
1896 1901 1918
1901 1902 1905
1898 1899 1900
1879 1880 1875
1875 1878 1879
1880 1874 1875
1877 1878 1875
1875 1876 1877
1883 1872 1880
1880 1881 1883
1881 1882 1883
1880 1872 1873
1873 1874 1880
1933 1870 1871
1871 1883 1933
1871 1872 1883
1932 1933 1891
1892 1893 1932
1932 1891 1892
1933 1888 1890
1890 1891 1933
1888 1889 1890
1896 1932 1894
1894 1895 1896
1932 1893 1894
1933 1883 1884
1888 1884 1885
1885 1887 1888
1888 1933 1884
1885 1886 1887
1916 1917 1905
1911 1912 1913
1905 1911 1913
1915 1916 1905
1905 1913 1915
1913 1914 1915
1907 1908 1911
1911 1906 1907
1911 1905 1906
1909 1910 1911
1911 1908 1909
1861 1862 1863
1863 1860 1861
1863 1864 1859
1859 1860 1863
1834 1830 1831
1833 1834 1831
1831 1832 1833
1834 1847 1848
1848 1849 1834
1849 1829 1834
1829 1830 1834
1858 1859 1864
1853 1854 1855
1855 1852 1853
1849 1855 1828
1828 1829 1849
1856 1858 1828
1828 1855 1856
1856 1857 1858
1864 1827 1828
1828 1858 1864
1855 1850 1851
1851 1852 1855
1855 1849 1850
1866 1825 1826
1826 1865 1866
1827 1864 1865
1865 1826 1827
1838 1839 1840
1840 1836 1837
1837 1838 1840
1835 1841 1843
1843 1844 1835
1841 1842 1843
1844 1846 1847
1847 1834 1835
1835 1844 1847
1844 1845 1846
1836 1840 1841
1841 1835 1836
1735 1736 1737
1742 1743 1744
1741 1742 1744
1744 1740 1741
1748 1749 1750
1750 1744 1748
1750 1740 1744
1748 1744 1745
1745 1747 1748
1745 1746 1747
971 1738 1739
1739 1740 1750
1750 971 1739
1750 1751 1752
1752 971 1750
1752 970 971
1668 1737 1738
1738 971 972
972 1668 1738
1733 1734 1735
1672 1732 1733
1733 1735 1672
1670 1671 1737
1670 1737 1668
1668 1669 1670
1735 1737 1671
1671 1672 1735
1754 1755 1756
1756 1761 1754
1756 1760 1761
1757 1758 1759
1760 1756 1757
1757 1759 1760
1753 1754 1761
924 925 1752
1752 1762 1765
1765 924 1752
1753 1761 1762
1762 1752 1753
1763 1764 1765
1765 1762 1763
969 970 1752
1752 927 969
926 927 1752
1752 925 926
933 934 935
936 937 968
968 932 936
933 935 936
936 932 933
968 927 928
928 932 968
928 931 932
968 969 927
928 930 931
928 929 930
937 938 968
945 951 966
943 944 941
941 942 943
944 945 941
945 966 939
939 940 945
940 941 945
949 950 951
946 947 949
949 951 946
951 945 946
947 948 949
966 967 968
968 938 966
938 939 966
963 964 965
963 965 951
951 962 963
953 954 955
952 953 955
955 956 952
951 952 956
956 961 962
962 951 956
965 966 951
958 961 956
956 957 958
961 958 959
959 960 961
1732 1672 1673
1673 1674 1732
1695 1696 1728
1728 1677 1695
1728 1729 1730
1676 1677 1730
1730 1731 1676
1677 1728 1730
1731 1732 1674
1675 1676 1731
1731 1674 1675
1692 1677 1678
1678 1682 1692
1692 1693 1677
1678 1680 1682
1680 1681 1682
1693 1694 1695
1695 1677 1693
1678 1679 1680
1688 1689 1690
1692 1682 1683
1685 1686 1687
1683 1690 1691
1691 1692 1683
1685 1687 1688
1685 1688 1690
1690 1683 1684
1684 1685 1690
1714 1715 1707
1707 1712 1713
1713 1714 1707
1708 1709 1712
1712 1707 1708
1709 1711 1712
1715 1716 1717
1717 1728 1715
1728 1696 1707
1707 1715 1728
1696 1697 1707
1727 1728 1717
1720 1727 1717
1717 1719 1720
1717 1718 1719
1725 1726 1723
1723 1724 1725
1726 1722 1723
1721 1722 1726
1727 1720 1721
1721 1726 1727
1702 1703 1699
1699 1700 1702
1700 1701 1702
1705 1706 1699
1699 1703 1704
1704 1705 1699
1707 1697 1698
1706 1707 1698
1698 1699 1706
1709 1710 1711
1080 1081 1082
1082 1083 1084
1084 1080 1082
1084 1086 1080
1084 1085 1086
1091 1087 1089
1089 1090 1091
1087 1088 1089
1091 1092 1087
1092 1106 1087
1122 1123 1106
1106 1107 1122
1106 1123 1086
1086 1087 1106
1123 1079 1086
1079 1123 1124
1124 1074 1079
1074 1078 1079
1074 1075 1078
1079 1080 1086
1077 1078 1075
1075 1076 1077
1131 1132 1133
1131 1134 1128
1128 1130 1131
1128 1129 1130
1131 1133 1134
1134 1135 1128
1127 1128 1135
1127 1135 1074
1074 1125 1127
1125 1126 1127
1074 1124 1125
1074 1135 1136
1073 1074 1136
1136 1137 1073
1137 1072 1073
1099 1101 1102
1098 1099 1102
1102 1105 1098
1099 1100 1101
1103 1104 1105
1105 1102 1103
1092 1093 1094
1094 1096 1097
1094 1097 1098
1098 1105 1094
1094 1095 1096
1094 1105 1106
1106 1092 1094
1112 1113 1122
1111 1112 1122
1122 1107 1111
1110 1111 1107
1107 1108 1110
1108 1109 1110
1121 1122 1113
1113 1114 1121
1119 1120 1117
1117 1118 1119
1117 1120 1121
1121 1116 1117
1121 1114 1115
1115 1116 1121
1139 1140 1141
1138 1139 1141
1141 1142 1138
1142 1148 1031
1031 1032 1142
1032 1138 1142
1142 1143 1148
1032 1137 1138
1148 1143 1144
1145 1147 1148
1148 1144 1145
1145 1146 1147
1032 1066 1067
1067 1070 1072
1032 1067 1072
1072 1137 1032
1070 1071 1072
1068 1069 1070
1070 1067 1068
1065 1066 1032
1032 1064 1065
1063 1064 1050
1050 1051 1052
1052 1063 1050
1032 1034 1035
1035 1064 1032
1032 1033 1034
1045 1046 1064
1064 1044 1045
1042 1043 1044
1044 1064 1042
1046 1049 1050
1050 1064 1046
1049 1046 1047
1047 1048 1049
1041 1038 1039
1039 1040 1041
1064 1035 1041
1041 1042 1064
1035 1038 1041
1038 1035 1036
1036 1037 1038
1055 1056 1057
1059 1060 1055
1055 1057 1059
1057 1058 1059
1055 1062 1053
1053 1054 1055
1063 1052 1053
1053 1062 1063
1062 1055 1060
1060 1061 1062
1658 1659 1656
1656 1657 1658
1659 1660 1661
1661 1663 1656
1656 1659 1661
1661 1662 1663
1656 1663 1664
1664 1202 1655
1655 1656 1664
1202 1654 1655
1652 1203 1204
1207 1650 1651
1205 1206 1207
1207 1651 1652
1652 1205 1207
1652 1204 1205
1654 1202 1203
1203 1652 1654
1652 1653 1654
1207 1210 1211
1211 1650 1207
1209 1210 1207
1207 1208 1209
1217 1220 1215
1215 1216 1217
1217 1219 1220
1217 1218 1219
1650 1211 1215
1215 1220 1223
1223 1650 1215
1214 1215 1211
1211 1213 1214
1223 1220 1221
1221 1222 1223
1211 1212 1213
1168 1169 1172
1172 1167 1168
1172 1169 1170
1170 1171 1172
1167 1172 1173
1177 1167 1173
1177 1173 1174
1174 1176 1177
1174 1175 1176
1199 1196 1197
1197 1198 1199
1199 1195 1196
1157 1158 1159
1159 1152 1157
1152 1155 1157
1155 1152 1153
1153 1154 1155
1155 1156 1157
1159 1160 1161
1161 1162 1159
1162 1152 1159
1149 1150 1151
1149 1151 1162
1162 1163 1149
1151 1152 1162
1031 1148 1149
1031 1149 1195
1195 1030 1031
1195 1199 1030
1167 1177 1178
1178 1166 1167
1165 1166 1163
1163 1164 1165
1166 1178 1163
1178 1195 1163
1195 1149 1163
1180 1181 1183
1183 1184 1180
1181 1182 1183
1185 1186 1187
1180 1184 1185
1185 1187 1180
1179 1180 1187
1187 1188 1179
1194 1179 1188
1188 1189 1194
1189 1192 1193
1193 1194 1189
1178 1179 1194
1194 1195 1178
1191 1192 1189
1189 1190 1191
978 979 980
980 977 978
1667 1664 1665
1665 1666 1667
1667 1668 1030
1664 1667 1030
1030 1199 1664
1200 1201 1202
1202 1664 1200
1664 1199 1200
1668 1028 1029
1029 1030 1668
1668 984 1025
1025 1028 1668
1668 983 984
1025 1026 1027
1027 1028 1025
977 981 975
975 976 977
1668 975 981
981 983 1668
977 980 981
981 982 983
1025 984 985
985 986 1025
995 996 997
997 999 995
997 998 999
999 994 995
1003 1004 1024
991 992 1003
1003 1024 991
1001 1002 1003
1003 992 1001
1022 1023 1024
1004 1019 1020
1020 1024 1004
1021 1022 1024
1024 1020 1021
999 1000 1001
1001 992 999
992 994 999
992 993 994
988 989 986
986 987 988
1024 989 990
990 991 1024
986 989 1024
1024 1025 986
1014 1009 1010
1014 1010 1011
1013 1014 1011
1011 1012 1013
1005 1006 1016
1018 1004 1016
1016 1017 1018
1004 1005 1016
1018 1019 1004
1006 1007 1016
1016 1007 1008
1015 1008 1009
1009 1014 1015
1015 1016 1008
972 973 975
975 1668 972
973 974 975
67 22 27
38 39 27
27 37 38
66 67 27
27 39 66
23 24 25
27 22 23
23 26 27
23 25 26
22 67 68
68 21 22
53 50 51
51 52 53
40 50 53
40 53 65
65 39 40
53 64 65
65 66 39
40 41 49
49 50 40
47 48 49
49 41 47
41 42 47
42 43 47
43 44 45
45 47 43
45 46 47
63 56 60
63 60 61
61 62 63
54 55 56
56 53 54
56 63 53
63 64 53
56 58 59
59 60 56
56 57 58
33 34 35
37 27 29
29 36 37
27 28 29
31 36 29
29 30 31
32 33 35
35 31 32
35 36 31
1506 1509 1510
1505 1506 1228
1228 1229 1505
1228 1506 1510
1510 1511 1228
1509 1506 1507
1507 1508 1509
1511 1227 1228
1505 1286 1287
1287 1500 1501
1501 1502 1503
1503 1287 1501
1505 1287 1503
1503 1504 1505
1505 1231 1286
1230 1231 1505
1505 1229 1230
1234 1235 1237
1237 1284 1234
1233 1234 1284
1284 1232 1233
1286 1232 1284
1284 1285 1286
1286 1231 1232
1235 1236 1237
1249 1250 1251
1254 1249 1251
1251 1252 1254
1252 1253 1254
1257 1258 1259
1262 1257 1259
1259 1260 1262
1247 1249 1257
1257 1262 1247
1249 1256 1257
1247 1248 1249
1249 1254 1256
1260 1261 1262
1254 1255 1256
1240 1241 1242
1240 1242 1243
1243 1245 1240
1243 1244 1245
1246 1247 1262
1245 1262 1263
1263 1240 1245
1245 1246 1262
1238 1240 1263
1263 1264 1238
1238 1239 1240
1272 1273 1274
1269 1270 1271
1271 1272 1269
1269 1272 1274
1274 1268 1269
1278 1279 1280
1284 1237 1238
1281 1284 1277
1280 1281 1277
1277 1278 1280
1284 1281 1282
1282 1283 1284
1238 1264 1277
1277 1284 1238
1267 1268 1264
1265 1266 1267
1267 1264 1265
1274 1277 1264
1264 1268 1274
1274 1275 1277
1275 1276 1277
1291 1481 1482
1482 1488 1291
1291 1488 1489
1489 1499 1291
1486 1487 1488
1483 1484 1488
1488 1482 1483
1484 1485 1488
1485 1486 1488
1491 1498 1499
1490 1491 1499
1499 1489 1490
1491 1492 1493
1493 1498 1491
1493 1497 1498
1497 1494 1495
1495 1496 1497
1497 1493 1494
1288 1289 1291
1291 1499 1288
1289 1290 1291
1288 1499 1500
1500 1287 1288
1629 1630 1631
1625 1629 1631
1631 1590 1625
1625 1590 1591
1591 1592 1625
1629 1625 1626
1626 1627 1628
1628 1629 1626
1621 1615 1616
1621 1616 1619
1619 1620 1621
1619 1616 1617
1617 1618 1619
1592 1593 1596
1592 1597 1598
1598 1625 1592
1592 1596 1597
1596 1593 1594
1594 1595 1596
1623 1624 1625
1623 1625 1613
1613 1622 1623
1611 1612 1613
1598 1611 1613
1613 1625 1598
1599 1609 1610
1598 1599 1610
1610 1611 1598
1614 1615 1621
1621 1622 1613
1613 1614 1621
1603 1604 1605
1605 1602 1603
1605 1601 1602
1608 1609 1599
1599 1607 1608
1607 1599 1600
1606 1607 1600
1600 1605 1606
1600 1601 1605
1526 1527 1528
1565 1525 1526
1526 1528 1529
1529 1565 1526
1566 1567 1568
1566 1568 1522
1522 1565 1566
1524 1525 1522
1522 1523 1524
1525 1565 1522
1225 1226 1227
1586 1587 1225
1225 1227 1586
1223 1224 1225
1225 1589 1223
1589 1648 1650
1650 1223 1589
1589 1225 1587
1587 1588 1589
1648 1649 1650
1582 1583 1584
1512 1515 1580
1580 1582 1512
1582 1584 1512
1580 1581 1582
1513 1514 1515
1515 1512 1513
1584 1585 1586
1586 1227 1511
1586 1511 1512
1512 1584 1586
1589 1590 1631
1589 1631 1643
1643 1644 1589
1646 1648 1589
1646 1589 1644
1644 1645 1646
1646 1647 1648
1634 1635 1636
1636 1633 1634
1636 1631 1632
1632 1633 1636
1636 1643 1631
1637 1639 1643
1643 1636 1637
1637 1638 1639
1643 1639 1640
1640 1642 1643
1640 1641 1642
1577 1578 1574
1577 1574 1575
1575 1576 1577
1521 1522 1568
1568 1569 1570
1517 1568 1570
1570 1516 1517
1520 1521 1568
1568 1517 1520
1520 1517 1518
1518 1519 1520
1579 1516 1570
1570 1578 1579
1579 1580 1515
1515 1516 1579
1578 1570 1571
1574 1578 1571
1571 1573 1574
1571 1572 1573
1561 1564 1565
1565 1529 1561
1564 1561 1562
1562 1563 1564
1540 1541 1542
1550 1535 1536
1540 1542 1550
1550 1536 1540
1536 1537 1539
1539 1540 1536
1537 1538 1539
1542 1543 1550
1529 1532 1533
1533 1561 1529
1529 1530 1531
1531 1532 1529
1558 1559 1560
1555 1556 1557
1534 1535 1555
1555 1557 1534
1560 1561 1533
1533 1534 1560
1557 1558 1560
1560 1534 1557
1554 1555 1551
1554 1551 1552
1552 1553 1554
1550 1551 1555
1555 1535 1550
1545 1546 1547
1547 1548 1549
1549 1545 1547
1543 1544 1545
1545 1549 1543
1549 1550 1543
1431 1428 1429
1429 1430 1431
1427 1432 1433
1433 1426 1427
1432 1427 1428
1428 1431 1432
1422 1423 1424
1422 1425 1426
1426 1433 1422
1422 1424 1425
1433 1421 1422
1433 1420 1421
1440 1441 1438
1438 1439 1440
1420 1433 1437
1438 1441 1442
1437 1438 1442
1442 1420 1437
1434 1435 1436
1437 1433 1434
1434 1436 1437
1479 1480 1481
1481 1291 1479
1291 1297 1479
1291 1292 1295
1297 1291 1295
1295 1296 1297
1293 1294 1295
1295 1292 1293
1303 1304 1301
1301 1302 1303
1305 1478 1479
1479 1297 1305
1305 1297 1298
1298 1300 1305
1305 1300 1301
1301 1304 1305
1298 1299 1300
1472 1469 1470
1470 1471 1472
1475 1476 1477
1477 1454 1475
1477 1451 1454
1477 1478 1451
1475 1454 1473
1473 1474 1475
1473 1455 1456
1456 1457 1468
1468 1469 1456
1469 1473 1456
1473 1454 1455
1469 1472 1473
1452 1453 1454
1454 1451 1452
1307 1308 1451
1305 1306 1307
1307 1451 1478
1478 1305 1307
1466 1467 1468
1468 1457 1466
1466 1457 1463
1463 1465 1466
1457 1459 1463
1460 1462 1463
1463 1459 1460
1460 1461 1462
1457 1458 1459
1463 1464 1465
1322 1323 1326
1326 1329 1322
1326 1327 1328
1328 1329 1326
1325 1326 1323
1323 1324 1325
1319 1320 1321
1322 1310 1311
1315 1316 1317
1317 1322 1315
1322 1317 1319
1319 1321 1322
1317 1318 1319
1311 1313 1314
1315 1322 1311
1311 1314 1315
1311 1312 1313
1338 1447 1448
1338 1448 1449
1449 1337 1338
1336 1337 1449
1449 1329 1330
1449 1330 1331
1331 1336 1449
1449 1450 1451
1308 1309 1310
1329 1449 1451
1308 1310 1322
1322 1329 1308
1329 1451 1308
1332 1334 1335
1336 1331 1332
1332 1335 1336
1332 1333 1334
1401 1402 1343
1343 1400 1401
1411 1412 1413
1413 1410 1411
1409 1410 1413
1413 1414 1409
1409 1414 1415
1415 1406 1409
1408 1409 1406
1406 1407 1408
1406 1447 1343
1343 1402 1406
1402 1405 1406
1406 1415 1447
1404 1405 1402
1402 1403 1404
1415 1446 1447
1340 1341 1447
1447 1339 1340
1447 1338 1339
1341 1342 1343
1343 1447 1341
1346 1347 1348
1400 1343 1346
1346 1348 1400
1343 1344 1345
1345 1346 1343
1417 1418 1419
1416 1445 1446
1446 1415 1416
1416 1417 1419
1444 1445 1416
1416 1419 1444
1420 1442 1443
1420 1443 1444
1444 1419 1420
1355 1350 1351
1354 1355 1351
1351 1352 1354
1352 1353 1354
1355 1349 1350
1349 1355 1398
1398 1399 1400
1398 1400 1348
1348 1349 1398
1389 1390 1392
1392 1393 1389
1390 1391 1392
1395 1396 1355
1355 1394 1395
1388 1389 1393
1394 1356 1388
1388 1393 1394
1394 1355 1356
1355 1396 1397
1397 1398 1355
1357 1358 1359
1359 1388 1356
1356 1357 1359
1359 1360 1388
1365 1366 1367
1367 1364 1365
1368 1369 1361
1363 1364 1367
1367 1362 1363
1367 1368 1361
1361 1362 1367
1375 1384 1385
1385 1369 1375
1376 1377 1378
1376 1378 1384
1384 1375 1376
1361 1369 1385
1385 1360 1361
1360 1385 1386
1386 1387 1360
1384 1378 1382
1382 1383 1384
1378 1381 1382
1379 1380 1381
1381 1378 1379
1387 1388 1360
1375 1369 1370
1371 1372 1373
1374 1375 1370
1370 1373 1374
1370 1371 1373
