400
1 11 206 158 366 369 261 50 75 28 157 93 321
206 11 103 183 216 397 331 116 51 291 275 15 251
158 11 234 125 14 91 95 328 263 99 138 192 347
366 11 29 107 69 202 20 33 175 128 142 144 285
369 11 345 196 22 87 280 276 329 191 218 246 156
261 11 10 381 151 250 396 364 173 209 44 182 353
50 11 148 360 317 230 80 131 254 203 60 108 67
75 11 310 178 11 361 326 252 283 217 7 332 106
28 11 306 290 342 132 163 73 41 100 378 54 98
157 11 391 346 172 79 241 274 181 323 119 265 159
93 11 210 13 187 312 143 336 205 186 90 17 379
321 11 63 155 371 266 84 368 256 286 8 25 110
103 11 282 122 74 370 81 299 113 311 139 297 16
183 11 249 89 308 389 338 118 36 149 222 12 83
216 11 238 127 287 362 23 45 49 288 77 359 109
397 11 225 358 198 197 237 71 168 6 271 337 133
331 11 305 316 272 334 126 363 115 140 351 255 5
116 11 394 53 295 141 259 35 111 195 395 284 76
51 11 59 213 278 260 229 117 327 137 24 94 377
291 11 365 350 40 226 224 167 72 177 82 64 268
275 11 339 367 70 215 134 258 200 161 188 393 373
15 11 169 43 152 231 318 201 330 208 18 223 26
251 11 264 85 244 292 179 281 220 233 123 322 78
234 11 236 52 380 357 296 232 221 303 399 211 387
125 11 185 112 324 174 96 269 38 47 253 194 239
14 11 247 294 150 343 320 4 153 270 400 68 55
91 11 65 293 3 88 300 130 390 42 298 214 301
95 11 39 145 375 302 30 207 92 102 166 27 235
328 11 344 164 262 171 19 384 325 355 199 56 31
263 11 376 154 348 146 176 335 304 267 121 315 386
99 11 385 189 279 170 374 21 352 190 160 66 388
138 11 114 136 193 105 309 9 356 228 289 340 392
192 11 180 242 184 104 147 227 124 333 34 372 354
347 11 243 101 61 257 97 46 212 165 273 314 313
29 11 48 398 86 349 248 204 129 37 240 245 162
107 11 62 2 341 219 120 319 57 58 383 382 277
69 3 135 32 307
202 0
20 0
33 0
175 0
128 0
142 0
144 0
285 0
345 0
196 0
22 0
87 0
280 0
276 0
329 0
191 0
218 0
246 0
156 0
10 0
381 0
151 0
250 0
396 0
364 0
173 0
209 0
44 0
182 0
353 0
148 0
360 0
317 0
230 0
80 0
131 0
254 0
203 0
60 0
108 0
67 0
310 0
178 0
11 0
361 0
326 0
252 0
283 0
217 0
7 0
332 0
106 0
306 0
290 0
342 0
132 0
163 0
73 0
41 0
100 0
378 0
54 0
98 0
391 0
346 0
172 0
79 0
241 0
274 0
181 0
323 0
119 0
265 0
159 0
210 0
13 0
187 0
312 0
143 0
336 0
205 0
186 0
90 0
17 0
379 0
63 0
155 0
371 0
266 0
84 0
368 0
256 0
286 0
8 0
25 0
110 0
282 0
122 0
74 0
370 0
81 0
299 0
113 0
311 0
139 0
297 0
16 0
249 0
89 0
308 0
389 0
338 0
118 0
36 0
149 0
222 0
12 0
83 0
238 0
127 0
287 0
362 0
23 0
45 0
49 0
288 0
77 0
359 0
109 0
225 0
358 0
198 0
197 0
237 0
71 0
168 0
6 0
271 0
337 0
133 0
305 0
316 0
272 0
334 0
126 0
363 0
115 0
140 0
351 0
255 0
5 0
394 0
53 0
295 0
141 0
259 0
35 0
111 0
195 0
395 0
284 0
76 0
59 0
213 0
278 0
260 0
229 0
117 0
327 0
137 0
24 0
94 0
377 0
365 0
350 0
40 0
226 0
224 0
167 0
72 0
177 0
82 0
64 0
268 0
339 0
367 0
70 0
215 0
134 0
258 0
200 0
161 0
188 0
393 0
373 0
169 0
43 0
152 0
231 0
318 0
201 0
330 0
208 0
18 0
223 0
26 0
264 0
85 0
244 0
292 0
179 0
281 0
220 0
233 0
123 0
322 0
78 0
236 0
52 0
380 0
357 0
296 0
232 0
221 0
303 0
399 0
211 0
387 0
185 0
112 0
324 0
174 0
96 0
269 0
38 0
47 0
253 0
194 0
239 0
247 0
294 0
150 0
343 0
320 0
4 0
153 0
270 0
400 0
68 0
55 0
65 0
293 0
3 0
88 0
300 0
130 0
390 0
42 0
298 0
214 0
301 0
39 0
145 0
375 0
302 0
30 0
207 0
92 0
102 0
166 0
27 0
235 0
344 0
164 0
262 0
171 0
19 0
384 0
325 0
355 0
199 0
56 0
31 0
376 0
154 0
348 0
146 0
176 0
335 0
304 0
267 0
121 0
315 0
386 0
385 0
189 0
279 0
170 0
374 0
21 0
352 0
190 0
160 0
66 0
388 0
114 0
136 0
193 0
105 0
309 0
9 0
356 0
228 0
289 0
340 0
392 0
180 0
242 0
184 0
104 0
147 0
227 0
124 0
333 0
34 0
372 0
354 0
243 0
101 0
61 0
257 0
97 0
46 0
212 0
165 0
273 0
314 0
313 0
48 0
398 0
86 0
349 0
248 0
204 0
129 0
37 0
240 0
245 0
162 0
62 0
2 0
341 0
219 0
120 0
319 0
57 0
58 0
383 0
382 0
277 0
135 0
32 0
307 0
