400
1 2 34 336
34 2 372 380
336 2 33 231
372 2 61 204
380 2 188 359
33 2 373 195
231 2 84 328
61 2 77 305
204 2 43 100
188 2 126 355
359 2 396 101
373 2 52 264
195 2 9 385
84 2 241 298
328 2 338 206
77 2 282 90
305 2 149 311
43 2 203 103
100 2 4 379
126 2 30 288
355 2 122 155
396 2 352 295
101 2 258 351
52 2 320 3
264 2 310 345
9 2 10 331
385 2 256 193
241 2 237 45
298 2 265 159
338 2 400 314
206 2 330 160
282 2 354 332
90 2 78 68
149 2 158 113
311 2 211 99
203 2 134 290
103 2 16 255
4 2 123 251
379 2 139 210
30 2 266 230
288 2 202 384
122 2 197 392
155 2 27 191
352 2 110 315
295 2 83 48
258 2 182 104
351 2 138 349
320 2 275 71
3 2 325 64
310 2 40 162
345 2 11 390
10 2 17 312
331 2 167 129
256 2 214 23
193 2 333 217
237 2 221 190
45 2 107 42
265 2 91 177
159 2 252 7
400 2 289 38
314 2 79 136
330 2 58 233
160 2 93 169
354 2 82 131
332 2 227 97
78 2 146 299
68 2 284 151
158 2 387 339
113 2 95 329
211 2 24 228
99 2 281 249
134 2 184 326
290 2 245 135
16 2 323 22
255 2 5 318
123 2 213 92
251 2 20 287
139 2 346 12
210 2 381 279
266 2 192 49
230 2 301 222
202 2 37 292
384 2 391 63
197 2 35 348
392 2 259 57
27 2 375 13
191 2 236 291
110 2 272 189
315 2 242 185
83 2 166 154
48 2 178 240
182 2 152 173
104 2 2 286
138 2 322 47
349 2 8 163
275 2 120 393
71 2 362 94
325 2 141 386
64 2 60 262
40 2 229 127
162 2 132 130
11 2 150 102
390 2 263 59
17 2 317 344
312 2 247 161
167 2 383 133
129 2 143 267
214 2 198 270
23 2 342 56
333 2 183 215
217 2 276 186
221 2 46 88
190 2 69 172
107 2 144 356
42 2 366 261
91 2 394 205
177 2 277 98
252 2 353 28
7 2 140 87
289 2 257 238
38 2 225 117
79 2 283 50
136 2 273 219
58 2 208 226
233 2 51 124
93 2 41 285
169 2 72 44
82 2 156 278
131 2 112 363
227 2 250 388
97 2 105 357
146 2 196 274
299 2 303 334
284 2 200 224
151 2 260 128
387 2 80 335
339 2 179 340
95 2 176 235
329 2 300 85
24 2 243 187
228 2 293 31
281 2 367 108
249 2 389 89
184 2 164 114
326 2 370 234
245 2 246 294
135 2 244 212
323 2 327 377
22 2 309 6
5 2 365 96
318 2 248 382
213 2 337 361
92 2 180 201
20 2 55 271
287 2 199 296
346 2 324 399
12 2 165 297
381 2 269 137
279 2 316 280
192 2 18 319
49 2 25 125
301 2 376 170
222 2 368 32
37 2 378 106
292 2 115 171
391 2 119 343
63 2 358 81
35 2 350 118
348 2 306 194
259 2 321 232
57 2 254 307
375 2 304 209
13 2 75 73
236 2 21 19
291 2 15 395
272 2 29 74
189 2 207 341
242 2 181 220
185 2 374 371
166 2 145 62
154 2 147 14
178 2 223 142
240 2 175 168
152 2 65 398
173 2 347 36
2 2 308 153
286 2 26 216
322 2 253 67
47 2 218 70
8 2 53 239
163 2 121 268
120 2 111 157
393 2 302 148
362 2 364 174
94 2 369 39
141 2 360 116
386 2 54 76
60 2 397 66
262 2 313 86
229 1 109
127 0
132 0
130 0
150 0
102 0
263 0
59 0
317 0
344 0
247 0
161 0
383 0
133 0
143 0
267 0
198 0
270 0
342 0
56 0
183 0
215 0
276 0
186 0
46 0
88 0
69 0
172 0
144 0
356 0
366 0
261 0
394 0
205 0
277 0
98 0
353 0
28 0
140 0
87 0
257 0
238 0
225 0
117 0
283 0
50 0
273 0
219 0
208 0
226 0
51 0
124 0
41 0
285 0
72 0
44 0
156 0
278 0
112 0
363 0
250 0
388 0
105 0
357 0
196 0
274 0
303 0
334 0
200 0
224 0
260 0
128 0
80 0
335 0
179 0
340 0
176 0
235 0
300 0
85 0
243 0
187 0
293 0
31 0
367 0
108 0
389 0
89 0
164 0
114 0
370 0
234 0
246 0
294 0
244 0
212 0
327 0
377 0
309 0
6 0
365 0
96 0
248 0
382 0
337 0
361 0
180 0
201 0
55 0
271 0
199 0
296 0
324 0
399 0
165 0
297 0
269 0
137 0
316 0
280 0
18 0
319 0
25 0
125 0
376 0
170 0
368 0
32 0
378 0
106 0
115 0
171 0
119 0
343 0
358 0
81 0
350 0
118 0
306 0
194 0
321 0
232 0
254 0
307 0
304 0
209 0
75 0
73 0
21 0
19 0
15 0
395 0
29 0
74 0
207 0
341 0
181 0
220 0
374 0
371 0
145 0
62 0
147 0
14 0
223 0
142 0
175 0
168 0
65 0
398 0
347 0
36 0
308 0
153 0
26 0
216 0
253 0
67 0
218 0
70 0
53 0
239 0
121 0
268 0
111 0
157 0
302 0
148 0
364 0
174 0
369 0
39 0
360 0
116 0
54 0
76 0
397 0
66 0
313 0
86 0
109 0
