320
1 3 143 288 92
288 3 320 30 282
30 3 273 149 3
149 3 295 82 219
82 3 125 14 24
14 3 313 133 160
133 3 76 15 221
15 3 190 277 261
277 3 144 302 58
302 3 309 236 109
236 3 95 231 39
231 3 33 140 233
140 3 290 262 272
144 3 249 123 132
262 3 164 158 257
123 3 178 124 265
158 3 308 264 121
124 3 69 54 175
264 3 185 63 68
54 3 46 27 104
69 3 213 23 16
63 3 106 253 48
27 2 188 317
23 2 161 102
143 3 8 275 237
253 2 243 20
317 3 52 150 256
161 3 189 227 310
282 3 80 234 148
275 3 229 117 59
243 3 155 64 166
150 2 65 34
227 2 289 167
20 3 151 108 263
234 3 61 72 196
117 2 10 281
64 3 122 99 205
65 2 251 292
289 3 314 207 141
272 1 93
108 3 87 28 25
72 1 22
10 3 97 51 211
99 3 66 131 254
251 2 75 235
207 3 138 250 4
196 2 222 55
93 2 105 88
104 3 9 271 71
28 2 12 6
22 2 198 214
51 3 101 119 38
131 2 36 74
121 2 224 47
235 2 168 77
92 3 246 37 182
250 2 107 56
222 1 90
105 3 191 94 279
160 1 319
271 3 78 186 98
6 2 248 239
214 2 187 210
46 2 5 296
119 1 169
74 3 11 171 135
47 3 215 7 18
314 1 115
168 3 316 145 241
37 2 226 244
107 2 266 128
95 3 136 156 201
71 2 163 307
90 3 209 218 139
94 2 216 258
254 2 286 103
188 2 84 183
36 2 70 194
319 3 245 170 174
186 1 177
101 1 165
98 2 152 114
221 1 304
248 1 199
132 2 259 318
210 2 301 159
125 3 217 162 35
52 1 212
5 2 202 252
169 2 129 153
171 3 41 43 127
7 2 134 60
18 2 278 2
77 1 299
249 2 204 118
185 2 306 176
224 3 247 192 232
115 1 157
145 3 62 89 26
226 1 111
128 1 179
156 3 223 208 13
25 2 270 57
163 1 100
218 1 276
216 1 31
78 2 274 311
286 2 291 305
266 1 120
84 1 45
80 2 21 146
194 1 206
76 1 49
296 1 203
170 2 126 225
177 1 81
165 1 297
114 1 197
304 1 294
167 3 195 116 91
75 1 85
88 1 312
199 2 96 19
318 1 284
159 1 184
162 1 142
212 2 287 240
202 1 285
129 2 255 283
102 3 53 280 300
34 1 42
9 2 113 86
43 2 228 110
59 2 32 180
134 1 112
11 1 303
320 1 267
278 1 173
237 1 147
299 1 154
118 1 17
41 3 181 130 260
229 1 137
205 1 220
306 1 73
192 2 200 29
157 1 293
16 1 230
60 1 298
245 1 44
217 1 172
164 1 79
258 1 50
89 1 315
111 1 268
179 1 67
208 1 40
316 1 193
135 1 242
270 1 269
100 1 238
276 1 83
12 0
198 0
35 0
31 0
176 0
175 0
39 0
148 0
244 0
311 0
209 0
291 0
120 0
45 0
252 0
21 0
206 0
49 0
203 0
26 0
263 0
138 0
87 0
307 0
225 0
81 0
70 0
297 0
197 0
294 0
292 0
116 0
85 0
136 0
312 0
96 0
284 0
301 0
184 0
3 0
142 0
287 0
285 0
283 0
241 0
223 0
103 0
139 0
309 0
280 0
151 0
273 0
300 0
191 0
246 0
13 0
42 0
247 0
122 0
86 0
274 0
33 0
110 0
183 0
4 0
19 0
180 0
190 0
112 0
303 0
256 0
174 0
178 0
267 0
173 0
126 0
147 0
154 0
32 0
17 0
130 0
62 0
38 0
91 0
195 0
146 0
48 0
279 0
137 0
66 0
58 0
189 0
265 0
295 0
68 0
220 0
211 0
187 0
73 0
200 0
8 0
260 0
61 0
57 0
255 0
201 0
293 0
219 0
24 0
97 0
232 0
213 0
240 0
230 0
127 0
298 0
29 0
2 0
44 0
172 0
79 0
141 0
290 0
308 0
153 0
50 0
182 0
106 0
215 0
315 0
310 0
268 0
53 0
204 0
67 0
305 0
181 0
155 0
56 0
40 0
233 0
239 0
193 0
242 0
281 0
152 0
113 0
269 0
166 0
313 0
261 0
257 0
109 0
55 0
238 0
228 0
83 0
259 0
