160
1 3 142 2 57
2 3 139 3 65
3 3 86 4 119
4 3 44 5 141
5 3 47 6 131
6 3 43 7 33
7 3 90 8 79
8 2 9 20
9 3 49 10 62
10 2 11 153
11 3 39 12 14
12 3 95 13 45
13 3 80 15 38
14 3 19 16 96
15 3 144 17 52
16 3 32 18 147
17 3 35 21 157
18 3 107 22 140
19 1 23
20 2 24 87
21 2 112 25
22 3 130 26 154
23 2 27 103
24 3 135 28 54
25 2 29 70
26 1 30
27 3 78 31 50
28 3 151 34 110
29 3 72 36 58
30 3 125 37 128
31 2 40 155
32 3 94 41 138
33 2 42 104
34 2 46 92
35 1 48
36 3 88 51 99
37 2 53 160
38 2 69 55
39 2 152 56
40 2 59 82
41 2 60 120
42 2 114 61
43 2 74 63
44 3 68 64 136
45 1 66
46 2 67 76
47 3 118 71 108
48 1 73
49 2 124 75
50 2 77 133
51 2 81 137
52 2 89 83
53 1 84
54 1 85
55 2 91 122
56 2 109 93
57 2 106 97
58 1 98
59 1 100
60 2 101 146
61 1 102
62 1 105
63 1 111
64 1 113
65 1 115
66 1 116
67 1 117
68 1 121
69 1 123
70 1 126
71 1 127
72 2 158 129
73 1 132
74 1 134
75 1 143
76 1 145
77 1 148
78 1 149
79 1 150
80 1 156
81 1 159
82 0
83 0
84 0
85 0
86 0
87 0
88 0
89 0
90 0
91 0
92 0
93 0
94 0
95 0
96 0
97 0
98 0
99 0
100 0
101 0
102 0
103 0
104 0
105 0
106 0
107 0
108 0
109 0
110 0
111 0
112 0
113 0
114 0
115 0
116 0
117 0
118 0
119 0
120 0
121 0
122 0
123 0
124 0
125 0
126 0
127 0
128 0
129 0
130 0
131 0
132 0
133 0
134 0
135 0
136 0
137 0
138 0
139 0
140 0
141 0
142 0
143 0
144 0
145 0
146 0
147 0
148 0
149 0
150 0
151 0
152 0
153 0
154 0
155 0
156 0
157 0
158 0
159 0
160 0
