700
1 2 2 3
2 2 4 5
3 2 6 7
4 2 8 9
5 2 10 11
6 2 12 13
7 2 14 15
8 2 16 17
9 2 18 19
10 2 20 21
11 2 22 23
12 2 24 25
13 2 26 27
14 2 28 29
15 2 30 31
16 2 32 33
17 2 34 35
18 2 36 37
19 2 38 39
20 2 40 41
21 2 42 43
22 2 44 45
23 2 46 47
24 2 48 49
25 2 50 51
26 2 52 53
27 2 54 55
28 2 56 57
29 2 58 59
30 2 60 61
31 2 62 63
32 2 64 65
33 2 66 67
34 2 68 69
35 2 70 71
36 2 72 73
37 2 74 75
38 2 76 77
39 2 78 79
40 2 80 81
41 2 82 83
42 2 84 85
43 2 86 87
44 2 88 89
45 2 90 91
46 2 92 93
47 2 94 95
48 2 96 97
49 2 98 99
50 2 100 101
51 2 102 103
52 2 104 105
53 2 106 107
54 2 108 109
55 2 110 111
56 2 112 113
57 2 114 115
58 2 116 117
59 2 118 119
60 2 120 121
61 2 122 123
62 2 124 125
63 2 126 127
64 2 128 129
65 2 130 131
66 2 132 133
67 2 134 135
68 2 136 137
69 2 138 139
70 2 140 141
71 2 142 143
72 2 144 145
73 2 146 147
74 2 148 149
75 2 150 151
76 2 152 153
77 2 154 155
78 2 156 157
79 2 158 159
80 2 160 161
81 2 162 163
82 2 164 165
83 2 166 167
84 2 168 169
85 2 170 171
86 2 172 173
87 2 174 175
88 2 176 177
89 2 178 179
90 2 180 181
91 2 182 183
92 2 184 185
93 2 186 187
94 2 188 189
95 2 190 191
96 2 192 193
97 2 194 195
98 2 196 197
99 2 198 199
100 2 200 201
101 2 202 203
102 2 204 205
103 2 206 207
104 2 208 209
105 2 210 211
106 2 212 213
107 2 214 215
108 2 216 217
109 2 218 219
110 2 220 221
111 2 222 223
112 2 224 225
113 2 226 227
114 2 228 229
115 2 230 231
116 2 232 233
117 2 234 235
118 2 236 237
119 2 238 239
120 2 240 241
121 2 242 243
122 2 244 245
123 2 246 247
124 2 248 249
125 2 250 251
126 2 252 253
127 2 254 255
128 2 256 257
129 2 258 259
130 2 260 261
131 2 262 263
132 2 264 265
133 2 266 267
134 2 268 269
135 2 270 271
136 2 272 273
137 2 274 275
138 2 276 277
139 2 278 279
140 2 280 281
141 2 282 283
142 2 284 285
143 2 286 287
144 2 288 289
145 2 290 291
146 2 292 293
147 2 294 295
148 2 296 297
149 2 298 299
150 2 300 301
151 2 302 303
152 2 304 305
153 2 306 307
154 2 308 309
155 2 310 311
156 2 312 313
157 2 314 315
158 2 316 317
159 2 318 319
160 2 320 321
161 2 322 323
162 2 324 325
163 2 326 327
164 2 328 329
165 2 330 331
166 2 332 333
167 2 334 335
168 2 336 337
169 2 338 339
170 2 340 341
171 2 342 343
172 2 344 345
173 2 346 347
174 2 348 349
175 2 350 351
176 2 352 353
177 2 354 355
178 2 356 357
179 2 358 359
180 2 360 361
181 2 362 363
182 2 364 365
183 2 366 367
184 2 368 369
185 2 370 371
186 2 372 373
187 2 374 375
188 2 376 377
189 2 378 379
190 2 380 381
191 2 382 383
192 2 384 385
193 2 386 387
194 2 388 389
195 2 390 391
196 2 392 393
197 2 394 395
198 2 396 397
199 2 398 399
200 2 400 401
201 2 402 403
202 2 404 405
203 2 406 407
204 2 408 409
205 2 410 411
206 2 412 413
207 2 414 415
208 2 416 417
209 2 418 419
210 2 420 421
211 2 422 423
212 2 424 425
213 2 426 427
214 2 428 429
215 2 430 431
216 2 432 433
217 2 434 435
218 2 436 437
219 2 438 439
220 2 440 441
221 2 442 443
222 2 444 445
223 2 446 447
224 2 448 449
225 2 450 451
226 2 452 453
227 2 454 455
228 2 456 457
229 2 458 459
230 2 460 461
231 2 462 463
232 2 464 465
233 2 466 467
234 2 468 469
235 2 470 471
236 2 472 473
237 2 474 475
238 2 476 477
239 2 478 479
240 2 480 481
241 2 482 483
242 2 484 485
243 2 486 487
244 2 488 489
245 2 490 491
246 2 492 493
247 2 494 495
248 2 496 497
249 2 498 499
250 2 500 501
251 2 502 503
252 2 504 505
253 2 506 507
254 2 508 509
255 2 510 511
256 2 512 513
257 2 514 515
258 2 516 517
259 2 518 519
260 2 520 521
261 2 522 523
262 2 524 525
263 2 526 527
264 2 528 529
265 2 530 531
266 2 532 533
267 2 534 535
268 2 536 537
269 2 538 539
270 2 540 541
271 2 542 543
272 2 544 545
273 2 546 547
274 2 548 549
275 2 550 551
276 2 552 553
277 2 554 555
278 2 556 557
279 2 558 559
280 2 560 561
281 2 562 563
282 2 564 565
283 2 566 567
284 2 568 569
285 2 570 571
286 2 572 573
287 2 574 575
288 2 576 577
289 2 578 579
290 2 580 581
291 2 582 583
292 2 584 585
293 2 586 587
294 2 588 589
295 2 590 591
296 2 592 593
297 2 594 595
298 2 596 597
299 2 598 599
300 2 600 601
301 2 602 603
302 2 604 605
303 2 606 607
304 2 608 609
305 2 610 611
306 2 612 613
307 2 614 615
308 2 616 617
309 2 618 619
310 2 620 621
311 2 622 623
312 2 624 625
313 2 626 627
314 2 628 629
315 2 630 631
316 2 632 633
317 2 634 635
318 2 636 637
319 2 638 639
320 2 640 641
321 2 642 643
322 2 644 645
323 2 646 647
324 2 648 649
325 2 650 651
326 2 652 653
327 2 654 655
328 2 656 657
329 2 658 659
330 2 660 661
331 2 662 663
332 2 664 665
333 2 666 667
334 2 668 669
335 2 670 671
336 2 672 673
337 2 674 675
338 2 676 677
339 2 678 679
340 2 680 681
341 2 682 683
342 2 684 685
343 2 686 687
344 2 688 689
345 2 690 691
346 2 692 693
347 2 694 695
348 2 696 697
349 2 698 699
350 1 700
351 0
352 0
353 0
354 0
355 0
356 0
357 0
358 0
359 0
360 0
361 0
362 0
363 0
364 0
365 0
366 0
367 0
368 0
369 0
370 0
371 0
372 0
373 0
374 0
375 0
376 0
377 0
378 0
379 0
380 0
381 0
382 0
383 0
384 0
385 0
386 0
387 0
388 0
389 0
390 0
391 0
392 0
393 0
394 0
395 0
396 0
397 0
398 0
399 0
400 0
401 0
402 0
403 0
404 0
405 0
406 0
407 0
408 0
409 0
410 0
411 0
412 0
413 0
414 0
415 0
416 0
417 0
418 0
419 0
420 0
421 0
422 0
423 0
424 0
425 0
426 0
427 0
428 0
429 0
430 0
431 0
432 0
433 0
434 0
435 0
436 0
437 0
438 0
439 0
440 0
441 0
442 0
443 0
444 0
445 0
446 0
447 0
448 0
449 0
450 0
451 0
452 0
453 0
454 0
455 0
456 0
457 0
458 0
459 0
460 0
461 0
462 0
463 0
464 0
465 0
466 0
467 0
468 0
469 0
470 0
471 0
472 0
473 0
474 0
475 0
476 0
477 0
478 0
479 0
480 0
481 0
482 0
483 0
484 0
485 0
486 0
487 0
488 0
489 0
490 0
491 0
492 0
493 0
494 0
495 0
496 0
497 0
498 0
499 0
500 0
501 0
502 0
503 0
504 0
505 0
506 0
507 0
508 0
509 0
510 0
511 0
512 0
513 0
514 0
515 0
516 0
517 0
518 0
519 0
520 0
521 0
522 0
523 0
524 0
525 0
526 0
527 0
528 0
529 0
530 0
531 0
532 0
533 0
534 0
535 0
536 0
537 0
538 0
539 0
540 0
541 0
542 0
543 0
544 0
545 0
546 0
547 0
548 0
549 0
550 0
551 0
552 0
553 0
554 0
555 0
556 0
557 0
558 0
559 0
560 0
561 0
562 0
563 0
564 0
565 0
566 0
567 0
568 0
569 0
570 0
571 0
572 0
573 0
574 0
575 0
576 0
577 0
578 0
579 0
580 0
581 0
582 0
583 0
584 0
585 0
586 0
587 0
588 0
589 0
590 0
591 0
592 0
593 0
594 0
595 0
596 0
597 0
598 0
599 0
600 0
601 0
602 0
603 0
604 0
605 0
606 0
607 0
608 0
609 0
610 0
611 0
612 0
613 0
614 0
615 0
616 0
617 0
618 0
619 0
620 0
621 0
622 0
623 0
624 0
625 0
626 0
627 0
628 0
629 0
630 0
631 0
632 0
633 0
634 0
635 0
636 0
637 0
638 0
639 0
640 0
641 0
642 0
643 0
644 0
645 0
646 0
647 0
648 0
649 0
650 0
651 0
652 0
653 0
654 0
655 0
656 0
657 0
658 0
659 0
660 0
661 0
662 0
663 0
664 0
665 0
666 0
667 0
668 0
669 0
670 0
671 0
672 0
673 0
674 0
675 0
676 0
677 0
678 0
679 0
680 0
681 0
682 0
683 0
684 0
685 0
686 0
687 0
688 0
689 0
690 0
691 0
692 0
693 0
694 0
695 0
696 0
697 0
698 0
699 0
700 0
