125
1 2 2 3
2 2 4 5
3 2 6 7
4 2 8 9
5 2 10 11
6 2 12 13
7 2 14 15
8 2 16 17
9 2 18 19
10 2 20 21
11 2 22 23
12 2 24 25
13 2 26 27
14 2 28 29
15 2 30 31
16 2 32 33
17 2 34 35
18 2 36 37
19 2 38 39
20 2 40 41
21 2 42 43
22 2 44 45
23 2 46 47
24 2 48 49
25 2 50 51
26 2 52 53
27 2 54 55
28 2 56 57
29 2 58 59
30 2 60 61
31 2 62 63
32 2 64 65
33 2 66 67
34 2 68 69
35 2 70 71
36 2 72 73
37 2 74 75
38 2 76 77
39 2 78 79
40 2 80 81
41 2 82 83
42 2 84 85
43 2 86 87
44 2 88 89
45 2 90 91
46 2 92 93
47 2 94 95
48 2 96 97
49 2 98 99
50 2 100 101
51 2 102 103
52 2 104 105
53 2 106 107
54 2 108 109
55 2 110 111
56 2 112 113
57 2 114 115
58 2 116 117
59 2 118 119
60 2 120 121
61 2 122 123
62 2 124 125
63 0
64 0
65 0
66 0
67 0
68 0
69 0
70 0
71 0
72 0
73 0
74 0
75 0
76 0
77 0
78 0
79 0
80 0
81 0
82 0
83 0
84 0
85 0
86 0
87 0
88 0
89 0
90 0
91 0
92 0
93 0
94 0
95 0
96 0
97 0
98 0
99 0
100 0
101 0
102 0
103 0
104 0
105 0
106 0
107 0
108 0
109 0
110 0
111 0
112 0
113 0
114 0
115 0
116 0
117 0
118 0
119 0
120 0
121 0
122 0
123 0
124 0
125 0
