1000
1 2 2 3
2 2 4 5
3 2 6 7
4 2 8 9
5 2 10 11
6 2 12 13
7 2 14 15
8 2 16 17
9 2 18 19
10 2 20 21
11 2 22 23
12 2 24 25
13 2 26 27
14 2 28 29
15 2 30 31
16 2 32 33
17 2 34 35
18 2 36 37
19 2 38 39
20 2 40 41
21 2 42 43
22 2 44 45
23 2 46 47
24 2 48 49
25 2 50 51
26 2 52 53
27 2 54 55
28 2 56 57
29 2 58 59
30 2 60 61
31 2 62 63
32 2 64 65
33 2 66 67
34 2 68 69
35 2 70 71
36 2 72 73
37 2 74 75
38 2 76 77
39 2 78 79
40 2 80 81
41 2 82 83
42 2 84 85
43 2 86 87
44 2 88 89
45 2 90 91
46 2 92 93
47 2 94 95
48 2 96 97
49 2 98 99
50 2 100 101
51 2 102 103
52 2 104 105
53 2 106 107
54 2 108 109
55 2 110 111
56 2 112 113
57 2 114 115
58 2 116 117
59 2 118 119
60 2 120 121
61 2 122 123
62 2 124 125
63 2 126 127
64 2 128 129
65 2 130 131
66 2 132 133
67 2 134 135
68 2 136 137
69 2 138 139
70 2 140 141
71 2 142 143
72 2 144 145
73 2 146 147
74 2 148 149
75 2 150 151
76 2 152 153
77 2 154 155
78 2 156 157
79 2 158 159
80 2 160 161
81 2 162 163
82 2 164 165
83 2 166 167
84 2 168 169
85 2 170 171
86 2 172 173
87 2 174 175
88 2 176 177
89 2 178 179
90 2 180 181
91 2 182 183
92 2 184 185
93 2 186 187
94 2 188 189
95 2 190 191
96 2 192 193
97 2 194 195
98 2 196 197
99 2 198 199
100 2 200 201
101 2 202 203
102 2 204 205
103 2 206 207
104 2 208 209
105 2 210 211
106 2 212 213
107 2 214 215
108 2 216 217
109 2 218 219
110 2 220 221
111 2 222 223
112 2 224 225
113 2 226 227
114 2 228 229
115 2 230 231
116 2 232 233
117 2 234 235
118 2 236 237
119 2 238 239
120 2 240 241
121 2 242 243
122 2 244 245
123 2 246 247
124 2 248 249
125 2 250 251
126 2 252 253
127 2 254 255
128 2 256 257
129 2 258 259
130 2 260 261
131 2 262 263
132 2 264 265
133 2 266 267
134 2 268 269
135 2 270 271
136 2 272 273
137 2 274 275
138 2 276 277
139 2 278 279
140 2 280 281
141 2 282 283
142 2 284 285
143 2 286 287
144 2 288 289
145 2 290 291
146 2 292 293
147 2 294 295
148 2 296 297
149 2 298 299
150 2 300 301
151 2 302 303
152 2 304 305
153 2 306 307
154 2 308 309
155 2 310 311
156 2 312 313
157 2 314 315
158 2 316 317
159 2 318 319
160 2 320 321
161 2 322 323
162 2 324 325
163 2 326 327
164 2 328 329
165 2 330 331
166 2 332 333
167 2 334 335
168 2 336 337
169 2 338 339
170 2 340 341
171 2 342 343
172 2 344 345
173 2 346 347
174 2 348 349
175 2 350 351
176 2 352 353
177 2 354 355
178 2 356 357
179 2 358 359
180 2 360 361
181 2 362 363
182 2 364 365
183 2 366 367
184 2 368 369
185 2 370 371
186 2 372 373
187 2 374 375
188 2 376 377
189 2 378 379
190 2 380 381
191 2 382 383
192 2 384 385
193 2 386 387
194 2 388 389
195 2 390 391
196 2 392 393
197 2 394 395
198 2 396 397
199 2 398 399
200 2 400 401
201 2 402 403
202 2 404 405
203 2 406 407
204 2 408 409
205 2 410 411
206 2 412 413
207 2 414 415
208 2 416 417
209 2 418 419
210 2 420 421
211 2 422 423
212 2 424 425
213 2 426 427
214 2 428 429
215 2 430 431
216 2 432 433
217 2 434 435
218 2 436 437
219 2 438 439
220 2 440 441
221 2 442 443
222 2 444 445
223 2 446 447
224 2 448 449
225 2 450 451
226 2 452 453
227 2 454 455
228 2 456 457
229 2 458 459
230 2 460 461
231 2 462 463
232 2 464 465
233 2 466 467
234 2 468 469
235 2 470 471
236 2 472 473
237 2 474 475
238 2 476 477
239 2 478 479
240 2 480 481
241 2 482 483
242 2 484 485
243 2 486 487
244 2 488 489
245 2 490 491
246 2 492 493
247 2 494 495
248 2 496 497
249 2 498 499
250 2 500 501
251 2 502 503
252 2 504 505
253 2 506 507
254 2 508 509
255 2 510 511
256 2 512 513
257 2 514 515
258 2 516 517
259 2 518 519
260 2 520 521
261 2 522 523
262 2 524 525
263 2 526 527
264 2 528 529
265 2 530 531
266 2 532 533
267 2 534 535
268 2 536 537
269 2 538 539
270 2 540 541
271 2 542 543
272 2 544 545
273 2 546 547
274 2 548 549
275 2 550 551
276 2 552 553
277 2 554 555
278 2 556 557
279 2 558 559
280 2 560 561
281 2 562 563
282 2 564 565
283 2 566 567
284 2 568 569
285 2 570 571
286 2 572 573
287 2 574 575
288 2 576 577
289 2 578 579
290 2 580 581
291 2 582 583
292 2 584 585
293 2 586 587
294 2 588 589
295 2 590 591
296 2 592 593
297 2 594 595
298 2 596 597
299 2 598 599
300 2 600 601
301 2 602 603
302 2 604 605
303 2 606 607
304 2 608 609
305 2 610 611
306 2 612 613
307 2 614 615
308 2 616 617
309 2 618 619
310 2 620 621
311 2 622 623
312 2 624 625
313 2 626 627
314 2 628 629
315 2 630 631
316 2 632 633
317 2 634 635
318 2 636 637
319 2 638 639
320 2 640 641
321 2 642 643
322 2 644 645
323 2 646 647
324 2 648 649
325 2 650 651
326 2 652 653
327 2 654 655
328 2 656 657
329 2 658 659
330 2 660 661
331 2 662 663
332 2 664 665
333 2 666 667
334 2 668 669
335 2 670 671
336 2 672 673
337 2 674 675
338 2 676 677
339 2 678 679
340 2 680 681
341 2 682 683
342 2 684 685
343 2 686 687
344 2 688 689
345 2 690 691
346 2 692 693
347 2 694 695
348 2 696 697
349 2 698 699
350 2 700 701
351 2 702 703
352 2 704 705
353 2 706 707
354 2 708 709
355 2 710 711
356 2 712 713
357 2 714 715
358 2 716 717
359 2 718 719
360 2 720 721
361 2 722 723
362 2 724 725
363 2 726 727
364 2 728 729
365 2 730 731
366 2 732 733
367 2 734 735
368 2 736 737
369 2 738 739
370 2 740 741
371 2 742 743
372 2 744 745
373 2 746 747
374 2 748 749
375 2 750 751
376 2 752 753
377 2 754 755
378 2 756 757
379 2 758 759
380 2 760 761
381 2 762 763
382 2 764 765
383 2 766 767
384 2 768 769
385 2 770 771
386 2 772 773
387 2 774 775
388 2 776 777
389 2 778 779
390 2 780 781
391 2 782 783
392 2 784 785
393 2 786 787
394 2 788 789
395 2 790 791
396 2 792 793
397 2 794 795
398 2 796 797
399 2 798 799
400 2 800 801
401 2 802 803
402 2 804 805
403 2 806 807
404 2 808 809
405 2 810 811
406 2 812 813
407 2 814 815
408 2 816 817
409 2 818 819
410 2 820 821
411 2 822 823
412 2 824 825
413 2 826 827
414 2 828 829
415 2 830 831
416 2 832 833
417 2 834 835
418 2 836 837
419 2 838 839
420 2 840 841
421 2 842 843
422 2 844 845
423 2 846 847
424 2 848 849
425 2 850 851
426 2 852 853
427 2 854 855
428 2 856 857
429 2 858 859
430 2 860 861
431 2 862 863
432 2 864 865
433 2 866 867
434 2 868 869
435 2 870 871
436 2 872 873
437 2 874 875
438 2 876 877
439 2 878 879
440 2 880 881
441 2 882 883
442 2 884 885
443 2 886 887
444 2 888 889
445 2 890 891
446 2 892 893
447 2 894 895
448 2 896 897
449 2 898 899
450 2 900 901
451 2 902 903
452 2 904 905
453 2 906 907
454 2 908 909
455 2 910 911
456 2 912 913
457 2 914 915
458 2 916 917
459 2 918 919
460 2 920 921
461 2 922 923
462 2 924 925
463 2 926 927
464 2 928 929
465 2 930 931
466 2 932 933
467 2 934 935
468 2 936 937
469 2 938 939
470 2 940 941
471 2 942 943
472 2 944 945
473 2 946 947
474 2 948 949
475 2 950 951
476 2 952 953
477 2 954 955
478 2 956 957
479 2 958 959
480 2 960 961
481 2 962 963
482 2 964 965
483 2 966 967
484 2 968 969
485 2 970 971
486 2 972 973
487 2 974 975
488 2 976 977
489 2 978 979
490 2 980 981
491 2 982 983
492 2 984 985
493 2 986 987
494 2 988 989
495 2 990 991
496 2 992 993
497 2 994 995
498 2 996 997
499 2 998 999
500 1 1000
501 0
502 0
503 0
504 0
505 0
506 0
507 0
508 0
509 0
510 0
511 0
512 0
513 0
514 0
515 0
516 0
517 0
518 0
519 0
520 0
521 0
522 0
523 0
524 0
525 0
526 0
527 0
528 0
529 0
530 0
531 0
532 0
533 0
534 0
535 0
536 0
537 0
538 0
539 0
540 0
541 0
542 0
543 0
544 0
545 0
546 0
547 0
548 0
549 0
550 0
551 0
552 0
553 0
554 0
555 0
556 0
557 0
558 0
559 0
560 0
561 0
562 0
563 0
564 0
565 0
566 0
567 0
568 0
569 0
570 0
571 0
572 0
573 0
574 0
575 0
576 0
577 0
578 0
579 0
580 0
581 0
582 0
583 0
584 0
585 0
586 0
587 0
588 0
589 0
590 0
591 0
592 0
593 0
594 0
595 0
596 0
597 0
598 0
599 0
600 0
601 0
602 0
603 0
604 0
605 0
606 0
607 0
608 0
609 0
610 0
611 0
612 0
613 0
614 0
615 0
616 0
617 0
618 0
619 0
620 0
621 0
622 0
623 0
624 0
625 0
626 0
627 0
628 0
629 0
630 0
631 0
632 0
633 0
634 0
635 0
636 0
637 0
638 0
639 0
640 0
641 0
642 0
643 0
644 0
645 0
646 0
647 0
648 0
649 0
650 0
651 0
652 0
653 0
654 0
655 0
656 0
657 0
658 0
659 0
660 0
661 0
662 0
663 0
664 0
665 0
666 0
667 0
668 0
669 0
670 0
671 0
672 0
673 0
674 0
675 0
676 0
677 0
678 0
679 0
680 0
681 0
682 0
683 0
684 0
685 0
686 0
687 0
688 0
689 0
690 0
691 0
692 0
693 0
694 0
695 0
696 0
697 0
698 0
699 0
700 0
701 0
702 0
703 0
704 0
705 0
706 0
707 0
708 0
709 0
710 0
711 0
712 0
713 0
714 0
715 0
716 0
717 0
718 0
719 0
720 0
721 0
722 0
723 0
724 0
725 0
726 0
727 0
728 0
729 0
730 0
731 0
732 0
733 0
734 0
735 0
736 0
737 0
738 0
739 0
740 0
741 0
742 0
743 0
744 0
745 0
746 0
747 0
748 0
749 0
750 0
751 0
752 0
753 0
754 0
755 0
756 0
757 0
758 0
759 0
760 0
761 0
762 0
763 0
764 0
765 0
766 0
767 0
768 0
769 0
770 0
771 0
772 0
773 0
774 0
775 0
776 0
777 0
778 0
779 0
780 0
781 0
782 0
783 0
784 0
785 0
786 0
787 0
788 0
789 0
790 0
791 0
792 0
793 0
794 0
795 0
796 0
797 0
798 0
799 0
800 0
801 0
802 0
803 0
804 0
805 0
806 0
807 0
808 0
809 0
810 0
811 0
812 0
813 0
814 0
815 0
816 0
817 0
818 0
819 0
820 0
821 0
822 0
823 0
824 0
825 0
826 0
827 0
828 0
829 0
830 0
831 0
832 0
833 0
834 0
835 0
836 0
837 0
838 0
839 0
840 0
841 0
842 0
843 0
844 0
845 0
846 0
847 0
848 0
849 0
850 0
851 0
852 0
853 0
854 0
855 0
856 0
857 0
858 0
859 0
860 0
861 0
862 0
863 0
864 0
865 0
866 0
867 0
868 0
869 0
870 0
871 0
872 0
873 0
874 0
875 0
876 0
877 0
878 0
879 0
880 0
881 0
882 0
883 0
884 0
885 0
886 0
887 0
888 0
889 0
890 0
891 0
892 0
893 0
894 0
895 0
896 0
897 0
898 0
899 0
900 0
901 0
902 0
903 0
904 0
905 0
906 0
907 0
908 0
909 0
910 0
911 0
912 0
913 0
914 0
915 0
916 0
917 0
918 0
919 0
920 0
921 0
922 0
923 0
924 0
925 0
926 0
927 0
928 0
929 0
930 0
931 0
932 0
933 0
934 0
935 0
936 0
937 0
938 0
939 0
940 0
941 0
942 0
943 0
944 0
945 0
946 0
947 0
948 0
949 0
950 0
951 0
952 0
953 0
954 0
955 0
956 0
957 0
958 0
959 0
960 0
961 0
962 0
963 0
964 0
965 0
966 0
967 0
968 0
969 0
970 0
971 0
972 0
973 0
974 0
975 0
976 0
977 0
978 0
979 0
980 0
981 0
982 0
983 0
984 0
985 0
986 0
987 0
988 0
989 0
990 0
991 0
992 0
993 0
994 0
995 0
996 0
997 0
998 0
999 0
1000 0
