640
1 3 589 2 564
2 3 278 3 145
3 3 452 4 186
4 3 217 5 622
5 3 473 6 222
6 3 311 7 264
7 3 104 8 574
8 3 598 9 97
9 3 334 10 27
10 3 52 11 323
11 3 605 12 29
12 2 136 13
13 3 76 14 550
14 3 357 15 316
15 3 48 16 291
16 3 597 17 368
17 3 449 18 390
18 2 19 360
19 3 361 20 554
20 3 412 21 75
21 3 502 22 45
22 2 520 23
23 3 79 24 309
24 3 146 25 317
25 3 236 26 480
26 3 519 28 178
27 3 636 30 221
28 3 423 31 161
29 3 633 32 581
30 3 233 33 228
31 3 50 34 275
32 2 35 224
33 1 36
34 2 241 37
35 3 461 38 290
36 3 511 39 83
37 2 87 40
38 3 509 41 493
39 3 184 42 286
40 3 155 43 417
41 3 420 44 90
42 2 46 377
43 3 113 47 331
44 3 375 49 261
45 3 130 51 348
46 2 103 53
47 3 579 54 214
48 2 55 111
49 1 56
50 3 251 57 287
51 3 521 58 398
52 3 307 59 425
53 3 125 60 198
54 3 276 61 387
55 3 332 62 93
56 3 450 63 85
57 3 135 64 460
58 2 400 65
59 3 119 66 407
60 3 392 67 428
61 3 489 68 567
62 3 213 69 609
63 3 484 70 100
64 3 464 71 193
65 3 314 72 270
66 3 190 73 451
67 3 196 74 620
68 2 563 77
69 3 170 78 526
70 2 525 80
71 3 199 81 386
72 3 440 82 179
73 3 482 84 262
74 2 86 429
75 3 507 88 288
76 3 546 89 173
77 1 91
78 1 92
79 2 94 556
80 3 258 95 303
81 3 292 96 182
82 3 537 98 273
83 2 99 626
84 2 539 101
85 2 102 639
86 3 468 105 321
87 3 209 106 566
88 2 156 107
89 3 322 108 359
90 2 255 109
91 1 110
92 2 165 112
93 3 632 114 248
94 2 115 542
95 2 116 401
96 3 283 117 500
97 2 118 295
98 1 120
99 2 606 121
100 2 122 232
101 2 123 218
102 3 339 124 352
103 3 294 126 372
104 2 127 625
105 3 478 128 585
106 1 129
107 3 614 131 312
108 2 132 496
109 2 382 133
110 3 336 134 159
111 3 447 137 201
112 3 319 138 282
113 2 306 139
114 3 385 140 252
115 1 141
116 3 512 142 362
117 2 344 143
118 3 601 144 453
119 3 421 147 466
120 3 187 148 363
121 2 263 149
122 3 195 150 517
123 2 151 569
124 2 220 152
125 3 347 153 265
126 2 200 154
127 2 157 177
128 1 158
129 2 504 160
130 2 326 162
131 3 442 163 575
132 3 408 164 229
133 2 308 166
134 3 432 167 330
135 3 629 168 536
136 2 599 169
137 2 454 171
138 2 172 327
139 2 552 174
140 2 175 380
141 2 548 176
142 2 180 219
143 1 181
144 3 471 183 531
145 2 185 413
146 3 381 188 549
147 2 422 189
148 2 191 602
149 3 391 192 293
150 2 349 194
151 2 481 197
152 3 492 202 580
153 1 203
154 2 621 204
155 1 205
156 1 206
157 2 479 207
158 2 208 637
159 3 211 210 505
160 2 277 212
161 2 215 281
162 1 216
163 1 223
164 2 225 616
165 1 226
166 1 227
167 2 540 230
168 2 231 269
169 1 234
170 2 235 253
171 1 237
172 1 238
173 3 367 239 544
174 1 240
175 3 271 242 376
176 2 243 302
177 2 582 244
178 1 245
179 1 246
180 3 535 247 456
181 2 249 448
182 2 628 250
183 1 254
184 2 635 256
185 2 257 405
186 2 337 259
187 3 508 260 379
188 1 266
189 2 267 370
190 3 640 268 444
191 1 272
192 2 274 346
193 1 279
194 1 280
195 2 284 607
196 1 285
197 2 611 289
198 1 296
199 1 297
200 2 514 298
201 3 441 299 463
202 2 300 329
203 2 384 301
204 1 304
205 3 541 305 587
206 2 612 310
207 2 313 388
208 2 320 315
209 2 318 374
210 2 561 324
211 2 325 495
212 3 476 328 439
213 1 333
214 1 335
215 1 338
216 2 470 340
217 2 555 341
218 2 394 342
219 1 343
220 1 345
221 2 350 418
222 3 528 351 630
223 1 353
224 1 354
225 1 355
226 2 393 356
227 2 623 358
228 2 634 364
229 2 365 568
230 2 366 465
231 1 369
232 1 371
233 2 529 373
234 3 411 378 530
235 2 383 571
236 2 483 389
237 2 617 395
238 2 477 396
239 2 397 559
240 2 399 594
241 2 457 402
242 2 403 434
243 1 404
244 2 513 406
245 2 494 409
246 1 410
247 1 414
248 1 415
249 1 416
250 1 419
251 2 424 578
252 1 426
253 1 427
254 2 430 490
255 2 431 615
256 2 433 596
257 1 435
258 2 436 459
259 1 437
260 2 527 438
261 1 443
262 1 445
263 2 446 613
264 2 573 455
265 1 458
266 2 462 577
267 2 586 467
268 2 510 469
269 1 472
270 1 474
271 1 475
272 1 485
273 1 486
274 1 487
275 1 488
276 2 491 618
277 2 497 558
278 1 498
279 1 499
280 1 501
281 1 503
282 1 506
283 1 515
284 1 516
285 1 518
286 1 522
287 2 600 523
288 1 524
289 2 572 532
290 1 533
291 1 534
292 1 538
293 1 543
294 2 545 557
295 1 547
296 1 551
297 1 553
298 1 560
299 1 562
300 1 565
301 1 570
302 1 576
303 1 583
304 1 584
305 1 588
306 1 590
307 2 591 624
308 1 592
309 1 593
310 1 595
311 2 608 603
312 1 604
313 1 610
314 1 619
315 1 627
316 1 631
317 1 638
318 0
319 0
320 0
321 0
322 0
323 0
324 0
325 0
326 0
327 0
328 0
329 0
330 0
331 0
332 0
333 0
334 0
335 0
336 0
337 0
338 0
339 0
340 0
341 0
342 0
343 0
344 0
345 0
346 0
347 0
348 0
349 0
350 0
351 0
352 0
353 0
354 0
355 0
356 0
357 0
358 0
359 0
360 0
361 0
362 0
363 0
364 0
365 0
366 0
367 0
368 0
369 0
370 0
371 0
372 0
373 0
374 0
375 0
376 0
377 0
378 0
379 0
380 0
381 0
382 0
383 0
384 0
385 0
386 0
387 0
388 0
389 0
390 0
391 0
392 0
393 0
394 0
395 0
396 0
397 0
398 0
399 0
400 0
401 0
402 0
403 0
404 0
405 0
406 0
407 0
408 0
409 0
410 0
411 0
412 0
413 0
414 0
415 0
416 0
417 0
418 0
419 0
420 0
421 0
422 0
423 0
424 0
425 0
426 0
427 0
428 0
429 0
430 0
431 0
432 0
433 0
434 0
435 0
436 0
437 0
438 0
439 0
440 0
441 0
442 0
443 0
444 0
445 0
446 0
447 0
448 0
449 0
450 0
451 0
452 0
453 0
454 0
455 0
456 0
457 0
458 0
459 0
460 0
461 0
462 0
463 0
464 0
465 0
466 0
467 0
468 0
469 0
470 0
471 0
472 0
473 0
474 0
475 0
476 0
477 0
478 0
479 0
480 0
481 0
482 0
483 0
484 0
485 0
486 0
487 0
488 0
489 0
490 0
491 0
492 0
493 0
494 0
495 0
496 0
497 0
498 0
499 0
500 0
501 0
502 0
503 0
504 0
505 0
506 0
507 0
508 0
509 0
510 0
511 0
512 0
513 0
514 0
515 0
516 0
517 0
518 0
519 0
520 0
521 0
522 0
523 0
524 0
525 0
526 0
527 0
528 0
529 0
530 0
531 0
532 0
533 0
534 0
535 0
536 0
537 0
538 0
539 0
540 0
541 0
542 0
543 0
544 0
545 0
546 0
547 0
548 0
549 0
550 0
551 0
552 0
553 0
554 0
555 0
556 0
557 0
558 0
559 0
560 0
561 0
562 0
563 0
564 0
565 0
566 0
567 0
568 0
569 0
570 0
571 0
572 0
573 0
574 0
575 0
576 0
577 0
578 0
579 0
580 0
581 0
582 0
583 0
584 0
585 0
586 0
587 0
588 0
589 0
590 0
591 0
592 0
593 0
594 0
595 0
596 0
597 0
598 0
599 0
600 0
601 0
602 0
603 0
604 0
605 0
606 0
607 0
608 0
609 0
610 0
611 0
612 0
613 0
614 0
615 0
616 0
617 0
618 0
619 0
620 0
621 0
622 0
623 0
624 0
625 0
626 0
627 0
628 0
629 0
630 0
631 0
632 0
633 0
634 0
635 0
636 0
637 0
638 0
639 0
640 0
