80
1 3 71 2 39
2 3 72 3 74
3 3 66 4 54
4 3 59 5 67
5 3 15 6 8
6 3 43 7 65
7 3 11 9 42
8 3 44 10 18
9 2 73 12
10 3 58 13 75
11 3 70 14 34
12 2 78 16
13 1 17
14 2 19 33
15 2 20 53
16 2 21 30
17 2 64 22
18 2 48 23
19 3 25 24 41
20 2 57 26
21 1 27
22 2 28 37
23 2 50 29
24 1 31
25 3 77 32 63
26 3 69 35 46
27 1 36
28 3 62 38 55
29 2 47 40
30 1 45
31 1 49
32 1 51
33 2 76 52
34 1 56
35 1 60
36 1 61
37 1 68
38 1 79
39 1 80
40 0
41 0
42 0
43 0
44 0
45 0
46 0
47 0
48 0
49 0
50 0
51 0
52 0
53 0
54 0
55 0
56 0
57 0
58 0
59 0
60 0
61 0
62 0
63 0
64 0
65 0
66 0
67 0
68 0
69 0
70 0
71 0
72 0
73 0
74 0
75 0
76 0
77 0
78 0
79 0
80 0
