10
5
1 69 1 47 1 31 1 61 1 26 1 67 0
1 49 1 38 1 45 1 35 1 50 1 69 1 56 1 56 0
1 54 1 1 1 21 1 -15 1 70 1 -27 0
1 -24 1 -26 1 51 1 54 1 62 0
1 46 1 35 1 25 1 27 1 3 1 60 1 29 0
7
1 65 0
4 5 5 33 1 57 2 -3 1 77 3 51 0
2 76 5 50 5 -3 0
2 -2 5 6 3 37 5 38 1 17 0
4 23 1 66 2 77 5 33 2 20 2 61 0
1 51 3 53 5 19 5 35 5 -16 2 66 0
3 16 3 15 5 5 5 -19 5 -21 1 75 0
6
3 -70 0
1 -19 4 -67 2 -11 3 -77 7 -58 0
1 -6 4 -11 0
7 -94 3 -77 1 -17 4 -58 4 -33 1 -76 0
7 -72 4 -36 5 -86 3 -52 5 -93 7 -90 2 -51 0
2 -16 1 -48 2 -48 0
2
6 -32 1 -32 2 -53 6 16 5 19 5 22 6 -60 2 -16 0
6 -17 0
2
2 -30 1 26 2 18 1 41 1 -35 0
2 -41 2 5 1 -25 2 -35 0
3
1 31 1 -37 2 -41 1 -33 0
1 53 2 -38 2 -12 1 -8 0
2 28 1 39 2 30 1 -13 2 29 1 11 0
3
1 55 2 70 3 58 2 45 0
1 66 3 48 3 50 3 48 1 65 3 31 1 69 0
1 53 2 52 1 89 1 46 1 11 2 56 3 67 1 76 0
2
2 48 0
1 -6 1 -28 2 40 2 -24 3 68 3 64 1 -1 2 -26 0
3
1 -9 0
1 7 2 13 1 -25 1 -13 0
1 25 2 18 1 13 1 4 0
2
3 11 3 -22 2 28 0
1 62 2 -11 2 -10 1 -12 2 14 1 0 0
