14348907
100
6 8
2 22
2 17
1 21
3 13
219 2
1 17
1 27
1 16
1216 2
2 8
1 10
2416 2
2 10
1 26
1 27
3 14
2 22
3 13
1 16
2 21
59 4
1 21
2220 2
1 10
1 21
2 19
3 9
1 28
2 19
3019 2
17 5
1 7
4402168 1
3 6
3 11
2 13
2 18
2 21
1 10
6 6
1 15
33 3
1 21
1 18
6735329 1
21 5
11 6
2 18
1 28
6 9
1 21
1 13
2 10
1 28
2 17
3 10
1755 2
1 28
1 27
2 11
140 3
17 5
1 26
2 23
2 16
5 5
4 9
2 15
1 26
1 28
1 24
1 28
1 22
1 6
9 6
96 3
3 10
2 19
2 19
1 28
6 8
1 27
2 23
1 17
1 18
1 16
1 18
1 11
54 3
14221580 1
1 24
4 10
2 16
836835 1
1451 2
242 3
1 18
1 15
1 20
