1024
100
2 4
2 4
3 4
6 3
1 3
2 7
1 6
1 9
2 3
1 10
1 12
3 6
1 12
1 11
2 9
27 2
1 11
2 8
1 15
986 1
1 15
2 6
1 11
1 10
3 4
1 12
1 14
4 4
2 5
1 12
2 9
22 2
2 10
2 4
1 15
1 4
1 13
3 5
1 15
2 10
2 4
1 11
2 7
13 2
5 3
753 1
7 3
1 13
9 2
1 3
1 7
4 5
2 9
1 15
851 1
1 14
1 13
40 1
4 5
1 12
4 4
7 2
1 8
1 4
3 4
16 2
1 9
1 14
1 14
5 3
1 13
1 12
4 5
2 8
2 8
1 11
1 13
3 5
1 10
7 3
10 3
2 8
2 3
1 15
1 5
1 7
3 6
3 4
1 6
2 4
1 8
1 7
5 4
1 5
262 1
1 14
1 7
2 10
1 12
2 8
