1000000
100
1 15
1 14
3 12
4 9
404988 1
2 9
1 20
15 5
1 20
61 3
2 15
2 17
3 10
1 11
1 13
3 10
1 17
1 18
1 10
1 21
2 18
2 5
2 19
82 3
1 11
1 22
1 20
1 21
2 13
2 7
1 21
1 18
6 6
1 24
2 16
3 12
2 12
2 12
928431 1
42 2
1 20
7 5
3 11
47996 1
1 20
4 9
2 17
28 4
5 7
57 3
4 9
1 13
1 24
156 2
1 13
1 17
1 6
2 11
66 3
1 13
1 19
10 5
1 18
2 16
1 23
1 23
7 7
1 23
333774 1
78 3
1 22
2 16
125 2
18 4
1 18
1 22
14 5
9 5
1 20
1 20
5 6
1 14
2 13
6 5
2 8
2 19
153 2
1 19
2 11
1 10
1 24
5 4
731712 1
1 8
1 24
816133 1
5 8
1 21
1 20
2 18
