123456
100
1 14
320 2
3 10
1 12
1 17
41 3
1 19
9636 1
5 4
1 5
6 6
1 20
5 7
40486 1
1 15
1 19
1 20
2 15
3 3
12 4
1 17
2 13
4 5
2 14
3 9
1 20
2 12
2 16
2 15
2 14
33 3
2 14
2 9
3 7
100894 1
1 16
2 13
1 17
167 2
48134 1
1 17
2 10
1 6
10 5
1 20
3 8
18 4
3 9
2 9
2 16
3 9
1 16
1 15
2 9
1 19
1 17
2 16
1 21
1 21
1 9
2 12
3 9
2 9
2 12
16 4
1 17
2 15
336 2
1 16
1 17
2 5
3 8
3 6
1 21
18 4
3 7
24 3
1 14
9 5
75588 1
3 8
27 3
2 12
7 5
1 20
5 7
2 4
27 3
2 15
2 9
2 5
1 21
2 15
214 2
82131 1
1 16
1 19
1 17
42661 1
9 5
