9999999
100
1 28
2 11
55 4
146 3
2 16
1 23
1 27
1 24
19 4
1 24
1 16
1 18
561520 1
2 18
1 17
3161 2
2 16
1 15
246080 1
1 19
3 12
2 21
1 26
2 19
2 14
7 7
2 16
1 26
1 19
3 7
1 11
20 5
2 18
2 16
1 16
1 28
815 2
1 23
1 25
3 14
1 27
2710185 1
9 7
2 15
1 24
1 15
1 27
6 8
4 8
2 23
1 14
18 5
1 17
1 28
1 25
1 28
2 17
5482941 1
12 5
2 21
57 3
2 23
1 24
2 18
2 19
1 24
1 26
1 7
3 13
1 17
7 7
6573235 1
1 11
1 23
1 16
1 25
1 21
2 13
1 10
1 21
2 23
2 5
2 23
1 27
3 11
1 19
2 16
5637274 1
1 16
2 6
2 20
2 19
8 5
1 21
3843684 1
1 22
8 3
1 24
1 21
2 22
