1048576
100
1 6
2 17
4 9
1 20
78 3
1 22
1 24
14 4
1 10
2 17
1 12
2 20
922 2
1 21
720668 1
2 16
2 10
22 4
43 3
21 4
3 7
1 20
2 9
15 3
1 8
7 6
9 4
1 20
3 8
1 24
1 13
1 17
1 21
7 7
1 21
1 3
1 11
1 21
7 7
1 23
1 20
3 9
2 8
2 5
7 7
3 5
14 4
1 22
1 21
1 24
6 7
2 19
1 24
1 25
4 7
1 23
2 19
1 23
1 24
1 12
1 11
2 18
2 13
2 12
1 11
6 5
2 4
1 16
1 17
6 4
1 7
9 5
403785 1
1 21
2 17
2 16
2 15
1 17
1 21
5 6
3 8
1 24
562513 1
2 17
655 2
9 4
860508 1
484 2
8 5
3 9
2 3
261249 1
1 15
1 10
2 14
10 6
1 24
1 11
65 3
389 2
