50
2068 9638
7493 9598
9403 3280
769 179
4302 3883
4091 2431
8299 3212
7336 5495
9497 3191
9318 8582
2106 4143
417 4530
339 2751
3386 5216
8667 6008
3253 1258
3458 7164
2658 7760
9973 1626
6303 237
9903 75
1740 3723
4066 2109
542 1337
7398 3837
4584 2988
2737 6762
7623 7908
6696 7336
6477 9825
4388 2851
9664 4789
1577 7684
7796 3068
6531 7529
3142 4041
1698 8559
5258 1234
6391 7491
264 8384
9087 2234
2802 4911
976 7406
6586 9581
9810 3338
9330 6673
336 3911
579 7305
5262 2472
3937 8265
