100
499 9667
4687 6535
1976 7807
7191 5423
1738 8647
4487 1100
3376 5854
9539 8617
1484 2409
4432 2291
363 8579
8013 8591
1564 338
595 385
5525 7641
6876 5499
5554 1471
739 3491
2032 128
2010 8680
8457 2611
5458 1622
1857 7868
6550 7703
3920 3299
8745 412
9393 3604
5745 1517
7019 7656
3940 7230
2781 196
6322 4915
287 2017
1411 9237
7414 9452
163 3109
233 1118
9930 4928
7154 9519
1233 851
6023 8839
3618 4225
1562 213
9151 6275
2493 3203
438 7135
8074 5833
3236 7133
5954 849
4567 9269
9124 7611
3640 1133
928 226
4153 1458
2509 5791
9755 4836
2456 3181
3572 6232
5006 4732
3998 3880
6107 1258
3843 2861
2628 414
5016 3904
7858 2263
4152 2029
6896 6501
3059 3433
6759 6902
2150 7989
7128 7268
2445 1923
7466 765
3670 5273
3828 1859
1287 4677
2173 7012
1219 9039
3634 941
457 773
1960 9771
4653 7826
7507 8082
7035 8944
3526 2866
4026 4241
4492 1830
2093 8168
5958 8639
592 3133
6406 1889
8945 1729
9051 3179
5708 9406
8094 13
3580 4307
2108 565
1103 1615
8165 5451
41 3163
