100
8408 9706
1302 1529
3561 510
4832 4
6265 178
5016 2093
5324 9377
988 11
3210 9313
1816 4259
9526 4493
3884 4929
3197 1733
1695 6712
770 6484
1141 8742
9272 4803
7614 9644
2366 2029
2031 8092
5042 2659
980 3283
7423 4624
662 90
2617 2015
393 6055
1035 8828
266 4841
5039 9928
1479 1925
638 3681
5199 3594
1336 5025
3820 9516
4694 9606
6190 2223
1613 4530
2826 5953
9094 2788
1602 2653
1373 1543
3783 333
7878 3033
2572 9456
7559 3022
1917 9597
5058 806
5855 3927
1697 173
6330 9121
6295 4977
373 9492
7972 6937
2097 4014
7849 196
568 6125
4557 1344
2391 4509
1983 3452
9450 110
1582 496
6631 537
1333 6875
2910 2180
3418 109
5711 3620
810 6326
4349 5475
4845 6623
4497 6243
9088 4088
4865 8033
8754 465
9715 9789
3166 109
8397 8314
507 9124
1711 4881
7425 5656
8403 6506
6605 7530
7763 269
4230 1054
2268 4853
7233 3164
962 4135
7794 6456
9573 8851
6516 8020
18 1176
6363 5013
1916 1916
8168 5747
7404 1020
8108 7365
5991 4160
4561 733
4143 9043
437 5775
6061 9714
