49
864034 367465
278545 916245
374017 514649
920687 57581
744782 50982
895907 649735
350579 387980
415578 825431
735021 864508
72462 373487
317505 377832
646513 170548
42613 660119
86797 500696
444617 286614
756436 212383
191832 886726
561731 885731
532168 285244
657851 402766
183020 935329
373108 256326
290804 984120
838639 450564
539014 788926
544310 880508
845879 31168
82803 452567
937505 191302
334314 924204
910626 755889
901849 882896
863436 566616
51756 677200
120516 462972
769201 549221
316383 532145
779409 872460
744384 598814
188319 892733
475583 151872
327964 219034
931635 782398
744414 493967
55231 715122
559074 435702
749095 667595
339283 151220
547421 146719
