43
315523 854871
26510 428771
6591 855663
786288 362229
727203 387114
133565 950843
3807 335268
434994 487731
626141 852073
222977 616561
665587 963298
82850 159489
337406 995450
477158 888385
607920 958808
590132 843153
836015 443576
514848 550336
345333 684235
929568 934208
713812 32417
990284 448857
310779 850309
938333 410618
367678 426456
798678 272186
174220 642108
628235 312755
741341 666505
816722 674389
423395 979472
358101 663243
657929 993255
499677 948101
772005 223551
295992 491493
878555 833833
666398 450343
7978 548539
104985 790238
130656 148175
875950 400241
726520 831721
