49
21707 709801
452459 710553
978366 41755
322273 173894
397028 816460
38420 200875
412585 475530
370650 867033
750233 97259
833044 273180
746524 102540
57001 104434
929848 149790
85808 426921
670472 294299
204731 643332
505326 132514
384879 945819
193752 282722
497751 328231
627398 4967
227972 683914
447350 124367
937346 226923
29947 669565
318479 92878
393077 24733
507624 92404
529498 236708
735777 93843
332221 258069
633980 659318
632032 505674
922689 131794
732221 951898
688009 66883
510230 67377
913569 134155
15459 129978
843772 566134
227362 203137
617126 340066
192645 531679
461196 42436
304572 214503
153490 641934
714786 122713
869936 126921
313479 737996
