42
664598 117622
340638 150512
442626 326642
601431 348867
659929 799057
334002 691790
128445 607814
655142 559147
625057 771087
138075 229373
596762 687686
73062 213202
684405 264894
251583 62867
627689 251423
13261 361267
887944 925056
746294 269591
79313 514771
970428 24148
596781 636827
107444 266260
9593 614210
531725 627538
871680 778422
734020 686632
352253 443463
499678 812241
831083 357004
760680 199042
520043 42962
410598 89913
577158 877766
850029 849055
750002 210381
156705 150312
431656 924755
505234 247930
289883 841161
755382 502433
410194 573111
598111 359882
