44
813109 467156
860456 861836
625926 612239
382433 512059
874848 385550
615662 131479
340982 451777
8455 158733
950740 719703
288105 814416
768690 953345
791299 262191
760539 534108
446184 226217
965798 274300
490444 925578
810725 294263
38229 927748
166157 941225
877840 168944
631567 585301
791979 358942
53114 140808
304800 41044
394964 955983
485443 228894
340090 218177
203452 921648
288726 603261
316017 138213
367212 546429
529042 400930
626000 650266
348381 600927
678202 348102
845112 373512
438970 603793
137410 452528
735686 969613
318793 58164
46971 482185
543270 306941
973915 185268
931479 993424
