47
413865 951178
722322 969599
789957 420520
65940 621960
140403 52184
345881 963587
742416 996293
562530 645904
76243 731530
519140 546922
861833 339508
532488 521614
402056 913870
423913 466217
232668 738873
812423 40403
373179 808519
621345 47654
321138 226693
978454 242778
907044 837319
893789 95354
173749 46394
789896 241253
952226 65111
952551 643910
983427 528304
729995 299102
212607 869340
511472 652015
787803 169811
22577 753185
14241 17088
173374 326279
573104 7714
455734 554544
414503 154812
122215 835578
917397 612594
707944 908160
488995 823594
988404 609568
351401 890561
451342 675634
717309 49451
375887 765770
47226 822468
