50
564505 898538
64520 827930
153446 741331
318354 439422
221411 233268
223203 213396
691554 176753
150775 460787
777002 257972
678821 641619
594803 161303
794639 298059
192933 925579
450371 393292
330244 619284
690330 762346
723170 776699
75020 897334
447032 527994
659692 564624
517935 24182
582589 599422
949365 263507
475890 987308
830760 210831
613849 776546
406573 675019
738852 526073
359621 114906
106298 770776
448325 403159
362336 669880
586976 819823
455956 738595
193950 287566
850277 863609
690093 413765
304306 705162
521063 801369
46993 54275
261481 786320
789396 121810
120466 902866
229004 770328
926177 641905
804945 404716
729653 904254
766615 519859
163193 471863
243194 595865
