60 240 1000 30
33 28
30 26
17 16
82 71
68 58
2 1
165 150
19 17
89 77
73 67
2 1
124 111
14 12
83 77
316 286
88 83
42 37
1099 1004
6 5
127 109
19 18
27 23
83 76
18 16
23 20
5 4
21 17
34 29
21 17
95 82
29 25
50 43
24 21
18 16
30 26
1 0
61 52
14 12
31 27
107 101
8 7
21 19
90 77
761 714
63 58
71 66
9 8
13 12
20 19
30 28
919 814
126 119
24 21
42 36
40 38
18 16
4 3
12 10
20 18
4 3
18 4 51 52 13 60
51 4 44 24 25 40
44 6 7 12 22 15 58 43
24 5 44 48 18 51 48
7 3 14 38 54
25 3 18 25 46
52 2 16 1
12 2 9 56
14 2 48 17
16 3 7 52 44
40 5 7 22 58 25 25
22 6 22 24 9 7 51 52
15 5 20 32 30 26 27
38 2 57 6
20 2 4 42
58 15 22 43 16 7 20 24 16 58 34 12 20 54 20 38 29
19 7 12 32 52 20 32 25 9
32 7 22 12 40 14 21 12 20
57 12 58 25 40 44 14 18 25 51 42 44 18 52
54 2 8 41
23 2 31 21
31 13 58 38 54 16 12 14 7 18 57 23 14 24 53
43 2 46 36
46 2 50 34
9 2 3 45
30 2 5 49
56 8 28 58 11 51 3 19 52 8
8 19 25 14 23 31 8 20 22 18 39 56 18 18 8 9 15 52 28 7 7
47 4 46 14 7 25
48 9 40 25 59 46 18 24 55 5 58
10 5 22 13 47 9 30
4 2 29 53
3 19 7 30 44 47 40 54 4 12 14 26 52 31 18 8 44 46 7 22 44
11 11 53 23 19 25 23 13 40 22 56 18 31
36 7 36 18 15 9 30 15 20
5 5 20 18 12 30 8
41 14 25 7 1 23 16 51 7 9 3 22 9 43 54 14
1 14 31 36 23 24 39 14 10 24 54 47 14 51 46 36
6 34 9 23 19 54 29 52 33 41 5 9 43 51 11 23 12 9 19 44 25 13 23 34 15 5 41 32 30 48 30 23 11 17 5 18
13 13 9 38 46 12 43 40 46 60 31 16 25 57 44
50 16 30 6 39 43 46 10 57 52 32 21 5 20 32 18 33 14
33 7 15 47 42 50 24 8 22
42 20 42 51 48 22 8 33 8 8 3 56 12 38 19 43 46 6 38 10 58 50
26 31 16 48 7 54 15 56 3 50 38 43 7 15 49 38 9 10 46 3 40 54 45 24 1 13 22 51 43 9 18 57 6
49 3 18 15 60
17 37 19 31 30 49 56 59 49 12 25 33 15 58 49 46 20 56 48 44 48 54 39 44 8 15 20 60 51 33 20 49 48 36 33 43 7 7 33
45 10 18 49 13 8 30 25 14 32 1 13
34 34 55 30 45 17 6 55 16 10 48 32 33 51 18 24 5 33 46 15 43 54 45 45 23 26 24 27 34 14 51 6 3 9 15 48
55 29 27 14 44 52 23 16 10 45 30 5 36 53 21 56 24 10 7 55 31 41 13 34 18 48 32 49 28 22 52
39 43 56 51 24 45 51 58 23 50 46 4 22 57 1 33 20 47 17 22 11 12 26 11 45 18 55 22 4 48 17 49 23 49 21 12 1 1 47 18 17 3 24 12 18
60 7 1 42 41 50 41 57 19
21 51 23 47 49 44 36 11 40 47 24 26 14 57 25 37 30 20 41 33 42 51 45 43 22 56 12 39 56 41 17 60 38 39 36 41 8 56 17 44 11 10 8 32 6 27 36 38 40 55 16 51 7
37 13 24 54 1 52 12 58 37 36 9 54 18 52 15
29 4 25 43 6 58
28 47 42 54 10 32 4 50 35 8 29 31 60 33 53 14 6 12 24 53 22 45 9 4 24 2 39 20 14 10 26 11 25 29 58 43 31 23 6 26 30 10 12 45 6 12 49 36 48
53 43 33 53 46 8 40 44 5 18 31 15 24 17 38 19 9 57 31 51 16 32 3 12 37 51 43 48 39 17 19 18 52 25 44 25 7 5 33 25 43 28 28 28 30
59 10 36 53 52 49 55 3 37 20 15 42
2 42 19 11 13 1 37 56 4 10 28 12 12 4 60 37 49 29 19 12 59 57 15 8 22 44 41 57 36 19 30 28 34 17 42 36 30 26 38 12 51 19 56 1
35 29 17 56 54 21 33 57 13 37 16 33 44 13 53 19 5 50 57 45 38 1 59 58 56 11 18 32 37 49 23
27 12 1 34 26 36 46 47 22 3 11 3 1 23
21 50 13 12 46 18 7 39 40 49 41 48 20 22 60 48 8 5 4 19 11 32 6 31 5 47 60 36 9 40 34 17 57 13 17 20 43 40 15 30 9 8 52 41 3 48 43 45 10 13 8 5
37 11 13 33 53 39 44 48 6 36 40 41 20
55 45 32 55 47 26 11 23 59 7 59 49 16 52 13 46 42 47 9 43 26 34 38 10 23 41 49 20 27 41 13 29 1 25 13 21 19 45 16 25 48 49 6 58 25 14 19
28 29 20 52 3 15 32 10 38 8 37 1 36 18 4 11 49 50 12 9 5 43 36 25 48 30 11 2 42 28 47
10 16 30 44 52 28 16 57 10 44 16 57 7 57 17 38 30 25
37 9 36 48 19 7 31 26 23 1 23
34 42 5 40 11 34 51 14 2 10 4 4 58 19 26 44 31 44 30 45 57 11 45 22 36 1 1 41 51 12 41 11 1 19 3 6 38 48 1 51 25 26 57 36
37 39 10 6 22 24 58 6 13 19 4 52 60 50 24 41 13 30 57 26 1 51 59 50 38 36 10 33 38 21 11 7 9 15 11 52 50 18 44 17 7
39 33 22 45 41 30 60 55 19 54 12 25 33 18 43 49 16 5 35 50 60 2 26 49 44 41 58 46 58 57 6 43 19 23 11
29 54 24 42 31 5 56 15 43 6 43 29 7 60 29 9 51 32 24 14 45 52 34 38 36 54 49 51 56 44 60 13 32 57 44 12 7 6 34 53 13 32 20 50 15 34 44 55 41 15 55 20 57 18 45 15
29 43 20 33 32 14 17 45 28 25 38 14 4 5 50 13 54 13 45 18 17 5 23 25 44 50 14 38 12 20 2 4 55 33 32 54 51 4 38 58 8 39 13 5 20
29 11 29 37 50 10 35 9 6 17 23 26 16
2 58 14 8 25 42 54 50 59 44 1 21 38 1 42 17 20 13 19 14 42 46 42 22 36 18 40 38 12 24 3 14 17 41 20 21 11 17 51 34 6 12 10 31 46 14 11 37 60 26 46 28 56 58 20 60 60 7 60 34
10 4 22 45 45 10
50 33 33 24 42 45 1 48 26 57 30 4 4 18 1 47 12 20 21 48 18 26 35 18 48 13 52 48 6 12 16 40 6 13 1
13 5 36 18 40 44 8
42 15 35 44 23 30 15 40 57 15 38 22 3 44 7 33 25
53 43 24 52 54 1 45 21 9 33 13 7 60 3 31 20 14 31 44 31 2 18 11 51 48 41 30 36 37 14 7 3 41 29 10 17 3 50 42 19 4 53 12 22 57
48 16 30 10 22 9 28 6 48 31 56 58 24 38 46 47 22 15
3 3 43 50 40
53 44 9 24 56 25 8 55 28 51 48 22 4 40 59 44 27 26 46 25 25 3 53 59 14 39 44 3 54 5 14 54 19 8 35 20 36 20 20 11 14 53 4 30 59 46
48 14 48 52 47 43 10 13 38 58 36 7 10 9 15 52
21 25 39 37 56 53 9 43 60 28 50 4 6 8 60 10 23 21 16 53 13 32 23 52 44 54 15
60 41 34 13 15 17 52 59 58 36 48 50 51 23 48 9 49 38 6 19 14 49 58 41 7 43 27 18 7 25 17 14 44 33 38 41 38 44 30 38 30 13 11
10 21 38 20 27 59 46 57 9 27 22 7 17 52 7 56 44 54 28 46 24 14 40
10 28 10 5 57 30 24 7 44 52 23 51 7 56 16 51 25 49 25 57 16 16 45 16 22 54 30 57 46 51
13 38 14 51 25 34 22 40 1 8 15 34 46 43 60 57 25 25 10 24 46 36 23 22 4 15 6 46 14 14 12 24 15 43 11 43 18 14 30 2
59 48 3 24 12 17 23 23 34 52 19 52 46 23 42 25 41 13 46 59 16 52 32 59 53 60 38 8 14 47 42 37 25 41 23 33 7 40 25 12 6 3 46 46 53 43 1 9 4 55
49 42 54 18 32 22 14 32 8 43 40 25 12 44 49 51 20 24 14 23 44 11 16 19 27 36 25 28 58 17 16 46 25 16 22 18 40 48 12 48 18 52 23 6
49 24 3 11 33 38 30 12 56 54 17 47 49 30 7 43 17 30 22 58 13 40 36 19 27 4
37 17 13 5 16 40 15 45 50 11 48 2 4 42 46 5 39 37 21
3 25 18 30 31 16 21 11 6 4 38 25 30 44 40 48 7 11 12 41 12 43 52 32 5 25 15
37 2 12 24
2 47 19 58 2 24 13 57 41 44 26 25 54 22 55 53 59 55 22 37 53 38 54 47 23 18 2 57 18 23 34 18 34 17 14 23 6 57 58 30 49 7 3 15 28 59 54 11 13
11 24 56 54 41 7 50 24 40 22 20 42 52 43 12 36 25 27 53 8 7 14 10 51 19 24
11 28 48 15 32 25 43 32 4 30 35 6 32 54 46 48 49 43 9 57 48 49 46 8 46 13 4 43 32 58
39 45 40 20 26 4 40 24 23 42 7 14 13 36 24 23 18 16 49 30 14 47 26 42 1 13 14 26 40 24 24 37 55 2 33 30 19 25 55 42 2 26 42 60 60 9 39
49 8 31 1 48 47 38 9 56 10
27 52 16 5 58 59 54 26 54 57 3 1 22 22 48 38 57 26 13 43 56 47 38 6 55 51 56 42 54 51 45 25 25 2 56 18 60 10 28 58 34 36 56 19 17 10 44 28 38 2 17 9 37 36
5 25 10 25 31 49 9 9 9 24 36 38 38 31 30 17 48 38 24 30 17 11 41 58 51 3 15
53 44 11 18 52 11 26 7 36 25 52 21 14 34 53 56 6 47 50 33 24 47 21 59 47 57 7 8 53 20 24 23 58 31 60 38 54 13 33 49 54 35 25 15 4 30
49 26 19 9 26 52 13 24 33 20 15 31 6 58 15 21 18 49 38 50 5 36 24 40 6 32 12 14
37 50 26 7 50 22 57 11 55 22 29 24 52 46 45 15 7 33 52 7 15 46 41 56 29 35 34 58 50 54 12 37 55 17 8 26 26 1 40 43 13 60 49 52 7 9 9 45 59 58 47 34
49 35 19 58 20 36 28 2 26 23 24 11 18 57 40 51 17 24 44 26 38 30 51 31 15 46 17 16 13 31 54 42 36 46 35 20 15
2 32 43 29 48 44 17 38 55 24 35 52 16 40 13 60 11 9 9 40 17 2 16 14 60 38 2 60 60 3 33 18 14 56
48 5 14 18 22 36 30
59 12 31 41 41 8 36 9 25 47 49 31 18 8
3 28 18 48 22 31 20 7 22 54 54 52 35 51 52 40 52 57 60 49 25 20 15 7 22 43 58 43 9 18
1 7 6 51 24 40 1 29 49
53 44 47 13 34 8 42 11 52 32 1 25 6 56 33 41 20 45 5 10 30 13 38 22 42 4 17 45 49 41 14 18 33 59 14 17 25 12 30 19 3 44 39 41 49 60
13 10 38 41 56 4 42 9 50 8 47 19
13 5 30 23 24 56 20
34 5 24 26 46 45 34
26 40 51 27 50 8 4 48 26 12 15 24 32 7 56 48 28 60 44 49 1 16 32 5 24 1 11 8 58 15 56 24 2 6 26 44 26 5 31 55 18 42
4 3 54 21 57
11 25 4 38 45 9 36 44 40 48 25 50 35 31 30 32 30 31 14 7 56 24 25 28 18 52 18
39 43 8 43 14 1 52 23 11 40 27 29 12 55 1 13 30 44 36 49 9 22 40 42 10 43 20 1 57 30 19 8 15 5 42 5 31 29 16 34 51 5 47 26 17
34 6 45 51 24 50 41 43
41 9 17 16 12 9 13 26 60 41 25
49 34 8 13 55 4 22 17 54 51 6 20 6 5 56 47 24 32 6 34 30 48 50 7 44 51 51 13 26 48 46 26 25 40 25 17
29 21 54 24 1 9 8 43 9 12 35 1 48 34 44 20 27 49 53 40 26 10 54
29 18 20 27 48 59 39 34 43 52 24 38 44 18 48 36 38 58 49 44
39 9 49 21 44 26 1 42 6 45 22
45 9 5 48 23 48 40 44 6 51 49
28 47 37 32 60 15 57 5 33 52 55 52 6 41 50 33 22 33 57 24 23 23 3 60 54 16 44 36 47 19 5 9 60 6 32 1 2 29 16 24 40 15 11 5 28 32 29 36 56
37 15 4 46 60 9 56 10 30 40 4 10 18 21 13 24 46
41 2 40 1
37 48 45 21 9 3 19 19 18 30 46 13 25 1 50 21 36 23 30 18 60 58 58 24 55 46 49 36 46 47 41 14 51 1 57 38 28 32 8 52 10 21 57 7 49 49 38 31 3 18
26 34 47 38 30 32 8 38 44 44 39 24 37 40 13 47 52 48 51 25 43 25 14 4 30 5 42 50 52 18 25 6 8 13 43 15
28 46 40 2 44 44 30 13 22 24 4 9 20 32 53 29 4 52 4 12 20 42 9 50 12 60 16 3 46 23 17 16 38 50 19 12 52 55 17 32 39 33 21 31 53 38 13 19
26 11 30 36 24 15 4 53 32 57 43 55 8
48 27 32 26 7 48 4 15 52 16 22 15 52 25 57 59 58 30 22 9 19 50 49 14 17 57 9 23 20
50 26 24 30 19 37 51 18 14 54 30 7 23 52 13 40 5 56 3 6 34 41 33 42 47 17 31 25
1 33 11 51 16 54 43 57 15 25 25 19 25 58 11 40 57 4 52 12 38 8 38 36 30 8 47 1 46 29 22 38 56 56 7
55 19 41 13 6 39 49 38 13 31 38 38 38 17 24 16 13 32 31 49 25
35 10 17 51 60 60 57 30 20 19 59 24
27 23 13 7 43 49 56 11 22 45 16 1 8 4 36 41 51 45 25 41 3 45 5 24 54
45 22 44 7 48 20 40 12 31 8 58 17 42 9 54 38 17 42 42 30 20 14 44 53
49 30 12 38 10 1 41 52 28 15 24 38 4 38 23 58 12 52 51 16 16 22 15 44 38 12 15 41 25 55 41 15
42 23 8 24 31 34 32 11 33 12 48 33 12 14 48 5 34 16 56 54 43 13 22 44 38
37 9 8 7 57 60 42 6 43 42 13
45 24 29 33 50 48 44 47 49 23 23 25 43 54 10 18 10 39 50 55 45 42 46 36 32 54
59 33 6 13 30 34 41 45 15 16 11 2 50 38 48 53 21 22 28 46 18 15 50 8 49 16 60 43 6 3 21 13 47 4 55
39 43 16 48 32 15 6 11 50 18 12 42 52 50 5 24 4 20 9 40 29 27 23 60 11 51 21 9 20 56 26 19 56 3 41 20 48 31 56 11 3 60 45 56 9
39 15 30 48 32 15 58 52 33 1 38 43 26 35 31 29 46
21 4 5 48 22 57
36 26 32 15 58 32 37 4 20 55 23 46 19 54 20 25 24 9 24 54 47 16 30 48 36 18 23 8
17 33 36 54 50 42 20 6 45 48 23 18 49 15 1 58 40 37 31 58 45 38 45 36 10 50 56 36 42 32 53 36 33 44 10
35 44 26 26 48 5 60 24 33 59 60 14 20 3 21 4 53 50 57 51 35 29 12 34 6 30 7 54 58 4 31 51 38 21 36 46 11 18 12 31 8 7 39 44 28 46
21 36 2 58 37 6 7 25 21 43 16 52 33 43 11 14 14 6 5 57 11 13 23 42 48 57 54 7 32 14 54 41 32 5 46 15 21 55
1 36 32 7 53 34 19 35 8 54 57 7 19 20 3 44 36 30 60 52 24 6 9 10 4 57 23 12 43 3 8 15 7 54 57 2 30 46
60 13 11 25 10 45 53 13 17 3 51 2 47 60 47
5 35 2 44 22 16 44 41 36 8 41 46 18 4 52 7 33 54 23 24 48 31 43 4 25 52 36 20 12 19 12 13 20 24 16 8 2
21 40 15 29 9 24 54 1 40 40 38 48 34 9 43 5 39 36 15 39 19 6 45 60 58 14 48 9 40 15 55 10 48 26 17 41 31 48 28 43 11 46
26 3 36 51 14
29 50 51 26 10 19 32 21 57 40 46 44 8 34 37 52 24 58 48 54 30 24 32 50 40 3 13 39 51 47 46 27 1 19 11 49 46 23 25 52 25 42 9 36 41 41 52 52 32 21 25 19
50 30 43 33 57 38 50 50 5 19 30 36 15 52 15 16 52 54 9 30 2 27 29 13 8 56 56 52 33 7 56 11
41 26 24 49 23 48 24 45 52 40 29 48 12 56 57 38 18 25 31 41 12 58 57 1 9 5 31 3
59 22 25 55 18 23 4 2 21 37 18 52 52 59 4 40 60 13 21 4 36 15 29 40
2 19 11 20 59 59 25 2 26 48 13 44 46 43 54 37 38 19 30 5 16
39 33 52 56 1 43 51 25 13 10 40 56 47 16 32 41 37 21 55 58 36 60 11 13 47 16 58 52 29 5 21 26 51 8 38
50 20 16 36 13 4 52 51 30 54 57 10 41 32 14 5 57 8 6 52 3 29
17 36 16 58 14 16 52 40 46 42 3 7 7 18 6 36 26 53 10 7 36 38 54 1 34 24 18 56 52 11 43 11 14 56 1 20 45 9
26 27 44 42 2 25 23 15 47 30 36 48 24 8 33 56 47 22 58 4 26 7 43 47 36 12 15 38 23
42 17 11 43 15 51 43 33 33 38 36 36 57 1 24 9 7 4 5
29 51 52 16 19 23 40 20 14 30 7 15 22 36 27 27 60 42 38 34 48 14 57 20 14 12 34 15 16 14 6 35 47 50 12 22 21 3 55 23 33 22 29 44 48 22 55 22 47 39 57 32 49
6 29 41 8 30 54 32 31 27 37 10 15 46 11 15 56 32 43 35 4 44 32 28 1 32 46 5 23 58 7 48
26 33 16 44 44 44 26 20 4 44 33 22 34 57 42 40 26 50 7 48 46 6 50 38 7 49 49 4 6 1 31 23 48 7 19
55 27 41 30 39 4 57 22 51 10 25 15 23 38 31 38 34 9 57 33 21 60 19 15 19 55 12 17 34
55 5 26 34 27 38 44
48 28 23 30 51 10 19 8 31 9 44 22 32 46 10 38 40 48 8 38 9 12 31 32 58 12 7 58 54 51
11 34 32 10 29 48 30 27 57 10 23 4 60 6 44 41 22 4 51 20 30 14 56 58 34 36 3 59 14 40 51 31 36 9 44 40
50 36 29 41 36 12 43 58 42 41 40 10 7 4 57 30 2 40 32 19 20 54 22 38 49 6 46 5 3 9 38 22 7 44 25 13 15 32
34 33 44 30 51 32 8 41 51 19 15 38 18 1 58 46 18 51 23 50 13 19 27 51 26 55 22 32 50 42 45 52 34 40 30
42 30 21 9 10 22 25 30 24 7 9 54 49 39 23 12 58 25 7 23 14 28 8 26 42 46 14 14 23 56 33 58
55 11 58 21 19 31 31 48 14 19 36 18 55
33 40 30 50 28 11 25 19 3 17 54 20 7 52 3 53 14 60 26 52 58 4 25 32 15 16 4 57 3 12 25 20 15 51 15 53 22 18 53 54 37 48
10 6 32 14 43 7 56 19
5 28 20 10 31 24 10 43 54 14 43 38 9 24 9 60 7 15 28 9 24 43 48 52 24 8 46 38 19 44
34 22 19 15 43 40 52 54 9 7 23 16 34 58 10 5 46 12 51 43 20 17 45 51
13 34 52 44 49 12 4 7 57 38 41 24 7 12 49 56 46 11 11 54 7 36 13 7 30 18 1 36 32 51 51 3 36 51 51 52
49 39 32 17 36 4 37 54 58 7 51 19 13 47 3 10 46 14 36 44 14 25 23 41 20 54 11 44 44 15 16 46 19 47 44 46 36 11 38 12 4
2 56 16 30 54 10 23 34 13 57 6 55 7 30 14 35 11 18 51 7 22 39 1 1 50 54 23 31 26 7 30 56 35 27 34 50 12 29 15 40 46 8 45 2 6 47 19 44 57 29 41 57 43 17 13 44 26 1
35 26 41 9 48 50 53 3 58 43 57 30 8 28 38 54 43 32 45 5 20 33 4 28 36 43 48 13
60 6 20 49 3 34 57 25
35 5 44 57 10 40 37
10 5 56 47 11 12 57
55 17 11 4 39 50 17 1 39 56 3 17 14 28 47 32 46 14 41
5 21 4 23 58 12 22 5 7 19 41 22 47 20 19 54 56 18 31 47 36 56 23
10 18 4 4 53 47 6 22 15 57 52 23 16 10 56 51 32 22 54 16
17 5 58 41 4 4 56
55 26 5 8 19 48 14 17 14 9 52 52 17 26 47 60 3 3 30 39 34 5 17 41 24 36 10 19
27 7 32 54 19 6 41 14 2
17 18 55 24 57 46 8 16 28 26 45 44 32 33 11 38 4 27 30 47
37 22 22 4 12 26 30 10 18 40 58 38 7 51 52 13 32 60 48 11 29 11 54 33
35 5 52 27 60 13 29
2 41 42 39 45 16 4 12 31 39 21 11 2 55 53 7 27 24 38 37 48 46 16 25 12 30 21 25 8 15 9 21 2 15 49 20 13 2 7 51 42 54 57
41 14 38 52 44 44 12 9 18 54 14 10 23 48 14 18
50 3 57 6 13
4 11 51 48 25 19 6 18 44 28 7 28 32
6 31 45 8 42 4 30 31 36 1 3 4 7 38 7 4 7 47 54 26 51 35 43 25 25 36 36 21 17 1 18 14 57
50 21 14 20 31 17 8 35 13 31 47 8 1 33 31 12 12 25 23 14 47 19 3
26 18 15 49 35 20 18 35 32 13 22 33 59 49 30 55 31 23 40 54
27 61 48 20 41 31 43 40 34 23 27 57 50 51 17 42 57 25 52 60 40 7 0 0 26 50 5 5 55 25 37 22 42 60 45 22 42 51 54 48 49 23 54 55 8 53 22 8 30 40 57 4 27 4 48 50 37 19 34 13 42 48 41
59 29 60 26 34 33 2 50 26 45 17 47 15 22 5 32 22 13 60 23 28 50 9 10 21 4 47 2 19 14 41
27 26 52 20 19 43 48 10 60 4 39 13 0 60 28 53 35 24 18 52 59 33 56 22 39 14 34 58
11 11 57 23 47 23 36 16 24 32 25 51 38
33 7 19 22 33 15 10 42 10
5 33 36 5 43 21 17 56 22 59 43 40 43 44 43 39 26 9 18 43 15 51 57 9 16 7 38 5 10 36 43 34 18 30 17
36 19 58 19 18 33 20 25 47 58 38 4 58 51 17 37 16 14 14 49 54
50 40 6 29 24 23 1 33 46 32 33 7 8 30 38 57 31 15 59 50 49 21 57 9 47 1 21 10 33 25 17 7 58 11 38 12 49 43 19 9 44 31
2 58 23 40 22 29 1 60 12 51 8 19 19 22 54 22 22 54 2 17 26 48 12 33 31 11 22 25 44 44 2 40 11 2 15 59 38 7 2 17 51 9 16 58 53 9 36 50 12 22 31 9 25 24 13 32 1 38 8 53
60 39 12 25 12 21 56 32 36 31 3 13 48 13 41 28 38 33 16 24 8 58 22 4 33 24 4 30 42 54 4 1 44 38 24 49 7 24 1 38 10
29 55 36 16 15 37 32 14 9 12 32 30 56 32 1 37 21 8 2 9 37 7 39 50 15 14 30 18 1 41 12 58 17 34 19 38 8 16 31 15 16 37 31 54 21 59 46 43 28 30 41 4 17 11 5 15 39
3 31 10 12 16 30 22 24 5 38 12 38 29 23 52 1 44 30 38 32 52 58 10 58 35 58 24 21 12 23 48 10 38
26 13 14 32 33 41 6 31 49 36 11 51 36 41 51
42 40 56 22 32 13 18 28 41 10 31 24 8 10 56 27 50 25 16 44 57 43 8 50 31 10 18 32 3 31 22 36 56 4 5 51 52 41 8 25 9 12
59 52 23 44 39 41 53 22 16 10 19 26 31 55 31 15 58 56 60 30 45 3 59 38 7 50 43 32 32 48 29 54 57 3 36 56 6 16 11 17 45 49 27 4 30 7 14 54 44 54 25 33 17 54
4 10 4 45 54 51 57 18 12 52 31 44
49 19 42 51 33 60 30 4 25 3 18 18 18 11 49 55 54 32 27 19 15
6 3 52 51 32
1 29 44 16 48 24 52 35 24 1 52 20 36 10 11 58 30 4 47 54 25 44 5 57 49 18 40 40 32 58 41
21 4 16 24 38 13
27 59 32 21 57 13 47 2 30 8 52 39 16 4 7 3 52 18 4 7 6 54 20 28 32 20 35 15 25 16 36 55 25 25 3 45 12 24 60 3 38 1 58 8 2 59 19 40 10 28 51 25 22 8 60 13 53 42 29 37 32
27 16 22 46 49 20 28 4 32 51 9 9 27 44 59 5 24 38
10 26 52 8 40 48 18 14 10 58 59 60 54 9 46 21 52 54 7 38 9 23 49 19 24 7 44 16
45 21 11 8 39 51 24 53 5 46 19 8 17 17 25 38 55 32 24 34 11 9 53
29 28 59 3 16 44 46 42 19 11 50 47 17 22 27 26 56 13 20 57 55 9 25 46 21 43 15 49 58 16
37 46 47 8 41 54 30 41 30 19 7 9 11 20 54 18 30 29 52 16 48 15 9 17 5 5 26 42 34 20 50 54 6 20 49 13 1 14 20 36 10 45 41 24 7 49 9 58
5 32 14 13 14 8 43 36 26 47 57 7 47 56 19 52 57 31 38 18 19 57 31 59 18 22 22 56 58 32 8 36 36 20
10 3 51 24 23
2 53 60 26 30 45 45 11 44 14 48 4 22 30 29 3 40 2 46 39 25 14 18 35 30 20 23 28 39 13 53 48 14 4 57 4 32 12 8 45 51 15 16 57 50 35 29 23 17 40 55 7 36 39 9
33 18 28 55 28 51 24 45 18 57 14 3 25 4 30 19 10 58 15 49
27 44 39 3 36 13 5 3 48 18 7 0 44 34 44 53 4 3 28 17 42 57 23 50 25 33 47 44 56 32 44 60 7 9 52 56 45 60 25 55 33 19 31 11 26 49
1 14 7 22 25 36 55 11 9 28 11 41 9 42 1 57
34 37 47 33 54 23 24 52 7 23 24 15 31 57 15 1 58 20 10 45 52 40 57 4 56 16 16 12 24 52 24 6 1 5 42 50 15 15 21
4 9 19 47 46 3 40 38 24 24 17
21 19 50 56 57 34 41 45 38 38 6 20 54 34 31 24 1 16 49 3 14
5 6 17 52 58 27 52 43
48 30 10 48 54 24 51 10 53 23 19 48 51 44 16 40 11 23 10 46 40 52 46 23 47 30 16 14 23 30 54 52
