25 60 400 8
36 28
91 73
31 24
31 25
282 234
22 19
22 18
87 75
2 1
6 5
496 387
47 38
5 4
5 4
63 53
24 19
16 13
63 53
8 7
6 5
21 18
49 40
32 25
110 92
88 71
11 5 5 12 14 2 6
5 3 8 22 24
12 4 5 1 5 12
14 2 11 12
8 2 15 17
22 3 7 19 13
15 2 21 4
7 3 14 21 14
3 5 14 22 12 18 3
2 8 2 3 3 18 14 4 2 13
18 2 1 10
24 13 2 15 11 6 24 2 24 11 8 3 18 2 23
25 2 23 16
19 3 5 18 12
21 9 11 17 12 8 3 3 4 5 2
1 2 9 20
10 4 25 6 20 24
23 4 1 23 15 10
13 17 17 14 23 25 18 1 18 11 24 18 13 16 19 9 15 18 14
17 21 21 20 4 3 12 14 1 20 24 25 23 2 7 10 2 16 21 10 22 7 19
9 18 11 10 20 25 16 21 21 22 24 7 19 10 24 21 19 4 2 8
16 19 10 6 1 5 16 10 10 8 24 23 7 12 13 1 8 4 4 23 1
4 22 14 14 9 6 15 16 21 7 16 18 18 7 22 2 7 10 8 16 13 6 21 14
6 19 14 15 22 15 16 15 22 20 18 20 6 14 18 19 7 22 14 5 20
20 7 4 6 0 10 24 20 5
23 10 15 5 5 3 4 13 8 15 24 11
9 20 3 11 8 19 5 19 10 13 25 12 20 18 25 24 1 18 24 22 9 8
1 12 25 11 25 21 12 10 19 1 10 24 18 14
9 6 13 5 24 23 2 11
9 18 18 15 16 9 24 13 12 21 15 8 22 13 24 9 22 22 5 7
1 4 22 11 14 11
21 14 25 1 12 25 18 2 18 3 24 19 5 24 5 25
25 4 13 7 25 15
21 4 11 18 17 7
13 17 22 5 25 19 7 19 11 13 14 25 17 22 21 15 6 8 3
16 13 24 3 22 3 21 8 7 18 13 25 7 3 17
25 4 15 14 8 4
9 9 14 8 2 16 1 17 16 17 18
25 12 8 1 13 22 25 4 24 17 21 8 11 18
25 5 6 18 25 22 11
25 14 18 2 20 25 9 13 2 15 2 8 7 2 5 14
24 7 18 2 25 15 22 22 24
1 13 2 17 5 12 8 4 21 15 5 25 25 12 25
21 10 3 24 13 18 14 1 14 13 13 21
16 22 1 10 19 10 15 3 12 18 22 13 13 18 8 5 13 18 19 8 21 5 6 9
1 4 7 15 18 10
1 9 3 22 11 10 3 7 17 8 18
17 15 24 8 25 13 19 24 12 23 3 12 25 14 19 13 8
19 12 5 21 11 2 24 14 25 12 2 7 2 2
19 3 1 7 9
24 5 15 7 11 25 5
10 18 8 1 15 21 10 3 1 21 2 3 12 10 4 10 10 5 11 19
24 11 2 5 14 14 5 11 18 15 25 5 2
6 18 25 22 13 14 1 7 5 1 1 10 24 9 5 5 2 3 3 11
10 14 14 8 21 3 8 10 2 6 3 22 5 25 16 12
4 19 23 18 15 6 15 18 13 2 13 25 1 21 24 22 1 19 16 21 24
21 10 15 19 18 10 11 2 1 23 11 22
25 4 2 3 20 12
16 13 2 4 11 25 17 22 1 5 10 18 4 23 10
10 14 25 19 11 12 1 8 14 19 25 15 19 12 15 19
