28 80 500 10
29 24
7 6
140 117
12 9
46 39
36 29
26 22
55 47
8 7
20 15
4 3
497 402
228 183
1 0
91 77
14 11
19 16
14 12
14 12
27 24
17 14
122 106
9 8
39 34
5 4
76 62
27 23
537 447
28 3 12 19 9
12 4 22 13 15 18
22 3 27 6 7
13 3 3 10 1
27 2 27 16
15 5 12 3 3 15 13
3 3 24 8 23
24 8 28 8 8 28 3 13 13 6
8 2 8 8
26 4 9 26 12 26
20 2 11 4
18 11 13 8 15 26 13 27 18 3 21 28 21
21 3 16 10 28
23 5 16 3 13 15 26
16 14 27 23 13 8 26 19 13 13 8 11 11 23 14 4
11 17 8 22 20 10 23 13 20 24 15 28 26 12 10 16 26 26 5
6 4 27 18 11 16
4 16 15 11 3 14 22 5 22 6 17 27 6 11 5 4 8 20
5 2 25 17
10 13 19 3 9 21 13 3 20 12 22 4 3 24 27
7 19 27 25 12 17 25 18 25 14 5 28 23 24 11 24 4 6 26 17 10
25 17 9 15 28 28 7 24 5 5 26 16 20 27 15 20 26 6 23
17 22 28 9 17 16 17 28 16 22 24 13 25 17 12 26 21 17 20 13 11 25 21 5
19 11 12 26 20 4 5 12 10 1 17 7 4
1 19 17 1 10 23 1 3 6 7 5 12 9 4 18 25 20 20 8 1 1
9 25 2 2 20 6 24 1 17 17 10 14 11 14 26 4 5 16 27 7 27 11 1 25 10 26 9
2 28 11 7 1 20 17 25 8 10 8 5 3 19 25 18 10 28 1 4 15 24 15 11 11 7 26 24 28 19
14 23 23 24 21 15 15 26 7 12 25 4 2 19 9 6 8 4 19 7 13 1 10 15 22
4 4 24 3 4 6
16 15 13 27 15 8 16 13 22 23 23 24 21 13 21 26 18
16 7 16 12 20 26 1 15 19
1 21 13 11 13 19 22 11 17 21 25 5 13 26 12 23 18 11 26 6 10 22 25
7 14 24 11 27 21 6 3 25 10 21 20 11 9 21 23
16 11 3 3 13 28 10 26 28 7 8 8 1
4 2 11 20
4 3 5 12 28
7 20 26 22 18 8 22 21 25 22 20 7 15 25 8 4 11 1 22 5 20 22
14 15 16 15 4 9 3 26 28 11 21 23 19 19 24 20 18
10 5 8 7 8 27 8
4 13 6 26 16 11 26 15 27 4 23 10 3 16 1
14 26 0 12 2 16 14 14 15 12 15 1 18 17 1 8 22 7 26 16 23 3 7 21 11 26 11 10
1 11 9 21 24 28 23 6 25 8 14 4 4
5 7 28 26 11 20 10 10 1
11 7 15 7 21 12 12 3 8
2 11 21 21 8 9 19 8 10 3 19 13 12
14 28 6 5 8 15 16 6 20 15 12 13 23 10 17 22 21 27 6 17 6 21 3 27 28 21 17 20 7 5
17 11 26 17 21 24 25 17 11 8 26 5 10
16 15 28 12 15 18 26 8 23 16 20 21 12 21 3 10 7
17 7 21 8 8 17 3 3 28
9 26 9 5 28 1 7 25 3 27 6 1 17 26 16 20 4 3 23 4 8 10 9 9 2 22 24 8
7 5 23 25 4 11 12
10 16 17 16 24 22 7 20 15 24 24 8 11 13 9 10 11 18
9 14 26 15 21 24 9 16 9 13 11 4 1 26 8 7
16 9 3 23 26 16 16 16 27 23 28
17 3 10 22 26
19 17 26 12 18 16 24 6 25 16 7 7 12 26 28 25 7 7 19
9 24 1 17 22 12 2 21 25 19 22 27 20 17 27 22 20 5 26 16 14 20 27 8 28 17
9 15 16 6 18 6 9 5 10 13 25 3 19 11 3 1 22
2 11 2 23 15 6 3 20 17 28 5 28 19
11 17 10 21 3 15 18 23 11 21 4 21 18 12 18 13 6 26 18
1 6 11 22 9 7 6 27
10 7 20 5 24 21 4 6 10
6 3 28 12 21
7 19 16 22 21 11 24 25 20 13 21 13 28 12 15 22 27 17 28 6 18
1 24 17 7 10 4 14 25 5 20 17 6 21 3 1 3 8 15 11 22 24 27 1 10 13 13
10 18 21 11 24 11 5 23 10 11 28 13 24 13 15 26 21 15 23 22
19 21 25 20 25 24 6 18 11 2 18 12 25 25 27 1 7 27 7 6 20 4 28
16 6 22 8 11 24 3 16
10 8 27 20 5 21 28 11 3 26
23 5 27 2 25 14 16
25 23 11 15 15 17 23 7 5 10 7 5 28 27 26 20 22 26 20 24 18 3 12 21 20
19 7 16 26 8 22 10 26 11
10 6 26 11 24 1 18 4
14 3 8 20 24
25 17 24 24 18 3 28 17 10 20 3 26 25 10 11 10 1 25 13
11 12 28 21 1 28 21 11 18 17 28 22 21 10
25 9 4 15 15 15 3 20 22 4 28
23 12 21 16 19 8 27 18 20 22 15 8 19 24
7 19 12 12 8 16 26 5 20 15 7 3 5 25 27 22 24 27 25 8 6
19 18 22 11 10 5 1 26 23 12 7 1 25 8 12 6 27 26 8 17
