30 100 600 15
47 39
72 57
123 104
18 15
49 44
292 244
32 25
29 25
539 447
9 8
86 72
67 54
12 10
762 655
35 31
7 6
67 57
31 27
12 9
7 6
5 4
40 34
37 30
21 17
38 32
148 128
30 27
33 26
106 85
35 30
14 5 9 20 3 22 27
9 4 6 26 23 30
20 2 3 13
3 2 1 28
6 4 25 11 24 29
25 6 9 21 27 15 20 25
11 2 9 20
26 2 17 2
5 5 7 5 5 26 6
7 4 29 25 4 26
24 11 7 24 7 20 13 3 27 11 7 9 9
17 8 9 3 19 26 7 7 21 24
29 3 4 12 16
13 6 8 3 26 4 3 12
8 8 20 5 13 12 7 8 2 26
1 16 1 25 29 26 20 20 10 25 24 24 9 1 24 11 20 14
2 11 27 17 21 10 26 20 8 17 7 17 17
19 17 19 16 16 23 1 16 17 28 25 23 9 5 19 5 19 2 27
23 2 14 7
22 21 24 2 23 22 15 20 10 6 2 13 15 10 6 23 27 29 3 17 19 2 8
4 9 8 14 11 25 4 25 3 13 17
30 9 4 19 20 25 29 11 13 29 2
12 2 10 15
28 22 27 23 11 8 5 21 17 19 1 25 1 14 14 26 11 22 10 19 13 29 30 20
21 23 5 11 24 18 21 28 2 12 21 26 25 29 23 12 19 2 6 19 16 27 21 13 24
18 10 10 27 5 28 14 2 26 14 4 24
10 25 1 14 10 29 23 6 8 26 19 19 3 5 8 29 25 3 9 30 24 17 15 17 17 18 2
15 3 30 7 23
27 25 16 17 9 13 21 26 29 20 22 1 5 1 1 3 30 24 14 28 21 14 18 24 20 4 12
16 26 1 25 15 26 8 19 0 5 24 20 7 10 6 16 0 2 20 13 13 20 8 18 27 14 24 6
28 16 25 20 30 3 22 26 17 24 2 1 28 30 14 12 14 1
15 2 18 7
10 21 7 13 26 21 10 18 20 24 5 10 29 9 9 28 25 22 28 7 16 10 7
16 12 9 19 24 28 16 25 26 14 6 3 25 14
18 8 21 3 9 12 10 14 28 13
27 19 19 30 18 22 5 20 24 10 5 8 25 28 9 15 8 6 17 5 11
12 6 7 16 8 5 22 29
27 22 20 23 3 28 10 30 14 20 29 21 15 20 15 24 2 16 3 28 4 15 19 28
19 17 1 30 30 28 14 3 20 20 23 26 7 22 20 1 9 3 14
30 4 8 7 13 11
8 16 9 6 26 5 17 1 26 5 11 7 9 14 7 17 13 25
10 15 23 29 9 4 15 2 1 15 14 20 3 26 1 19 30
2 11 5 8 25 7 29 12 5 6 5 30 13
30 12 20 13 13 7 25 30 13 7 29 12 26 2
16 11 6 7 13 15 3 29 15 12 11 15 1
4 4 4 18 20 5
28 20 26 24 6 21 29 23 21 8 25 24 5 23 21 9 29 8 21 14 24 5
15 27 25 11 11 21 28 24 21 24 1 27 21 23 3 22 29 12 9 9 23 29 7 6 3 29 25 30 22
12 4 12 5 5 16
28 12 1 8 6 12 22 23 2 5 14 22 8 14
1 16 27 25 13 2 29 17 14 20 25 14 28 7 25 16 25 8
2 13 14 25 4 24 29 26 5 19 18 25 3 6 17
23 12 26 4 19 3 24 8 7 25 27 13 2 13
16 16 17 14 14 17 28 11 30 17 21 20 22 12 8 7 7 12
16 5 24 29 4 28 8
4 6 11 20 19 11 18 13
19 14 13 26 6 20 3 12 7 6 1 1 12 3 7 13
2 2 7 29
28 9 13 2 15 8 9 20 24 2 19
4 9 2 13 8 30 29 6 19 12 11
23 2 1 2
18 18 8 12 25 25 28 28 7 6 1 28 7 20 21 28 3 22 8 23
4 15 7 26 29 8 11 9 11 5 30 20 13 11 2 23 17
16 27 3 19 30 11 22 8 4 11 22 10 28 25 13 24 17 8 14 29 20 27 27 20 0 13 24 3 13
18 14 21 19 25 5 18 8 2 23 13 4 24 8 23 19
4 19 24 13 27 14 8 6 24 9 14 19 4 3 8 8 23 8 21 17 4
2 2 8 7
22 19 4 18 15 5 29 19 28 11 19 2 17 8 21 1 13 15 7 25 22
30 11 17 14 11 22 20 13 26 5 14 30 5
18 14 1 13 5 4 27 27 7 21 10 24 25 11 11 19
30 9 29 8 25 11 25 6 22 9 14
28 19 21 6 22 1 14 8 21 13 5 9 3 25 1 5 3 29 22 25 8
21 4 14 29 14 8
1 4 10 24 29 1
21 3 7 7 29
21 4 14 12 25 5
10 18 8 17 5 6 23 3 23 17 19 26 4 7 27 21 30 17 12 20
21 2 24 29
19 4 11 4 20 12
2 5 8 1 7 26 25
28 21 23 5 30 17 30 29 3 11 30 9 8 28 6 28 5 30 4 27 19 28 23
23 4 5 13 13 17
4 17 12 7 29 30 14 7 9 13 1 20 25 30 24 28 29 1 26
27 22 30 25 30 24 6 5 27 23 1 29 24 1 21 20 25 8 21 20 10 30 14 29
19 5 17 15 1 24 8
15 5 30 18 8 14 29
21 13 5 26 3 1 20 11 5 17 3 9 26 14 22
12 16 20 2 23 1 3 30 5 13 30 27 21 9 8 6 17 25
15 14 24 11 20 5 18 25 2 9 23 18 14 7 7 17
4 3 21 2 17
28 24 6 5 17 21 5 25 2 12 30 29 7 23 22 23 7 3 28 4 14 14 30 25 13 23
8 9 14 17 1 3 5 3 9 17 6
19 13 10 13 17 27 28 20 9 12 7 23 14 27 1
1 3 17 8 6
21 2 29 22
8 2 25 8
23 4 24 15 18 24
16 10 7 19 1 16 9 8 28 26 28 17
23 14 6 5 25 9 26 7 22 9 6 1 24 3 2 23
27 23 11 14 25 27 21 22 28 25 17 3 10 13 1 12 25 12 12 3 19 25 19 27 8
