20 50 300 6
53 42
29 23
30 22
23 19
14 10
19 16
27 20
4 3
12 10
52 43
3 2
18 15
20 15
33 25
55 42
22 16
5 4
213 175
352 268
189 146
19 6 8 4 18 17 15 3
8 3 19 8 8
4 4 4 16 8 8
18 2 4 19
17 3 18 15 19
20 5 9 1 7 10 5
9 7 17 17 9 17 9 20 20
15 2 13 6
1 5 11 19 17 1 15
2 3 9 10 20
12 8 19 17 12 8 16 5 5 3
3 3 16 18 18
7 4 18 2 8 19
10 10 1 17 2 15 4 7 3 4 14 18
13 4 3 14 20 13
14 12 15 16 2 10 20 13 12 2 8 10 14 4
16 6 15 6 18 10 15 4
5 4 12 3 4 13
6 4 12 2 20 13
11 13 14 0 0 17 9 18 6 2 8 0 2 2 19
13 12 20 19 7 12 3 3 6 14 17 20 12 4
14 3 17 11 3
13 5 13 14 18 12 17
5 3 6 6 2
2 11 20 1 20 20 17 8 7 17 18 8 18
16 8 3 1 15 18 5 2 17 13
14 7 13 4 2 12 1 13 14
16 6 10 17 14 8 7 6
12 3 18 8 1
2 6 8 4 18 12 17 17
14 4 7 20 13 12
11 18 5 15 14 12 20 18 10 4 14 16 1 14 18 3 1 5 11 12
10 12 20 3 18 18 15 2 4 13 4 9 1 1
7 14 20 4 2 9 4 3 18 1 3 18 5 6 3 3
12 5 12 7 4 20 17
3 6 18 9 4 3 20 16
12 12 8 15 1 12 3 4 10 20 1 17 9 2
16 13 19 15 18 2 9 16 9 14 1 2 14 20 4
5 8 1 6 9 1 9 16 1 18
3 6 12 20 8 20 18 2
16 2 1 3
16 9 6 19 11 12 12 1 7 20 2
2 4 6 12 15 7
11 4 14 4 16 4
6 9 16 2 6 19 19 4 14 8 6
3 4 1 6 14 18
3 5 19 20 20 8 17
12 2 12 20
6 17 5 10 13 3 14 5 5 17 1 8 7 7 16 16 2 13 18
16 5 11 20 16 10 7
