40 150 700 20
24 20
6 5
15 12
5 4
77 68
37 32
43 39
3 2
168 143
6 5
55 47
7 6
26 22
772 702
16 13
8 7
27 23
755 673
67 56
25 22
24 22
96 88
5 4
36 33
35 29
19 17
14 12
40 33
34 30
11 9
52 47
32 27
46 42
116 102
179 149
3 2
35 29
4 3
35 32
84 69
14 2 18 30
18 7 9 35 22 5 31 40 39
9 3 24 6 19
35 3 28 34 23
22 3 37 7 38
30 3 30 30 30
28 3 30 9 9
5 2 33 8
31 2 29 4
24 11 13 31 18 5 18 22 35 2 5 17 37
37 2 40 30
40 2 17 15
39 6 34 28 30 40 26 14
29 14 9 31 5 30 8 39 5 3 14 6 37 5 9 18
6 5 30 30 28 35 6
4 4 39 31 5 14
33 11 9 24 24 31 9 28 39 18 31 14 33
19 2 20 27
7 9 35 30 28 18 7 28 40 8 28
3 20 31 6 4 35 40 24 40 18 24 16 23 31 17 20 4 39 24 4 40 16
26 9 2 33 5 31 33 14 13 14 35
13 7 22 40 4 6 29 29 7
2 15 14 22 4 19 20 9 21 2 24 22 2 4 24 2 39
20 19 31 13 34 24 11 22 13 40 38 2 8 18 20 14 2 6 22 24 30
34 3 11 25 16
8 10 6 8 6 7 22 7 30 36 5 21
12 5 40 23 35 21 5
21 7 15 26 4 37 21 21 9
11 19 7 22 22 4 14 4 13 4 33 3 19 30 2 28 39 3 15 7 21
25 11 9 14 19 28 20 1 11 13 20 32 5
23 14 25 17 13 24 37 12 8 25 22 29 26 30 9 31
38 4 30 22 18 24
27 4 20 25 9 11
32 11 38 1 39 24 19 27 26 7 12 39 24
17 10 24 2 14 6 8 16 5 16 21 29
10 20 8 26 21 14 6 6 25 21 33 39 11 22 35 3 3 36 21 18 19 31
36 18 18 2 17 4 39 12 36 18 32 28 28 10 27 8 37 30 9 22
16 13 15 18 12 9 17 16 39 13 27 35 17 9 40
15 28 31 11 33 19 34 15 18 21 1 13 6 36 5 5 35 6 1 14 34 28 19 4 10 2 16 9 11 39
1 18 15 18 18 25 7 8 15 17 29 25 11 1 13 22 15 16 22 27
2 14 38 28 40 9 7 37 18 40 18 5 30 1 35 6
16 27 27 16 27 28 16 39 23 28 14 25 21 21 28 21 11 1 11 9 25 8 14 31 29 22 23 8 9
11 17 37 28 21 21 2 21 6 3 14 30 4 35 28 19 9 24 19
36 33 32 30 26 39 38 39 16 4 20 12 34 8 37 19 29 28 9 10 12 19 12 27 38 3 16 16 26 9 40 28 15 34 13
12 8 28 13 33 12 10 13 35 40
25 31 11 24 11 11 4 31 38 23 24 12 31 26 8 18 26 25 5 20 5 14 38 34 3 14 2 29 2 24 30 12 8
8 3 33 19 39
1 5 6 24 40 3 19
17 9 5 38 4 33 2 37 29 40 21
3 18 10 26 28 19 37 22 34 29 26 19 39 29 14 34 7 33 12 31
25 15 9 25 9 3 34 37 4 10 31 28 34 9 8 25 18
10 28 29 26 6 28 20 17 12 33 23 12 34 9 22 32 31 19 5 38 11 35 7 9 9 40 34 23 20 25
32 19 27 39 4 2 4 33 17 24 36 19 20 14 29 21 7 31 18 20 33
3 2 37 29
13 19 19 39 22 1 23 37 28 17 7 28 15 22 37 39 37 2 29 30 24
20 3 30 14 22
17 16 34 29 21 2 15 17 30 39 34 13 29 6 31 24 38 10
26 3 4 22 10
34 22 14 2 11 39 23 5 28 7 6 20 8 29 33 13 5 9 8 37 8 29 6 31
36 28 12 38 40 4 21 39 32 37 16 37 12 18 18 24 14 31 12 12 8 18 21 24 23 22 12 12 28 9
20 25 5 39 28 4 36 26 20 26 31 30 13 18 33 29 2 11 23 4 8 34 39 31 15 13 5
25 17 26 20 16 35 5 34 40 15 39 33 18 20 12 20 26 36 12
27 7 15 22 35 29 16 9 34
12 22 29 33 7 33 13 4 21 35 20 22 24 28 4 1 40 37 16 21 4 9 10 12
34 13 13 14 26 19 37 29 5 19 3 30 32 14 6
16 32 20 3 11 34 23 10 4 30 30 7 28 27 12 8 25 17 13 20 18 40 20 22 8 22 29 39 19 2 36 17 37 34
16 17 26 21 25 18 19 38 25 10 30 4 38 9 30 28 25 10 9
27 4 3 12 29 7
8 21 32 4 3 14 14 40 35 31 30 9 13 9 39 12 33 24 1 21 26 24 37
3 7 9 6 23 6 27 24 19
16 3 15 30 15
10 4 9 4 37 13
38 11 7 3 9 26 26 34 35 35 39 13 24
17 10 29 10 33 14 31 29 20 23 38 18
1 9 3 27 28 36 33 37 24 16 11
8 13 5 8 2 13 32 24 6 31 19 27 40 20 39
13 20 9 26 31 29 35 30 7 4 30 30 26 4 7 37 35 27 39 13 19 18
17 32 22 28 33 6 2 37 11 20 31 21 38 19 13 14 32 26 23 24 22 34 31 5 34 26 2 29 35 7 12 35 13 39
21 2 19 6
27 6 28 18 12 17 30 18
13 2 30 7
34 7 28 7 38 24 31 25 24
23 16 33 12 11 38 37 16 1 4 6 8 36 8 35 13 26 30
12 28 28 8 39 31 1 6 39 20 37 37 28 5 31 24 21 33 24 17 12 3 25 5 22 40 39 22 30 21
16 37 28 16 29 8 22 33 4 2 27 30 13 4 29 34 5 27 16 21 7 8 15 36 36 25 2 16 40 4 14 28 25 40 40 7 7 10 13
17 3 12 7 11
13 15 39 29 3 35 5 9 39 27 29 37 28 5 33 2 9
11 29 26 11 11 35 28 30 25 11 11 30 2 11 29 11 14 40 19 13 24 35 14 31 19 5 7 30 9 11 28
27 3 12 4 22
16 28 16 21 34 35 8 40 24 19 21 33 17 26 3 15 21 18 24 8 37 32 21 40 40 40 27 12 12 17
11 20 23 3 15 9 8 29 13 38 20 35 35 20 21 3 28 34 8 14 5 8
10 31 27 15 7 33 20 35 39 4 31 39 9 24 7 4 10 10 28 16 36 13 8 38 10 2 38 1 23 29 37 40 19
32 34 17 26 13 7 8 30 10 35 40 35 12 11 15 25 12 7 30 38 33 24 2 31 13 10 25 29 4 9 2 37 20 39 18 14
12 27 6 34 18 5 28 32 12 18 39 25 40 37 21 13 26 8 14 37 3 25 22 29 8 29 18 21 32
12 18 19 17 31 20 20 2 12 20 20 13 22 20 21 26 31 20 30 10
23 22 21 37 18 40 39 28 6 7 21 19 3 39 37 38 23 5 14 24 4 26 19 9
32 20 3 36 40 30 39 11 14 3 22 22 9 29 11 11 19 15 22 32 33 13
16 8 23 4 29 28 19 34 35 36
36 5 22 14 14 32 30
32 18 13 23 34 24 3 40 12 24 2 13 6 12 3 26 36 20 29 28
15 38 27 40 18 32 10 19 29 36 10 17 22 27 40 31 40 12 2 37 5 12 6 8 30 22 19 36 40 34 4 11 26 17 30 32 31 35 30 40
38 19 15 14 33 23 26 13 28 27 8 8 14 12 11 1 12 32 35 10 34
20 3 11 22 40
26 12 3 39 39 7 28 13 28 16 28 31 31 24
13 15 9 35 40 24 2 34 26 33 12 27 26 40 6 25 31
27 23 2 26 4 12 35 39 7 23 39 32 31 4 30 3 29 31 10 14 40 17 28 35 29
15 3 8 38 5
32 7 11 2 13 18 29 3 27
13 8 26 30 4 30 8 27 40 13
10 3 33 33 33
15 30 25 14 30 5 26 15 35 3 3 32 27 16 3 27 9 5 26 20 20 30 16 30 5 34 34 39 30 38 12 40
2 8 24 33 20 31 3 13 30 35
13 2 29 33
20 14 33 19 11 29 20 39 6 14 40 19 31 1 34 13
3 18 29 9 22 7 28 34 31 25 25 40 7 28 10 31 22 7 26 5
34 22 24 30 15 29 39 35 37 22 29 31 9 30 2 20 39 24 5 4 18 22 30 37
16 6 19 35 25 14 27 15
11 2 19 21
10 31 3 6 9 12 39 19 33 11 6 21 39 3 24 34 5 38 28 20 25 27 9 11 19 8 5 26 2 17 26 20 36
32 10 8 38 39 34 37 14 21 30 1 33
12 25 17 21 29 34 21 7 3 6 29 39 15 33 24 8 23 26 5 8 17 19 35 31 12 8 37
25 26 3 3 31 26 34 33 29 3 20 29 20 37 19 7 7 14 22 26 8 40 28 24 2 3 4 29
16 36 24 22 27 37 35 8 22 25 7 40 34 16 36 11 33 21 20 39 7 35 30 27 18 39 11 3 14 8 4 33 35 34 36 17 30 31
20 23 40 29 37 26 31 39 13 40 8 35 19 34 18 19 5 14 34 33 6 37 35 6 29
32 12 6 8 34 31 35 39 12 15 30 19 33 30
8 15 16 35 8 22 29 12 6 32 7 23 11 3 15 7 26
21 14 29 14 17 31 35 14 33 4 15 40 33 27 6 21
2 24 14 3 38 14 35 13 24 11 3 18 4 35 29 38 18 28 37 31 7 32 27 3 37 36
15 34 9 3 22 35 7 36 14 27 5 24 36 18 29 32 18 33 31 4 10 7 30 24 17 34 4 22 12 1 35 6 3 19 35 7
25 29 9 39 5 25 40 31 13 7 40 40 4 21 34 4 40 16 39 31 5 4 32 25 25 14 12 26 19 7 4
15 39 19 4 36 19 35 37 7 6 21 14 20 6 31 19 39 6 39 33 2 19 27 15 28 35 16 5 24 32 39 40 27 2 4 4 8 34 2 17 22
17 31 21 26 20 4 37 23 40 11 6 26 39 3 13 7 29 30 26 21 28 33 23 30 27 38 22 40 24 27 4 9 19
2 17 7 8 37 13 3 29 30 34 2 18 2 7 35 4 14 22 35
25 11 20 33 19 35 21 13 20 18 36 15 6
2 16 32 5 14 3 31 33 34 24 7 19 40 27 40 12 5 32
21 28 18 40 39 4 20 4 16 40 28 12 3 7 25 27 6 26 17 7 7 37 40 3 2 12 7 39 34 20
38 25 26 39 38 26 6 23 14 29 38 10 34 10 22 40 34 8 34 25 6 40 9 40 34 13 5
20 6 30 18 2 19 20 7
1 8 28 6 38 7 15 30 19 16
15 30 28 32 8 4 12 40 23 31 23 34 6 18 1 34 32 26 16 39 12 10 6 7 33 38 22 13 15 22 17 17
27 3 37 10 26
8 21 28 28 29 22 28 5 35 33 39 33 34 10 29 9 24 40 18 18 14 26 2
17 29 9 32 33 35 13 18 11 38 29 22 9 38 30 24 23 39 3 27 24 29 19 22 3 25 30 22 5 7 37
34 11 5 3 25 40 18 4 5 30 28 34 3
23 10 38 6 2 30 4 14 31 23 40 3
15 9 39 37 2 15 10 19 15 37 12
32 8 35 39 39 10 10 6 32 23
2 5 28 3 37 33 29
36 35 17 35 35 18 23 34 20 3 18 33 39 22 20 31 13 24 4 3 17 29 10 35 39 14 31 37 30 35 37 2 31 34 40 17 32
27 12 9 27 23 26 29 4 5 22 18 7 8 34
