50 180 800 24
1 0
58 54
9 8
18 15
28 24
6 5
22 19
116 98
87 79
198 182
272 232
28 24
1 0
12 11
12 10
27 23
24 22
477 431
1 0
53 46
28 25
20 18
38 32
71 60
30 25
26 22
75 64
7 6
8 7
27 24
58 54
9 8
211 185
9 8
171 153
845 740
9 8
13 12
15 13
19 16
36 31
224 197
586 513
21 19
126 116
66 56
5 4
66 60
5 4
8 7
36 3 43 42 3
43 4 18 13 46 14
18 3 11 35 40
11 2 31 10
42 4 11 33 28 35
3 7 40 18 11 43 37 18 18
33 3 48 9 41
35 2 45 23
48 2 6 26
9 3 4 3 14
31 2 17 37
13 12 18 38 28 35 48 31 42 31 45 9 11 35
45 3 22 27 19
46 3 29 28 50
17 3 46 43 28
24 2 30 21
22 4 12 45 3 13
1 4 11 3 17 31
6 7 17 48 39 6 48 22 36
10 2 2 8
2 11 13 33 11 15 41 49 33 43 41 28 6
29 20 24 13 22 3 43 43 22 6 24 36 24 31 17 11 42 18 10 9 46 7
38 9 45 37 27 40 36 17 24 46 38
27 3 39 25 4
41 18 45 48 30 22 17 3 2 18 6 20 18 43 35 32 24 37 31 43
30 10 33 27 17 30 49 3 25 9 48 30
8 2 12 20
23 8 6 18 18 18 1 30 39 19
39 26 9 33 36 38 31 30 4 11 35 35 33 13 41 23 33 18 22 1 17 50 23 29 33 9 41 11
28 13 45 30 22 48 41 42 3 14 30 35 11 35 25
47 14 3 18 23 9 17 24 46 48 1 38 37 36 6 12
12 31 42 47 38 8 12 24 47 37 30 38 38 48 43 3 18 10 12 1 13 16 41 42 33 10 42 6 22 41 22 26 13
37 14 43 19 11 11 40 27 24 3 48 11 10 39 1 33
19 2 11 35
26 11 35 9 39 3 30 36 27 30 36 36 26
25 7 18 12 5 47 46 37 25
20 23 29 29 30 39 8 15 21 17 25 1 11 28 28 5 23 13 11 36 11 23 45 9 28
21 17 45 28 48 40 50 2 36 25 47 13 10 13 26 27 22 40 33
5 15 1 30 37 12 30 20 24 27 17 8 36 38 31 48 11
44 10 42 45 4 7 35 20 36 9 3 6
16 8 46 30 26 9 35 27 42 13
4 22 19 39 37 28 29 28 28 28 42 12 13 23 37 20 35 11 33 31 48 22 48 30
14 5 11 45 17 25 31
32 22 16 4 38 30 23 41 2 20 21 16 14 37 3 10 31 44 30 3 23 27 21 4
15 6 41 9 9 37 38 23
50 27 16 26 28 41 11 7 27 45 17 15 15 1 21 36 3 37 26 15 38 50 22 16 29 50 47 31 35
34 41 39 38 49 28 44 28 20 7 47 10 13 30 38 27 21 37 44 33 6 10 10 3 24 28 19 50 9 18 24 20 13 21 20 29 36 37 13 12 29 3 48
49 38 18 1 6 29 1 42 2 6 25 15 50 38 45 16 45 44 44 44 19 1 45 25 22 41 2 15 9 12 26 17 12 41 25 46 36 36 30 9
40 18 44 2 17 24 4 33 41 1 14 10 45 5 6 35 34 46 15 5
7 50 1 4 46 38 6 25 1 21 34 21 38 4 39 23 34 18 14 42 12 7 24 23 34 11 3 33 27 25 5 38 5 32 6 6 44 18 22 36 29 9 20 30 39 49 27 46 42 14 28 10
41 10 1 9 24 43 30 43 24 3 10 42
8 6 42 13 23 37 39 16
7 36 28 9 13 41 25 5 26 10 28 43 49 34 43 12 2 30 33 9 42 8 3 11 10 15 27 27 26 38 29 22 48 21 18 42 26 16
34 31 36 32 11 25 24 20 8 35 31 50 2 24 24 49 44 1 3 39 11 1 8 35 38 21 4 4 33 20 49 31 39
47 10 17 30 22 30 46 45 18 20 23 17
25 17 43 47 46 20 22 29 41 24 45 33 28 22 22 26 24 27 3
30 4 16 35 46 45
47 5 36 2 17 23 48
28 16 8 30 27 20 1 38 23 40 9 47 6 23 18 30 49 26
40 27 39 24 18 50 46 6 23 35 17 6 35 37 48 50 48 25 23 4 3 1 27 32 31 26 34 33 46
40 33 42 44 13 40 15 25 32 11 21 15 29 4 16 14 24 12 20 23 20 14 11 26 7 41 49 47 9 7 45 7 13 50 42
15 44 50 26 24 35 46 45 12 4 16 18 35 14 41 15 17 3 37 46 15 45 25 17 20 33 2 13 8 20 13 45 3 5 38 50 18 18 38 30 46 15 37 12 24 19
16 34 18 33 22 13 27 1 35 33 10 22 28 17 37 26 27 3 26 43 41 3 48 4 6 11 46 43 48 17 25 22 18 1 1 22
5 26 20 26 21 39 46 46 22 1 3 1 13 31 40 26 46 22 11 2 36 24 50 40 34 27 49 22
44 15 50 26 1 9 5 30 32 23 20 40 4 23 9 29 9
14 4 44 18 13 23
15 30 41 19 20 38 16 31 1 25 23 38 35 45 2 21 49 42 17 45 44 3 32 48 24 3 24 14 43 16 38 44
47 28 46 11 12 13 9 45 3 32 42 39 17 2 39 11 24 44 11 18 19 33 42 24 6 47 16 6 33 9
32 17 37 15 39 48 27 21 44 48 8 39 48 31 32 10 14 2 38
21 3 31 20 24
49 14 26 9 38 22 19 14 39 46 24 32 46 41 3 21
25 19 20 20 3 39 39 8 24 42 36 17 38 42 24 20 1 12 19 23 16
19 27 19 17 12 36 31 2 6 42 33 1 17 15 9 38 8 35 22 4 9 41 36 13 20 6 46 6 37
30 24 6 8 13 5 31 14 2 29 24 22 29 41 1 35 47 22 29 7 9 17 17 43 45 13
44 35 29 29 33 43 31 12 30 35 41 11 35 1 36 33 17 2 10 17 9 46 44 10 18 2 4 25 35 17 6 10 33 24 33 46 5
5 16 19 27 39 19 25 10 20 5 31 19 44 39 33 44 20 29
30 3 46 1 22
47 14 35 30 23 11 35 45 8 12 46 27 23 47 45 3
44 30 42 47 42 44 20 26 42 27 22 26 27 42 27 22 17 1 9 1 42 8 39 26 42 13 49 23 1 21 11 11
37 16 13 9 41 38 42 27 12 29 23 47 35 42 47 1 38 39
19 21 3 22 19 41 2 9 11 27 28 11 8 44 45 35 2 8 6 1 20 22 16
4 15 45 49 26 2 46 28 16 42 25 25 31 43 5 1 26
4 10 22 44 47 20 26 46 3 22 17 18
50 40 32 13 5 39 22 11 27 26 50 34 15 45 1 41 42 4 14 5 12 5 34 13 36 24 11 47 21 32 5 20 38 15 29 15 37 17 12 40 17 5
12 29 38 37 10 33 1 17 42 47 45 48 30 35 3 45 29 31 13 29 8 22 26 43 35 6 10 26 29 22 21
8 27 31 45 33 9 43 3 34 3 3 46 24 46 27 2 43 22 27 19 10 24 30 26 10 43 25 35 29
30 25 10 10 30 46 39 30 46 27 17 3 38 6 2 17 22 44 24 43 8 9 29 27 13 18 34
19 20 17 46 8 12 17 38 31 37 5 14 28 11 45 18 27 10 8 34 17 31
14 24 8 5 6 2 50 46 35 1 38 27 17 25 30 36 30 37 18 47 37 41 13 46 29 14
20 14 36 19 6 30 12 4 31 48 37 26 36 25 27 39
47 17 8 6 33 6 33 38 8 43 34 22 43 42 35 29 33 3 12
5 22 8 43 12 6 30 7 18 17 18 4 23 17 6 22 25 4 31 33 46 24 44 30
12 7 22 43 3 7 9 36 6
12 4 41 10 39 35
15 30 8 47 28 46 28 30 45 48 42 21 25 42 21 24 16 12 35 16 20 39 35 21 20 11 27 16 24 27 42 12
8 26 44 45 27 11 24 29 44 47 45 40 36 22 8 29 22 13 17 33 10 29 31 27 16 10 23 18
14 17 1 13 35 25 15 6 9 13 17 46 5 42 15 46 16 23 29
19 23 7 17 9 9 17 7 9 11 38 39 12 42 24 14 33 6 19 11 50 39 9 32 17
50 34 37 22 44 3 22 45 11 8 23 20 34 43 29 48 12 47 16 30 43 35 31 44 39 39 25 19 14 13 47 42 40 35 41 31
25 22 47 22 17 28 26 6 25 30 37 48 38 30 19 38 48 45 47 29 45 31 47 23
23 6 39 27 2 48 31 45
49 23 30 49 22 30 24 12 19 47 46 16 39 37 1 34 19 22 46 15 42 3 49 3 37
8 20 30 25 27 22 2 42 28 11 3 6 43 22 20 41 7 47 33 43 2 24
26 11 27 31 1 48 47 31 12 24 13 36 22
34 10 24 48 2 21 23 9 13 8 11 17
32 26 1 22 16 22 42 12 46 24 8 17 23 28 7 48 3 41 35 5 35 4 3 29 22 28 25 32
37 6 33 23 2 2 20 11
7 49 36 6 25 41 30 20 16 2 14 16 43 27 18 37 24 6 3 30 35 26 34 29 9 38 26 11 9 21 32 46 47 10 25 19 15 42 40 38 34 21 8 38 16 26 38 1 14 33 32
34 3 33 14 27
40 3 29 49 16
7 3 20 38 12
28 16 8 1 30 43 42 28 11 38 31 1 9 4 27 11 39 10
39 25 32 33 23 18 35 34 31 46 39 17 13 36 35 23 17 33 15 23 9 23 9 45 33 1 2
7 7 38 16 31 36 14 15 46
30 4 38 46 8 31
40 28 39 28 18 19 2 9 31 47 14 44 1 24 25 42 4 14 23 37 19 34 9 35 9 3 49 50 34 15
26 23 42 18 44 11 6 40 6 41 8 46 36 38 47 47 26 1 15 28 18 24 17 31 48
39 24 40 10 3 4 39 8 1 22 11 6 2 27 13 16 45 6 26 50 18 42 43 36 27 45
25 30 31 22 29 7 31 31 23 48 26 38 11 36 6 44 18 39 3 23 33 45 26 20 6 39 12 18 19 14 45 4
50 12 32 33 6 38 46 11 11 1 10 46 3 41
7 4 45 5 40 18
40 8 43 30 1 50 48 34 13 42
20 14 2 33 29 42 28 27 8 22 27 48 18 41 17 30
19 19 47 24 23 3 24 12 23 37 4 10 31 11 6 38 8 33 13 18 17
30 27 43 47 27 27 45 35 21 2 24 48 40 18 8 30 3 36 48 50 22 43 27 43 9 46 11 33 38
28 21 18 47 27 48 36 31 9 11 41 43 1 43 46 9 6 38 27 1 43 27 31
44 7 4 24 13 41 1 46 3
4 25 45 7 22 13 35 36 2 12 20 6 8 36 9 46 18 34 43 4 25 44 37 45 17 19 24
44 27 36 20 43 10 13 17 30 29 6 20 19 45 45 1 30 13 4 30 43 50 5 30 48 22 31 5 28
50 34 20 32 10 18 10 10 15 36 22 27 21 17 31 9 27 17 44 43 21 21 30 9 5 34 3 8 42 18 41 25 43 6 35 17
44 15 43 1 13 45 3 12 27 12 3 48 3 20 4 10 22
7 11 16 42 45 4 19 44 29 28 49 6 19
44 5 22 1 35 5 10
41 15 3 35 22 34 7 42 14 46 45 38 43 42 18 6 45
20 22 11 30 28 28 31 12 47 22 10 33 41 13 46 1 10 31 19 8 35 24 37 1
5 26 26 12 8 20 35 29 38 26 34 6 19 48 5 5 35 48 42 12 23 33 23 38 10 21 24 48
44 24 26 9 45 29 26 30 38 44 47 5 38 37 37 8 23 10 47 37 44 44 14 44 17 7
20 26 47 6 47 17 14 39 21 28 38 48 27 35 29 19 26 25 13 23 4 9 21 38 27 1 37 40
28 20 37 45 11 29 40 18 18 47 41 39 10 43 30 19 18 35 44 43 1 8
19 26 36 43 19 10 23 45 31 31 16 33 37 43 33 28 17 9 38 38 24 42 28 20 22 42 11 13
25 28 13 29 10 9 11 33 12 27 2 8 12 27 10 45 1 19 43 25 48 17 30 25 15 26 13 48 17 29
32 23 41 41 18 10 31 16 37 42 9 28 35 45 29 19 19 3 10 38 5 4 28 46 23
50 7 17 2 29 42 32 14 39
47 28 8 43 43 29 43 5 43 24 45 43 6 42 21 17 10 7 22 35 37 30 31 45 43 23 30 45 24 41
4 3 11 14 38
23 15 33 48 9 45 29 22 36 1 33 28 24 8 13 43 11
32 4 42 9 11 14
21 25 17 13 3 30 28 44 11 1 4 5 22 13 45 29 15 23 40 46 42 8 18 11 18 44 8
21 13 10 31 22 26 21 6 38 37 11 19 4 22 15
30 22 43 29 20 1 6 33 27 30 11 6 3 43 43 45 38 11 43 13 13 31 10 2
12 33 18 40 8 40 29 3 31 13 29 50 41 11 30 10 23 10 37 29 17 23 28 41 50 31 45 6 18 12 11 31 4 11 35
15 21 46 39 6 3 8 13 43 25 27 15 8 15 28 22 42 19 21 29 41 15 35
8 24 18 18 27 13 45 26 32 43 38 35 3 6 46 11 36 13 8 43 10 30 38 38 30 36
30 26 44 31 24 9 1 20 3 11 43 46 17 36 35 17 9 43 49 2 6 1 11 38 35 45 33 48
49 42 28 9 12 8 43 3 11 18 37 9 47 41 39 39 27 9 42 11 48 26 17 48 50 35 40 16 23 13 21 6 20 10 3 35 44 31 18 24 37 13 27 3
25 32 3 26 9 41 34 45 37 45 39 47 36 8 20 27 24 26 34 39 26 40 2 25 29 3 21 28 49 18 3 46 33 32
7 34 50 26 14 8 1 38 17 20 17 29 43 38 46 21 15 35 35 22 29 11 42 15 42 15 32 13 2 20 40 50 31 47 22 30
44 5 20 20 29 34 47
7 22 37 10 49 33 13 40 39 43 35 27 11 40 50 7 12 40 7 37 29 21 13 15
20 8 46 38 13 42 22 16 2 16
14 9 22 8 1 31 4 21 9 47 6
28 19 11 17 48 43 24 46 33 18 29 33 39 24 38 22 25 37 41 17 30
12 10 27 6 41 50 10 3 48 28 46 33
26 22 13 15 6 18 11 33 11 43 2 18 2 17 26 36 11 46 22 10 30 18 18 37
12 32 35 23 11 6 35 39 38 30 41 11 9 17 23 33 23 22 17 10 36 38 27 28 27 18 39 1 33 2 13 23 10 12
26 11 24 24 37 24 18 36 38 27 13 9 42
44 2 32 28
7 11 43 4 5 15 33 10 19 28 28 7 17
37 33 48 9 29 31 3 7 3 1 2 36 48 27 19 9 29 38 38 12 13 3 26 13 15 23 41 43 41 42 39 3 31 17 11
44 5 35 24 49 12 20
25 12 7 46 9 26 13 48 46 10 43 15 31 47
26 30 27 26 19 25 6 22 42 8 42 47 11 10 9 43 18 33 34 36 37 41 40 30 11 42 48 2 31 25 13 6
47 15 3 48 24 29 43 40 48 12 3 28 10 30 13 35 11
12 2 6 36
4 34 4 24 43 27 17 26 46 14 14 21 45 11 43 19 34 4 7 39 24 28 19 45 3 31 26 5 28 25 36 50 36 28 1 31
16 24 49 37 44 4 27 49 16 25 7 12 10 21 4 10 50 16 44 27 42 2 41 19 18 11
21 23 37 18 36 11 6 10 24 20 26 1 47 18 47 29 46 30 4 36 30 5 13 25 26
21 31 6 36 1 9 4 13 20 30 37 1 9 8 26 44 43 14 29 24 22 1 42 48 4 42 29 6 30 46 24 29 8
39 4 13 9 41 3
40 48 17 14 38 49 15 35 44 50 24 34 43 40 31 27 15 35 5 49 20 40 20 18 3 22 49 14 1 16 28 24 49 1 42 22 20 12 10 44 12 40 39 17 2 46 46 33 31 12
