60 200 900 28
22 18
78 70
25 22
264 229
38 34
1 0
1 0
18 16
58 54
920 817
22 20
1 0
544 515
5 4
19 17
61 53
31 27
21 17
1038 903
16 15
33 31
6 5
20 19
22 19
18 16
28 25
14 12
24 20
34 30
10 9
17 16
31 27
291 268
134 117
28 24
43 39
5 4
2 1
76 66
45 39
39 37
6 5
8 7
20 18
13 11
10 9
25 23
11 10
17 15
4 3
35 33
2 1
171 146
159 149
72 64
68 63
27 24
140 119
82 69
24 20
19 4 10 56 32 38
10 7 53 13 48 9 41 29 18
53 3 8 26 46
13 4 34 33 16 5
34 2 21 39
21 2 52 22
58 2 40 59
33 7 39 32 34 55 42 33 39
39 6 17 10 58 19 56 56
56 2 28 57
40 5 19 19 16 16 40
16 2 49 1
36 2 13 10
4 5 51 54 42 25 27
59 3 44 8 30
28 3 58 1 33
51 10 21 10 10 21 46 34 59 33 55 45
3 9 26 39 53 13 42 4 33 10 19
48 3 4 43 34
54 3 2 15 26
9 12 53 9 21 36 3 56 46 56 18 15 42 10
42 23 13 28 56 52 8 42 21 59 34 58 4 3 13 33 59 58 36 16 21 52 56 13 27
52 23 38 46 13 3 21 6 59 57 56 3 48 21 41 41 59 16 31 33 55 42 3 9 39
41 17 42 51 33 19 51 13 34 33 19 59 58 40 35 27 39 49 10
35 16 52 54 37 1 52 41 52 10 25 21 47 16 54 58 32 56
2 3 31 12 17
25 14 36 41 2 51 58 40 12 9 49 9 54 48 3 31
31 3 2 31 34
5 19 32 5 3 15 36 36 25 37 59 58 39 25 9 20 59 38 32 57 27
32 2 58 54
24 2 7 6
55 2 60 23
44 14 40 6 9 55 51 52 41 42 3 10 52 51 2 56
49 31 50 57 52 40 51 12 22 12 58 38 5 24 44 5 16 12 10 51 5 34 33 9 59 55 57 56 33 15 12 10 52
12 23 10 46 38 33 49 25 48 48 9 51 16 9 21 12 13 55 59 37 59 36 41 15 2
46 4 52 48 57 1
47 22 45 54 21 47 53 36 56 24 31 53 1 58 27 55 18 49 59 4 42 28 47 47
27 22 59 19 7 42 24 9 49 31 46 55 17 12 59 48 55 48 27 27 42 44 46 7
7 26 3 3 6 10 9 42 28 35 48 53 50 3 2 48 45 49 16 5 2 13 41 21 47 59 34 25
6 21 41 24 1 16 50 42 22 24 5 13 20 17 6 2 32 54 46 4 25 4 47
60 19 55 1 49 47 53 20 36 34 19 27 19 4 44 10 34 27 40 31 57
1 24 16 21 40 12 31 16 57 49 41 28 46 34 49 27 31 48 42 35 13 42 54 3 2 8
8 17 55 11 24 42 34 7 36 13 25 46 46 46 46 36 59 53 2
38 19 60 60 6 56 22 32 9 53 55 31 4 12 53 24 57 21 52 48 20
30 12 27 51 36 59 43 58 59 19 23 8 16 51
11 27 21 52 24 29 20 12 44 14 55 30 58 48 44 24 1 55 17 55 56 3 39 13 31 18 14 35 56
57 2 45 14
29 27 19 44 6 42 25 9 32 39 56 19 29 43 48 16 38 60 46 10 13 11 54 40 52 47 28 42 7
45 46 13 58 41 49 47 5 12 52 23 52 34 43 38 2 34 36 53 29 36 5 29 45 4 59 32 51 27 19 60 12 51 53 19 2 18 5 40 48 36 35 10 38 39 21 35 46
17 20 19 3 60 53 16 7 57 16 35 59 30 4 25 21 24 59 1 60 4 16
15 27 46 40 53 55 6 7 40 60 36 43 38 24 40 45 53 12 35 21 17 32 5 31 54 14 10 5 15
20 35 51 39 49 60 54 45 59 12 58 37 28 32 11 31 15 6 48 31 14 48 43 48 6 9 28 9 10 44 44 51 27 7 25 41 7
43 22 52 20 60 20 54 33 57 44 5 3 31 49 29 25 22 8 51 59 3 13 44 49
18 3 27 16 54
37 21 49 23 36 16 60 41 16 32 41 10 32 45 19 17 32 58 13 30 8 23 43
23 32 16 2 54 59 41 24 38 42 29 53 30 6 4 57 13 41 35 43 28 11 1 57 18 58 58 17 28 27 45 15 46 41
14 11 46 13 42 6 47 28 28 56 29 2 26
26 40 24 13 31 55 23 40 22 49 4 8 20 39 4 30 59 51 59 1 51 49 20 7 15 16 37 32 39 29 6 19 53 1 13 38 23 47 16 44 57 58
22 7 21 41 45 29 47 40 34
50 49 41 18 19 30 49 21 38 55 33 55 8 35 28 57 7 3 19 17 54 3 25 57 29 38 20 32 30 39 32 58 12 41 19 6 28 49 37 45 27 26 1 59 49 13 46 8 26 11 39
44 11 56 58 49 24 23 52 52 42 56 44 14
29 33 27 31 25 35 52 21 45 52 60 22 9 52 8 36 11 5 9 25 52 52 39 9 10 10 20 47 6 35 30 8 54 51 9
44 34 28 28 31 39 31 2 49 3 31 49 44 54 46 28 19 53 47 19 41 32 44 49 13 52 56 49 9 36 56 13 58 2 13 44
20 27 38 2 51 27 57 55 21 47 35 24 12 45 28 43 12 36 5 34 5 60 58 15 30 48 11 4 55
8 26 3 46 13 12 5 40 31 33 10 7 53 33 8 17 52 38 31 1 6 46 56 16 1 2 36 8
57 43 21 57 57 56 39 4 25 33 60 39 20 40 12 6 58 60 42 58 48 1 36 54 54 6 41 11 19 2 12 2 57 35 11 49 6 1 12 19 36 34 13 6 9
47 23 49 4 4 11 24 34 20 56 5 9 40 44 31 40 18 12 25 51 28 44 47 25 49
46 17 49 55 42 42 52 30 56 51 42 4 36 25 55 58 21 40 18
11 12 59 16 41 11 24 11 44 31 19 56 19 49
12 35 16 5 33 33 33 35 41 28 25 26 49 56 39 32 16 37 43 24 25 47 31 3 32 2 49 41 49 52 9 47 46 45 59 41 36
11 38 38 58 4 46 37 52 32 39 16 31 13 57 55 48 59 31 10 12 26 49 1 47 55 60 51 51 12 31 38 52 19 40 54 32 5 31 33 5
26 3 1 49 25
29 29 51 15 19 19 54 29 57 9 10 45 16 40 56 15 2 60 13 7 38 8 38 28 29 55 21 56 7 58 4
29 38 39 42 9 34 25 35 35 29 28 32 11 38 47 55 54 5 24 39 12 53 46 42 52 32 49 27 46 49 48 30 31 7 28 49 4 25 35 9
60 8 10 4 34 42 52 28 31 32
12 7 40 26 59 44 2 13 53
20 18 5 40 33 13 59 35 15 40 41 46 13 21 20 34 60 39 8 27
27 14 4 7 39 19 32 34 27 10 42 59 38 48 47 24
27 16 40 56 13 21 21 53 53 34 32 16 9 39 3 5 39 21
18 43 49 39 7 34 36 3 17 46 8 40 10 14 6 3 6 53 21 1 31 45 41 31 11 3 59 28 7 43 37 3 25 43 32 9 44 6 37 23 6 32 24 39 53
30 36 25 13 51 32 7 5 27 51 43 17 36 11 8 37 24 13 56 41 41 9 31 24 52 33 2 54 7 44 49 14 4 36 4 47 30 56
49 5 21 13 9 48 49
27 10 34 21 31 34 4 44 19 55 5 55
17 10 4 21 50 41 2 1 3 5 20 33
60 31 59 21 16 1 18 42 54 55 9 24 41 36 60 33 50 21 47 22 46 31 7 32 46 1 17 7 39 12 57 52 48
43 40 2 28 45 55 4 7 2 30 37 4 57 51 44 20 31 32 20 29 11 38 4 35 2 37 19 20 17 28 36 43 15 5 49 33 60 2 7 55 49 40
23 17 55 9 56 58 44 31 19 60 59 52 6 48 45 40 34 10 2
8 17 54 40 39 52 15 13 28 28 10 1 41 33 35 47 57 31 53
29 2 28 12
50 46 34 5 50 21 20 30 3 45 22 38 23 16 32 47 3 27 21 50 32 15 25 34 43 60 15 38 49 42 50 34 43 48 9 15 14 5 56 29 38 36 43 2 5 56 13 1
12 5 55 14 31 40 42
15 12 10 32 55 55 32 48 52 10 35 50 35 1
55 10 16 13 36 35 35 21 36 39 10 4
12 34 53 28 48 41 7 19 24 9 17 59 35 49 44 51 60 12 52 13 39 40 52 44 53 5 46 2 2 3 42 39 21 49 46 57
24 21 59 29 58 27 39 36 51 16 41 21 40 60 23 13 53 32 41 53 25 6 48
23 10 12 25 37 44 30 18 60 12 48 42
32 19 3 13 33 33 52 32 58 35 13 35 59 5 16 51 49 41 32 19 19
44 27 58 9 51 22 48 60 31 31 13 5 40 9 42 58 22 4 36 13 60 52 11 32 4 25 48 36 39
12 5 12 16 40 36 16
38 8 18 4 47 46 53 30 31 12
8 33 34 3 3 2 4 32 24 24 33 3 21 3 36 3 24 60 60 1 3 4 53 55 2 45 51 28 58 57 6 4 59 33 35
29 37 40 45 31 5 46 44 19 11 34 25 53 48 31 23 8 55 9 13 58 28 7 42 35 44 42 35 20 53 21 28 60 24 29 52 53 11 50
24 25 49 41 19 56 39 21 33 5 45 40 5 54 10 55 53 26 52 16 39 4 19 36 44 3 2
57 42 24 5 2 46 57 42 4 42 16 29 46 6 39 28 29 35 31 10 2 24 27 25 5 3 60 29 56 4 2 3 48 9 59 33 29 2 3 30 4 7 54 57
23 52 55 23 45 57 27 28 16 46 9 10 24 30 60 52 38 12 45 13 4 14 36 53 52 4 24 48 8 58 36 13 47 31 21 15 16 17 23 33 13 27 44 6 18 1 6 36 28 40 21 31 21 19
23 18 32 40 39 16 29 1 32 58 41 1 39 21 29 12 60 35 31 7
57 24 10 45 10 41 41 39 9 36 49 7 51 52 36 6 58 40 32 30 24 12 11 14 13 39
20 34 50 12 39 2 51 27 22 4 45 57 11 49 42 45 6 53 45 56 15 15 16 57 52 2 39 35 53 3 20 20 30 1 1 51
11 10 35 32 57 41 39 7 1 10 31 56
8 12 51 33 8 32 32 33 39 10 60 7 27 45
14 32 18 2 25 45 48 30 23 34 46 40 30 25 18 49 44 12 46 46 8 12 33 26 59 37 4 49 1 16 58 1 46 20
46 35 41 44 19 58 50 4 4 51 2 26 55 54 36 16 54 59 19 5 4 4 24 57 35 9 2 43 24 3 53 31 50 16 30 42 55
6 31 42 49 9 58 2 11 58 13 16 1 16 40 59 13 47 51 10 26 40 21 56 17 25 17 39 14 2 25 5 43 32
23 41 27 55 28 44 52 60 27 60 44 55 39 4 47 28 54 42 41 29 58 22 13 47 18 28 59 41 4 9 41 19 41 15 44 6 30 46 5 34 12 4 58
11 42 35 39 53 51 36 32 24 43 44 52 8 59 16 60 54 58 16 11 59 57 4 21 39 33 8 21 28 33 25 2 60 57 30 34 52 3 10 28 59 36 39 4
44 17 24 43 33 21 45 54 13 60 38 19 52 43 56 52 46 56 9
6 19 47 27 23 9 46 2 13 33 31 24 36 46 16 52 36 1 12 51 34
12 25 49 28 37 34 10 9 3 35 59 35 20 5 32 45 40 49 10 59 56 56 9 33 52 16 52
32 27 25 40 30 19 8 25 13 21 54 48 15 19 10 40 32 55 19 36 3 51 28 13 35 4 4 24 36
29 5 44 29 33 39 38
55 9 24 34 39 27 53 13 42 25 5
30 32 4 49 46 21 59 53 40 27 38 39 11 51 46 7 13 36 9 9 36 55 12 46 60 1 28 9 49 1 23 33 46 23
37 19 13 3 58 8 37 30 1 44 12 38 44 8 6 39 49 39 45 41 46
30 38 47 2 30 44 14 47 16 33 59 54 58 4 7 30 7 52 22 54 24 40 8 20 36 37 43 33 33 41 2 53 38 30 19 2 5 41 47 3
11 45 56 28 48 4 59 41 60 22 16 2 21 11 19 24 56 27 9 47 59 28 36 54 41 52 56 24 60 19 5 5 8 51 24 44 12 32 27 10 41 57 26 33 59 21 55
24 27 49 60 29 33 19 53 54 51 31 33 15 3 42 1 40 10 42 42 31 34 4 10 31 3 14 41 51
44 20 32 3 58 55 56 21 59 9 21 60 36 59 12 9 52 44 32 21 59 8
49 21 52 24 5 51 49 2 21 42 31 57 41 4 5 28 57 2 35 19 7 3 36
45 11 35 25 13 24 29 40 24 53 13 27 31
7 6 14 42 24 52 4 51
43 49 46 21 57 25 15 13 49 3 36 13 8 33 27 37 51 59 11 40 58 31 20 27 31 35 51 40 37 27 1 28 35 25 27 46 10 55 51 38 30 40 59 41 58 5 18 16 13 5 29
18 48 7 45 35 47 4 7 15 25 4 9 15 54 13 42 20 5 39 33 54 34 27 19 13 53 49 36 13 4 38 18 57 53 33 28 4 45 17 8 53 57 48 16 30 42 45 1 10 3
29 36 46 39 6 60 56 52 3 19 29 35 6 48 31 29 58 7 59 60 40 60 48 59 53 28 42 31 43 57 23 1 44 12 35 21 35 51
8 22 29 5 28 16 54 8 10 21 25 48 35 5 32 60 39 47 28 47 15 8 16 3
18 51 25 39 41 41 34 15 16 46 7 4 57 3 44 19 21 15 3 49 29 41 29 43 58 39 43 21 48 58 59 34 20 36 9 24 37 40 57 28 16 40 30 11 37 7 31 43 35 41 53 7 7
29 38 51 57 31 11 32 40 35 13 51 22 7 46 50 49 4 40 47 59 30 41 49 31 10 39 34 42 12 59 27 44 48 7 50 19 2 52 29 32
55 4 34 41 1 36
57 21 25 24 51 1 24 21 44 44 27 2 5 50 19 4 40 57 21 53 57 8 4
49 9 5 35 54 56 3 38 40 52 3
29 23 52 34 10 40 42 51 27 42 45 24 52 48 35 4 42 59 59 31 44 33 60 18 51
43 50 18 59 41 53 13 41 5 46 17 16 46 21 25 51 54 31 43 53 18 48 35 49 21 15 12 25 56 9 23 36 53 9 58 33 52 5 25 8 16 20 16 35 23 3 33 7 18 49 56 27
46 28 4 13 19 39 13 48 19 28 21 28 10 39 46 58 42 2 40 34 59 22 3 32 37 12 31 6 47 34
26 55 36 36 8 23 17 19 12 55 15 16 28 47 20 17 29 39 3 53 32 34 44 47 48 51 36 42 34 57 11 57 57 28 36 23 10 54 41 37 15 37 52 48 4 42 50 12 58 26 29 59 36 32 55 9 13
55 3 7 24 4
37 56 38 43 1 53 4 21 53 5 1 20 4 1 4 2 23 45 55 59 24 55 60 44 45 52 52 8 56 59 25 54 3 16 6 18 30 58 10 57 51 47 31 53 31 21 57 5 25 12 6 39 46 20 49 55 43 21
26 14 28 16 15 6 20 22 38 32 45 22 39 1 12 31
43 53 34 19 21 43 46 35 59 48 47 6 8 26 48 36 35 46 29 19 51 17 17 57 25 13 24 60 35 18 47 18 13 50 56 30 23 9 41 10 32 14 13 33 39 12 35 48 56 28 39 28 57 23 52
50 50 4 38 23 24 3 25 4 60 36 37 36 20 60 22 18 43 24 22 48 3 37 28 58 11 29 36 18 45 36 11 10 58 4 37 21 31 5 19 34 18 17 44 15 19 37 11 53 56 6 41
8 29 13 48 42 38 49 54 10 32 36 35 59 24 13 24 49 14 5 48 5 10 32 37 52 16 24 32 39 48 4
55 27 47 26 3 41 34 40 9 36 39 32 19 2 31 51 59 42 52 52 34 46 52 19 40 52 35 4 41
46 22 44 49 27 48 58 16 24 19 31 35 16 25 19 21 12 2 9 20 49 56 24 47
17 37 24 55 17 19 10 60 39 53 19 48 47 29 31 55 56 40 37 32 28 15 35 21 34 54 39 10 46 12 31 44 33 10 3 16 42 15 17
11 33 20 45 9 30 40 46 10 21 44 47 46 13 32 33 6 34 30 12 60 48 49 9 1 54 31 13 42 11 6 45 1 46 53
38 18 45 44 18 2 24 38 7 2 43 34 26 16 33 41 21 9 57 15
1 32 28 60 35 34 16 1 24 45 9 53 39 31 25 24 3 24 46 23 40 12 10 2 40 3 5 21 5 49 37 35 35 54
20 23 2 52 30 59 27 42 59 2 28 8 12 45 8 53 32 58 51 6 20 6 20 22 16
17 44 10 17 32 28 42 41 5 25 12 52 31 45 21 38 16 38 13 38 36 21 46 60 2 55 12 4 34 49 5 34 48 4 32 6 12 13 31 57 2 21 58 16 55 30
43 50 27 41 51 31 21 33 18 24 19 17 28 49 11 53 2 25 8 32 30 52 33 45 55 25 18 39 35 27 58 30 27 57 55 34 19 4 28 29 18 20 19 2 26 31 28 8 47 59 53 4
26 18 38 35 25 14 46 12 56 23 13 37 15 7 16 3 30 46 51 52
32 13 13 55 53 21 51 56 16 36 51 28 29 13 13
38 30 42 6 13 51 23 27 34 57 19 8 54 28 39 41 27 56 54 7 47 18 36 59 6 55 57 56 60 21 36 28
32 16 51 42 13 34 25 41 15 5 23 54 5 5 31 4 54 9
7 35 10 48 41 36 55 5 47 2 2 3 26 45 2 44 49 5 34 48 29 52 51 34 48 26 21 19 44 19 2 36 16 13 37 2 13
17 40 5 11 53 60 41 12 46 21 42 46 51 60 39 31 60 57 51 15 37 11 28 12 46 43 4 1 19 36 10 46 25 49 55 40 5 30 36 38 8 2
43 39 46 39 57 54 7 12 34 41 20 14 10 2 34 32 60 15 4 55 10 10 24 43 12 36 56 10 39 12 4 16 11 21 17 58 41 32 11 32 21
6 17 59 60 55 16 13 15 5 58 21 47 19 49 16 48 2 36 25
37 54 45 29 41 11 19 51 6 45 45 35 23 49 48 59 46 41 49 23 7 34 60 34 5 46 5 25 23 40 13 10 7 30 1 7 56 60 37 40 7 30 58 44 29 20 39 23 25 9 60 18 39 2 4 17
47 4 25 23 25 46
15 30 58 40 39 52 24 36 31 37 17 15 26 54 19 55 13 60 59 53 49 28 55 7 7 51 59 44 49 44 46 36
20 18 20 46 44 34 29 29 2 42 9 6 41 56 52 40 20 19 28 45
27 23 49 25 3 42 33 26 16 24 45 40 39 21 21 52 10 48 40 3 13 25 52 5 21
12 28 41 28 34 34 18 55 13 28 41 51 1 59 13 4 2 43 51 24 34 31 27 3 50 6 40 22 59 27
49 11 36 51 48 7 9 53 7 57 33 11 4
11 31 39 38 7 32 40 4 34 23 1 55 30 7 31 34 49 42 19 21 30 37 58 10 20 2 9 4 7 21 35 27 10
27 18 58 32 49 40 7 53 55 50 8 52 20 54 47 4 10 16 52 12
55 14 19 2 5 27 24 58 26 5 52 42 10 52 8 31
20 27 7 10 34 59 32 20 44 33 14 21 7 46 33 57 29 51 58 54 25 25 46 59 48 9 45 16 48
44 5 43 55 48 51 47
6 39 1 24 60 32 21 35 3 29 35 55 56 60 12 6 44 4 3 56 25 28 2 9 5 2 6 51 33 12 27 51 30 44 51 51 44 6 33 24 33
60 2 17 40
24 7 28 9 2 51 32 24 21
17 32 44 21 19 2 55 28 59 2 16 25 34 24 44 17 15 34 26 59 60 11 15 51 30 25 10 22 19 27 38 35 24 20
47 18 53 36 33 13 3 59 45 32 54 21 33 12 25 52 48 22 32 10
49 4 58 7 40 34
37 44 55 60 27 29 5 46 59 53 32 36 34 35 39 33 59 25 41 15 8 33 25 15 29 5 15 11 43 17 7 17 23 58 24 16 13 19 31 42 15 33 11 49 51 38
24 32 28 24 45 29 9 51 5 4 32 41 3 59 43 55 5 21 16 25 9 28 16 5 3 9 20 32 10 24 25 7 52 32
60 17 36 8 32 52 13 58 54 42 19 33 28 55 34 5 4 7 32
1 26 6 4 57 59 33 2 19 10 39 34 6 24 8 25 42 49 58 14 3 36 24 25 35 26 12 59
12 34 35 44 25 31 34 36 13 28 45 36 28 2 21 35 51 19 49 48 33 46 58 21 40 27 2 25 22 41 28 10 52 21 13 21
44 25 3 35 34 25 9 48 5 59 25 25 4 39 41 28 60 49 36 4 42 49 49 42 32 56 6
29 12 6 12 45 4 30 42 60 32 4 33 5 36
57 12 1 37 31 13 60 44 52 49 29 41 28 10
47 13 36 13 51 19 44 28 55 44 55 58 51 42 10
27 26 59 15 28 24 53 32 30 55 41 16 26 24 50 11 55 12 42 16 7 58 39 4 20 10 49 12
37 10 11 53 11 45 13 32 46 56 21 36
22 34 14 17 55 17 17 46 51 31 45 25 12 41 55 33 59 12 7 16 26 24 48 12 39 7 37 50 7 26 4 9 17 13 58 51
43 48 49 44 36 35 25 53 2 14 60 35 25 47 48 34 55 29 28 51 38 5 29 35 40 28 46 29 1 53 56 18 34 17 15 58 4 1 49 5 6 19 22 51 21 43 48 49 56 36
17 14 8 31 38 39 33 54 51 31 56 33 27 28 32 60
43 20 13 12 21 6 15 10 13 31 48 8 42 24 53 38 38 41 10 33 59 54
38 19 52 59 48 35 39 27 4 20 16 35 36 26 28 21 7 13 53 53 9
