30 30000
235 6706 70 563
238 224 36 696
92 101 415  4373
156 323 110 452
233 990 217 247
169 250 130 1951
135 125 40 5034
985 407 37 252
284 8529 959 255
226 2334 883 1190
238 224 36 696
92 101 41 4373
156 323 110 452
233 990 217 247
135 125 40 5034
985 407 37 2529
804 582 340 1223
284 8529 959 255
226 2334 883 1190
135 125 40 5034
985 407 37 2529
804 582 340 1223
156 323 110 452
233 990 217 247
169 250 130 195
92 1017 415  4373
156 323 110 452
233 990 217 247
169 250 130 1951
135 125 40 5034
