10000 10000
97958.17
95709.05
49653.22
50425.47
60056.29
14621.66
32322.34
34281.85
81794.35
85104.60
41258.94
99367.24
98198.29
66833.54
72570.84
89868.30
23438.74
71848.11
67388.86
91102.16
57416.69
41230.39
14009.09
33978.03
76821.82
44146.63
61851.69
58540.97
21601.06
53939.80
20673.48
3785.07
12774.70
80960.39
43472.02
15923.74
62537.73
66823.00
16518.58
92304.52
62583.80
69776.22
4957.48
3155.84
61589.40
95873.30
27409.38
58353.47
67795.57
55631.03
58015.95
11393.83
37624.92
50864.52
79363.45
17761.97
36271.15
21385.17
34722.73
89881.46
81198.89
6249.45
53043.12
15833.94
4491.05
99245.96
45137.75
34035.56
94981.42
3308.26
94497.72
81058.10
6109.87
13541.04
91172.76
54781.99
40437.76
83546.96
82155.70
60068.94
46760.96
54741.88
36708.47
29141.58
90758.04
53345.81
50066.86
33857.64
85111.13
84737.17
33961.81
32066.09
90036.92
79857.80
67394.52
15232.98
20165.32
73356.28
6103.05
49524.10
18703.28
18157.04
74157.72
27532.34
84821.27
66142.69
86123.02
72836.99
65199.92
69637.23
73223.38
64582.59
45674.26
83377.44
11950.32
74264.84
3913.24
71660.10
78548.54
31911.02
9071.76
50352.52
77818.45
63842.42
79352.95
18453.80
19672.50
69206.32
33418.11
58894.39
41883.04
27465.06
96581.73
13261.42
2459.01
54029.50
47729.24
60137.34
90089.04
46224.65
17894.90
51739.34
26088.49
86774.78
76437.33
88546.98
56287.87
96995.54
65750.18
36605.72
56300.18
56880.62
70445.51
17193.63
98604.65
34270.49
31947.28
23538.94
54884.38
90290.59
44432.54
44275.81
32055.37
53246.61
93057.69
98325.99
65424.55
78164.30
20407.51
10893.64
17414.06
34161.28
32104.27
85260.99
55289.59
86838.39
77514.51
50072.28
6330.02
67878.11
66491.01
86793.52
13875.99
49037.44
8087.35
67035.40
42694.94
62722.88
82182.70
54427.16
7099.98
36334.89
79954.20
50728.57
20260.18
32569.44
74134.57
90867.85
88139.79
12864.00
4992.30
16592.73
96503.87
66175.69
92972.05
83422.39
64427.78
70278.80
13932.68
80587.63
62748.14
77769.49
97920.42
68646.83
20892.65
43964.97
37414.78
64465.23
70526.32
38884.64
15984.49
28244.93
99451.64
10500.86
93291.20
32293.20
14200.10
91446.73
7378.30
16216.58
34752.68
66368.35
80182.36
58228.28
69826.70
42109.18
37204.80
17256.27
46166.61
87913.86
77281.17
25539.79
90276.13
37839.12
53385.57
36401.50
86029.38
72559.20
50407.77
56883.03
56598.31
22753.32
70840.45
19931.22
44134.17
61262.61
64314.15
75822.72
85640.26
76204.17
61917.28
7514.28
8473.66
42229.60
1238.90
99606.43
93913.34
32115.57
53071.56
15607.84
82232.17
35873.95
85711.86
63188.05
17710.38
79568.92
27796.13
52105.87
57027.86
61028.64
15608.80
74501.19
89472.91
44638.99
35800.89
62237.50
42404.90
82406.76
99456.16
982.65
70408.31
53479.93
8442.45
5715.52
51575.69
39312.48
99985.66
87345.83
39357.03
76661.16
80403.86
65134.82
43413.03
55601.95
83939.08
4604.18
37909.77
54753.32
17624.26
85620.77
20692.30
30894.27
78122.85
30344.63
71774.64
5164.21
51478.58
45727.72
84583.66
13032.44
31712.82
60251.04
68394.38
10224.71
19207.22
59587.41
45394.22
51794.24
84808.88
50877.64
90813.55
86524.77
10595.76
10307.41
89560.26
33853.21
43239.71
93672.46
7795.68
35499.27
20904.64
14619.55
2889.40
98989.60
59617.41
20250.73
20190.51
75264.03
10048.82
18778.36
50052.76
37551.27
20642.24
38918.40
43551.11
53701.69
68027.50
25709.54
10327.19
69164.63
40657.27
2445.52
47001.15
42797.70
86603.79
53408.34
69587.44
2695.63
61453.08
7089.66
48352.01
14226.20
37234.43
24588.04
68548.36
77460.62
58322.45
22869.41
65470.03
96186.01
55249.40
87578.38
7257.03
85687.36
52365.04
55087.77
23893.64
11486.55
30281.71
68473.98
5835.06
76225.90
29042.08
37105.60
20700.59
96883.75
2947.01
54532.81
21470.65
39509.56
62981.07
54365.07
44625.14
3666.03
67773.29
8824.59
21660.87
73765.83
49030.46
99663.07
52425.21
79490.22
82380.63
16129.24
13703.81
32477.34
39564.31
59674.67
1499.59
31467.47
82910.78
60085.34
30440.77
53092.79
88037.03
32726.55
38755.14
70499.25
5706.94
31588.55
72248.44
66987.87
98788.03
77820.46
45723.96
36863.21
15243.41
68440.03
5281.13
90676.22
83096.41
94906.60
39930.57
7049.20
38305.28
26244.91
15962.90
98270.33
21485.66
36407.12
32509.12
81845.14
4418.11
80560.70
21729.77
75192.55
32278.35
49989.52
42070.56
55672.99
92527.64
60295.76
38021.91
53135.95
46400.80
52590.11
64819.85
67174.67
83929.44
12357.70
1525.86
26275.28
88437.78
35687.41
923.11
31048.03
21448.65
97551.85
49666.64
48727.96
63937.19
1825.66
37124.85
51132.74
74869.63
17729.65
56350.01
13264.93
52964.77
32388.16
85615.11
14746.28
12615.64
74187.17
23954.63
11271.65
9908.75
86620.79
79146.70
68269.83
79678.56
57313.45
31574.23
73959.03
69534.56
31905.41
22402.35
73984.25
81798.55
67489.02
39509.84
94824.33
59289.52
5283.31
99611.92
48155.96
75893.76
67234.29
50011.94
33362.16
17857.53
6228.62
38419.55
80372.94
66739.99
64607.98
24272.66
25.35
19963.73
20671.79
30000.90
34130.64
9900.42
27855.62
55667.96
22435.94
7429.22
76273.00
5430.31
28667.92
20905.25
31307.90
99249.84
92846.08
26475.75
28945.60
68297.97
2052.97
90681.41
32529.19
57488.52
96849.00
71280.35
80629.55
83577.14
55519.27
7232.24
80715.92
22264.58
23339.92
33780.10
28314.88
22741.33
79051.53
83567.21
56345.04
73111.24
55727.02
59726.76
44315.07
65131.48
58221.61
91881.55
42072.45
31706.46
44392.32
10991.47
87790.55
55573.13
62274.46
3986.00
24881.46
72615.18
60402.69
34119.46
47522.11
18243.65
13464.08
37986.43
29481.19
90281.47
30470.74
35134.71
15934.33
26789.39
37639.43
11213.58
82955.05
22270.77
53165.76
60594.63
94369.03
30692.89
96080.37
99402.75
10659.13
28762.02
96374.68
84894.80
29608.70
37890.05
98583.63
2123.45
63370.68
28289.88
76012.99
3823.60
81649.95
53637.33
97798.69
14459.09
75686.52
89736.91
15985.67
34366.92
22726.93
75628.95
64813.77
4936.71
55671.50
80575.76
89398.16
20762.84
67584.79
45364.04
45991.77
99706.64
5756.91
71361.35
41017.27
46806.35
35003.07
55763.85
1056.14
72972.17
74888.94
96473.07
90982.12
54403.99
40569.22
15038.96
22426.89
43669.27
41927.11
71106.96
19765.08
68378.58
20701.96
66806.41
35806.50
78396.27
30292.72
64517.89
34382.72
27523.85
87924.74
66456.95
82015.85
593.51
53867.24
29511.76
15856.72
21909.22
17389.19
13772.18
80080.18
5973.09
94140.83
88187.69
47924.85
36434.37
64648.58
41791.78
71564.99
84198.52
8610.69
73930.20
27001.85
634.05
14681.18
61930.65
46162.03
46814.41
70429.55
29651.37
53390.43
44732.66
62163.78
65346.13
48525.18
61426.15
39304.11
62283.09
3742.15
61949.01
22995.09
80555.18
66356.44
92129.63
63643.44
53519.21
84768.41
77050.97
77069.17
87301.56
99741.82
46190.88
13957.46
26807.70
68201.35
21160.18
42298.88
86673.05
11737.31
26975.81
47505.34
70592.90
7004.79
12806.73
79889.33
27468.58
60204.82
93129.86
4193.97
17807.66
32835.18
45233.82
30861.29
88815.47
10898.10
24007.69
33726.37
81615.55
34752.56
79952.51
83824.65
19036.57
31798.66
91352.89
54000.14
47403.04
19181.44
46546.34
74001.84
30767.51
68701.77
37227.65
40755.92
21021.68
51121.79
48726.05
13501.28
52323.83
2052.33
58192.43
48475.78
33280.29
76609.93
76634.28
52840.82
35318.19
85030.84
95735.71
62531.69
687.19
26429.54
25400.23
73721.17
18527.57
62889.34
32953.60
82583.95
42442.29
1072.50
19944.36
13049.32
48010.41
73537.34
97479.57
37229.63
53679.40
36949.93
46033.10
18212.03
53473.89
29377.76
70664.15
29901.01
34958.31
53853.03
87583.47
33599.21
80890.99
80392.85
3004.59
16014.00
78007.05
83664.09
70217.85
18377.38
81367.81
58480.16
35824.54
11366.60
7714.03
80317.41
11068.62
95513.12
56260.64
3038.46
29203.76
31787.32
80370.27
11010.20
74832.86
32046.49
58543.25
67803.67
96157.82
64033.63
38161.54
28663.58
36077.01
50614.48
50424.00
8934.81
43067.75
67940.40
19910.60
25633.46
47791.62
72224.44
17213.06
54349.93
16359.76
9818.31
28069.34
68671.52
16195.97
90277.51
37439.59
54312.06
55434.88
27102.32
51960.99
15136.11
81792.81
75842.06
9218.95
13265.13
51848.73
24250.10
47272.31
10453.22
6673.00
14177.17
32869.85
2919.91
14741.12
99890.46
71795.78
66827.40
68070.25
72506.00
49781.58
56589.96
42515.80
5221.78
77421.77
23202.71
58165.76
99039.25
37531.14
44777.57
770.10
33660.47
58380.74
86473.64
90142.93
53248.65
61250.48
32009.68
6474.67
41739.39
55735.43
53946.06
10492.05
67390.30
81243.69
14923.82
18403.11
1256.29
18123.04
17048.16
17564.98
39278.20
16854.13
41604.06
33811.71
82672.25
18747.42
46291.36
86379.84
56307.64
66581.67
12166.93
91369.09
69760.12
28621.25
57481.30
99675.70
50728.64
84449.87
60597.39
80335.94
5502.96
46058.24
59178.73
85217.26
86169.40
12623.14
17834.73
55994.64
69242.46
82415.34
81410.47
59349.54
75409.71
70273.97
56108.53
61329.03
85077.41
4084.85
85630.33
76802.58
29404.45
98700.08
14524.57
54954.02
61512.10
30736.69
55930.08
86746.11
37556.95
62691.61
5900.82
45295.32
62354.77
89810.56
71500.35
95094.24
79242.49
8148.35
4853.33
31019.13
8866.08
27258.11
60341.59
33060.16
66581.68
75946.87
17132.18
47711.80
13157.49
74535.13
34225.00
31960.82
18463.96
72057.75
30207.43
20809.54
42839.74
71843.78
4903.48
4271.62
65820.98
93912.74
45105.03
24778.11
16921.29
47624.71
81572.54
30931.09
88150.10
13021.96
89492.80
48542.49
32956.72
54299.31
49581.26
54895.57
81287.75
13841.09
12016.33
67166.56
25445.20
60261.85
30393.24
80943.93
56432.93
88888.57
57884.93
19782.84
55478.91
98121.71
22797.49
81732.23
70420.63
90112.74
25707.57
93772.11
31641.49
69195.52
25369.41
10098.42
87245.26
36509.09
5578.82
15193.14
62156.48
4249.39
40181.73
17617.00
70834.08
77987.39
98414.78
45462.36
38285.75
80491.08
57765.41
79403.76
9070.66
15488.92
16539.01
84283.58
48977.92
94812.18
23320.60
25170.42
69068.31
77353.65
65518.50
78827.60
26766.83
93280.31
84177.60
76529.33
83693.50
51937.39
7249.58
39162.00
24919.96
56881.30
18507.74
90548.18
69339.32
76479.03
4293.84
59930.75
25836.86
43511.39
45284.39
9554.66
74948.92
82217.70
45464.11
48283.92
80697.62
86219.39
15493.82
17191.15
62288.91
95759.96
52660.39
58057.38
80361.27
47698.90
84596.22
719.43
17472.84
96696.99
68955.75
30202.49
57514.23
31030.48
66236.55
19575.34
93734.63
31471.77
27932.31
39465.75
20068.75
46673.85
67205.55
80173.49
85451.98
83496.28
4267.16
47318.54
15811.36
35710.04
3650.64
16961.93
33419.84
99518.69
45568.29
61136.75
28301.28
49333.62
98536.89
79726.83
61373.82
72240.53
85460.53
99630.53
4018.89
84594.89
60357.89
27147.22
43763.65
79183.87
37921.52
64523.93
10764.13
76392.04
43096.76
26599.61
4776.62
77808.56
72867.59
18484.60
27304.97
45713.32
87437.06
60212.71
48610.99
56879.36
72989.75
69303.49
64275.83
4129.30
43223.73
37172.13
20999.45
44083.14
71839.60
60324.53
16326.03
14534.98
73174.01
12275.04
1982.55
69896.10
73165.26
67124.31
45518.21
8142.03
37838.39
10734.87
29932.13
87700.92
51497.34
441.77
95976.79
57720.94
61811.57
59235.99
56824.78
50153.97
33984.84
15357.90
39786.37
7093.25
81193.37
23238.44
34765.27
41802.47
63481.13
26725.42
54140.24
56873.69
72299.66
50532.53
33759.96
67951.72
42879.84
30848.45
29738.71
6462.40
61623.32
21043.62
90740.27
99782.25
60700.83
33412.22
10437.66
52287.10
17045.17
2886.75
89836.11
75717.04
97926.12
83662.77
64146.88
42295.31
20294.92
14671.35
73899.30
59038.65
16085.82
14836.60
84978.60
86696.47
20662.08
94055.92
87277.05
51756.49
26594.08
90840.38
26645.85
24954.22
69956.91
72552.72
49835.33
64723.94
41335.01
59180.62
67110.92
49028.50
38721.36
56582.46
62232.37
44005.57
4498.64
10143.40
4483.82
82867.79
13690.02
14778.99
42442.08
53494.31
5666.85
42224.01
84170.72
18151.28
76501.03
71543.95
93527.46
13778.67
74149.28
33806.65
57272.33
6281.07
63657.03
6851.54
2664.08
97259.87
54569.31
21094.13
70232.41
6624.33
7736.13
62303.11
71413.47
79519.08
63699.97
82287.57
85736.16
91005.52
59852.77
53431.94
77246.62
46934.60
28549.90
28016.05
34858.67
4448.56
93368.74
88257.84
66317.35
60549.02
5699.25
98016.30
463.38
82169.02
88854.06
92091.91
77485.80
76186.42
81885.65
64062.43
31850.47
22816.29
297.97
38591.18
97591.82
20819.59
55840.16
39145.59
90655.35
17965.83
2569.80
87063.32
47978.46
25187.15
1373.15
92903.64
27997.05
37861.26
20129.96
26021.33
2265.38
12660.81
11710.29
73300.87
92876.70
73406.64
36990.87
22988.21
35372.26
44362.50
25078.48
34557.68
71825.94
34408.59
87927.88
80551.65
3792.31
20531.60
31541.77
71330.24
59805.36
4068.53
30940.23
98668.74
57115.62
38142.09
61087.29
59140.21
62352.95
49724.83
961.94
43220.64
80802.68
4769.79
52961.23
1054.42
28982.52
89845.01
44822.83
20817.27
70207.75
8709.47
6254.73
80614.54
17832.17
17267.92
37459.37
59851.99
35852.34
45342.12
11739.85
21016.81
91562.67
78695.96
79375.68
97806.30
39948.64
99752.07
64955.50
50541.66
44505.96
10437.22
75354.43
74804.51
64172.92
85594.23
60543.36
74233.47
61063.55
30397.70
94417.81
33418.47
8689.04
40211.23
67833.83
51830.20
5354.98
86323.49
11038.42
24722.19
22421.83
76000.67
87681.98
81943.10
42116.22
60292.94
27600.27
20596.60
64580.53
88032.22
90553.47
92486.43
88848.16
29458.88
78109.67
32284.17
97432.25
17914.89
35860.49
37357.08
99215.00
83040.79
13156.17
35193.65
10325.41
73914.17
72547.71
99364.30
77692.72
95566.98
66123.54
99954.73
74963.16
7319.25
20928.20
99409.41
25467.50
56366.78
650.63
29722.75
31926.82
45060.17
35769.38
11915.42
17584.15
55312.76
39342.41
3733.34
8449.32
78575.03
50628.94
86506.78
11344.59
24812.85
73730.80
27107.17
67438.64
8927.17
3440.81
75939.03
85956.23
38052.60
55485.71
86904.59
87751.25
48172.39
43351.08
70278.52
13430.45
63487.33
68875.87
14430.35
75715.55
76976.07
18803.91
37332.06
60731.02
75584.30
84479.89
53788.26
7905.28
58480.41
46877.51
69326.62
23172.53
21814.96
94147.07
36685.89
5163.00
8421.63
63870.07
35839.06
89068.86
45897.06
27208.43
63489.25
37873.50
21497.09
57135.67
42975.73
35631.56
67286.89
47937.62
90527.52
62487.23
53982.54
78170.24
98802.25
56118.36
16921.46
34261.85
23647.66
89293.78
62599.30
36947.51
85023.15
18231.54
29210.68
37722.83
18019.15
81445.27
99631.41
77504.91
34911.53
53766.43
90279.54
24687.70
84188.69
85229.80
64292.86
34779.53
17488.83
79509.78
42460.30
98810.00
384.85
91594.91
10344.74
72694.07
27954.43
49388.25
45034.69
4740.56
31072.76
28920.99
9962.46
3492.75
84365.40
37866.84
91226.10
13088.47
51758.83
87044.73
73852.92
88327.26
30566.14
54597.29
81441.75
86632.02
80045.40
72532.57
27621.71
19092.72
45368.12
90316.57
52764.87
27779.62
12935.45
95204.10
44390.28
81513.57
57979.51
93995.29
64696.93
7280.74
70387.30
85905.54
33663.14
99479.53
69684.92
81236.13
41149.79
74186.86
45119.26
45533.16
86445.04
60631.57
81775.04
73922.28
68687.89
47062.39
58664.34
25306.69
76608.16
23197.80
29726.38
71115.91
51020.44
86445.62
23674.93
38292.83
18509.32
4079.42
23630.90
51206.57
19743.64
48559.66
12477.52
2178.59
80857.11
48186.67
94875.75
5309.63
1332.82
20273.36
31877.31
13294.82
56829.15
79024.77
49072.90
1914.74
40384.65
35312.29
4213.00
51889.59
90439.22
30529.83
25238.91
82784.26
79109.33
71719.60
54661.40
18651.63
59154.48
60154.82
61224.53
90101.67
93072.76
30567.04
4792.13
2483.80
12762.64
43205.48
65394.43
24870.06
83188.77
95915.86
72372.34
79526.51
68489.15
48426.29
94556.90
36560.51
23961.24
76027.72
77421.37
43431.15
62364.40
94836.37
38143.51
44010.57
67976.35
25825.69
54515.45
66883.52
56840.91
89815.44
8638.81
87572.69
6644.74
50605.15
71342.37
94377.32
4660.48
48439.76
38260.01
12512.63
87193.70
90994.71
53506.19
66237.50
68971.42
94068.06
81886.69
83657.92
85909.35
89167.19
15581.92
73893.78
99695.72
40177.47
26240.46
31296.32
37628.84
36300.52
98420.19
46404.04
66146.24
53449.47
5314.65
28324.21
21482.54
1288.72
12701.97
68227.79
45893.89
98105.82
22054.03
98645.05
2886.20
40702.79
88743.23
28249.56
69884.84
61494.52
76284.45
56817.83
31783.19
90001.68
32549.63
52.38
23807.67
60925.69
98892.56
78955.48
97136.62
35993.20
88121.24
53441.21
5710.60
31757.59
92255.49
4873.33
37671.59
70545.01
6007.17
97216.37
39868.64
96732.47
76920.53
71487.55
8867.34
25545.47
18110.31
53196.97
46900.80
16562.59
44534.84
77463.56
6199.45
89114.69
18741.99
61494.36
70137.28
21766.10
17025.10
79114.50
44632.02
3065.36
51926.69
17035.56
58236.64
25752.98
12027.23
17549.64
94359.86
41613.75
4956.68
37336.72
4052.99
19161.02
14566.06
77072.84
72800.70
71340.63
8196.78
61526.51
39753.20
45441.73
54985.04
74830.97
92837.33
92402.22
41138.97
80619.61
88184.06
57696.24
93125.88
81712.35
67309.85
60991.11
44707.14
99040.12
70489.49
56761.33
8758.30
74495.22
69757.79
93047.19
39811.75
27394.98
69977.70
10545.28
98259.66
19246.12
51412.34
49218.63
52154.50
6497.46
52238.41
54613.85
77544.70
85968.38
14438.54
1072.77
43283.06
62640.55
41510.02
74026.19
91245.19
94500.50
41427.44
78557.08
47895.72
94120.41
53296.78
66420.83
28139.61
91664.67
81138.32
98710.09
17396.10
89009.82
83236.03
86351.56
42832.87
59665.13
90490.84
75622.35
69697.83
74181.60
52215.32
70873.39
83686.01
55736.63
32807.27
11647.33
45279.23
95582.07
7739.66
46378.50
26995.81
83042.91
32304.62
69862.38
69488.01
29754.46
81548.66
16682.15
17424.57
92825.07
84836.91
27779.68
21095.96
26612.37
3483.75
32358.66
14679.74
17800.06
24887.28
12307.15
7103.61
83463.19
71605.33
41327.28
46443.62
36809.08
48810.21
15959.39
43794.96
50281.57
78560.01
20688.22
67553.05
70716.05
94323.72
94318.65
44042.13
66232.79
94197.76
89808.48
25429.12
9556.02
76251.51
44745.72
10860.07
27446.29
4439.11
4657.89
31756.80
70933.64
78515.23
66340.91
37211.22
86039.03
6392.31
33394.97
40414.70
89671.55
2376.58
1154.96
12060.25
80388.95
59720.57
13202.91
31654.70
38708.88
70929.54
56649.99
32678.69
96658.45
94259.22
88375.50
2531.66
81249.61
89842.57
9410.44
23199.65
61567.74
73882.87
29653.06
63583.11
54161.08
64350.76
90103.99
59422.50
66418.38
16622.65
34808.38
41758.93
82622.40
72498.06
49692.53
99867.56
22366.63
71033.36
10482.64
89601.05
26022.86
94629.43
6893.04
23080.78
46946.94
48810.67
35271.40
673.11
55110.42
99133.03
76888.60
71188.43
81845.37
13658.31
4060.49
31240.20
60390.10
84432.46
81289.28
99701.80
41923.02
26405.25
53611.94
28198.47
91772.44
77228.86
39343.09
33571.87
95489.50
46372.89
69399.96
63254.89
29471.96
86993.19
40396.91
29494.01
75826.30
88992.25
73696.86
73356.90
86155.54
16708.35
97607.44
44462.65
23960.33
39671.18
94908.97
7372.11
40340.90
29861.38
82902.14
10575.99
62687.24
23911.48
18162.59
79017.98
1045.04
73685.68
43190.14
16090.67
1844.96
33676.16
17139.94
26041.51
3682.65
58653.17
97823.22
92726.49
74837.07
10006.60
67165.07
75648.94
37214.57
94216.47
17306.70
9221.03
6406.27
81889.74
39539.82
16185.40
2546.21
80801.11
83260.43
71134.41
11657.80
61375.23
77129.77
75064.64
2176.02
58047.72
29629.68
26903.95
26332.91
94942.70
51200.12
2948.72
61093.89
9304.18
65146.09
80148.82
68332.25
71118.86
99501.70
64177.64
78929.59
22367.84
77038.64
8224.81
30489.34
84344.75
45606.85
33449.10
13351.24
6477.73
15994.54
87028.93
4593.99
55092.89
99495.40
98748.12
94713.73
65556.67
62370.20
22054.17
36665.77
6234.50
39390.57
70526.80
71957.14
27703.54
73652.16
85694.12
13477.39
95656.65
74844.94
97133.93
89755.19
30935.42
13168.00
60797.72
80328.20
5129.48
91076.36
86494.75
96913.71
65179.80
60047.34
90473.90
90067.59
85423.36
74553.92
34040.58
86019.01
70516.73
432.71
34146.31
83368.42
57676.10
19833.85
56888.54
64336.37
91671.08
99940.53
29857.97
250.51
71010.13
17645.47
34271.22
55958.48
88754.65
57372.02
62825.98
22854.00
16399.68
24227.17
54216.40
35203.82
4258.39
39674.19
40246.18
49462.86
96788.00
11912.27
66476.69
91265.19
86294.61
98150.69
72347.87
99778.28
53454.48
965.01
41709.24
24108.05
68089.13
65922.82
59698.50
51442.13
48631.91
72666.49
36905.44
71619.02
3723.48
36640.46
86758.33
7810.39
4373.63
63650.58
67070.59
68004.30
60127.10
24442.96
21685.11
96976.59
97670.71
41489.87
83153.61
33438.12
65319.51
5170.14
22388.82
2045.25
11819.18
61531.62
56226.69
94961.13
12902.51
38823.17
48836.31
22655.29
44037.15
4983.66
67914.99
38628.92
22802.36
73275.55
81605.99
67753.53
69332.08
98250.40
7076.37
92910.36
58261.98
29234.03
46692.56
79618.06
60617.88
13518.66
72731.02
43336.13
99083.11
66449.55
46561.64
89131.72
65082.19
50593.72
83241.18
78397.10
71118.53
31178.18
97454.49
2305.51
36803.48
99985.19
91740.80
66692.76
32014.24
84892.04
72942.71
18052.06
25618.29
87242.94
7815.28
65329.72
13201.61
14240.27
53732.88
77209.04
22238.40
98543.08
25431.09
59570.07
18139.63
22259.94
83721.31
42812.60
59618.04
87523.89
57115.51
33729.90
76807.04
836.99
32298.66
11620.82
70571.03
63371.74
74386.29
73327.64
56444.57
84417.19
62904.70
56887.14
1638.02
60157.00
54431.36
98482.58
28547.07
84967.05
7832.93
2383.81
83203.64
87420.06
33038.48
28563.28
92105.75
8184.78
49285.31
27675.29
55863.72
62007.18
63774.97
78086.00
53100.35
50961.21
6676.93
4641.74
53042.44
21156.50
83417.37
83863.13
60241.29
80090.73
30190.70
65252.42
39859.54
16833.90
83631.15
63401.67
96961.93
92232.24
582.06
589.14
8247.51
91319.03
88900.35
4551.59
29660.69
55120.08
35233.62
91119.70
28318.76
34041.15
40707.35
86404.37
12193.28
30024.96
459.89
68221.31
55982.85
19665.16
87962.46
31441.35
46614.86
75464.91
30061.94
6954.06
96813.61
27427.45
83683.69
88932.19
172.26
32166.21
50132.13
50084.33
26166.37
41721.92
87926.39
49583.35
78546.14
89274.33
10108.72
63358.22
65545.17
33935.86
76962.95
91436.48
55343.16
31814.86
20080.65
22025.05
15219.89
25535.89
58712.48
57016.86
57838.23
69404.48
94342.15
28610.70
43093.48
32403.95
94420.54
61731.87
8966.65
46211.83
1197.49
61941.13
29819.13
90423.17
26588.75
33519.40
25566.29
32168.53
19015.60
57415.77
70167.46
62313.86
13154.55
83746.28
72869.82
95430.04
98534.82
18530.99
30643.71
25719.39
67920.85
9356.77
75246.85
56086.68
31417.57
59653.50
63354.93
42542.22
7235.73
26270.92
83196.16
21124.48
25055.00
80043.83
76127.16
9529.72
2922.11
34033.07
96587.85
636.17
83621.73
69129.74
58872.63
90110.21
41457.46
11710.25
44155.57
5282.12
95380.51
43029.65
66206.93
27478.84
89403.49
45040.66
19238.66
25001.26
26236.91
12326.11
56316.21
38933.55
65085.80
84832.05
71774.36
88972.02
19544.01
81089.21
86074.36
91460.99
16523.62
36610.20
56540.02
6823.25
2157.09
77150.03
62410.21
58572.48
5609.46
81517.35
37645.25
91095.22
96738.31
13624.06
49924.70
58389.92
98538.80
28460.62
49274.11
60950.47
40311.41
81684.68
34758.09
72981.76
62489.80
97510.48
12677.34
27134.82
9066.38
74586.54
44707.11
48948.92
68552.97
34549.14
9414.50
58188.27
49414.17
42939.04
25592.20
79260.72
910.85
57169.04
10846.17
27905.95
15291.34
81229.76
73874.65
66340.81
72267.72
31821.25
63876.16
44049.05
11714.81
45597.87
25523.82
66403.17
45529.28
82213.92
32943.66
58305.76
44586.47
2857.60
1134.30
15037.95
61732.31
28960.72
98265.48
57502.23
76747.94
10771.69
7293.11
34047.48
74224.42
60479.29
10328.16
36063.45
90285.20
29574.76
94196.92
19532.20
89093.66
35139.62
630.25
49724.25
55083.32
64746.82
69519.17
11226.56
11848.27
14662.59
48674.41
50490.22
3631.13
41036.68
68527.31
43085.00
346.32
28768.29
5209.66
2848.61
12075.88
7735.36
80449.97
75117.84
23975.46
71074.56
71723.55
81229.32
87528.00
75199.59
31094.14
6477.27
29082.53
26245.34
36184.33
48715.81
61615.69
82625.19
21712.40
69793.27
10653.31
28389.20
65033.15
17006.04
90289.71
97070.53
24120.03
6759.51
90242.17
50707.68
51426.25
87623.41
59877.99
43729.97
32062.26
24969.34
151.77
26393.81
19727.16
74377.70
99390.33
67457.29
68831.46
36001.71
73862.76
780.50
86248.85
7075.99
99073.15
25539.14
51134.27
74757.09
42713.46
14738.97
76245.95
16483.62
35214.08
11718.45
9208.85
43.42
38829.51
19327.24
97156.94
535.14
1196.72
11467.92
63192.02
76412.05
4303.64
21688.52
68096.31
71795.20
44805.32
88513.38
55736.50
37243.69
6625.27
62199.67
5596.76
86169.52
11779.42
2607.31
40878.04
29084.33
60360.25
22869.61
65601.40
52865.82
95618.58
58552.22
29152.65
37231.15
55080.53
66987.80
41705.94
25604.79
93637.08
86474.10
88963.75
92568.52
89543.86
10022.65
19650.83
75080.94
69268.55
53345.89
4199.41
59653.91
12123.46
21769.95
88063.51
42673.65
20620.73
5760.86
88099.48
6053.80
67487.72
59751.34
5450.57
75408.02
55280.08
43956.10
53372.82
52929.64
49529.88
33862.71
23439.93
42165.84
71366.53
27085.92
38564.47
6873.82
60547.73
2272.66
66273.04
31146.55
44838.15
9745.33
90672.82
72995.54
76673.26
98570.94
66547.05
28578.13
23045.81
9743.43
4016.85
49256.81
19552.43
90166.87
57207.03
78678.07
24537.92
7126.87
15353.25
2058.33
34274.74
67937.80
19788.13
24864.31
45115.06
74453.29
55243.68
23075.50
73553.03
67127.52
88907.76
32216.15
70134.70
38314.76
55671.87
67344.27
88153.09
19494.72
13007.83
91185.21
93065.90
72111.19
13910.90
72597.17
23573.40
36711.42
71346.85
2556.36
40293.97
20073.82
12640.33
59849.15
22974.77
25011.41
47242.22
43658.68
2175.14
52538.60
96313.39
15233.61
36360.06
31088.69
57562.33
15826.35
70341.33
52469.67
3774.20
53088.29
36003.87
19245.88
38468.79
73109.62
81254.73
33232.78
57124.91
60291.18
38132.19
79792.70
87408.62
32235.76
66012.57
87618.72
6842.94
21846.53
30852.14
68694.39
61356.42
63819.95
6401.77
68116.76
33148.13
27720.73
8331.62
78470.13
31306.56
64826.28
97203.63
98438.12
3619.93
60928.27
11229.01
40341.51
93015.39
12278.63
14748.52
16289.36
87064.62
66867.66
73372.84
57630.93
33993.40
98221.63
91720.59
47395.84
23632.46
3907.41
74691.53
70410.07
56747.41
45931.63
98212.41
10775.17
51184.89
75221.90
393.00
51398.32
58272.78
7377.56
29029.70
55260.62
87911.72
41877.40
6394.43
33111.20
65795.57
41931.96
97246.01
27274.57
71198.31
17167.92
91001.89
66258.81
28764.76
76331.85
34007.38
69851.97
52742.79
42201.21
72840.09
9394.29
67094.40
45889.69
94587.05
52913.73
49923.20
42734.69
75031.98
49812.21
75655.81
16954.31
70690.17
34790.20
53414.69
67261.36
15628.54
55697.04
85019.79
90621.88
9008.43
54994.58
91056.74
6345.75
4288.39
59521.58
78448.79
87696.79
36024.79
58246.38
47970.31
93209.88
45207.49
72695.40
65139.08
14902.64
89068.17
49744.85
42925.05
85569.16
46298.87
31463.27
9712.98
12343.16
53618.12
81692.39
60956.48
28718.34
34622.28
74053.62
17961.00
82213.12
6859.50
71068.03
42233.16
99867.48
78063.87
49076.93
78834.06
98759.32
67487.19
48650.85
27173.91
33727.84
13265.91
55174.23
62685.67
99491.48
51760.76
39293.42
57814.98
29347.85
79806.46
11915.47
75764.11
57643.22
35809.17
73445.21
35427.23
38199.02
60629.05
61948.03
70954.63
35882.93
24185.46
29926.08
34383.34
33511.91
28722.38
4395.10
14771.63
21274.81
24671.42
9949.66
72274.98
60862.04
50.01
59504.12
10600.85
41489.71
29332.28
42396.85
36279.98
70005.84
92730.03
64545.28
78191.53
62266.11
1821.42
20339.20
65779.58
27966.59
92464.77
959.87
89398.65
66121.06
70935.04
68812.37
91225.54
13370.35
24220.46
52758.78
60175.10
12311.13
30416.84
43839.58
29257.39
92031.90
30156.96
96170.92
98813.82
78043.31
45012.72
62705.04
34069.57
73790.68
53807.39
20541.64
10440.05
80935.95
62775.48
65477.37
5028.66
50596.72
30507.86
80481.21
57753.50
82729.76
33619.47
7783.06
50540.53
15846.60
84077.16
79263.19
78020.52
74248.66
34125.31
84829.90
8167.54
64969.35
29746.42
83472.95
56316.28
41610.78
98594.57
86680.40
20995.76
77262.42
83338.82
68906.04
55017.01
13689.37
56354.45
84775.27
70252.11
78977.61
76699.24
97716.65
99542.13
90823.76
75312.47
49706.81
64171.55
87656.98
79374.02
26816.06
20346.47
54780.26
11761.18
242.38
83114.32
37718.84
26540.58
47521.07
51162.44
59963.12
66432.79
83597.82
80933.07
87293.64
53187.12
56452.43
83492.23
5875.49
46803.94
86960.91
42590.06
6309.93
34542.33
57683.28
77350.00
90830.32
35650.29
80264.76
98024.39
45830.29
32755.08
96137.60
28254.04
46911.30
65851.31
90211.31
92269.11
88637.29
49824.08
22238.61
90468.99
56183.83
1444.88
5544.71
11818.50
81069.38
86777.57
87807.28
56498.03
48155.93
24932.05
13574.82
67245.16
46106.86
9103.05
73210.69
92825.04
78489.18
30831.65
67950.57
32067.29
77707.85
18426.89
45760.51
31906.78
88959.66
25485.05
87683.46
37865.80
16394.14
30444.11
49361.42
20415.13
48668.91
33110.82
87420.98
25651.56
6087.20
59097.99
25409.56
23729.24
76504.81
8109.39
38970.03
53482.54
32194.11
7009.80
64940.97
86677.70
44852.59
53617.78
64070.38
60331.02
40943.45
62158.48
92030.02
50530.78
64555.71
46314.26
58418.11
86200.77
39971.32
810.32
78437.82
26242.57
51126.84
67473.07
46939.01
48494.27
80157.17
96698.65
89510.73
23943.18
72208.75
40269.06
70312.07
74629.83
18709.83
36453.52
61328.71
38680.95
76285.29
73332.40
2742.86
90908.84
63503.42
41281.41
9103.84
92414.61
2642.32
10553.30
987.04
67632.92
98663.26
94894.89
66828.67
32255.49
72578.62
87136.63
84623.72
20471.14
91401.84
77692.35
58174.75
84959.67
61866.87
91906.67
47578.96
68077.17
80104.73
7187.61
98641.00
67670.22
54464.53
35861.77
899.16
45956.51
43666.56
84689.70
28952.18
54909.35
77474.86
26979.02
46774.53
76583.62
52076.90
48232.49
79707.30
1820.60
17357.76
51268.98
83812.51
95769.18
98256.26
31754.38
67278.09
23661.04
17390.79
60080.33
43561.23
35277.21
11141.98
30528.00
20957.43
31543.47
56380.06
63654.59
58282.92
61692.29
50024.17
72839.92
41357.76
24428.56
8621.19
30930.77
59977.34
71536.77
80131.68
97920.28
90059.55
37367.10
85110.24
95600.08
10655.28
42637.90
29468.01
40122.54
10509.72
45992.12
56004.63
68410.64
63861.91
41745.07
26897.26
19353.11
80170.09
27261.14
54334.12
55722.10
57450.29
88396.96
21480.07
37751.09
93915.80
76448.33
60961.70
84310.41
37604.77
75038.75
83059.52
82617.93
78683.76
80386.68
70794.57
32422.44
14114.43
43389.32
84097.14
35597.11
39371.10
46960.22
40245.03
67080.70
46896.53
17058.39
62758.77
88103.85
35983.56
90846.19
15941.46
87638.04
63769.95
90413.76
67250.56
63004.77
92034.00
75507.23
44689.26
75582.30
9478.59
73698.45
81404.86
42547.61
34190.77
11433.56
64681.73
50591.02
25964.87
94397.94
31516.20
2540.90
63176.19
10635.18
77961.08
32836.13
63893.12
54857.31
74427.18
52783.64
55914.95
97384.06
4129.33
11538.63
25423.02
46148.46
66864.46
83744.99
98932.59
75206.32
15309.22
19773.29
38233.07
18187.26
16024.64
19493.99
53003.93
50124.41
52355.23
15523.30
60793.99
6100.78
11410.26
76879.19
49051.46
10149.31
22314.43
68985.02
18892.19
12844.47
37915.68
30958.39
15293.83
61022.71
77137.46
56122.61
73403.17
48069.32
70163.06
86678.30
35644.28
18209.20
73639.48
58472.74
19314.99
23239.05
48088.28
56804.23
39359.06
55138.46
14711.06
69199.28
16001.71
2997.35
33776.87
46099.78
21935.87
7697.44
71779.18
5397.99
48746.78
12785.00
49549.95
41756.54
97262.30
34972.58
88518.11
26651.20
21516.55
2707.10
97300.19
10073.75
81014.29
36241.92
65810.38
59832.50
80983.64
67650.23
59077.72
99388.01
5304.52
24217.38
27957.72
30161.42
71800.41
23649.66
78926.09
49252.96
64580.89
54536.90
70141.96
98508.13
23122.42
40506.54
25968.17
5868.99
92774.95
11506.61
87136.02
4948.13
66381.81
30655.07
38742.14
43762.86
71700.32
50093.07
83264.82
18566.92
84310.77
94279.67
50787.40
93717.48
70701.13
94165.40
63616.20
93514.70
91215.01
20682.23
97480.48
76951.53
17550.49
90987.51
6501.89
31311.06
44497.13
45899.23
4121.03
45549.16
598.87
21960.27
17168.45
49399.64
87430.10
66568.98
55267.74
29139.70
2172.59
69613.71
62758.15
55952.88
23180.69
10048.76
45324.24
87827.33
63222.25
40849.19
88520.00
30926.62
20082.91
60782.06
10375.10
71370.77
79221.12
46431.59
15270.60
13364.87
48161.44
42915.70
41271.72
84612.97
27313.64
36731.50
18105.12
94954.46
46905.07
59167.10
77968.28
59160.79
24713.83
93717.43
86358.26
19829.71
24290.15
85941.40
85107.68
31314.71
18353.70
79197.96
64815.12
90627.14
87054.00
24698.66
8857.51
26248.48
5781.76
39313.96
76172.19
80790.18
2218.38
9571.09
14995.90
48438.84
87311.36
65280.75
24748.30
53123.81
89862.89
71230.19
8247.57
78345.19
49419.23
10380.30
81445.50
84599.27
47148.45
57003.95
32869.66
75339.29
79393.84
63203.42
49960.04
97408.76
3590.70
7244.05
54487.76
86884.95
11233.86
77141.96
14243.30
96270.09
7583.47
87943.04
23181.78
63967.68
2796.62
56130.96
67212.73
11981.43
44172.19
79601.52
17821.92
82774.43
44196.53
96640.88
20712.76
51225.93
84077.35
22345.32
71654.61
72623.25
97453.49
85919.76
96725.78
52626.44
63967.90
17292.75
79138.42
50142.98
67391.40
56485.40
99833.05
49050.21
97984.75
84171.68
84030.03
59702.92
3786.51
96867.60
70925.65
36163.55
20514.14
75186.83
48720.15
20092.57
34765.92
18600.26
22165.40
47236.53
60211.13
45136.89
4819.46
77451.25
31456.01
79463.67
53195.82
34197.67
45273.01
77781.75
84994.54
64447.85
3880.83
62976.62
48603.05
54938.63
39962.73
68459.65
36053.84
65710.47
28110.61
14138.60
56626.80
66868.89
12382.38
62954.40
13283.56
89506.13
4660.14
31422.02
49121.29
26720.43
33496.58
52612.55
56033.64
45670.46
48137.22
15014.37
62766.16
96602.43
7405.92
25710.58
44553.69
29787.37
8141.13
71310.42
21527.43
56305.98
32870.46
75072.09
38078.88
13618.75
21411.02
73654.41
40368.45
21858.69
96083.07
61934.99
94165.96
41784.17
95224.39
79332.21
10210.81
70329.49
94692.96
36068.68
69279.10
34690.54
22045.48
2813.54
64145.29
70883.21
93079.05
12141.24
625.91
97711.82
25423.76
45244.15
24892.80
22085.34
8873.45
2336.63
69243.35
36618.68
37142.33
80187.99
33515.32
95456.68
30734.86
5221.85
44333.65
79258.23
5616.38
95619.42
59376.82
85278.06
67372.06
50864.17
8850.25
3483.67
35541.61
92165.39
91354.22
64644.97
27817.29
2198.25
66333.78
71334.00
58792.67
37597.62
10298.30
47772.33
32949.72
12643.41
28997.93
69463.68
36571.62
77574.79
42744.67
58549.09
58268.90
39970.76
87065.45
55822.35
92806.34
2634.73
95874.70
5343.00
7918.15
16420.40
59354.05
12584.51
78798.96
71436.62
73726.43
62055.21
19958.04
75068.62
25112.34
5329.20
69124.35
90253.15
74655.53
55425.05
2889.82
32445.07
37105.80
48469.66
88778.49
48712.74
70046.25
58584.65
3428.84
27399.97
15952.66
76933.08
71576.97
11791.70
64272.32
90863.66
5528.01
16221.26
25709.91
24090.24
49803.37
68056.42
35907.93
23843.90
60651.22
24001.85
30709.16
5935.21
75107.75
34155.58
60188.63
93664.11
49296.77
52256.74
33642.64
11515.04
70655.03
15562.31
12722.30
19574.59
73770.85
42790.24
94899.10
99609.45
14523.50
23566.41
54450.05
28741.89
82210.92
97813.15
33149.78
1660.51
54353.18
48516.50
97857.21
87303.52
23859.21
56309.97
7184.29
30952.32
53244.33
89312.22
54434.21
37672.62
35586.09
26656.06
78996.64
98040.74
66905.82
39146.45
63387.56
42092.64
59663.55
75484.83
58121.07
32433.01
52053.63
27497.44
1600.76
32442.07
92788.66
72804.94
27218.08
10517.49
6059.23
18371.05
74845.26
66289.06
66356.92
93367.48
48910.30
89743.34
37848.06
64792.90
90241.39
89196.17
57985.81
74283.17
53868.48
49050.18
70047.96
19550.59
9969.28
3275.03
34288.13
28889.51
10147.38
35547.81
72387.58
2185.85
86229.82
41991.03
24895.49
16868.03
73771.75
17445.87
26344.86
22236.77
77455.59
51217.99
27731.76
70611.40
20572.24
43233.55
21045.42
58729.95
45771.80
76542.88
45536.45
77840.70
59271.34
7109.28
80411.04
95922.69
35707.21
56820.50
53638.21
20472.54
25819.34
20660.38
21558.07
15295.23
34155.11
23978.13
98978.21
69736.29
58980.23
90792.79
44445.90
43792.87
11584.19
9070.29
30383.63
37541.24
57167.67
3910.74
52775.35
58318.18
44499.55
54583.35
60091.06
84093.79
16530.92
16346.45
6137.14
46473.21
19153.60
32990.26
56519.96
81764.68
50290.76
51039.77
3410.31
23551.65
16506.98
71555.24
68296.08
35206.12
89325.45
467.93
97410.70
5781.04
78439.55
83388.45
79524.92
57719.00
64006.65
35825.22
40789.33
39814.92
55211.27
4750.68
96315.15
3870.08
67285.38
22452.61
63180.85
88475.08
34173.18
38608.06
64552.03
58359.20
99027.94
41517.52
79602.02
72743.68
49728.33
4436.70
18920.89
81136.40
91601.83
17943.47
30100.10
70005.48
74542.67
94277.44
63180.55
8769.20
16711.74
54589.76
50651.32
68540.00
92006.08
35040.49
81686.74
12059.71
73485.42
72681.18
75309.27
78263.76
49943.22
57060.12
82165.56
9911.84
57809.70
58487.68
69603.41
97722.39
95574.50
68899.37
69736.91
39448.53
12916.32
16254.06
95187.44
37332.88
91727.05
38404.75
52187.91
82378.86
61217.99
27379.67
5737.78
98875.75
14295.60
80010.87
76496.38
47615.30
17394.23
15848.08
74101.99
11237.20
30953.44
48295.17
96604.23
10140.89
82727.34
19906.78
50697.20
22401.37
61113.39
37782.61
72440.92
6126.38
20688.36
69996.87
53158.56
47692.46
17138.68
89000.35
196.91
84297.48
13772.97
72932.73
87237.69
74266.97
26803.94
782.43
73847.08
13552.00
1587.47
2331.72
98951.09
21855.84
37006.10
48824.45
77924.16
46827.09
184.67
95293.88
57978.59
59756.68
98725.35
10488.28
11542.19
41216.34
2649.86
55331.58
72311.79
80075.91
33236.06
95856.74
43669.95
34337.07
60936.73
61549.24
34152.50
27221.01
79567.74
85038.28
99654.37
76947.45
48953.34
84073.03
97061.17
83642.64
23215.95
71721.68
78994.03
21813.70
6898.00
5730.51
84355.31
11826.89
6103.27
12980.71
4362.51
68827.30
66845.27
49980.34
28757.98
52537.43
17790.19
85328.87
1881.93
66372.15
59581.84
15092.00
43296.18
79307.68
67936.11
47024.02
12646.29
68941.78
2692.52
14575.42
23449.31
9183.05
40010.23
6623.09
35494.97
51006.50
69896.14
23860.71
80547.57
69713.09
26252.50
97786.79
1036.15
77130.65
41631.51
33227.84
6420.47
22193.71
43884.56
60334.25
76920.25
28339.73
36893.35
6986.29
69295.20
41159.30
32570.68
27547.76
4363.35
84737.62
26318.19
48904.81
40945.10
50125.01
33128.69
19727.42
65920.65
64373.74
26520.40
73891.04
55088.09
13578.85
47490.92
43995.85
84509.89
18360.28
75678.04
85921.23
97035.10
85223.96
79915.16
352.84
53684.82
82239.33
90368.81
62219.91
24588.52
12470.71
59445.55
93980.10
99158.58
83600.12
3656.05
43689.62
20190.64
97178.97
43623.56
53795.90
71577.21
5946.19
84424.59
31590.53
74322.07
12650.24
3448.91
57259.75
70543.01
8812.56
37966.76
90470.18
150.20
76869.87
89590.50
61427.13
99888.03
4132.94
87818.29
57343.15
79427.60
81999.22
79847.37
40254.16
54197.52
88856.91
38844.26
57120.76
39640.52
80117.88
7859.61
28152.25
36583.30
33817.10
21575.01
24290.72
62407.24
25215.84
73069.33
69792.85
7707.27
28846.39
17792.13
30846.87
23126.62
71435.65
31931.57
76162.11
66054.80
84145.09
67364.36
20468.81
61876.42
27564.67
70375.24
86865.53
59458.19
87898.12
56333.51
48951.66
85561.81
67777.20
57514.07
38682.71
27870.09
20142.24
86250.48
30885.66
1313.82
98626.71
80607.56
40372.01
77386.97
22883.15
24761.07
92585.95
81137.69
82287.99
61271.86
53725.24
85522.52
26462.78
37442.05
31272.18
57811.42
16049.36
52940.79
80872.31
37731.11
32176.41
887.00
80498.23
52034.13
68054.87
19576.70
57836.01
95181.22
51139.86
97042.29
81831.90
30824.50
69296.44
95631.46
54336.58
93778.88
99406.73
88793.02
62784.61
97169.26
61856.09
27257.38
79846.51
74441.10
49335.53
76798.94
20991.04
10921.59
3398.14
94768.13
95895.13
44619.32
37206.89
37580.40
14638.88
40949.54
27911.34
16349.73
34623.37
71072.84
27090.74
42854.27
59148.47
48534.51
62701.09
33021.41
23588.42
3892.27
30963.53
60119.91
30102.50
2019.67
1631.66
74846.61
16818.40
31772.93
85075.35
34495.08
72425.70
22708.38
34618.32
8393.90
32117.07
68538.34
82567.21
51801.89
15814.55
62012.65
33369.55
65447.91
94618.53
70913.61
62338.13
82902.72
96416.92
9851.57
93379.25
52970.27
86591.87
87548.92
54162.41
9286.18
84761.79
34299.76
32168.89
44310.56
3495.89
39292.92
80056.75
29903.04
19938.95
52485.76
43779.73
51667.21
16283.75
30716.19
11897.50
49252.16
50028.64
32740.54
9514.97
79798.50
39957.72
92884.68
85287.80
46716.44
78781.28
27995.89
64931.99
60983.43
8373.80
57383.11
69674.77
27148.75
18547.16
40432.86
23084.48
71232.71
55296.46
61588.48
94716.75
52707.86
49456.07
17380.19
54014.68
27749.68
1703.28
85193.42
32900.41
55944.39
84847.07
78462.81
20495.53
67641.22
49339.67
17979.69
38408.00
34136.75
42948.12
74000.18
70022.87
7878.74
80523.57
58841.62
42234.50
24877.06
24805.76
74654.81
83057.63
86509.08
64200.09
46059.49
3554.85
62907.11
98464.87
92330.65
77518.01
85115.43
68246.25
18823.03
17341.06
18204.27
89398.27
32321.54
69521.69
32528.34
78025.61
10004.82
78229.50
15317.46
77186.45
76709.66
90377.98
89786.59
21193.02
70183.73
637.99
33953.05
98447.28
99013.96
59830.04
16348.14
98749.27
22918.38
95133.06
90810.85
56015.63
10088.58
15547.05
17551.09
22345.77
51270.57
1047.10
2669.98
34373.14
35271.32
98866.40
73324.60
57839.27
15578.69
75345.56
30724.87
21327.84
22782.05
96785.89
48149.84
75096.52
2481.20
37744.12
6171.15
35943.87
83371.15
40205.91
82270.90
4048.97
5190.04
72075.90
37041.63
62721.16
61217.97
58421.60
64155.77
96997.45
35014.05
83908.66
96292.20
92025.11
36079.25
89865.10
84207.24
97166.88
64132.48
14411.94
91137.79
66766.32
56687.55
49097.68
69723.86
13510.91
99618.33
10474.27
13638.29
35330.20
5399.71
50051.93
1110.86
1766.67
88711.86
51070.39
72534.52
10756.73
94095.27
85524.01
9341.10
51759.40
55344.01
29878.38
6334.12
36170.10
91324.91
62915.75
54666.02
80957.17
67909.82
94146.90
77647.53
56458.44
80708.89
96226.91
86576.53
34275.56
38291.88
39812.34
48773.91
96203.45
50585.49
54297.31
85014.01
90132.35
52133.77
62866.02
38537.07
43860.15
14909.44
65299.08
82831.20
72752.21
30363.48
66971.39
60371.42
42186.52
65400.39
77478.79
69503.17
70721.37
21966.88
27331.20
41657.90
84923.23
54941.27
76149.66
76088.21
61792.32
28011.14
10804.70
24309.94
19723.27
12226.82
56933.75
41438.84
43938.50
56918.14
52274.82
46609.34
57331.70
87661.96
55254.16
59662.69
72659.00
10987.97
87265.34
6292.28
87015.29
30510.28
32077.17
8833.44
4533.21
4172.30
40808.12
4885.21
98242.24
97292.42
15904.51
60951.78
47025.54
11097.87
72560.26
73290.81
8611.84
91434.54
1015.44
73156.36
14540.10
47339.90
78171.29
78623.89
98034.19
34166.79
1959.05
60184.68
90725.37
80945.52
46900.35
12297.39
49159.84
66671.67
64296.35
48084.07
97028.93
75207.24
75483.40
59358.27
94059.52
83482.54
31592.53
9172.61
67502.08
62686.37
38250.39
49073.45
67153.83
97132.01
68659.09
78250.06
29854.62
50486.44
13492.44
86765.78
64392.90
34050.39
41046.09
50058.81
92759.43
56776.66
66079.07
66899.93
8686.06
61714.16
50784.27
57994.83
39407.24
78565.35
86325.31
67418.38
21581.61
47044.36
28377.29
34068.57
27311.30
90723.40
85108.98
25327.31
1196.41
46055.04
81043.89
50115.93
94362.04
76257.66
45237.80
93532.57
6395.62
24751.73
97210.10
40259.19
71131.77
87834.40
29066.63
78925.59
47222.40
11279.83
7251.38
4617.94
99429.39
40552.79
42364.61
61719.36
81577.55
79323.08
484.87
94270.02
57105.05
35968.25
54432.42
96034.31
18149.23
62751.99
98411.55
77462.47
89104.85
17365.96
74469.36
91734.31
25592.65
1522.27
84208.40
87072.44
44775.52
56284.29
84190.66
77512.54
47959.75
18823.27
88470.63
49318.16
21419.11
70288.19
26694.57
45227.50
26378.88
29476.43
31203.85
93719.85
14097.69
71992.68
51579.59
75488.89
26984.47
79583.70
20066.25
44310.68
71688.03
49336.26
16311.65
44493.56
75096.79
17425.98
4860.82
92097.69
59186.26
77104.34
43841.32
12111.48
95651.55
95611.57
88277.47
48772.73
26262.62
59702.73
36470.94
91221.63
59879.64
4474.61
92885.29
81673.42
82066.07
5180.99
45971.88
98297.98
38236.80
36723.49
84374.71
29994.05
76279.05
30505.94
99951.67
85245.39
59583.32
83339.32
51049.68
2246.55
86422.11
98085.09
84471.22
52485.58
76613.71
60724.33
39569.84
54971.40
11408.65
83540.04
82911.99
43293.05
37536.39
69100.35
46942.78
52698.60
71349.55
74729.93
71093.18
19381.02
64003.39
82157.23
68766.12
9158.58
13607.90
2024.92
68638.94
17737.35
35290.04
67951.25
3719.80
9743.15
25103.68
99829.56
46595.51
88710.54
78724.64
41053.62
14308.21
15216.42
50868.44
99356.28
91298.47
15345.57
66368.15
45948.85
43852.38
46675.77
18849.98
52648.81
24489.88
13969.93
17943.90
71683.23
89732.18
51762.77
70967.06
87855.59
79685.46
16029.50
10017.24
97763.25
32878.52
52124.10
414.06
95753.28
34791.83
31174.52
91425.27
71304.05
23515.51
72122.52
95215.71
47520.11
973.66
91595.49
4956.49
15427.84
23152.67
48797.79
88031.72
43759.38
67770.85
77609.16
15280.50
68912.35
2827.09
23077.61
12211.50
94772.86
4465.75
24494.40
43127.72
57089.28
97595.65
12238.53
64098.87
32084.27
17700.31
10578.22
5719.01
93992.70
17277.20
63616.97
71586.70
51212.67
65343.31
26571.63
63445.43
15757.52
13444.72
89570.04
68921.62
85695.93
26607.50
26155.63
72797.86
45267.92
2667.54
83686.59
77758.72
12364.13
28416.82
57817.11
45546.76
88055.79
46003.52
18248.07
94466.21
87863.07
28023.59
77934.82
14171.78
59449.15
84741.22
22939.49
83680.14
16427.63
51875.68
45115.29
3541.52
42970.61
32392.11
44810.39
78109.05
48905.23
90733.70
95778.78
8843.15
79985.79
22932.74
89485.72
84588.68
13029.31
51038.18
995.18
79762.16
90601.77
15296.95
43626.82
96386.68
74942.70
62526.81
4570.01
10912.00
25815.51
54118.03
78642.35
11757.25
31971.12
42101.54
42380.29
38513.80
50912.33
86720.92
35649.21
58745.84
36646.57
13945.84
42960.54
43326.03
60114.29
36364.39
91683.49
26243.88
51980.78
85891.85
9338.68
59824.22
22478.66
31733.27
7161.42
1293.40
37988.69
82037.59
82121.96
91630.59
59046.36
92680.57
54590.28
12641.77
69461.80
31614.14
83832.93
33193.83
51240.39
72219.71
28529.36
80546.37
84991.71
14102.80
44495.35
97718.68
80514.26
54766.69
36800.89
72829.28
67243.47
60602.33
8470.16
51345.72
99250.44
10632.30
72950.98
67181.96
54479.06
11446.09
22541.36
53580.97
32908.79
6764.29
69960.53
19719.93
83330.84
30069.25
5252.01
3975.63
13425.01
73739.56
35206.23
39787.49
62824.94
73125.99
97490.14
95055.76
43859.05
29006.33
66671.43
71012.38
79654.76
16856.64
94324.68
71501.96
94293.57
56376.37
50407.12
78610.47
34704.34
39704.93
58091.40
95579.04
28982.39
41767.15
39242.85
42940.45
10821.87
61185.14
12728.86
18815.75
64748.90
65194.05
12747.68
59308.55
71843.04
36999.27
19364.35
59934.44
60634.48
49012.52
18441.09
44023.14
92864.56
10404.29
33149.80
89030.73
38797.02
62410.30
94253.97
46699.53
21767.57
19829.26
41347.75
18003.24
36659.25
82149.59
72239.48
68814.58
71991.04
62742.55
82667.27
97233.24
90307.27
9559.24
63534.08
88511.40
46555.27
15769.04
47849.90
18514.38
49138.91
43776.94
24568.38
91654.06
93335.28
11057.29
61505.58
24232.32
21762.25
11241.41
4528.14
9132.26
91584.26
68896.70
45198.60
22794.47
53143.96
51434.56
74065.18
60416.03
69707.03
86584.76
61783.56
10309.64
33007.84
58873.72
35258.31
3360.41
54283.43
83544.19
40991.23
98517.76
35483.18
81353.82
12824.29
90260.11
50341.82
2690.15
86264.57
48969.54
90003.22
74439.53
26578.76
30154.26
52882.45
68047.40
62844.65
13456.16
83453.61
12207.51
45147.17
57381.05
89650.96
98617.52
67106.53
80689.00
93570.83
54238.56
20925.73
6382.42
95161.78
78496.10
77145.27
29229.25
53590.61
68859.83
6292.31
92758.77
15971.57
83239.88
84611.85
86667.66
48146.40
12636.98
51067.45
573.63
47202.66
62483.99
7799.06
95054.23
40417.79
66116.38
81225.22
75908.35
316.51
78809.11
85977.49
82577.84
30528.95
25817.33
58854.22
26666.80
2137.11
2858.66
54981.47
41496.00
45197.06
52474.18
23368.45
28630.03
25124.44
64706.00
4044.95
12314.49
58630.76
75528.58
13968.33
37760.98
48897.92
61471.61
13887.52
74217.09
44678.59
53871.64
73351.57
8759.18
53009.81
21190.27
76050.26
41745.23
60227.41
92836.11
32674.14
19865.39
40968.68
22928.25
93481.74
67727.69
59850.85
17438.58
77761.20
3916.35
95512.84
73150.52
62373.95
52460.32
41707.76
1871.67
96568.02
85649.41
65133.76
38337.89
35248.21
59135.66
24690.60
55246.22
7890.96
25257.25
81849.53
33854.27
65291.13
35522.69
56823.93
63583.46
71328.38
68192.57
10228.29
69063.76
31940.53
41896.49
54912.84
88057.21
78491.55
1222.74
27661.66
48697.94
47721.41
85217.93
75441.36
19486.07
25465.64
14734.54
35888.20
30472.98
46331.83
59563.36
16720.90
89075.58
66520.65
71288.81
3766.81
38956.87
51978.93
92804.28
52288.73
35410.48
49072.29
80425.17
41300.20
35686.59
29964.77
99537.07
95556.37
27696.79
29893.00
79716.65
4908.31
45535.29
18522.37
40262.63
95708.03
45254.09
72572.82
22074.45
33951.77
39329.51
41901.55
86816.10
64849.10
13257.67
26230.36
69302.58
18505.30
72716.34
4704.95
94046.54
36404.52
94730.72
85473.75
91902.55
98381.19
81280.60
67473.89
77746.59
54767.26
38786.50
31611.54
75128.08
93402.69
31912.07
3524.40
98832.21
96196.74
85120.57
55113.66
31289.77
64927.50
30422.62
37033.06
53772.31
20967.27
24752.93
59322.36
18309.79
8621.17
85413.43
62373.00
71268.50
56766.51
17020.26
45413.14
64526.58
78480.54
28392.20
44699.83
15184.72
13343.86
62818.05
78605.68
99749.51
42107.21
90140.29
1787.56
93726.95
28408.94
34092.82
35624.81
92563.60
67230.92
33329.93
67114.54
74872.90
44780.02
59584.32
33411.39
93884.18
39483.06
41391.42
34199.40
8051.72
18782.42
66817.68
39083.32
86761.60
11420.03
63630.27
82187.02
52073.63
59897.02
80345.63
61146.41
42435.91
82796.75
16594.47
82684.40
9309.65
1658.61
76240.68
21955.37
82641.53
12090.05
41691.60
87846.67
66121.30
3804.42
92837.28
11424.70
48161.97
59272.12
19056.05
99712.96
39540.23
85672.47
97724.05
21989.66
73634.48
59833.94
37666.20
20792.39
30197.98
90850.06
10985.95
64817.23
68604.77
30058.74
21711.62
85899.99
81505.61
83072.21
84696.46
67266.96
4831.69
3545.42
13210.25
75242.63
45083.41
73370.07
38659.76
51602.02
9841.89
98982.00
10875.59
8754.97
52440.58
78469.36
52402.95
94950.04
66734.56
19169.03
65233.86
21685.38
92904.95
10438.84
13418.21
70514.12
20236.06
81293.06
29991.25
21431.88
97802.62
97588.71
21654.99
70033.72
89004.66
78450.06
69651.03
25628.12
30887.65
36619.06
50262.22
7495.61
84185.18
72418.87
23380.80
81479.26
85021.82
76018.32
62580.45
4094.83
34213.70
17684.60
25129.66
66347.91
85104.21
30711.69
85384.10
54445.59
15872.28
16712.13
79995.37
69590.14
97250.96
27959.56
38373.60
74042.25
91593.56
6469.50
96841.56
55641.32
44224.96
84505.97
19917.59
27970.21
53015.56
76201.36
77164.95
8352.12
27115.48
14977.06
49045.12
40866.89
70786.27
16452.41
60212.47
56574.44
53267.91
71529.45
63687.82
88132.64
50618.39
99340.84
24348.49
80997.31
70463.44
14748.73
75172.11
68391.69
95594.00
90081.76
44672.00
2232.90
7348.73
15797.91
78961.34
57203.07
74719.27
89760.64
6883.80
50152.37
20115.60
89815.79
21648.04
42021.60
97729.10
9356.75
77403.68
14471.87
45430.73
60565.45
24196.08
38408.75
96141.87
75016.60
29737.62
76588.47
59615.35
56332.70
61432.84
87493.64
10564.08
64577.37
27094.96
22666.05
44074.89
37074.45
97791.40
34683.94
84245.03
75340.35
61255.60
37971.32
56978.74
52817.23
79302.79
89626.83
62881.57
23094.39
47687.18
82459.66
11189.84
33305.55
81838.07
67419.93
672.72
72389.31
76912.28
47611.16
58444.47
8900.41
15600.61
11072.24
72624.40
98059.36
22125.60
94516.46
79781.87
62727.69
85868.24
95215.06
93104.08
77996.65
3061.12
73212.77
82223.92
14076.59
9985.43
11062.95
40645.52
17174.61
6109.36
23269.74
1704.91
33048.08
90605.49
32624.68
89003.41
2921.37
60684.48
55625.45
12251.11
86453.35
45182.76
64164.10
44458.06
91443.25
71841.54
15672.31
41410.56
14962.22
91714.79
68911.17
89370.15
25598.19
9143.63
27593.03
91932.71
41501.59
90734.54
79022.84
31985.31
83919.18
51779.10
19946.53
69698.09
10903.88
43552.54
86793.98
62488.91
60887.68
89928.73
32503.89
17898.05
60805.47
46749.10
17118.35
15310.69
78457.08
82382.92
4334.28
57464.41
23795.12
2916.51
81199.53
37679.46
28826.13
70408.87
43140.92
33749.13
60812.44
87651.20
11511.85
64427.79
48462.39
47867.79
75846.98
69454.07
25796.28
72795.92
78011.33
99046.71
23375.65
87582.04
80431.55
23810.60
61583.23
5931.97
85596.60
990.37
25641.36
23952.39
99015.56
58009.31
27055.99
46121.35
52819.88
79230.75
81174.11
91825.13
32197.73
6879.74
55541.86
55898.97
71847.87
92062.33
68751.01
21609.31
14640.51
56820.01
44461.14
49514.82
49672.73
53156.80
50285.17
90643.93
71905.97
29976.53
76225.61
97426.17
30572.98
43867.73
32349.13
30815.07
58541.83
74673.70
70386.92
87039.75
99824.46
31785.25
58948.28
92423.15
77417.29
62093.57
67035.06
39703.94
68661.27
95540.77
35544.31
64300.06
80309.06
89205.57
41446.79
83950.96
40486.68
55861.65
84328.66
50176.40
49737.23
87946.15
49984.06
84989.05
58334.11
12875.85
30745.92
1298.60
62051.27
40648.48
7242.49
30444.67
33578.03
89666.69
21267.31
5296.19
31765.89
1722.17
94449.76
72354.68
55894.91
82077.48
72414.09
31298.92
37147.06
25582.93
99114.06
25408.52
84474.17
14766.23
51031.01
31303.96
27047.88
832.24
85922.56
21440.42
20479.11
3510.35
85809.75
97793.13
8994.56
90687.08
98889.81
20171.55
60757.82
23761.30
10062.33
77600.03
18522.35
79659.59
94756.17
76202.26
32804.17
85449.30
35744.60
42027.27
69761.45
26486.75
7636.31
62254.21
10968.70
14038.04
58729.62
13213.63
87272.98
23310.10
44917.57
48662.61
13919.59
37829.33
95331.14
46751.28
19134.90
61105.41
14408.44
39118.35
83353.58
81517.80
50077.01
70552.92
31277.97
1362.35
82737.01
62660.26
43956.91
65995.60
14732.64
79969.00
83071.66
54014.20
64999.36
21917.23
44616.26
14407.05
98574.41
89154.93
84160.08
61617.53
45658.04
97600.43
80879.69
64453.40
89913.14
38688.19
32547.96
89781.90
30690.50
9245.51
98667.57
86947.44
48867.50
59435.62
33936.57
23849.51
30987.49
32204.75
79233.52
10618.22
31387.47
92670.51
2309.62
71824.95
77001.56
70889.27
5375.36
53165.75
44527.76
66439.85
41769.25
73554.82
64645.46
88261.22
8896.02
58565.67
32971.25
28181.51
9621.93
16157.45
32440.56
91575.98
99314.52
40623.94
96802.45
33591.40
60714.45
55702.62
69915.33
74374.30
73826.86
32781.53
40530.88
91740.67
73019.77
45141.17
57253.75
14724.53
8516.98
44169.11
53364.59
66442.92
54473.04
68484.75
36193.77
29714.81
30817.71
21911.73
20733.52
33871.36
31057.49
81235.50
12175.71
86195.21
73221.68
19683.52
67063.00
96426.01
16140.41
57065.70
87740.74
67769.99
8242.29
72512.37
29797.14
52850.87
61059.03
40747.52
27179.27
98039.72
64624.62
77834.61
64672.29
24601.15
86956.51
7332.62
52429.45
20093.50
24806.37
82799.70
82240.47
38460.39
97867.83
27581.95
70225.56
32251.15
3628.80
77824.93
15642.82
65407.72
75055.78
39645.31
30496.43
80055.39
8297.70
96400.11
19633.03
15735.01
52596.86
26991.17
16013.96
4514.03
79594.28
21142.23
850.77
90414.04
74217.22
2586.23
63291.47
46592.13
14336.12
96100.18
79345.12
88713.73
31378.63
99325.22
14732.17
7954.25
69088.13
45309.40
81348.06
72067.30
82614.36
66710.50
2027.63
67956.59
45123.46
97596.60
63297.83
84189.46
54115.17
73781.79
60806.16
56889.16
54634.46
17634.46
67112.42
27443.61
21565.23
18295.87
76531.28
85468.03
68193.59
43246.27
6713.01
95459.01
73228.06
42156.23
61650.16
30577.47
43464.40
28960.64
85797.36
61997.99
54282.45
53092.79
63992.04
77262.14
35162.43
95816.20
46863.31
26073.11
92408.40
52591.55
6416.70
16969.31
86266.14
87416.28
51482.16
13314.37
4623.11
70074.33
57712.85
2041.01
477.90
32233.58
91822.16
33586.38
85366.82
3328.41
34746.59
56456.23
95934.88
12164.90
33421.89
94855.57
75838.86
65186.24
35859.89
42823.13
40169.98
37335.76
89213.75
73307.35
14583.49
36455.12
5518.93
85621.18
66322.84
27155.16
24797.39
39713.33
69325.89
25096.90
30212.64
50693.40
70600.67
97620.22
94963.09
42048.47
50058.10
31657.66
65601.08
80988.51
90989.29
54870.90
11465.29
44358.29
3374.91
20947.38
94913.88
88553.13
67214.00
94994.63
42045.94
21876.07
88059.87
99969.66
18598.69
2773.97
81950.53
10081.09
40708.00
12390.00
31921.15
2101.38
75219.63
74870.03
83286.02
526.80
9238.84
23860.41
69877.56
77522.41
93605.70
38634.74
88429.89
93589.87
89983.71
98286.92
63294.40
89895.27
76249.23
27428.21
68674.84
68194.68
89869.13
31825.65
569.47
19294.85
13954.32
47419.38
15607.73
85986.54
35676.39
51156.41
78968.95
71388.06
31735.27
7078.21
88570.57
28636.40
60564.93
46099.85
67713.40
92863.57
65965.04
2917.88
43371.43
41395.55
21845.81
58484.72
52313.64
93111.44
72773.65
61486.96
42245.38
82900.25
50005.13
27264.98
60156.72
72152.84
67696.65
37611.61
45065.42
81226.50
28977.48
89887.04
67341.84
54819.73
96573.53
68887.78
81803.44
96194.66
7669.39
39906.92
86766.30
31184.56
37696.20
86423.37
6241.15
87924.16
42732.74
40857.45
37461.44
3239.94
35207.37
81830.43
30930.99
91638.21
72588.19
96365.45
95178.56
37828.31
63749.03
30467.36
43407.10
98718.45
22698.67
76518.93
24224.88
25821.69
24360.88
70931.06
3646.26
44009.66
42092.75
484.26
90549.45
47551.31
71628.76
40799.17
22778.79
99374.44
71138.15
75373.37
56079.11
44487.30
72083.09
68622.22
23049.54
73497.90
40565.10
91360.95
54304.43
97168.43
93847.30
22165.82
79028.77
17942.36
1739.85
73051.58
47115.63
9381.73
27536.28
12902.87
40073.14
39452.01
88188.04
87097.00
62888.52
98592.22
38404.82
56755.72
34036.61
18507.61
8368.20
6063.25
15820.45
92622.58
49746.03
91088.38
52231.40
34131.19
69695.14
28547.85
6516.25
32582.86
57539.79
47948.69
15638.92
94940.73
33813.42
55547.00
3824.14
82050.14
76351.19
83560.53
22370.70
76454.82
3120.77
23072.79
7921.70
42498.22
16478.96
64065.97
76379.35
64647.41
38541.53
91020.34
94651.78
74977.32
92353.91
7517.50
97419.45
5752.43
8550.08
88285.05
41108.47
28043.78
62187.35
82120.19
12258.55
62318.52
69444.30
14129.70
32472.99
71939.71
98869.59
60723.87
27138.08
75513.70
76868.99
95801.75
50099.68
39022.72
92118.28
31565.38
81484.25
33680.07
28589.30
2400.41
40851.91
70445.55
81876.93
65260.65
82869.05
47138.48
38514.20
14993.93
67688.00
69085.84
22963.32
38046.99
23221.16
29243.22
41969.88
52986.70
41497.22
58725.74
80967.92
11275.22
76286.88
83686.75
32223.21
56736.52
34185.63
49481.64
59402.36
67151.88
76341.06
98054.31
28255.17
26421.72
73012.13
9483.83
58097.82
731.40
78148.08
43628.68
73784.28
17158.38
16174.30
42806.23
62853.53
68158.31
98172.74
81444.82
67540.07
90367.51
9644.39
73646.02
66335.17
91159.40
37041.23
74594.57
24786.47
21392.25
25255.25
36753.40
20223.29
17785.94
83252.03
6781.37
70095.28
63365.03
80036.27
74111.19
18611.79
39405.83
98136.91
7124.90
61369.60
67324.79
36799.28
37864.60
12656.34
63945.84
82071.79
81215.78
45117.26
58584.14
85974.57
99500.85
56472.79
45383.73
21937.75
48420.28
42974.28
69346.56
8696.71
65278.92
84285.67
69490.49
19831.90
85434.98
69478.28
27573.60
21140.62
97909.18
18826.55
95822.52
3028.40
76091.49
81091.92
2102.04
107.39
44483.12
10982.56
55963.78
15189.30
67411.09
56476.37
4011.10
89860.30
70653.01
10694.75
8018.04
88825.56
31909.47
8014.69
44239.60
90210.71
1061.61
69106.58
47351.00
99007.93
36151.37
24585.34
47453.20
25854.00
66021.84
71962.33
73582.53
98327.93
15555.31
45585.54
22161.53
96955.56
54446.46
4255.55
13828.83
33108.77
55448.24
66204.78
87085.40
10986.66
73027.80
46127.51
2194.64
40866.28
78370.25
73948.21
53774.00
95810.41
11667.40
15.61
15515.40
29019.85
37629.27
16410.09
65472.08
94017.72
15155.71
49051.82
65349.44
34853.37
17105.71
297.22
92237.13
38513.22
61101.80
46711.15
46220.20
66726.20
37307.19
21702.41
82306.55
9351.19
44113.02
37710.05
40108.38
26534.03
67673.23
27627.88
69714.90
71821.51
66224.70
10154.86
77194.15
13419.91
45129.90
8758.70
38161.01
95785.59
33579.84
78940.26
52849.32
8735.10
98894.54
23486.25
41125.23
56262.31
59358.79
397.70
879.57
42250.08
81530.44
53181.66
78236.58
15263.96
72958.95
18193.81
23016.56
39615.44
6251.51
88719.21
27889.93
84882.19
35424.43
40478.91
74660.19
51072.85
90477.01
48249.81
36113.25
71623.90
61125.77
48285.35
6870.76
61415.97
5636.17
26224.40
61684.73
1997.25
45689.61
35176.02
64611.15
81201.41
33222.96
73667.43
77499.97
29347.53
178.38
78142.78
41239.01
19209.63
27100.71
9700.25
28189.24
21943.13
91520.00
39754.85
89248.98
36155.94
82056.81
64314.58
43984.57
32311.48
89187.54
1557.31
87264.82
79651.37
8607.45
52395.95
10837.00
47824.99
18128.92
28719.48
63281.64
413.68
14052.23
78997.12
96783.76
22536.95
17946.62
65933.41
74158.07
49728.21
89778.91
75861.51
34565.45
90267.52
8327.34
64562.28
41358.47
58158.90
4818.05
69196.66
60493.21
58939.64
60721.69
41038.85
42945.07
95509.17
5647.74
78697.68
9565.94
86164.95
76273.89
66513.90
61820.23
12032.89
22248.24
47820.63
66837.45
36079.78
70001.46
87754.66
90218.55
60895.31
80406.74
5306.02
75033.71
17431.04
61224.87
79293.27
90449.09
1883.98
20271.95
57952.21
98419.95
2912.17
70247.28
26825.19
11887.60
86369.73
21158.88
14638.86
42917.92
29749.07
21284.20
41857.62
64218.63
23517.54
32603.46
41600.37
32473.06
81536.09
51643.18
7608.01
46927.77
27747.55
11667.28
48949.31
41671.65
51321.87
27153.49
56152.44
35043.82
47445.94
66492.24
8449.87
84608.04
85945.38
63845.83
76824.04
21130.98
74925.92
6105.23
2541.27
60001.85
11621.79
55882.00
55861.49
13531.04
37638.62
96472.88
4611.24
52565.08
40778.42
9734.58
47307.42
90855.56
70634.04
22806.16
90519.41
90619.40
60140.70
84616.64
75156.85
12728.08
70272.02
58115.15
81370.79
59963.26
68.10
39161.40
66755.62
86776.27
29183.13
38013.66
17539.19
73989.09
85140.03
84351.97
17448.85
91874.15
52479.63
41773.97
63940.64
50.55
65991.84
42700.95
86479.35
57634.25
55216.42
79631.48
46556.84
42079.61
32400.72
13680.22
24136.10
149.84
41101.96
86339.42
20208.64
79453.85
7621.62
45400.53
30152.64
13987.06
62459.21
20973.52
67579.39
62113.55
23973.24
12541.27
43355.52
20427.16
61436.57
72986.72
29488.47
61928.96
79673.91
530.09
62562.77
71958.66
92468.80
74513.84
66414.64
80317.42
76927.59
95972.65
98732.29
13019.54
25988.02
18926.26
51269.56
12110.58
41259.75
83332.26
58360.32
96989.42
33384.54
85636.65
93421.16
65671.61
22103.33
47859.57
58129.87
59431.78
53217.92
71153.60
93967.14
39262.33
74634.69
84772.29
70809.14
47586.11
38677.81
26386.34
32258.33
53660.45
22859.52
14684.86
2400.00
6110.12
86294.93
199.43
83672.20
41026.72
3948.81
5288.13
536.37
19071.92
45902.00
89217.42
68636.27
90022.15
93824.76
99279.04
94132.71
8192.20
11844.70
93879.60
32901.54
47175.18
13996.73
48540.35
64282.43
87336.43
95442.56
80744.59
59065.93
74498.85
19647.18
54570.27
46406.32
73257.05
78699.94
51045.13
9347.72
63358.02
68967.60
15162.19
63651.01
52585.64
49266.95
15492.69
99609.00
4586.56
73744.44
77334.35
91537.40
5075.12
16650.38
75332.19
4629.09
14854.50
31195.09
96509.54
53859.10
83091.94
9674.67
9646.71
94627.98
19285.24
37053.75
1944.78
49830.84
47358.26
55192.80
68912.11
3039.77
90322.75
79907.42
68410.97
12486.95
58944.15
38047.26
74801.80
25536.12
42848.73
16781.82
94122.67
98329.78
27509.74
42280.98
26241.37
50299.68
85549.82
29977.33
84917.68
8228.12
15797.47
73598.27
11713.28
19547.49
28534.78
65154.92
44686.81
39565.65
374.22
63075.75
27811.60
22304.50
47201.67
50672.10
72053.53
69639.41
88623.52
52123.30
4046.62
18426.92
2355.05
98168.83
63303.66
70308.18
91987.76
58694.98
33899.60
93875.71
16573.15
84403.52
21565.05
53890.94
55460.33
24749.98
12127.43
47240.01
6825.09
14338.88
72237.29
50315.35
43327.86
44963.55
78317.32
7510.56
73338.04
65477.93
84671.40
15516.10
81162.34
76687.95
66691.49
83103.16
44714.39
13449.91
99.48
71083.44
54063.38
31163.38
62161.87
42132.09
79299.00
38846.20
65814.44
75161.55
61150.37
45978.91
62634.74
23933.55
22796.32
15306.30
75599.64
24597.01
26304.63
38783.43
47565.50
81839.11
22137.62
78853.73
16408.64
88337.24
65161.67
42246.58
52763.28
57199.14
95598.16
78481.97
21294.82
72078.90
8353.30
20269.68
51445.65
84656.22
59164.38
7990.44
28591.15
14166.40
80999.89
65446.70
41543.34
28668.65
9151.09
19070.37
47339.76
12740.24
38452.49
77775.15
39254.89
51283.80
61068.67
15640.80
28971.77
84135.54
58285.08
24617.05
78851.34
11161.61
44740.22
29434.47
45236.84
52530.41
88536.72
81909.87
18730.94
93848.01
55668.80
76833.79
72382.96
70844.45
52203.72
56627.45
53723.82
73298.33
62654.55
96956.78
81586.09
72887.11
7981.89
90490.94
33646.70
4650.78
71661.96
70992.95
35629.84
56756.21
67258.66
44929.74
88107.52
48249.87
45936.98
22789.33
91835.20
99486.30
67355.33
67292.46
57560.21
24919.85
82374.27
686.32
11240.18
2947.17
1019.19
38307.80
30609.30
2488.11
44134.33
40603.70
74029.53
70992.23
2165.77
795.56
87564.66
13558.70
49510.75
10376.50
1214.41
17856.97
87870.98
69627.53
50246.18
4535.69
17047.32
35340.98
82562.08
7807.42
56613.34
22938.43
38038.43
15896.64
66905.31
5170.59
10775.60
26038.53
42766.12
74586.86
30195.37
93716.03
78480.57
61961.82
21923.51
80822.68
27339.58
27866.25
34395.02
32438.72
4270.79
69570.24
42119.50
36908.05
4973.11
10465.77
61544.18
48903.35
39992.62
64196.37
40452.14
80167.10
7177.44
90681.28
6833.10
87615.79
50948.92
86221.64
88164.51
13494.99
81826.84
74876.26
37040.14
57272.62
54645.91
93294.33
24083.94
83958.05
28901.27
86192.76
84086.49
98534.49
59660.35
54665.49
26301.67
41192.14
92478.62
24512.35
44840.88
83049.62
60756.78
26774.92
90102.54
27051.18
8976.84
7667.00
87174.19
43727.21
90254.63
10087.04
12144.69
96505.52
11646.17
93900.11
62264.21
36260.89
25645.48
87176.90
80889.24
69790.42
91311.30
85577.33
23150.32
31902.15
53460.20
42066.06
73279.95
15804.47
13363.59
14147.63
49538.12
41483.78
89386.17
60808.57
57672.97
66758.00
91003.23
6354.11
78854.18
70693.29
54634.43
13326.86
3016.46
64071.58
14731.43
31695.03
43550.70
6596.38
8556.91
16497.73
94280.33
35524.40
38092.61
31134.72
14660.22
35410.37
37513.59
78488.26
54135.89
3652.74
19666.60
27064.48
51600.26
91527.61
99989.68
24341.74
70885.57
25398.40
21310.81
14513.58
58228.05
37788.93
27962.85
2813.64
32642.59
63007.13
62652.45
33610.15
45145.21
77007.12
84520.36
74457.49
67760.62
86177.07
31830.64
23292.15
98252.43
94740.29
77726.29
80960.89
91513.53
5457.19
52488.71
56268.28
53554.16
33315.38
30738.71
95731.38
59025.04
36895.73
7016.29
55228.92
78213.28
97101.55
8176.89
55732.44
24448.38
97938.64
16041.55
90307.10
57855.84
89033.63
98738.44
74569.37
6396.04
34578.01
74173.36
57789.39
90125.68
78385.57
54066.55
36825.26
59619.42
79750.51
41993.51
40076.89
84489.17
99793.88
83867.14
73646.92
52938.52
42985.82
94298.86
46896.12
68289.86
83531.03
7276.07
19580.83
53421.62
31305.08
24593.55
37759.98
99053.20
17028.94
60476.31
50659.05
16815.00
1369.33
5831.20
25678.68
83041.20
37652.36
60565.14
3735.18
84222.60
42877.93
7407.06
62120.70
57.15
56722.38
25671.35
77070.30
85035.69
93217.01
68400.22
3223.68
34500.26
14789.79
51322.39
12168.87
46112.61
83357.91
27065.79
57255.42
12670.39
68158.57
43061.59
56864.72
7208.43
15005.61
6577.12
13324.76
46322.73
6659.32
5315.33
9656.97
42654.60
68997.16
57017.94
51342.56
82472.46
2672.66
86510.23
45295.93
89288.72
44950.14
53624.56
33232.59
59449.46
91402.73
80440.37
21619.10
80634.15
32161.09
51278.09
75392.54
69203.02
82400.56
83884.42
67637.06
87329.73
11753.93
95246.57
2404.88
25856.48
2337.58
10472.86
52869.42
63809.48
90078.41
88177.23
81997.85
40511.94
69028.99
60805.18
37930.77
1232.27
63358.56
13338.60
41256.36
2304.95
96707.24
48817.03
6366.60
86661.51
13591.09
14112.76
64082.97
65709.20
32545.43
84397.44
77739.25
68494.83
35693.89
29737.50
69908.79
44091.20
24430.82
12256.01
1963.85
28143.78
95904.40
87298.49
73654.44
9514.96
19988.16
7040.06
34894.23
57963.52
21428.09
49971.52
26940.97
98796.71
96853.23
24701.86
95158.91
45432.50
21336.88
21514.64
40550.82
25809.53
24196.21
10115.79
2246.98
63582.14
38717.59
7010.35
88138.73
38.11
55495.17
60945.54
95844.06
67676.54
34070.35
29857.81
91192.70
51383.37
52559.43
47761.28
36418.27
98142.13
99957.09
5015.04
85244.93
61217.20
40803.10
90406.89
87056.10
89747.41
6899.92
68491.04
67332.71
99687.11
95768.43
90617.10
76548.42
87032.59
80529.60
63088.07
24709.45
69270.94
60899.29
20884.70
43726.37
65989.29
9983.97
80393.76
44805.51
54581.53
96564.60
69577.72
63047.30
61990.27
87556.39
59023.33
6439.22
78421.43
60331.76
42306.63
51430.73
3969.03
79594.17
39111.80
52277.78
64087.56
18490.11
19541.51
56344.28
54849.58
28647.02
73056.12
42548.19
3925.93
88824.34
70479.26
25139.58
58226.10
86865.47
92507.41
89998.23
34136.29
14637.93
23160.76
55638.27
91292.60
80649.32
31613.12
76107.35
15826.86
70026.61
90838.08
27967.85
24022.65
6546.10
6509.23
48547.62
22318.97
96401.78
54591.66
17647.72
84599.05
58399.43
51062.44
99894.70
32701.80
70263.96
2197.49
89925.01
31093.49
85747.57
8862.33
27588.74
31637.01
2226.20
23244.30
75360.60
29396.30
83471.74
81463.59
75145.31
15413.48
67287.55
60500.77
26665.03
37396.07
12694.67
32878.17
54616.38
4251.96
66356.47
17532.68
56784.43
95409.40
52928.94
50317.48
50301.23
60859.78
19024.31
22570.13
58236.45
22860.51
85475.48
61184.60
3707.40
15235.54
87588.69
48624.71
3696.23
21211.03
8071.98
6316.44
79761.59
95723.76
32326.97
89856.69
27832.32
83139.59
80791.35
69475.92
14270.67
66319.62
98019.71
94192.21
90392.59
7971.55
3190.12
63094.20
42632.53
70223.61
31724.04
52190.46
20540.22
23358.71
22706.92
70262.80
9797.09
79646.24
31797.18
42160.89
42439.60
13208.96
74310.88
42975.88
61477.20
51862.69
28169.80
31530.37
82092.28
51865.98
51400.11
56622.33
16609.60
91517.57
93869.52
34460.39
55422.89
44538.93
7950.07
20728.03
21065.83
19179.52
87794.31
25714.24
37615.13
73982.13
91912.11
45948.00
82613.18
46145.96
28735.94
10774.22
13697.63
53424.76
9861.78
67308.60
87125.63
55497.75
653.42
52208.81
10379.96
85750.55
22897.40
23699.71
96044.81
89403.90
89196.42
52289.84
9138.52
28927.45
73788.38
93616.93
25090.88
42676.23
49478.76
91859.72
40552.48
67687.31
45373.75
87153.77
4223.53
62574.06
5101.75
25448.59
59889.77
91455.60
50210.53
94243.80
18852.88
54858.92
78427.73
32641.53
3942.94
78531.10
51472.20
89152.89
32300.41
96099.23
52103.46
25695.72
29115.15
86515.52
15097.14
91221.36
89509.94
52224.97
61833.54
13407.68
30756.09
48993.29
93187.07
81856.18
2008.53
3332.39
20403.89
21230.39
43747.94
78461.15
38655.45
77773.18
14117.43
74738.68
72955.15
67640.54
24341.26
75507.90
51125.96
60489.18
50413.02
74286.66
83506.15
96755.66
13240.97
44244.07
54080.94
62064.25
44437.75
35899.49
52727.32
67201.36
79942.27
13981.61
3259.77
7093.82
48661.04
69385.32
66964.14
97228.50
48316.58
67163.56
26307.39
10950.94
25690.30
16492.01
78510.58
66080.34
3447.48
73543.76
93672.66
34278.43
20731.77
13211.80
17132.53
71609.79
79716.66
30616.52
20756.86
93731.06
15301.54
58336.00
32841.24
44146.54
30139.81
10296.33
1312.08
28967.75
62186.43
88259.69
69916.77
16614.31
76952.62
11847.52
72089.69
25893.78
1654.97
58036.38
72181.41
50897.96
43446.67
21063.97
8738.75
96152.94
58918.28
28682.74
19523.11
20460.75
67055.41
75698.78
52954.50
12869.73
22841.08
60733.24
95668.95
49211.48
93690.03
37143.98
70876.70
2641.55
5902.58
14044.86
87208.56
6621.70
53325.50
68360.18
42738.19
93780.91
85407.43
53851.79
13867.54
59092.90
16836.38
18056.32
83763.21
20807.55
25946.66
63070.10
90030.93
77573.67
34082.89
11119.27
96315.94
85190.72
83108.60
60852.43
17516.62
1426.93
53246.75
45293.60
53298.86
72341.30
88439.85
27392.69
9598.79
58547.07
21417.14
94111.22
12801.23
24854.00
15656.20
34980.71
46281.39
41727.17
66426.68
16071.10
63997.50
71999.58
28103.54
85306.98
60821.52
41276.20
59937.30
70068.90
4295.78
15466.98
7468.86
53017.32
57502.88
33886.16
61776.26
37076.74
47736.26
71355.56
63741.12
35517.53
60659.24
27749.29
45521.99
48072.81
64639.64
68417.28
26422.25
9028.12
94947.85
63925.30
5340.11
18221.11
52505.58
2548.85
16988.04
90888.99
96872.89
73958.47
44069.32
87301.11
38161.11
47533.95
2599.09
8114.12
57558.89
93744.92
42557.37
66387.44
11159.13
22035.42
31061.76
72196.23
96774.18
33649.76
10246.97
90779.61
88426.78
12837.43
47039.09
60161.50
68204.33
4874.28
17011.74
79181.64
10163.91
54337.68
89511.78
1874.24
95975.59
2073.12
6242.13
99131.79
66991.52
64289.58
70489.04
73591.58
42428.31
42221.49
89181.40
38682.25
58350.18
35794.44
34969.63
97768.16
7140.39
59732.37
20511.53
84328.79
82148.48
85543.66
2152.72
49110.83
57200.73
57823.63
55189.12
5190.48
55661.47
58310.91
87898.88
66883.32
88732.63
16135.28
86531.41
43439.38
67679.09
87694.33
8440.97
73460.91
19667.28
54596.63
65552.16
10980.20
61904.61
13108.70
65345.11
99135.17
13767.15
53543.49
1547.58
92380.02
51603.07
53027.66
11721.63
13168.60
35899.44
30085.36
43932.32
54047.93
65499.71
34475.85
99685.96
61099.34
38559.55
70722.59
45325.35
59664.79
24928.42
78771.14
9069.61
8295.85
79644.46
20213.59
5885.94
91862.85
52230.15
43516.78
57381.08
89761.61
71476.23
26692.02
98899.58
80155.46
10401.40
20843.64
91016.82
66189.78
61075.38
43033.98
77613.90
35116.78
73992.61
91902.33
57722.15
86267.91
41684.37
84475.18
63324.64
88811.44
31256.59
37605.46
60302.21
55232.64
95541.01
42478.13
14711.57
41474.22
17547.02
5619.75
91582.89
9674.34
67901.91
54849.35
78424.44
14439.79
79966.82
33608.29
50621.77
98591.85
72315.94
32106.52
20918.90
9322.32
73266.62
28722.68
40169.06
70697.14
27147.61
40095.70
41542.44
73445.24
86993.20
3345.24
45378.52
67970.00
23350.56
38858.53
66870.35
71520.88
3887.92
67081.18
93768.43
25462.72
23490.98
77749.35
26291.61
63580.17
89535.15
75000.81
96432.50
77354.80
92021.03
46802.46
8844.90
89152.35
13260.71
32131.71
70500.82
69257.63
56802.31
84349.28
1304.46
57694.62
280.34
54200.93
42850.78
76769.16
1879.28
40885.53
7516.08
45271.85
15098.07
84627.15
35068.06
30278.59
91502.70
99188.42
48983.02
97486.27
76154.73
67762.91
29657.49
46021.10
25403.05
50683.84
46701.94
38657.15
1726.35
78386.76
17504.04
63382.48
25314.00
28063.56
84248.87
87250.49
87072.59
7445.47
26583.75
88453.85
52745.82
94152.41
52115.08
77558.68
12835.19
4046.23
31924.66
43836.33
58008.85
87025.44
73293.10
87630.26
84686.42
73698.77
46817.74
24695.74
60486.90
21375.16
10112.60
73449.53
4227.50
32807.64
95277.85
61067.31
60160.69
46128.67
52326.35
9366.26
71137.04
19414.33
65754.66
86410.30
80381.34
58314.92
86446.15
34775.42
16569.49
60189.49
46093.59
12412.77
41893.72
73181.80
46328.78
7046.81
67803.54
93675.11
39746.75
10046.19
68109.98
50563.42
45011.92
60704.77
44140.63
49776.68
63233.87
96870.21
21632.93
77497.26
87800.09
72857.87
84053.29
85505.44
24853.26
30587.25
72029.47
7091.32
66600.61
34878.61
3583.68
76970.52
84642.73
8847.28
94854.08
53641.39
35509.50
30333.08
85991.94
67621.11
95590.51
75302.44
1922.20
43998.16
67647.46
19160.66
2654.69
72738.71
26096.22
31911.79
2833.73
25184.45
93245.78
28103.72
65213.43
40179.26
63681.81
57495.92
97746.38
28262.38
18982.26
47387.29
8972.99
67365.38
99952.45
32541.71
1399.20
88450.59
28567.20
33648.74
7549.96
74528.48
96807.52
70256.97
98385.96
21491.36
64579.29
19117.51
18771.17
34201.04
33901.52
53875.16
29678.62
56267.88
91551.59
27044.74
61822.04
56958.74
37355.03
80210.04
10400.72
23671.37
40307.41
93383.00
25645.12
33412.64
89715.61
9460.42
78850.87
1718.29
33546.30
94715.96
8588.44
32451.42
21168.77
21264.75
76776.17
16917.56
92679.96
82438.10
89304.01
55733.51
81998.90
77005.92
60895.63
1887.70
25918.21
23184.33
28896.22
48429.32
96300.19
88365.85
45673.63
9224.03
97604.87
45509.79
4320.29
66213.40
96937.60
92130.26
77343.35
81615.88
78803.74
92819.41
73030.71
98506.63
41757.77
31243.27
39180.21
78213.75
79134.54
82547.72
68879.69
47968.44
11049.97
42112.18
88025.29
57246.53
59858.82
71588.43
29265.55
66238.96
86257.02
48162.08
22058.78
14888.63
28215.94
27974.19
53531.21
45931.20
9936.28
59640.59
79823.44
80377.24
13008.95
8806.26
92612.62
68873.30
26970.50
79672.51
70498.00
67379.46
21440.57
44434.17
69937.16
10600.65
7028.85
16564.54
35420.62
81609.51
77199.12
28885.44
33572.12
1098.09
48277.78
2359.95
40862.31
84695.94
39794.44
16545.27
39623.11
41792.14
62342.02
17643.26
2050.40
14298.76
5143.87
25086.17
66882.51
78793.14
40515.47
22594.95
38441.94
60476.69
87408.12
44647.75
62727.91
32387.46
1222.17
94296.12
60247.15
98304.29
82077.27
53266.30
20270.53
82779.68
18727.21
70283.20
86202.88
76739.21
10306.68
38554.54
86753.69
12084.79
33097.69
98352.63
92596.02
63739.33
44502.93
25631.32
3201.21
2570.35
41413.67
92615.56
93536.93
47629.95
15159.75
11301.24
75315.88
91148.71
70229.04
95802.50
52482.92
94721.00
98943.97
4484.40
75627.86
80119.18
29282.55
47818.05
25011.64
63174.22
88031.46
72896.07
76893.17
4160.21
46458.67
60545.56
32844.56
73120.33
40693.06
95976.36
16742.07
53571.62
83998.59
98901.84
69120.37
33026.25
13130.51
24069.93
93577.55
53766.71
35961.09
68141.81
34918.44
22312.27
72562.40
43855.67
93723.71
1014.52
6933.55
7413.24
7032.24
30219.21
91560.10
50026.38
49824.27
54431.99
71992.83
89561.40
36992.82
50925.65
23633.70
23218.47
30490.93
84226.15
17916.23
27183.75
81342.17
34915.12
60067.96
14191.63
61201.87
76186.28
65642.44
84934.64
63156.74
96593.24
68008.23
34258.54
76450.16
92426.16
73982.46
98080.00
64820.84
78154.95
9796.39
51964.54
3142.19
88376.20
24580.53
97302.01
52050.05
69701.68
43556.78
96017.32
75246.12
86025.64
88125.09
39753.79
29164.72
85608.55
5032.17
64466.62
79690.33
3414.76
71809.71
46364.11
25613.36
97141.55
70669.67
40133.91
33511.81
40377.06
48044.02
45392.06
13746.08
21324.70
1956.65
12292.07
92254.66
20531.41
64414.65
22231.73
57838.05
66057.30
71006.74
4595.07
89618.49
89524.29
34896.17
75466.92
94362.94
31481.07
67395.69
9257.70
8356.87
69521.97
12312.03
79175.81
43516.31
67597.33
86247.38
27485.21
82425.74
69952.65
42045.49
51485.64
51989.12
88134.23
97569.69
16153.02
30381.89
54498.69
97000.56
29377.43
66991.09
40663.91
96840.50
40736.39
20031.38
64338.81
93812.95
49740.64
41524.22
32969.67
36843.58
34490.16
64327.96
97640.23
90311.00
36677.85
70906.13
15663.22
40754.55
63878.35
48521.54
45300.89
64226.59
95059.49
60543.61
21051.79
96476.82
253.93
88556.59
82941.63
73156.13
10328.47
24955.95
58255.38
32227.51
97788.46
20720.62
19148.39
95771.45
54554.92
18048.46
64573.89
73373.40
77651.79
22542.57
99964.36
54280.76
98740.84
94635.85
13104.36
80516.87
18441.75
64941.30
69632.22
18139.59
31374.82
3215.70
76608.16
68831.84
52863.85
95623.98
87586.29
89011.73
83236.69
9991.90
47628.10
8649.69
70660.93
53734.55
1694.72
66980.14
58452.24
54148.07
14855.71
7295.20
27792.88
15752.17
77751.69
98007.92
71797.88
34370.98
95748.39
72172.52
61866.33
72639.62
85219.61
2649.23
92255.37
26624.05
25396.58
55101.07
13814.32
38241.78
39221.25
86010.23
92816.45
33170.73
1640.96
77901.48
55825.97
88934.03
98782.01
28960.03
6537.58
62847.95
86439.67
39231.55
25526.24
34520.71
21322.05
60591.61
88844.58
42589.57
63485.44
2672.19
66405.51
20383.58
73398.48
11932.75
86087.38
60199.81
52072.82
66063.31
74499.38
60880.19
97697.59
50907.01
10344.62
38376.70
77215.35
12089.81
51318.27
3992.37
36276.96
98544.62
20478.43
39985.50
96012.76
40117.51
63027.14
27224.67
10057.76
26443.44
9439.05
4582.12
80268.15
79279.05
5875.21
64752.77
54566.81
35479.90
97819.56
16186.63
55355.15
82809.86
77875.58
65821.93
11928.87
15769.93
33660.54
2306.60
95335.16
3634.12
56734.97
84395.43
79108.77
87879.90
98504.76
64210.62
74324.51
51200.62
84033.39
53.01
12403.63
25287.54
19701.88
38451.68
74111.65
29568.79
55653.83
70139.29
88185.02
58092.93
88963.15
89640.66
48024.32
56744.55
18461.95
13162.23
19891.17
57979.37
87166.06
34469.71
41046.77
65266.34
73235.75
23441.55
31269.14
4424.36
15409.05
96985.72
66186.92
84040.96
83845.28
17007.19
85867.01
32160.53
32316.19
95113.78
37093.58
1429.59
92682.31
8747.72
72776.08
59886.58
97591.89
58430.56
56923.59
9583.68
42340.05
20808.78
48623.07
228.19
21825.55
77187.79
63459.06
30030.90
3542.78
22241.56
35812.25
50949.01
22546.29
82585.70
30474.51
20511.08
9325.60
99901.18
77017.70
67411.53
86527.58
58296.42
25354.08
63062.14
95464.06
60595.15
45925.44
16288.09
38342.00
83237.47
22958.74
33356.05
47153.91
64481.82
14225.64
10521.77
15165.87
5595.13
75743.43
51284.74
51940.73
89718.81
74854.83
25537.33
47833.95
48097.96
40124.28
12796.03
58899.64
28361.44
21488.04
96702.16
48144.16
44540.16
59095.79
2979.63
44065.00
13511.17
84281.03
98037.23
2412.21
7555.05
1098.01
90402.98
82110.08
77714.05
21862.46
2177.98
71276.36
27638.51
55133.75
2697.29
24276.75
42609.13
69576.06
21585.33
95752.02
3422.40
82135.74
83393.39
82555.19
39826.94
43972.85
31006.54
9536.52
3198.00
22583.83
30007.72
20113.54
63137.87
3553.32
71186.22
57563.76
57689.46
60372.18
13378.27
47977.60
51850.68
65759.59
33827.19
20808.88
84077.21
42926.43
78250.48
27960.54
5460.87
80217.64
27801.50
47342.97
41271.43
57570.92
25113.20
81842.56
29549.14
58229.45
26611.30
89637.79
16435.49
64145.86
73284.62
6800.60
12929.85
58515.24
97099.82
48120.37
42759.33
83874.50
5248.24
97088.01
36049.44
29205.62
9412.27
20977.78
48482.99
44480.34
92238.75
71964.24
10634.85
6083.77
28206.84
60211.80
37169.95
81554.32
1078.02
9874.53
50592.00
67077.67
85115.55
33943.55
99230.64
96172.00
82261.00
88879.60
74154.19
43002.26
32455.27
94968.27
54695.84
68760.73
39291.68
33335.36
37280.53
84551.61
78188.60
55559.93
27240.14
29216.87
79269.03
66822.52
98304.44
85541.15
2134.84
68525.96
49455.36
83272.96
44722.91
71326.39
13832.00
62399.83
53430.92
14511.92
99373.98
95114.89
26700.04
52666.47
65890.48
89912.31
29242.32
95556.20
68242.63
26249.14
59099.92
12176.18
20326.68
93211.14
34724.03
34894.68
59545.44
30619.91
94260.76
24632.57
16455.46
96018.99
24231.50
83015.46
19277.56
5976.34
59795.44
22435.94
87958.10
25140.76
23781.52
29963.51
97468.55
1489.68
96677.44
86039.61
15030.81
71205.85
34763.21
23895.38
40955.84
81620.49
78576.75
40629.53
7783.09
5660.29
18898.96
95883.88
17408.16
46235.84
12445.86
59054.03
20886.25
54008.97
64455.31
90972.76
70598.95
6976.47
20355.66
71003.48
99471.76
25307.78
33703.98
5481.41
6929.87
19873.98
2581.36
78439.94
56279.77
97905.83
91632.70
30559.55
13204.14
74218.04
81938.49
77276.95
80057.49
61437.63
15906.23
1991.89
5650.07
37673.56
29368.78
85309.09
75207.65
15065.30
88077.28
56252.85
10194.45
57647.88
70776.12
76391.78
32686.95
21970.71
66047.41
92811.24
73985.96
18907.95
75112.50
20870.89
32154.45
20097.69
37778.02
42684.93
8168.68
57447.55
23713.95
32262.47
75370.08
89144.24
56251.24
43245.56
61905.47
30604.44
60886.44
20182.41
50843.01
73804.68
55680.90
19273.21
27651.44
43427.56
25741.89
49526.16
29730.12
63261.88
48973.45
70261.10
77677.35
31294.22
65284.05
5898.37
92984.44
26929.39
6438.92
63970.26
31843.10
98777.29
28744.43
67292.64
89753.58
6443.68
15751.84
36234.25
56621.12
14762.38
43168.29
82021.16
27028.16
63906.31
23162.15
97013.82
95369.83
63815.04
70250.53
52894.39
90540.26
86376.11
55956.21
42701.59
29857.08
53797.92
44421.67
27650.80
96911.84
46611.37
26167.66
74676.77
73033.57
79738.01
92183.74
95636.51
77053.21
20062.04
15538.41
24109.82
93056.31
43943.76
32696.24
90735.00
90811.44
58111.89
41729.55
83017.16
68562.03
32372.31
59612.10
546.78
72868.81
17570.73
5782.31
41565.82
75190.66
47246.70
4163.56
81819.10
9891.22
46416.59
20828.97
31628.19
3358.73
95922.97
79498.19
82125.62
48926.68
25787.88
22053.82
76586.62
7282.80
36007.46
6264.74
67796.10
37053.70
68225.61
57904.08
47388.21
85252.94
76723.91
19449.14
58096.11
92279.75
72165.56
62550.87
24849.40
91156.13
36530.68
56460.41
65656.68
5689.69
32680.49
9600.10
68210.74
77249.73
56987.95
26466.59
43154.00
74844.21
8472.28
47053.44
89941.51
68184.88
72874.88
60980.72
36239.14
68428.27
45114.18
13519.25
36794.45
66279.95
38556.83
45696.73
42717.68
22149.54
54542.93
35673.52
77110.43
88044.02
10602.51
33575.38
77979.46
65886.82
50801.02
6970.80
94373.16
31950.23
86651.20
39180.25
46678.21
82088.51
42028.82
47605.14
87013.83
77459.32
529.91
14263.62
20661.27
95420.99
78706.79
45721.04
74465.86
15292.98
73620.59
4602.41
23149.28
93667.15
58147.66
79874.37
9469.52
8957.34
22477.32
88084.18
19165.86
79874.72
85238.64
22743.31
96626.68
87516.39
22693.47
94042.98
12217.28
55754.79
89433.57
26089.30
17205.46
69615.41
29018.92
3845.36
47222.17
36330.21
97995.14
86967.96
60194.92
18754.42
51727.20
32726.26
19691.21
95834.03
65487.07
95190.05
59609.77
29811.63
89232.75
92874.98
91156.80
44857.96
59516.28
62032.38
38045.03
46816.84
16958.05
37771.09
10852.76
38750.77
2725.10
30198.78
56480.73
11974.91
32450.80
87770.38
43644.01
17266.76
71033.44
65031.00
70336.61
45939.18
56751.18
36940.82
4206.26
75464.17
48130.99
26969.67
91776.78
59334.92
92008.94
41148.46
97455.70
65853.65
36219.40
25265.26
58264.44
95532.75
35350.67
87393.37
65228.70
31796.67
23004.49
52938.95
7366.52
4672.11
48996.95
44395.62
39211.45
72153.98
4938.38
2993.65
57808.42
48934.65
86629.52
94431.16
119.72
37184.01
66711.74
65874.87
96778.67
39067.72
76008.52
46417.81
43128.48
55691.36
16995.96
8181.69
73483.64
2157.77
57839.62
30251.15
49551.62
93425.20
80435.31
32627.69
98952.16
80653.78
80891.25
72390.51
64771.66
42727.71
45889.16
19251.92
52090.32
62640.75
53361.76
52694.84
82419.38
43432.53
70924.15
47879.75
91986.04
43363.08
50496.63
42508.71
34803.54
35013.20
42556.39
1833.91
76463.85
17998.04
78455.64
23998.24
89590.59
39981.57
94243.64
52895.37
86889.53
5679.20
94430.08
90736.97
52734.31
78536.29
79127.48
27514.29
59224.79
4769.87
83009.89
29541.90
77655.54
14461.19
99525.54
54270.94
21332.00
79386.51
88800.90
83559.35
80671.82
32273.74
92673.65
92586.68
36528.83
77172.23
5292.01
96600.93
62677.14
45623.51
72718.04
42684.86
53392.97
78320.16
19972.33
38729.45
37071.57
36940.57
28957.54
36801.77
61816.82
75846.91
15698.43
13094.92
63940.98
28333.95
80335.73
11647.57
55312.14
87116.05
28311.48
44020.41
90486.72
83740.08
86183.19
62117.25
99564.78
96611.48
60504.48
46338.04
97705.31
42321.21
13209.61
76251.53
7239.34
29960.91
51939.39
75974.89
53318.10
83113.87
58746.04
51447.85
19033.88
59209.29
5614.39
61788.95
70951.01
20927.28
30237.06
91921.25
90984.58
39342.22
70481.00
18655.07
75564.18
33491.81
80982.95
87415.34
88020.44
76059.45
80311.31
41800.87
75131.65
19857.41
2131.90
73163.25
83768.00
24798.25
48815.15
82392.70
38571.08
90042.05
70922.18
71098.52
66605.95
21006.89
21007.28
4371.55
79923.42
85930.15
55174.33
12316.10
51969.91
41668.05
80824.59
22539.02
48782.59
33421.02
74033.39
40783.22
907.05
98072.29
14993.26
21893.25
26975.19
25827.31
14960.99
98300.39
44880.79
59841.45
33145.98
58214.83
31490.16
38523.44
6977.65
90712.29
16825.52
10202.13
44189.12
39902.77
23658.49
74844.01
50154.89
35368.75
88451.26
32509.07
88919.90
91060.44
24582.89
43232.30
1357.45
89835.63
13798.33
28018.65
28893.61
95831.46
36817.49
65638.64
16235.46
61855.82
79042.09
64912.29
91540.79
23985.71
72297.53
17168.88
47466.66
560.15
58547.57
58569.90
71534.41
37755.18
86519.03
96982.85
99248.55
68928.31
77174.21
83093.30
88407.05
79920.01
18968.49
30442.74
38040.58
97499.81
78830.51
14079.68
418.10
43144.33
39802.59
2511.59
59556.39
19334.92
1278.73
2645.04
74670.95
20562.27
2777.84
22401.71
12005.91
86225.59
57189.57
80697.60
13480.17
37613.84
4430.32
19473.10
75587.63
66156.41
21446.89
97461.27
36988.69
65130.92
49505.31
70381.92
98230.74
22015.51
24702.33
87249.04
22035.01
13673.16
22637.02
57478.90
87587.33
71555.55
53180.08
68486.49
97270.36
9113.95
66278.27
58457.77
59274.59
28604.62
54731.51
73985.15
94525.91
49476.30
64880.16
67253.76
41366.96
25527.17
51139.88
12466.01
56429.96
43018.85
35321.76
46191.95
35138.37
16934.98
56675.01
61332.88
275.09
27571.77
23589.84
9385.76
32054.38
64648.09
2898.00
90695.90
38135.39
71122.68
7708.48
37385.41
87014.41
3905.72
69715.87
18644.94
53233.64
53652.62
6918.84
23076.27
47843.87
90827.21
22686.30
97773.04
32558.48
30221.99
97108.77
48827.40
41036.42
31122.96
56572.29
32949.85
55731.60
75306.45
32492.58
94889.91
13746.11
90055.41
45146.83
30345.06
40124.94
8382.89
73540.64
79045.45
32029.56
83649.89
97247.62
77701.88
42227.88
765.36
21159.15
27504.60
35338.18
51155.64
19081.76
55860.40
15264.40
63691.01
57119.75
77055.37
47260.35
8756.71
82780.39
81531.10
23060.31
17656.01
90739.28
8461.55
42513.58
84532.87
1203.43
81318.25
10160.39
43001.52
11809.42
11111.24
70186.74
34670.64
8994.26
96993.36
28195.63
11749.58
49776.39
78915.23
33232.21
40924.10
49884.35
22018.60
18500.35
689.11
39170.62
37455.44
24208.09
89325.95
70248.05
69320.28
50979.47
85711.78
91286.50
2383.40
17270.37
30148.36
18907.17
70312.23
19225.63
17398.00
72111.99
69068.62
16415.15
19113.95
53185.75
5169.29
91886.40
77852.84
86508.34
33497.11
59970.79
39856.71
51214.69
64350.69
20281.48
18791.96
68639.80
44419.72
81340.10
7632.95
30486.49
41373.56
2269.86
80877.54
78653.27
86750.67
25992.56
54282.23
72659.89
56836.30
2367.05
94304.27
5608.01
96215.94
24706.50
94438.32
54614.58
13692.07
28112.21
60635.19
76655.31
5251.70
23061.23
72990.07
85755.88
83772.18
62685.41
15887.75
72468.21
20152.78
67179.33
93792.44
51569.45
25559.57
53774.73
74869.62
48921.14
29471.08
45718.73
29627.37
63425.95
33212.22
58693.52
56764.75
65019.65
43664.02
88114.97
13414.74
14635.73
16836.60
45747.58
91969.20
17080.09
65992.98
19073.38
10673.32
42753.53
14011.10
51852.28
10177.16
79159.26
94671.72
69311.22
73231.68
98133.16
32559.48
96399.84
9716.83
49734.15
56264.84
42549.93
74189.14
18732.20
24574.28
51376.45
8136.39
4631.59
70336.21
38757.28
24126.73
11166.68
91690.29
67729.50
74039.93
56207.96
45347.40
33639.54
68568.08
38015.73
21607.99
57984.73
40173.38
18778.87
5806.12
14383.74
66690.40
11376.35
55866.93
35113.45
97760.46
80298.84
50664.67
71649.76
51285.41
92668.01
88869.24
7649.71
72088.61
80290.98
42968.36
47812.61
69970.26
98687.41
98153.04
31057.50
79344.92
94026.73
30753.94
41454.55
7648.46
13913.10
5915.85
15347.90
64702.09
22955.46
99198.09
68107.32
90220.87
9060.24
71788.08
88946.34
21654.33
91384.25
54015.78
77244.28
69546.56
65885.22
16856.40
18809.70
92603.35
49407.50
36108.79
25522.67
89653.84
8240.40
78937.25
86793.58
50694.24
82086.68
67464.06
6275.73
34201.09
39378.74
99100.24
22269.42
62901.47
24879.95
28302.20
35254.91
55187.81
85508.57
39441.57
90991.75
34364.75
85321.93
65475.89
92622.07
82915.46
45598.20
32107.52
40215.29
33975.04
70953.32
32118.35
21191.66
17198.46
47430.63
59567.82
62.26
1210.46
23500.60
58541.71
80922.90
99825.09
9908.26
66139.16
41139.44
34222.21
59305.76
54385.54
59661.97
68268.48
11607.57
758.57
88405.45
59170.52
16005.93
42015.22
40134.20
90647.47
65583.79
91006.88
91287.89
80810.62
5463.09
21170.38
23186.28
81937.61
425.58
48382.16
50050.54
14328.62
72943.80
64863.38
7278.39
1432.09
47559.77
4823.16
98410.58
98427.49
62548.80
46527.72
24226.44
31452.62
34805.98
80482.73
42405.70
89662.96
88892.77
98416.47
31194.25
37310.47
86181.35
82751.27
55511.36
38029.52
15034.00
1250.72
58935.72
8517.31
27955.24
36530.17
30007.95
43796.29
36654.06
5118.02
16287.01
81246.19
953.86
45755.25
84597.98
95592.99
72487.49
81620.81
50908.77
42042.49
79115.01
86170.18
28273.26
89745.87
61001.52
7274.86
66278.29
12784.83
94292.75
29349.95
80432.10
30863.67
63325.71
78157.70
94931.68
16896.03
67312.08
97974.25
47246.49
13673.52
72431.67
55807.09
27956.11
26804.02
45273.64
52350.97
54279.29
86106.90
28562.75
44369.40
731.92
92652.82
45108.40
8189.60
35351.40
93635.57
40913.70
98998.10
34924.89
52263.42
3382.32
85624.70
77659.00
4857.51
15560.38
65502.18
36728.37
22344.78
32351.08
89489.29
23140.67
18332.88
89639.44
51244.57
51355.49
70954.71
82264.72
20838.33
26094.63
50669.90
71778.00
27290.59
73781.33
71210.86
9922.38
19722.13
67045.88
5860.85
88773.37
61806.42
15735.13
36251.61
53476.94
39209.81
22863.44
25867.98
38522.69
84707.48
28942.48
35447.05
13489.72
50662.72
93127.51
22459.42
49202.65
83556.91
84617.48
91859.88
40235.21
80257.88
82746.64
90295.18
44699.16
30713.97
9204.95
60956.36
27255.69
76761.43
40824.96
1263.04
16287.07
41732.53
76372.59
90567.28
11165.95
10552.05
55779.31
80064.49
559.80
65009.46
55253.22
62098.84
77708.00
3894.42
6706.51
61050.70
63609.09
2683.08
14936.92
12993.63
74055.71
92462.63
71000.47
26308.42
91454.64
62781.62
85213.22
40441.56
27369.54
18113.63
88219.39
24995.93
86723.83
42621.64
73563.33
86340.79
