9578 5478
1599.84
2003.02
1784.29
1947.87
2289.73
1965.88
2103.23
2271.19
150.05
2268.54
1391.04
1054.28
1232.88
1579.09
2217.52
1562.26
2109.03
831.54
775.94
1703.77
2126.79
2047.60
1816.17
232.23
1309.69
72.87
546.45
786.56
1833.46
1796.62
1279.06
700.10
460.32
158.53
1771.27
46.08
657.25
1032.32
2250.23
2267.63
1814.05
327.09
432.69
2310.32
280.20
1006.74
1565.85
1919.88
1583.71
2124.77
1204.59
1281.14
648.80
436.41
2110.90
668.87
86.86
205.94
219.33
836.67
606.00
1059.40
2252.72
1058.24
1254.30
1448.32
1542.49
1524.77
2268.50
758.01
2203.38
623.02
1501.73
472.63
239.32
2187.61
2370.45
614.01
943.81
480.41
1522.88
255.91
1546.08
2335.18
1734.40
1926.41
488.79
287.68
254.84
1134.30
1839.17
474.04
1708.55
382.86
713.74
1140.10
2176.71
1341.43
915.09
375.94
1952.32
1354.52
1522.32
2026.90
1986.65
1891.42
38.16
1316.68
1967.32
1183.60
369.83
1830.41
1788.14
1424.33
138.13
1048.89
1579.46
1579.33
1921.45
2074.11
860.60
190.28
157.53
1920.99
372.57
1991.64
1493.27
831.85
1160.33
1187.07
342.87
966.10
867.14
1123.29
2201.13
1768.08
2184.74
1260.38
891.65
2313.11
1062.53
389.62
1098.30
2354.19
1978.92
930.55
749.18
1582.78
312.43
2134.81
1829.95
2009.85
1887.47
1784.88
1349.22
2193.84
1754.59
207.80
1070.42
1405.45
669.73
1023.55
916.38
1257.26
1706.93
1249.65
1477.35
116.64
1948.22
2335.05
903.44
189.50
1984.93
2385.56
825.56
2218.82
1432.47
2352.20
593.37
1692.88
1994.35
2025.38
466.80
1057.83
1858.11
628.71
1439.22
293.95
1760.24
626.78
1954.27
724.60
510.35
1975.36
1965.85
2394.97
1510.27
1008.82
1419.98
2323.89
2065.67
1567.64
12.36
1531.45
209.40
1025.30
880.90
580.14
1620.87
765.09
2315.51
2318.74
236.81
170.47
518.97
368.29
231.49
908.05
684.74
2001.67
1426.19
941.39
698.82
435.77
225.43
1459.10
1061.20
1517.28
1248.31
162.92
1738.45
1843.46
1864.96
91.98
2389.48
527.58
1135.93
1436.13
1432.58
376.76
1357.04
1919.15
2006.15
392.43
2172.01
770.37
2313.88
1278.72
2196.91
1902.79
1178.17
700.40
2126.22
529.88
2285.07
1174.22
1493.03
374.52
1203.10
1342.76
1030.77
1357.96
2179.68
1904.21
1610.33
1326.55
2056.04
542.53
913.58
842.70
1487.78
1139.05
1588.72
665.44
1186.53
823.51
2085.72
1321.29
1422.41
519.86
1895.01
383.48
2053.13
1346.51
777.18
455.83
944.92
166.93
935.08
707.52
1234.86
582.50
105.96
535.82
131.01
1128.27
105.31
1386.45
2059.50
2131.94
822.48
552.07
1289.66
1386.16
604.47
132.19
2014.60
2117.09
593.27
2203.32
643.89
2200.73
1593.76
199.32
1881.41
1293.43
1823.98
1071.26
1734.27
820.68
2102.29
736.14
636.54
1131.10
1654.76
1316.29
208.24
722.05
1883.79
1068.45
91.51
645.50
82.85
1159.69
2317.33
1022.98
1224.69
2136.75
93.99
1167.77
2242.59
1886.44
418.10
1029.61
2100.44
293.12
1070.02
2276.57
460.64
2016.56
1356.93
737.02
1092.23
2221.55
1921.90
875.68
805.63
615.06
2270.63
2079.21
430.98
1056.94
472.94
608.87
648.98
152.39
94.85
1340.19
1213.60
2391.61
1253.07
450.68
1132.17
1724.52
1222.27
1490.06
364.67
1892.35
1861.19
825.38
1806.24
2220.50
149.71
1300.24
931.29
820.05
1050.37
886.87
1413.61
628.68
1420.91
1986.68
2153.40
1923.97
2168.85
1341.76
18.24
1496.40
970.22
220.21
470.26
92.41
2368.88
830.46
87.10
1161.33
1174.09
1061.88
1463.39
1318.12
1141.32
248.31
1728.93
2297.26
2082.33
486.40
1986.68
465.12
1809.11
624.81
1678.31
1643.62
2387.22
2212.66
11.91
1732.21
1185.51
1751.89
819.08
1255.34
542.42
1725.26
1028.55
314.93
955.18
1561.27
1071.03
127.51
825.71
2206.16
1821.89
1970.18
29.04
1044.85
1227.95
2149.41
375.49
54.36
1966.45
1382.34
1430.99
336.17
1334.93
2036.22
347.19
2315.61
2285.70
828.97
158.40
334.98
1223.02
1972.22
440.36
1715.30
2263.17
2030.08
2353.43
286.77
392.19
1437.62
766.71
380.25
1198.77
2341.93
1478.17
905.46
1639.62
967.90
1470.84
751.69
713.47
89.46
182.56
1054.14
1654.24
669.72
103.89
2041.27
1411.30
1846.23
1161.18
2365.78
2135.67
684.43
1131.92
2230.06
889.67
500.91
556.79
231.15
688.40
1202.09
1624.14
816.75
288.95
814.38
689.73
1902.67
2240.33
2026.07
1060.97
2314.78
205.43
1381.35
1364.08
2201.40
648.60
1688.26
1703.84
1322.61
349.54
112.58
911.73
722.06
5.71
908.77
1923.91
1901.04
552.40
1664.64
2180.13
611.12
1339.04
812.23
1665.51
1744.54
723.70
450.21
1890.95
902.99
246.56
694.66
868.42
1071.75
2157.88
1551.02
1721.53
1590.16
262.92
134.85
437.02
279.91
600.60
432.26
360.14
2251.58
1206.91
656.42
962.12
745.50
2236.56
559.59
93.01
1429.90
862.09
2146.28
1592.76
1579.76
276.60
1802.74
1556.27
1551.95
402.84
1220.79
1454.72
1927.49
833.16
374.65
1034.58
216.17
1580.73
1127.41
1218.85
1617.69
2203.98
306.15
2291.68
1405.14
465.11
2020.95
25.27
166.47
1871.16
501.24
2183.72
1080.21
1708.08
378.33
2145.31
1322.83
54.57
518.91
392.32
2289.10
599.83
2345.98
2220.31
1584.67
2216.46
1111.52
2116.59
2258.64
30.10
682.73
1811.24
1036.74
1341.50
1916.78
1738.85
1809.56
34.21
1590.31
2128.06
555.75
2314.07
1097.22
198.21
1138.32
672.16
757.38
1703.01
2161.41
2100.85
1721.32
940.93
1142.02
1462.21
2100.14
1404.61
528.71
45.80
916.08
1226.64
698.35
2162.70
98.51
13.49
1616.12
2322.34
143.30
363.33
1885.65
108.22
34.87
1933.11
1293.89
1366.95
644.29
901.18
1569.98
879.00
1828.32
1080.18
676.45
2204.02
832.19
388.16
520.27
1554.77
198.56
879.97
630.82
2179.01
425.91
54.52
1287.56
1683.77
1159.33
853.42
1828.15
803.97
1737.53
1662.02
2039.26
1218.21
2107.36
133.02
750.23
1363.31
922.34
2106.00
730.48
2194.91
225.92
1128.58
827.14
1882.97
352.42
152.24
24.47
2176.38
438.94
1357.72
353.94
1829.76
1364.73
926.71
977.07
1025.13
1342.67
2205.26
332.41
571.20
1353.91
1379.01
2264.23
1835.33
2260.92
1053.34
1076.85
1977.49
3.43
2262.75
158.61
1227.73
262.86
340.44
1965.97
1195.93
273.50
1089.62
1240.22
168.98
1113.35
2388.13
1943.81
1537.56
1748.41
2012.39
2298.18
1757.18
1009.89
1980.70
769.76
1551.18
725.51
1887.61
2142.45
767.81
1428.08
667.55
1017.61
224.64
1839.72
458.23
2179.68
914.90
1944.70
2039.41
1235.66
1137.45
474.59
1097.96
547.16
2299.58
2199.26
2360.41
1840.91
1182.72
678.94
2117.45
1377.71
2191.89
1009.24
525.90
2174.33
2210.38
1473.08
205.31
843.79
1954.96
2226.74
979.11
702.14
48.76
1881.56
1209.92
317.53
935.44
969.88
2395.64
760.22
1241.43
722.49
2307.10
1103.92
1290.28
565.54
899.75
268.50
383.41
741.47
684.48
2320.00
2176.82
278.86
621.45
1370.48
1951.60
310.96
2375.81
1920.17
85.17
1769.22
433.41
1645.82
337.66
1459.38
84.03
867.50
106.94
714.74
13.69
453.91
1978.08
671.64
1491.11
863.17
2185.26
1957.42
1264.27
1232.59
892.59
813.28
189.78
427.89
698.09
640.81
291.42
163.88
1113.96
1032.18
1896.04
1320.49
2168.90
1250.21
1108.83
1955.81
2113.99
592.82
474.43
1323.44
1179.58
248.53
726.60
418.28
2356.92
2261.12
2053.24
2159.58
777.78
1820.56
757.06
536.99
1804.09
857.80
1349.35
1378.76
674.43
2006.99
2391.31
547.44
972.92
126.37
1289.09
1772.69
1171.69
1152.80
1525.65
1125.03
1344.23
387.60
1617.75
2362.74
1248.10
1524.35
816.86
942.11
2323.84
126.63
2040.95
2121.84
389.15
2079.99
314.15
165.23
1949.54
1924.59
721.89
2048.48
1766.12
2379.23
226.07
2304.35
1343.26
1161.82
119.29
798.72
2381.16
1248.45
1440.16
32.16
923.66
638.61
990.27
655.27
1339.82
2188.22
1398.40
104.48
364.03
776.54
1336.92
2260.66
2280.80
1552.13
2107.53
1089.64
2295.41
1355.37
296.80
99.46
375.02
246.24
1520.14
611.04
579.08
403.47
2183.16
302.55
1834.01
597.06
1844.56
941.65
1088.44
2226.89
1499.00
848.45
1620.66
373.05
1225.61
965.70
693.02
1018.85
1659.01
1277.77
860.21
738.79
2354.14
874.30
1148.98
2371.96
303.19
1171.61
1629.58
1774.62
2050.36
419.23
367.84
1194.88
1127.40
1776.15
698.02
2340.86
173.01
312.73
1812.50
2325.59
1893.66
1185.21
1395.10
1889.62
1487.34
1979.38
1271.65
2343.20
1766.30
2256.90
459.94
1827.18
903.88
866.06
1349.39
2091.38
1606.88
2103.36
208.82
1632.85
28.08
2073.90
936.30
1973.27
2021.96
1505.52
478.05
1719.51
2286.65
784.36
410.65
1591.02
1560.66
694.97
1503.20
1050.63
1012.88
1786.39
997.11
1332.86
2253.06
678.80
955.65
1498.89
1239.60
1400.54
679.59
1113.73
916.37
519.65
1915.34
2167.31
893.05
1313.29
1050.54
1063.47
2183.95
158.68
619.02
452.05
900.55
1587.31
1126.49
1765.64
523.11
1590.69
1923.61
2243.65
1065.99
1611.83
2099.90
1649.76
754.77
1200.25
163.04
517.90
889.09
1802.12
1454.35
1125.29
370.88
2022.95
2102.33
1417.28
534.50
1253.92
413.00
1471.99
765.70
388.65
902.94
1942.92
1950.73
941.08
750.48
884.03
1837.82
2077.83
1773.52
755.14
550.87
471.12
555.87
2049.47
1536.11
875.02
1028.93
1333.60
1013.11
383.93
932.27
104.47
349.34
1017.22
55.54
305.92
2070.12
405.56
2059.43
1298.96
1151.75
2039.46
1448.91
1693.92
624.18
847.96
604.86
463.92
2007.34
1148.39
1705.76
1946.46
806.17
2360.90
468.18
1175.17
1108.97
1138.93
2043.19
889.75
1611.37
1638.91
903.80
1909.82
1867.37
2280.97
1390.30
243.27
1464.03
2259.25
373.91
929.15
1370.85
2146.19
316.10
1686.28
534.82
2298.98
1749.76
712.18
567.86
977.87
1511.68
2077.86
811.00
1877.10
2082.33
2351.72
217.43
618.78
2032.77
212.50
1522.53
1857.71
500.20
1898.02
1783.29
1791.20
1272.53
729.28
1908.84
905.29
264.83
634.96
1286.91
2125.91
694.75
792.60
1738.55
479.96
189.09
524.82
89.34
2131.27
121.25
293.47
1978.94
993.91
1786.13
1600.60
1440.79
2323.41
161.71
2013.41
821.20
1113.80
987.56
1305.92
2386.13
1105.44
1197.72
1750.78
1840.56
209.26
385.95
576.46
202.10
586.70
1318.17
1967.86
733.21
1550.48
1252.61
2280.99
1381.39
1166.13
396.99
1018.33
966.98
1872.78
1697.73
2021.92
2002.54
1658.67
725.13
1101.41
817.94
866.36
972.80
59.47
1807.63
170.72
1799.94
1384.50
2129.70
1827.00
327.32
801.34
1650.75
518.67
1256.79
264.46
46.58
1070.87
419.91
2254.99
1096.35
220.50
1943.01
1973.35
1660.61
2068.44
77.62
1809.47
961.39
809.42
1164.21
1161.83
1662.29
1563.39
1197.66
1567.80
1213.22
2117.60
454.84
591.05
1287.20
410.60
615.33
1244.93
1414.41
2102.94
2315.06
2008.16
1045.42
781.24
99.38
204.24
1317.26
2218.93
1105.00
1366.34
791.75
1719.87
916.60
1441.63
1608.22
1548.53
1654.23
374.39
2342.71
244.61
2141.72
738.15
8.04
1275.14
867.64
817.93
258.47
387.45
315.71
1730.21
1903.84
314.65
1840.56
828.14
1538.43
1410.48
40.29
1766.33
2366.86
1284.52
558.22
289.00
2320.76
1153.32
1950.80
1284.46
1878.14
442.91
310.53
1001.20
686.63
129.54
1625.39
754.93
630.94
2346.94
1088.15
1602.55
26.34
1578.17
1827.50
1967.80
173.99
1701.95
2311.92
1626.94
570.26
279.20
2126.68
1679.95
410.59
1914.84
2116.52
319.92
657.48
882.31
1852.68
1591.65
1541.47
838.45
379.53
2195.76
551.42
1029.45
2000.89
1094.65
1363.45
1235.09
701.75
572.18
1611.14
1593.66
1295.08
1555.94
2306.02
416.01
1750.85
1404.52
818.51
887.83
789.46
563.98
1838.61
2203.01
1938.31
1127.58
2234.19
1607.62
231.04
107.52
2203.70
875.10
650.74
2.97
2236.42
1744.37
564.29
2320.01
1123.83
1819.22
829.40
635.00
1276.61
629.09
593.16
2377.55
1834.30
2181.01
913.14
1243.21
1402.74
931.53
2182.36
123.40
1692.75
1028.65
114.61
470.36
1535.63
1820.31
28.00
1655.03
114.56
677.78
250.74
1741.10
85.92
63.11
1540.47
1285.81
1864.03
1574.45
1730.64
392.08
117.97
1463.89
135.76
1409.16
1319.38
324.15
891.67
1513.73
281.47
1888.23
211.92
752.34
445.57
454.91
668.97
1387.52
274.98
198.68
327.99
1356.80
549.96
2356.47
1040.19
2031.83
1665.15
2351.23
1701.16
727.00
1378.70
1159.44
406.58
1328.38
1664.88
2270.76
1273.25
308.93
363.03
2142.65
719.38
1875.21
1443.16
1827.63
507.52
1534.10
1603.34
934.45
1969.57
214.21
202.88
402.32
1151.80
1414.07
1033.02
418.12
422.83
1976.22
1393.31
1978.07
2349.89
2067.69
496.21
2019.34
187.92
621.75
2293.45
1409.66
1498.31
622.71
402.24
139.73
2163.31
1275.16
524.23
205.21
1245.38
241.07
2118.00
1309.42
1523.13
963.47
710.44
1484.07
1059.53
1518.74
922.06
942.72
933.47
1963.73
2116.54
889.73
2131.04
627.12
681.60
1591.84
1146.94
730.93
814.27
2221.82
1636.97
1386.94
2312.16
788.64
136.55
346.47
1588.05
259.19
339.52
525.82
1975.23
1208.52
768.97
944.24
1226.18
287.04
1944.61
1250.34
1410.62
10.29
650.01
1672.20
725.93
21.06
1823.80
1.66
1639.65
498.13
97.47
2204.53
869.35
1044.73
1054.57
1525.72
1612.18
562.65
1874.29
1407.43
345.94
1819.58
235.82
2333.05
1797.38
1046.96
284.97
349.35
1216.12
1032.62
1842.80
76.03
733.40
479.83
384.42
67.86
142.55
1692.72
1945.22
79.82
1314.82
145.92
182.97
1284.10
1344.18
1594.15
52.78
2247.80
450.87
317.03
566.78
1270.73
936.19
1308.13
720.97
1899.60
446.52
2026.45
2184.61
2255.50
183.72
938.43
2123.18
2144.63
1357.36
4.40
1285.75
199.34
2126.39
23.08
353.13
1836.27
685.29
332.44
1288.42
1889.03
1161.67
582.12
2266.60
2252.56
415.03
495.07
1726.38
831.44
1542.01
1326.38
1319.48
1342.44
2215.44
1341.22
528.93
638.32
66.86
2203.39
297.18
1904.58
393.62
619.02
46.13
2006.66
85.41
104.32
1834.24
140.81
1365.93
1641.44
40.41
1234.63
1679.22
2098.91
282.36
127.02
132.64
1128.08
1614.49
273.01
1582.61
1067.61
1293.71
1467.70
48.59
1766.03
502.55
1945.28
443.93
22.68
2003.53
882.99
1582.53
1549.78
885.76
2321.23
648.52
1223.35
1325.04
537.38
814.30
649.16
1792.12
1817.09
1894.65
834.08
2004.72
1536.84
66.88
1835.39
1623.62
1464.30
1713.11
1110.90
2040.84
1770.63
1909.17
2068.14
1634.68
1125.79
930.72
1763.74
1832.31
494.59
911.62
1610.76
1170.92
2056.84
2092.59
1655.88
690.89
68.06
1918.70
1909.39
1447.27
1825.49
843.27
1252.47
1892.67
50.33
119.16
1824.33
1086.33
768.55
1427.61
1024.06
2298.86
435.64
2015.04
1801.34
196.10
807.11
1180.50
599.26
103.91
2041.74
997.63
1601.04
1002.00
1415.68
1533.43
1063.36
1534.95
1655.07
1013.11
1174.40
239.20
2332.81
2391.81
815.15
135.52
1108.43
2026.06
2287.26
2069.28
1028.40
1456.14
1760.70
543.61
1527.27
14.80
1305.91
1184.16
1706.43
884.00
1874.21
472.07
1920.47
1498.53
1907.75
816.41
2285.32
2116.81
493.01
404.22
2115.77
2259.21
2174.02
936.79
104.91
856.47
1964.48
255.91
451.73
2168.39
1607.56
2182.19
1977.87
1367.71
866.15
2179.76
608.20
987.74
1708.67
1543.81
233.79
2166.38
1532.85
335.84
1208.42
1510.45
109.01
1388.68
1047.75
1033.46
2377.83
774.53
1750.67
867.38
2233.55
653.53
1982.55
178.89
139.07
1918.81
899.45
1159.14
153.61
1768.88
242.38
1967.26
2065.56
364.79
1518.25
1061.84
128.96
2152.55
477.14
2396.28
500.66
427.60
870.90
1964.75
561.97
1433.41
564.32
1504.05
948.57
1065.52
1946.41
2272.73
1861.83
435.46
911.37
1941.18
552.82
931.52
364.45
1446.53
278.80
1510.23
1323.73
501.70
881.80
2376.03
1992.40
1795.80
1663.60
629.49
2217.34
1376.76
2287.41
19.07
1760.84
833.98
20.79
2.28
587.78
794.21
1409.76
1831.69
381.77
562.05
2354.21
467.23
2308.91
571.90
1415.87
1228.66
1441.25
122.97
1527.57
27.21
424.11
247.88
1414.53
846.61
851.74
591.01
210.97
923.29
928.11
1345.37
1002.15
1715.29
2221.82
322.92
2018.64
1278.03
159.27
2199.52
763.68
968.33
615.67
46.84
998.57
72.03
94.59
125.04
1125.64
490.20
1818.00
910.05
635.33
1071.85
1622.12
924.61
1958.18
132.51
400.51
279.57
43.94
1327.20
2158.06
2180.08
529.15
1866.62
485.05
2074.52
88.71
192.50
5.32
663.52
2192.38
902.59
102.19
881.29
663.27
108.66
659.73
2295.08
663.81
2126.41
1467.47
2173.61
1116.55
1542.28
1093.73
1089.66
2192.92
1930.53
1632.11
1933.30
1427.89
1670.06
2354.72
1399.33
146.00
156.77
1860.40
2375.94
1734.22
1602.60
140.86
1953.70
675.68
1402.44
2175.53
1459.32
209.23
574.49
1294.54
1622.93
1199.33
895.90
250.10
1717.65
1279.68
1070.70
1494.31
536.73
787.70
484.31
1832.06
69.69
620.74
919.25
849.49
1353.02
1714.52
1999.75
1957.36
1746.56
2061.38
1114.31
2266.21
1088.49
2167.16
1973.67
1668.04
811.53
1680.86
605.46
2173.12
2274.96
1691.41
2081.62
310.95
1578.40
1418.21
2023.38
2370.62
295.50
194.26
1760.30
1769.02
1827.95
1857.91
1974.78
2254.66
2031.49
92.81
1760.92
1067.07
143.96
558.44
1861.71
179.05
1513.30
2021.18
1859.90
1689.19
1002.22
718.07
873.09
1559.45
1263.97
1286.52
2314.82
1285.74
833.28
1413.63
2309.68
160.81
234.60
1853.05
1874.78
900.81
601.99
573.32
2081.20
2081.41
1065.53
2311.22
1932.96
1765.31
1757.89
1095.64
124.93
1347.49
718.47
1771.85
42.58
1640.63
2335.43
938.33
1187.49
601.42
434.26
1715.42
1560.11
300.83
394.93
735.46
176.03
179.41
1458.58
1399.35
1475.88
2168.37
10.44
178.45
18.65
1121.82
917.40
1205.39
1150.89
1721.51
628.35
2337.25
2109.19
543.02
2224.31
1942.05
34.99
2010.12
957.85
1951.59
497.33
933.80
1667.55
102.11
718.41
1561.19
614.16
838.22
1396.94
2235.37
1513.98
648.15
949.54
10.79
1911.61
77.24
896.85
654.86
1689.80
1783.20
1383.03
889.72
2218.52
138.57
2371.81
1413.51
1199.06
2043.43
294.24
1974.57
843.92
1757.33
1683.87
2281.25
2089.01
948.86
1626.97
1968.46
1280.01
367.45
99.01
631.99
1580.29
403.23
419.52
1938.31
1609.51
460.20
1773.09
49.39
1125.89
2048.82
740.05
1508.65
1841.78
1927.88
601.14
2101.22
1237.93
576.39
1412.26
1797.02
1810.76
1538.54
1972.94
61.32
1258.28
1754.23
2265.37
708.91
1619.73
2350.71
333.89
945.99
1675.93
457.15
2144.43
2165.28
2235.89
2304.31
1240.25
1558.14
1800.27
193.66
665.95
910.64
1440.72
339.52
1616.67
36.82
2378.10
2221.12
1321.82
429.67
1915.19
867.72
125.96
2163.44
1169.45
204.01
1549.51
1650.46
298.75
2212.58
1696.34
851.48
658.30
1988.21
929.69
786.22
368.16
182.10
1823.79
729.76
1531.02
1787.43
1144.05
1109.67
2396.13
1977.80
986.90
1527.35
1098.66
1058.56
90.50
307.85
2247.74
103.91
1233.93
184.97
1457.05
1362.28
1728.63
1357.66
214.71
2156.65
1721.17
2104.94
1017.73
369.49
906.56
1378.79
411.46
1437.60
393.73
790.77
570.63
602.06
697.00
1610.36
733.01
1050.08
1808.47
183.25
2305.68
2143.42
2317.73
159.03
2138.64
392.63
2335.40
592.11
1793.08
892.37
1194.30
1076.70
1306.45
1577.51
677.30
957.26
1686.51
1947.83
1150.12
1415.77
216.61
2216.35
149.68
660.60
1606.10
184.79
1180.77
1804.99
1502.54
939.72
324.06
888.35
156.19
2328.18
355.75
2193.82
1554.84
1268.95
2004.53
749.98
1886.98
1835.89
1671.41
1941.42
554.04
1854.80
1567.70
138.72
435.90
73.84
473.28
1853.10
668.17
1847.41
1032.83
2142.55
170.82
1873.10
593.68
973.45
2003.15
2221.10
304.43
623.86
2028.16
2248.06
676.64
120.98
1099.97
657.43
351.05
907.59
1485.66
230.70
1027.18
179.29
1566.72
1559.15
541.42
1667.97
1067.09
1468.88
2220.78
2335.84
890.36
446.36
2122.94
335.82
1423.69
267.35
680.30
1368.42
262.61
1063.44
453.40
2153.52
1527.08
2299.31
720.40
2014.37
2063.16
1417.25
1800.83
373.46
1889.95
462.15
1493.43
200.94
1246.21
1275.61
2058.08
1426.23
2255.11
2284.20
1198.22
644.14
1312.30
1638.36
414.51
973.03
1073.72
72.75
2377.71
567.16
2005.67
2252.02
728.97
794.13
1175.02
1583.48
2270.11
1381.09
189.74
1193.02
2255.49
769.19
829.03
2113.20
1886.61
1339.36
1059.65
593.47
1904.50
595.44
2337.42
1086.92
257.59
327.14
1339.84
1730.01
848.60
1655.63
2197.34
817.16
214.52
6.39
1994.69
1461.15
1090.97
1844.85
1190.40
1817.71
1737.29
1713.87
115.29
1997.83
1584.25
135.11
838.61
1862.54
2043.20
2111.86
731.15
449.31
1091.05
1289.76
609.48
1187.17
20.44
973.72
607.09
1290.39
594.95
1551.70
664.14
1847.22
212.19
1928.32
1553.13
1412.93
468.16
848.44
560.53
1234.40
1969.25
1369.17
513.44
495.70
1983.67
764.93
1102.61
1322.71
138.26
1483.48
1977.42
737.48
1186.96
269.22
2144.73
87.00
2079.41
1857.94
2375.71
747.57
1494.33
1175.96
1144.94
1048.86
1088.83
822.36
1592.43
372.52
1871.73
1774.66
2055.48
200.75
2105.45
1737.15
844.35
2077.26
1343.21
195.81
992.25
645.55
1425.45
254.51
1309.16
1689.45
652.86
323.77
1417.37
2217.29
1922.27
493.54
1105.84
2065.21
1080.39
1080.53
1306.81
2038.35
1450.19
204.14
215.07
1736.15
410.24
241.19
243.08
1218.82
2371.49
50.65
1354.66
1683.70
436.22
796.37
65.97
919.26
1458.11
1060.40
2016.10
1476.73
2031.75
685.34
1478.36
2158.76
916.95
2221.99
1632.17
1551.55
2167.69
1855.00
1401.10
2177.31
2186.67
630.48
2302.54
2046.14
68.64
292.67
664.93
1734.47
1682.10
1370.25
680.57
585.79
522.93
178.68
466.51
1771.35
471.19
1180.84
2182.00
1004.93
2361.03
1821.80
1970.44
1420.93
1517.49
1036.46
2384.86
1844.39
866.64
1729.44
1866.42
2160.67
1679.28
2096.39
339.34
578.89
1723.28
18.71
660.40
1328.41
38.16
1805.20
641.77
1589.89
953.49
786.27
2126.86
1368.68
984.28
2127.70
1875.62
1516.74
363.49
642.97
1525.11
1251.18
73.10
1154.79
183.64
2323.13
965.58
1368.33
931.65
1222.67
593.70
1638.12
780.00
1741.85
744.90
1141.86
1351.61
1716.17
923.69
498.47
1447.46
1846.92
1564.90
306.11
373.28
1211.41
610.64
57.06
753.72
2194.91
1241.32
88.63
159.63
237.69
1210.12
240.58
2222.72
1505.73
1945.72
1473.64
1806.93
1930.91
1880.24
524.09
79.03
691.60
1380.61
1826.62
452.47
1954.09
1717.84
2023.74
1696.38
43.39
284.08
1256.64
307.30
1339.05
1645.14
151.20
458.11
162.29
2294.08
1937.50
1674.02
1500.48
1053.02
1388.07
2100.82
1842.74
1378.17
387.76
698.67
598.31
1185.86
1857.94
1470.01
112.74
2371.93
1473.44
1856.64
836.37
885.93
2003.37
773.77
1195.38
318.83
1399.73
26.71
330.42
1476.31
2236.62
2218.60
69.79
109.73
2013.28
1666.09
706.41
1606.43
1137.26
1394.21
129.29
2114.93
1284.55
1191.54
1665.10
1236.15
990.51
583.49
630.00
1748.78
718.75
1255.53
1689.03
376.38
1490.44
1248.38
2266.57
569.84
931.72
213.56
97.69
2174.30
784.00
2058.99
2111.40
152.63
2169.61
1913.40
451.15
1167.10
1458.82
68.65
1887.08
303.88
184.34
2263.48
919.87
2247.33
2298.83
2226.05
808.15
1623.45
1434.89
520.36
384.89
826.78
2174.74
1681.49
1756.18
424.70
86.40
1737.18
1092.33
902.92
1687.24
385.15
2024.21
2381.52
702.06
785.26
671.21
1514.94
166.13
1273.42
2188.39
2167.80
335.88
682.70
2278.50
1926.29
10.16
1204.30
1946.05
999.62
1936.20
511.07
2122.63
1563.85
1588.74
1420.89
2096.05
2154.88
1532.01
860.15
2305.17
1904.63
690.43
1984.92
676.36
1249.53
1936.19
433.78
1040.91
721.99
503.28
1753.31
38.07
34.36
231.40
595.67
1005.23
264.54
2171.94
1500.84
885.66
566.39
1772.93
1076.38
2250.75
603.46
298.63
600.88
62.56
1327.75
783.26
1223.33
1266.34
2118.49
166.87
1646.17
1670.08
86.19
1845.49
1999.80
972.43
343.43
1557.04
1436.63
770.56
1100.12
797.57
1542.12
491.62
1935.23
1887.82
1892.30
1996.98
301.21
1731.32
1053.80
649.57
1841.60
1904.30
142.29
1158.70
1188.55
583.28
1860.83
1236.32
768.24
1928.06
935.79
1753.68
1509.41
36.41
818.96
2012.75
623.59
653.92
1038.23
1667.89
1063.53
601.51
852.05
271.54
1911.16
1287.65
743.34
399.11
1866.94
1436.53
666.58
1731.25
672.42
1054.35
1752.44
438.02
675.43
1315.69
1994.05
1617.89
1759.24
32.70
1008.69
409.55
234.51
2145.36
803.64
652.69
495.92
551.11
2059.43
1547.64
903.93
644.80
836.74
815.21
2243.76
1939.50
800.60
1136.24
1420.85
1749.70
1523.73
57.77
767.20
225.06
734.19
1680.64
1610.44
1004.53
1031.63
353.20
1693.50
2359.72
210.77
2251.14
2250.17
662.68
60.99
311.90
2377.04
2245.50
1994.10
762.98
2087.55
1966.47
1597.72
1132.17
78.12
55.62
2001.77
1.60
1599.56
2370.91
1826.04
1913.93
2089.37
132.43
367.90
614.29
1508.49
108.31
966.48
1114.69
1854.66
1844.21
1269.97
244.02
848.47
1299.69
480.93
1750.84
181.68
179.70
1519.61
1202.66
1773.52
849.01
1026.78
1168.29
2034.95
874.47
1475.53
316.54
1931.12
1839.19
1160.07
1337.39
894.49
2129.18
2323.47
1693.25
768.41
1520.00
1581.79
1320.15
1017.02
447.50
1708.25
2072.78
594.91
1415.65
545.16
673.83
895.74
1418.00
2099.86
1497.01
4.84
803.36
1996.99
1805.77
240.61
1881.73
732.59
945.46
1231.94
2326.54
498.14
1691.59
1715.27
1013.69
1866.28
1319.38
275.89
979.00
451.01
1720.68
239.51
1966.10
1032.57
1377.14
549.35
2002.78
121.12
2110.98
606.24
1676.41
1191.25
1811.94
2105.42
583.90
377.67
69.12
1091.09
1.25
871.69
1089.86
3.83
49.90
2198.32
1283.84
582.56
1809.09
2239.26
2224.13
1403.55
1453.20
128.85
1606.73
468.68
46.73
734.90
1721.86
1457.04
495.24
462.02
1242.27
1280.34
2101.65
1830.70
1451.93
1901.06
1379.48
1813.44
1110.21
1282.04
1183.12
182.54
288.29
434.01
2050.15
416.47
556.27
1804.34
587.18
280.82
1483.53
1216.86
1153.90
960.28
1205.06
141.76
2156.31
1895.25
2214.81
954.63
357.16
1809.86
176.47
1177.36
2080.12
650.65
1257.04
895.43
2019.40
151.13
1429.22
2190.74
1227.61
1336.91
813.40
1601.06
2222.16
282.21
2085.81
1186.74
1247.47
806.92
106.17
2062.22
726.88
1080.56
1678.77
2377.59
817.98
387.62
2300.92
761.17
1494.61
998.37
760.20
2039.74
1634.94
2261.05
1205.91
1079.11
1370.41
1409.89
859.64
288.11
167.20
1800.57
480.91
1871.98
490.71
1119.91
996.25
416.02
1135.18
2229.02
636.24
1978.88
855.37
1209.18
333.28
594.67
2375.07
1262.04
1762.20
1884.09
255.61
1041.07
2180.91
1902.07
1425.93
73.37
415.77
135.58
733.71
2208.11
171.33
1520.70
2266.57
1024.30
2237.62
1299.13
413.57
1242.72
1737.19
2264.61
629.23
1348.10
2359.48
1890.01
2260.05
2252.94
204.34
84.12
624.10
1965.56
717.73
2222.20
1415.15
1543.25
966.86
2282.08
352.61
270.60
1936.39
1029.18
1447.96
1748.44
1070.44
2134.73
1640.61
443.90
2176.42
1620.29
1990.43
349.55
1305.08
1003.04
745.26
545.63
1303.24
808.67
905.05
511.85
470.03
1230.71
784.82
1930.23
2020.68
1359.72
1396.17
1098.94
575.15
989.64
348.21
234.23
765.17
20.16
95.26
1817.80
1405.47
661.03
1430.40
1083.19
1521.25
1464.61
1662.97
1922.08
1228.17
1576.02
738.57
592.64
2221.43
631.79
2379.96
2061.25
1244.77
1909.87
324.16
176.13
1670.31
566.25
254.54
2084.95
1803.72
1714.76
1585.65
529.28
626.05
1046.66
486.19
1993.40
2358.25
312.09
1818.23
1157.00
1833.16
1146.63
1902.80
1239.76
375.55
426.36
501.20
649.65
1815.54
1346.21
326.82
1178.68
1182.27
2281.64
941.26
105.34
796.93
399.79
1679.12
1072.87
394.31
2042.60
80.57
110.29
1984.57
1342.70
1674.75
2039.67
1252.91
1791.03
27.60
865.18
216.25
269.30
1623.48
2158.78
2148.15
2274.04
561.89
663.69
719.64
1028.64
410.11
1917.00
2269.62
2393.72
1376.48
2310.98
867.94
706.71
1006.68
814.03
1414.51
644.43
2073.29
1115.29
2047.82
1026.22
355.42
1908.34
1143.95
894.61
2308.22
2392.59
1302.71
120.95
974.53
333.14
96.71
940.17
2086.07
1368.33
1103.38
639.72
1140.79
1325.31
239.20
2181.44
2205.37
2180.17
1290.83
621.80
2000.99
651.54
81.73
2071.71
58.87
1674.85
1955.51
702.00
451.12
1738.41
1228.15
498.25
2362.97
321.11
473.82
1278.29
1341.42
2390.56
1891.81
920.01
2081.88
1886.62
1877.99
1626.93
1067.26
1433.97
1347.73
1467.79
1044.67
1879.03
1810.16
965.21
73.74
1314.28
939.21
2373.99
1551.03
706.05
1985.89
1461.77
1128.22
1856.11
1638.67
967.98
523.96
805.64
638.93
1209.44
551.59
1962.55
559.85
603.95
591.16
2128.16
1093.26
1130.67
1172.36
2063.62
803.25
2360.36
2140.33
764.72
110.55
1845.50
1460.57
122.88
1077.01
1084.00
318.22
309.49
1555.81
90.10
1590.55
377.97
1047.96
160.50
1355.50
1.07
250.44
1464.90
65.41
1257.38
850.06
1865.52
689.46
392.05
731.59
1572.24
79.40
825.17
1941.16
2060.43
1985.53
179.42
1404.72
262.62
1648.11
577.74
2117.05
1217.58
353.59
975.26
1617.68
1049.48
1079.40
401.77
1461.81
614.12
1669.10
841.35
494.88
486.55
182.21
1472.10
58.50
473.40
1295.02
557.90
1913.92
1065.81
1243.14
310.77
1842.14
53.89
1305.62
1053.30
1654.48
2092.91
2152.90
374.04
625.03
2082.74
1492.99
1583.00
2262.52
2098.28
1270.49
418.56
1028.34
2357.83
111.47
1054.41
498.82
798.69
40.27
395.50
13.06
473.40
1962.80
100.85
105.80
609.44
964.79
902.85
920.23
508.27
264.16
1507.56
1952.67
516.09
933.46
989.71
95.51
1676.61
1811.97
1798.85
322.89
1481.76
1480.03
1503.65
1228.99
514.22
1958.53
353.21
2122.92
1816.97
13.85
1996.15
2279.46
2203.48
487.45
2076.54
1896.35
1688.09
377.02
774.13
525.80
287.76
859.93
1648.42
1332.27
2382.28
1978.26
494.46
1363.87
1479.46
22.79
2075.46
1357.95
329.07
1061.63
125.62
2084.55
2078.54
2336.40
435.72
373.92
2245.47
1713.12
2040.39
970.24
2293.73
94.33
739.14
1028.27
1479.61
649.94
681.55
548.53
938.17
2132.89
1170.10
1560.28
1844.99
923.70
740.74
209.32
1660.71
268.41
1255.01
477.43
256.27
1803.41
131.33
2155.12
1948.69
603.40
190.93
183.63
76.65
793.24
77.31
1920.77
857.40
2248.50
717.33
2367.81
45.75
594.12
1569.34
1814.44
1495.97
164.22
1751.87
2343.82
1934.12
1833.17
172.80
1736.89
1078.92
137.48
1363.18
1517.66
969.28
736.91
760.87
937.12
2101.19
350.06
492.84
2026.95
2179.33
1336.30
1835.78
1116.26
1490.86
1860.73
235.31
331.84
332.12
1454.59
2172.01
1291.88
885.26
61.29
2263.96
1330.07
173.95
417.99
1017.62
1201.46
2075.78
252.38
418.17
262.51
263.93
2122.13
1441.63
1260.31
2003.22
2208.10
1803.47
1921.85
328.77
1469.36
48.43
1470.73
1685.63
1669.48
700.78
460.78
977.25
2116.83
1411.31
1679.51
314.77
1575.69
1164.67
1297.29
568.18
816.44
2093.98
786.70
888.15
1872.17
2018.71
1222.45
1216.93
668.52
1788.25
2096.78
1009.59
1453.46
1775.86
1017.39
2367.58
555.41
818.66
842.04
19.36
255.91
1910.97
242.64
1106.56
1503.76
793.26
1818.34
880.88
1500.20
1294.29
566.82
1614.86
1211.74
1209.40
17.15
2029.98
2098.63
962.02
855.54
200.90
710.99
1602.64
957.96
759.74
2388.28
48.06
799.68
1044.79
1590.41
2047.63
1619.88
949.86
1631.92
2052.63
1098.01
332.34
972.76
2011.16
1485.70
1170.63
859.81
287.11
194.08
1100.47
1023.08
2351.18
552.16
1513.42
1067.23
22.87
1949.39
1266.32
1827.90
873.97
1085.57
383.78
1561.88
640.13
694.93
382.80
1615.28
625.26
1137.75
433.07
858.06
99.01
1189.05
1150.78
1918.68
2151.56
1395.24
2055.67
117.70
159.48
1571.56
893.85
905.60
1304.38
1391.89
1230.71
1947.15
365.50
1636.21
1759.59
1238.06
2175.68
1863.70
1296.43
2152.82
2366.16
466.44
1295.40
1303.88
2018.26
1261.00
305.07
822.63
603.88
213.50
1750.97
979.80
885.28
799.95
1898.31
1572.27
118.72
1634.84
2152.25
353.39
33.82
1274.36
1763.25
1353.27
1543.71
980.77
1910.98
991.73
1077.47
1215.74
6.07
1983.83
1231.24
214.56
1587.78
169.02
1094.07
1195.80
1091.08
256.60
1716.54
1801.69
808.89
2022.87
467.42
2286.16
1345.48
2166.12
1357.20
53.56
527.31
96.49
1890.09
1072.39
2381.60
1331.17
1500.80
186.45
40.66
779.65
527.32
398.41
99.71
712.87
19.49
376.73
750.54
1356.48
1296.93
2283.14
2005.46
924.66
2372.78
1531.50
2281.39
1761.08
943.32
2185.48
931.79
677.05
2258.28
1628.47
547.03
2100.90
2021.56
1396.66
1045.42
2166.14
1363.56
992.17
2146.70
329.97
1263.47
1604.79
258.01
2230.08
1103.03
1727.47
2356.62
2056.98
265.82
807.85
951.72
434.20
2294.93
1310.41
1024.23
1739.08
148.61
162.91
1079.44
115.04
793.36
1909.36
1233.85
2377.56
1756.34
198.64
1594.55
2383.18
648.34
1878.45
332.04
1805.33
1814.40
773.25
1446.27
275.82
1648.01
584.38
2076.40
697.20
1819.50
2380.59
1713.50
1823.31
1991.83
2184.48
1968.05
1141.97
900.17
1613.73
2098.31
531.33
1712.82
1577.12
898.56
570.39
1411.33
2358.66
1763.95
1143.97
2054.97
464.38
1568.52
214.80
895.90
1969.49
2120.41
13.65
805.60
793.14
2059.63
1733.75
1574.49
364.84
1969.58
1575.79
361.82
1941.35
942.40
1589.31
1408.15
884.57
1788.91
1415.30
2164.10
1649.71
1934.37
2353.23
292.18
509.87
374.72
643.91
1878.82
698.64
1329.87
192.91
2204.99
607.58
624.03
1251.33
2108.96
1742.49
1347.44
1271.24
1327.08
2243.90
484.88
1606.13
1883.77
2301.21
1454.70
2341.10
69.96
449.39
236.37
1694.57
1279.62
1085.19
1228.85
253.89
1487.30
1405.23
2128.11
1318.11
1995.76
874.46
370.72
1617.66
37.98
228.86
2379.33
837.81
1488.28
761.27
666.37
1444.18
1862.31
856.92
1904.48
2068.54
2235.07
1725.87
308.26
297.81
264.29
1321.47
2207.50
2131.97
176.83
1575.66
2148.99
21.15
2279.89
1947.55
826.50
1841.37
274.17
820.69
2329.58
2007.47
863.42
517.04
711.17
2251.27
1652.78
309.40
31.34
829.08
557.02
765.86
2371.58
1356.92
276.62
212.68
1984.30
1985.36
763.09
656.42
371.71
531.49
1958.20
356.33
159.15
1448.70
1338.89
1174.46
946.43
1525.18
162.98
1901.73
1743.85
1315.24
1749.15
2092.14
817.05
1217.08
105.68
786.84
1142.67
1635.36
967.78
1476.51
1512.52
898.88
449.82
1691.59
1862.91
1982.10
525.56
1340.17
1668.08
1326.38
2123.21
2190.48
1997.10
772.23
1116.02
258.41
859.54
317.77
1103.59
2223.56
828.83
1928.31
2347.27
1716.53
591.12
89.81
1129.21
533.68
195.06
117.44
845.94
2232.50
39.80
361.73
791.60
2040.13
605.08
2094.85
1095.19
4.00
938.32
1197.04
553.36
193.46
1703.98
257.34
654.77
109.70
23.66
1201.04
926.95
1427.73
2286.69
1477.48
100.13
1882.86
212.14
662.22
1402.63
624.06
2259.60
956.65
1725.61
2015.28
2149.03
49.49
125.42
1068.39
1755.69
1770.91
1805.72
1406.51
102.77
1056.12
1512.15
2199.69
2197.33
1008.63
384.38
1376.44
1379.74
602.61
647.50
691.40
2115.52
28.00
2225.36
1226.17
2143.55
1768.31
1987.20
72.19
2107.77
482.30
1732.69
1941.12
1137.00
902.86
458.24
122.05
2155.51
494.98
2178.15
1654.60
969.44
1254.43
1660.11
1998.70
889.09
572.61
2119.86
2047.58
1763.85
380.80
2066.22
330.28
1594.29
79.58
1745.85
1714.77
1545.41
1680.26
1135.22
626.38
990.47
1053.63
378.81
467.14
974.60
2102.28
2186.52
2082.38
1529.21
186.25
1920.77
188.54
439.94
1581.01
2039.79
908.08
1670.56
128.76
1871.00
2246.87
1495.24
633.63
579.59
2195.67
91.84
1772.36
1459.77
1459.35
656.41
505.45
1480.98
1975.01
1843.94
1471.87
958.38
582.26
1924.89
1067.86
1699.26
1778.20
88.33
404.35
929.12
2178.91
97.56
1263.10
884.75
582.48
530.48
2092.52
1827.33
1835.92
1979.26
2095.82
1958.62
86.44
2257.92
489.96
1955.53
1903.89
1602.90
186.46
452.80
1746.53
2098.85
1774.16
960.59
219.26
543.06
650.43
965.97
367.94
928.32
746.38
1683.00
1747.61
1413.20
1363.14
810.55
616.66
2333.93
527.28
770.18
414.17
913.44
1344.81
775.81
1322.04
1244.17
1241.45
1611.82
634.71
1604.86
2104.09
2258.02
303.48
871.25
836.63
1657.37
1842.72
1661.43
1940.52
345.68
545.57
440.50
846.86
2055.48
1143.87
951.42
2381.77
1623.79
942.44
1646.41
320.38
1263.61
2112.86
1875.41
388.72
1978.19
375.50
277.13
1882.33
1391.61
968.47
166.92
2283.34
1103.97
742.47
1359.57
1168.33
912.44
464.06
1610.49
1871.37
983.92
1746.67
297.11
377.80
106.91
1156.27
2355.41
1860.84
322.08
1828.72
1909.81
404.10
66.46
1213.07
2337.98
1872.40
1711.33
446.44
673.20
305.59
48.10
2364.14
1475.34
981.40
374.02
1703.19
1256.64
1720.30
372.27
420.53
203.84
409.91
18.74
148.40
260.26
1445.63
1275.87
1112.69
1965.01
1574.40
682.03
1484.48
1060.40
946.71
117.36
1321.72
860.08
1886.36
1701.26
1476.04
1838.70
1632.63
1315.79
423.02
16.02
290.67
642.56
2162.41
2337.69
282.49
672.10
993.21
738.23
556.77
168.72
654.47
578.95
1400.26
1600.26
1277.36
801.70
337.69
1274.28
852.77
1116.84
955.38
946.66
989.56
1880.77
1951.87
2063.59
147.06
1269.83
1434.34
1925.43
1270.76
2147.52
1741.76
2071.97
1433.98
872.32
674.85
1435.93
1201.00
405.57
1155.31
144.94
116.18
1989.07
26.03
2099.19
453.82
2171.58
1198.18
257.48
1213.75
989.19
673.29
1073.50
902.13
1337.28
1829.85
1303.39
1868.85
1743.68
113.04
1192.04
2381.32
2131.01
1509.47
2015.67
1565.82
2006.54
762.24
1276.55
2197.62
2277.87
1685.56
1842.01
1714.43
919.42
1938.76
1582.07
778.94
2077.42
1847.52
172.31
1787.61
1272.90
1579.53
402.80
1482.85
1046.96
1917.96
1109.28
1601.33
1730.23
505.51
1014.89
2164.97
1306.33
2209.08
148.93
586.72
2042.50
192.47
80.65
925.32
2264.28
750.03
577.67
1476.67
2203.70
1442.57
531.94
1203.62
1812.58
750.44
2131.65
1851.80
1595.16
225.21
495.94
1516.30
853.55
1559.38
634.00
186.35
692.00
1083.55
2365.35
900.94
1855.01
1578.64
2302.40
335.67
58.42
1965.02
273.46
1592.24
1247.91
336.65
560.94
1063.38
717.56
864.61
1325.35
122.20
58.42
1311.58
2140.25
1898.12
2274.20
820.18
237.44
1940.94
307.67
1121.34
1791.93
1349.81
1187.18
1274.81
868.40
2029.95
1561.46
1035.80
1497.39
1867.55
1176.72
2173.25
746.28
1021.07
26.61
62.01
2260.86
2363.02
2208.51
1616.40
914.02
1689.86
2179.30
763.43
2044.84
2269.47
1612.61
1455.91
344.24
205.65
191.08
1446.30
2244.79
357.25
146.21
1652.77
1290.40
902.12
238.80
1080.06
1130.13
290.92
1015.12
178.99
1604.15
1834.42
627.24
172.78
618.62
1354.94
1854.16
859.39
386.14
1459.91
1222.70
2395.73
16.96
714.88
1239.31
389.36
191.05
75.35
1051.24
177.94
697.80
23.22
555.67
71.76
992.94
804.82
840.84
1798.88
139.94
1987.74
1221.25
1523.86
292.94
550.02
919.37
1702.13
1698.99
1696.36
2060.59
736.32
1766.24
2064.30
1659.30
1895.23
1756.22
1462.73
1622.17
2057.27
1287.40
1607.10
1675.30
540.46
2185.77
1252.17
645.60
1764.40
670.96
119.09
965.61
470.77
200.21
643.35
2281.70
1150.21
1187.35
1962.76
1806.24
1675.76
1117.33
340.43
477.32
1180.18
824.16
1228.65
206.96
1727.68
1314.28
838.81
2068.01
297.12
86.66
1150.10
1487.13
1750.54
1294.11
641.40
1080.52
165.57
1955.72
1907.60
46.34
1153.26
924.42
1216.48
1125.03
180.17
1208.91
2365.64
33.84
302.89
818.56
1918.16
1982.32
2311.22
1457.06
1360.18
212.78
1549.87
270.93
1648.31
722.62
2317.20
2368.02
933.68
547.31
1414.42
1334.77
69.14
165.37
882.41
223.80
1929.66
1748.47
300.88
2263.12
763.27
709.75
1121.65
1810.98
1534.82
175.82
976.23
1886.19
1959.47
1903.03
2039.98
1307.46
2356.79
2065.02
606.58
542.99
1190.80
1761.72
2329.52
1663.50
1876.33
1950.11
321.81
2361.30
1900.49
1036.56
121.32
1376.13
626.23
1984.62
1147.17
2106.93
422.23
436.31
677.30
1787.74
332.62
251.57
684.03
2145.31
1275.15
398.33
861.24
1351.18
1606.99
796.19
127.63
1987.38
848.24
1009.00
725.88
830.96
1188.67
2235.49
48.99
1168.83
1796.45
2073.96
1466.98
264.93
722.89
899.64
1719.71
1080.56
620.27
941.12
1729.54
2068.21
707.46
1314.17
1995.04
956.58
1162.90
61.55
1854.07
1103.37
1180.95
464.98
930.84
4.10
1290.98
318.09
1680.85
69.06
1961.45
977.14
561.70
882.05
698.91
1694.86
1500.33
2266.80
38.88
473.56
2031.08
145.79
1072.68
1699.55
1355.59
922.22
899.94
259.38
1073.55
1613.24
1010.30
1126.49
1093.78
1015.53
639.48
2171.26
1025.05
2315.23
80.77
381.59
1166.74
1711.31
1180.57
782.44
215.23
1367.26
36.65
751.05
1783.57
1709.62
1075.08
2124.64
1681.87
601.50
783.16
1025.91
415.38
1151.45
236.76
1810.70
2061.34
1753.11
691.82
1467.38
2033.96
78.47
1828.00
1659.14
404.11
200.90
1258.73
731.03
1335.65
638.05
1712.09
101.48
548.38
1629.30
1725.33
131.73
1669.18
1048.62
1425.99
1915.31
2257.70
1686.61
440.77
867.47
1154.65
501.40
1527.79
1740.30
298.71
549.59
568.83
1392.93
1124.46
616.33
1685.62
1301.92
1046.90
2057.36
963.40
2133.92
931.43
1055.43
317.17
418.03
1489.46
2208.62
976.52
763.59
696.89
1278.36
970.78
140.23
138.20
580.15
23.00
2010.46
13.89
1249.38
1478.04
1251.08
1500.49
1108.66
1489.59
1249.28
2193.41
1095.58
1833.06
514.11
2123.30
2235.91
1812.68
1799.71
83.72
2113.45
2034.15
1455.60
1356.30
387.23
679.66
1213.74
990.70
1932.72
1873.23
1326.26
879.01
1989.22
1192.70
1683.05
2010.35
616.55
275.65
2182.64
183.00
880.86
2392.23
1420.04
2065.18
919.02
1381.67
545.40
2391.21
218.94
918.89
570.79
307.89
302.93
1002.49
1177.37
1650.24
2173.72
1814.09
86.77
67.89
1084.92
1390.79
2247.44
35.78
1369.98
107.12
746.36
1562.05
355.90
1591.90
2217.26
1237.11
1249.34
304.80
2326.25
148.44
425.77
1727.48
2083.70
196.55
619.91
1873.72
525.52
2108.10
1440.51
2035.79
580.24
2262.14
730.27
1052.06
818.70
426.97
141.50
1462.54
1513.05
2340.21
1706.70
1799.91
1297.50
1663.79
1958.23
596.22
2070.94
752.18
338.80
2330.21
2029.43
833.09
891.30
1757.12
461.13
664.26
1198.37
366.25
184.22
183.28
1492.66
1445.80
1297.82
1472.37
342.62
346.66
2089.02
2356.76
1445.32
1518.18
1964.54
126.97
1526.70
1005.09
1875.48
1902.11
1858.19
735.17
699.39
398.08
206.52
1676.30
1025.53
1505.31
2130.37
244.89
36.01
1316.29
50.92
961.97
1700.13
206.10
957.69
1424.40
806.40
744.83
2038.10
2137.94
217.67
1539.31
1084.58
875.08
1087.58
2097.78
2091.39
1333.09
2255.29
852.33
1022.23
1747.46
92.01
234.23
2048.39
1625.76
2244.99
2135.56
100.11
646.70
2207.84
1659.59
405.29
323.74
1271.49
2044.02
71.73
455.62
2012.99
2329.93
1188.62
2161.77
1150.05
1034.96
877.81
1135.24
600.05
2160.36
205.27
888.72
1050.89
872.53
154.66
2060.93
477.91
1106.53
1404.84
1154.20
1464.65
484.54
1281.95
1512.14
623.35
789.15
1032.23
1593.81
1126.46
2156.26
1205.74
506.63
1270.31
2073.57
1892.65
1434.96
1280.98
1694.30
1182.86
1391.29
1658.00
1001.44
200.90
1859.19
509.16
912.57
2094.59
1189.58
325.90
2250.42
145.89
2121.10
1689.84
1691.24
1108.66
1278.42
352.47
2181.97
1039.60
11.85
2332.15
784.79
1674.49
2233.73
361.75
1402.21
196.27
1461.20
1836.78
2158.20
896.91
623.53
61.72
1292.78
1953.91
926.09
1715.95
1308.07
2227.98
2130.53
1138.49
1290.83
1677.14
2078.84
1169.33
1493.89
743.33
667.37
1109.32
1712.06
2269.35
2090.89
1954.37
927.61
188.37
1707.45
131.79
872.12
1834.05
1684.19
1254.77
2250.46
96.86
637.69
500.15
883.04
1250.40
2199.07
1383.39
472.61
1776.04
260.90
1433.23
1351.78
1463.70
586.36
612.01
2285.38
288.50
2046.24
2032.44
2106.47
1647.36
67.98
1487.50
549.55
1993.14
1173.21
1261.79
640.40
236.99
2124.41
396.42
1219.37
963.85
459.59
471.33
2332.09
487.51
722.26
1848.69
1278.07
501.54
469.05
1875.60
852.57
1198.84
661.60
2349.38
1579.58
638.93
1753.75
590.16
670.06
1374.08
118.12
1386.48
1862.56
1974.78
55.56
1387.18
153.92
2031.36
2099.10
1182.80
1906.78
1867.70
833.30
245.13
2393.92
375.18
2079.24
5.88
1640.81
2165.56
381.57
205.42
1000.83
297.30
2153.18
609.03
200.99
2103.44
657.59
1611.27
813.29
855.26
1368.00
245.34
1132.75
340.14
287.73
286.47
1601.05
1080.42
587.38
606.83
2161.20
1339.25
105.91
845.36
2292.51
1939.56
314.66
1733.64
692.09
2124.79
1650.77
1987.71
1756.48
656.02
1062.70
1466.27
661.03
160.44
1018.70
1718.85
932.39
1360.51
1476.52
440.89
1555.05
779.24
2042.64
921.68
1514.75
1322.31
1399.80
642.70
767.45
193.99
856.72
486.85
1191.87
701.20
297.14
2311.41
2095.00
1616.08
1771.70
1588.99
2218.01
2261.85
620.19
1595.67
1613.43
2160.98
2139.23
1917.99
2157.70
1050.81
1735.51
941.70
1268.21
877.24
1335.92
2247.32
360.54
2388.05
1193.38
1054.87
2240.67
1532.04
309.21
1766.45
990.14
1057.05
940.25
801.39
2059.46
565.39
1273.08
1353.30
622.49
794.51
1696.14
256.08
251.26
961.76
362.52
404.80
1162.62
2169.56
2275.77
2102.13
545.81
1702.41
2010.91
1607.46
139.53
1998.56
1456.59
1795.06
47.35
1150.17
2316.10
2075.02
1525.48
1898.42
2393.50
48.57
1327.22
2381.83
1320.35
2014.19
1536.57
2008.61
404.49
1687.58
1894.90
1292.12
1058.13
2154.39
2148.62
1454.53
2067.04
868.28
1796.27
615.21
1356.65
1926.65
1991.42
758.64
1318.35
605.26
575.29
1923.78
580.26
788.45
576.19
1405.05
1248.37
1886.69
377.85
1972.65
1318.64
297.73
1474.48
160.65
87.66
729.56
816.08
578.02
1842.79
2141.91
66.27
2122.87
1315.03
366.02
2371.83
856.19
2092.87
2121.97
1400.46
2157.01
2342.04
208.71
1560.63
1821.91
227.82
1664.62
1051.60
1839.04
126.29
2344.24
1825.76
125.25
1309.81
907.51
883.02
1979.02
1728.48
1996.65
1810.84
927.09
2168.48
2121.50
2188.20
1886.16
1461.38
312.99
1759.55
1958.08
385.03
1897.01
180.49
581.25
1334.49
1118.94
1675.82
1098.26
1029.08
858.45
1404.13
2353.88
487.63
1232.51
832.18
1110.17
1972.39
2142.63
1744.56
297.03
1553.27
702.74
1023.56
1937.58
925.34
1038.33
1742.12
141.32
389.70
1812.59
1581.34
2142.72
226.25
1741.89
1680.95
493.85
2330.97
1639.73
529.66
2291.14
2192.54
1303.86
423.29
1391.48
234.73
2145.52
1884.16
696.07
2224.64
691.70
386.09
419.83
619.79
1837.01
328.95
698.39
1235.74
2219.59
1880.83
367.71
2013.55
163.00
799.90
718.12
1452.41
536.23
1198.82
2050.17
2213.22
262.12
1064.26
635.54
2364.93
728.80
2029.67
1476.12
902.87
475.08
2015.60
531.78
1621.50
1220.87
1861.12
948.51
23.23
987.89
141.04
1377.05
866.24
1389.47
1300.20
539.04
1894.44
1636.14
512.80
475.40
2139.05
343.17
360.70
1098.47
297.43
458.43
2364.08
842.05
2028.15
1243.21
892.92
2023.46
469.28
189.76
395.22
955.24
354.63
1991.77
773.77
971.01
896.28
1122.06
1810.19
837.75
1815.62
1051.19
1430.17
314.44
1623.84
1904.72
1555.42
497.85
998.42
1615.36
2328.72
1164.92
731.25
1094.24
2052.89
317.92
1102.33
2148.08
1607.78
1737.57
544.18
1849.90
723.55
993.56
1649.39
2052.57
454.75
62.19
2012.04
599.50
432.09
626.30
726.84
898.98
1640.77
1038.41
1632.17
424.21
2103.96
954.88
2173.48
797.98
2212.63
1468.54
508.76
1222.40
1087.78
1152.05
1342.79
2332.39
1915.06
1007.91
1576.68
210.58
1644.97
759.97
2176.83
1237.96
976.33
680.79
2181.09
364.44
1626.75
2176.17
872.08
215.09
1639.12
946.86
1188.79
432.84
72.47
705.05
855.91
2313.71
1451.74
1715.29
1455.51
83.01
1362.20
526.96
1546.05
273.14
2289.66
1909.32
457.91
1000.69
1541.68
1453.85
1641.73
169.12
1549.35
978.43
251.45
1548.36
2362.52
2014.45
167.71
266.78
1469.38
2358.07
799.03
1760.61
303.80
2090.05
65.06
1783.76
623.93
2097.98
640.50
1897.46
911.90
306.83
2343.85
1226.36
1146.56
1011.03
108.90
1746.84
930.71
566.72
385.55
253.77
523.24
1990.63
2299.59
676.03
544.07
1349.89
762.31
1909.32
1512.82
2084.72
2204.18
829.28
187.64
1346.73
1060.00
409.84
1842.68
899.33
2361.19
1486.39
1105.97
2243.46
1409.11
448.08
2031.79
1361.68
2289.66
1361.43
66.91
1470.23
1783.46
1289.13
180.02
445.81
57.46
1650.47
2203.41
1278.86
1845.67
792.01
90.79
1021.89
1190.45
240.37
1645.53
592.07
942.50
180.20
1566.04
1682.95
1364.48
1048.70
1852.82
785.31
646.98
2370.35
1637.50
504.27
408.15
142.64
1339.97
1431.20
259.34
1461.95
1940.26
750.27
2073.42
1370.97
2323.86
388.40
2045.78
1740.15
655.69
1750.04
1971.04
1584.19
1542.81
632.18
2245.05
1472.58
184.62
1308.33
2022.73
573.57
1600.19
2253.48
1400.78
1425.23
1786.88
64.21
1093.28
2171.37
2083.41
1199.55
461.75
2142.48
1569.13
606.20
154.32
1718.10
1619.09
1947.15
1825.82
1976.08
2203.03
1344.01
407.08
645.80
1276.65
962.32
945.81
657.24
2021.63
1915.86
1554.76
237.44
2129.17
871.69
2055.07
1220.82
2243.22
955.30
224.91
929.33
1765.56
214.37
484.98
693.50
1161.38
599.68
526.45
2362.66
1739.07
1920.44
1087.19
707.12
1668.37
961.05
786.66
1787.01
1982.06
2163.90
850.66
2081.97
950.84
1338.82
2010.83
404.00
1363.14
339.31
432.58
159.19
709.88
982.74
2109.86
871.98
1989.60
1397.88
1457.02
58.30
1950.32
1803.68
2262.55
765.76
476.12
955.19
1566.49
1522.65
1118.37
1046.81
1442.82
1167.43
2134.88
1110.46
1608.21
1293.06
1969.63
294.37
684.66
1624.25
558.84
1846.37
985.26
1024.48
21.31
2034.10
305.89
649.54
1699.52
1567.44
348.55
1569.67
1910.84
984.08
2075.81
1766.74
1352.89
1983.00
2041.50
409.01
559.76
1335.29
1944.57
1126.41
2345.76
555.68
1106.72
1814.33
2022.92
2383.58
2098.42
2239.40
1909.32
1676.52
412.27
1394.80
952.03
491.34
1591.74
298.00
1974.14
1023.56
1957.95
155.95
553.44
187.62
1510.89
804.22
1637.34
632.09
728.25
131.61
336.35
848.92
699.85
595.07
566.19
1942.39
268.19
765.10
1988.24
2106.40
1223.74
777.96
1352.97
795.05
2041.95
833.31
2216.62
1612.83
1997.08
1239.12
1233.12
1152.87
2132.32
1119.96
1321.15
1947.96
2149.88
695.09
1930.77
2006.33
74.92
646.85
1129.02
295.49
2146.56
2287.30
1676.50
608.54
651.32
845.22
1881.66
1640.66
260.70
749.70
558.50
54.90
1449.87
888.16
469.76
357.32
1184.54
1486.41
30.95
2031.17
2149.46
963.06
2001.61
2094.62
818.34
2046.49
1373.81
1509.22
1967.93
1499.13
1558.74
2068.22
2370.56
714.76
706.83
169.25
2054.49
747.05
857.87
1254.11
1446.82
1057.66
2130.95
196.65
840.79
298.53
2291.22
559.96
52.69
439.17
1056.93
26.38
1526.86
1767.11
1918.04
1738.03
1570.28
858.85
43.41
1622.91
540.90
1820.91
583.55
657.67
1090.66
1362.87
2013.15
531.75
118.82
2346.45
2004.12
1701.35
2263.10
792.12
23.68
1848.51
1857.66
2185.60
215.82
550.27
736.08
1279.44
1944.20
2180.56
418.72
1606.50
1929.22
78.52
1306.16
510.84
1349.86
2320.19
1350.63
332.62
2292.56
1827.84
1658.62
1514.80
101.27
292.43
710.11
1114.83
355.23
1826.91
227.97
1627.66
1111.40
732.35
787.66
2067.59
1497.46
343.17
1811.20
1384.06
63.73
2239.91
2012.96
1739.13
2032.51
1597.28
1757.89
2171.42
51.76
1064.49
2201.14
136.73
1523.99
1043.09
1471.16
2236.51
1199.81
1530.83
742.85
501.09
2069.60
962.18
88.32
632.10
1220.12
2045.66
547.15
2241.72
1742.14
1638.98
693.48
1912.59
2112.31
2227.79
546.17
1812.41
1363.87
1674.42
2297.85
5.78
1432.06
334.66
1526.72
644.10
247.18
1557.94
1185.73
1687.24
221.60
165.27
2343.65
459.23
1322.47
1834.49
2251.55
1906.21
1285.58
1093.71
2196.23
1686.93
632.41
828.32
616.39
142.56
459.69
479.67
2260.26
594.81
970.93
2335.85
351.42
2122.02
1162.05
2019.60
1987.09
2356.25
672.25
1787.58
2199.92
76.83
616.55
1959.26
2076.45
2356.66
815.95
700.29
1531.35
868.35
1027.89
1823.10
1007.37
8.96
2394.54
2103.07
1426.57
326.93
1131.22
2117.47
1906.14
1932.43
634.68
1319.16
145.08
2086.23
1674.38
977.61
987.34
112.88
441.85
867.67
914.35
1810.71
862.64
155.46
713.93
1748.05
234.70
1544.96
895.14
1535.53
1339.01
1569.33
2133.41
516.46
1696.87
847.02
72.02
1384.71
2333.16
1606.30
360.01
1928.43
2300.45
1129.52
1304.77
2225.62
948.85
2353.50
2379.01
2085.49
1761.91
1138.72
1541.01
83.82
192.95
1406.17
57.08
1346.12
857.68
2074.21
556.82
1082.10
2173.01
1001.55
1429.63
163.73
2187.27
1816.45
858.38
1772.99
845.42
523.56
415.33
1067.04
898.89
1289.10
1141.75
1980.45
681.08
1142.31
13.64
3.67
1332.74
1383.22
89.70
2210.92
1323.70
1015.42
296.37
605.15
2053.76
31.19
917.53
15.73
974.58
227.16
1530.34
1036.15
2008.00
1415.54
2286.06
2083.72
1725.05
1083.38
858.12
1368.11
1435.57
1357.54
1948.58
1727.29
57.36
1365.27
1712.79
316.09
2334.07
1619.60
1146.95
862.63
866.28
2114.93
11.80
515.02
1281.67
387.51
168.71
2177.41
2267.08
1188.75
2260.84
762.17
986.73
2078.47
1844.24
249.66
1527.23
1342.60
1260.86
1593.05
2211.91
931.92
1411.06
382.04
548.60
1687.84
504.03
220.50
42.98
705.26
1097.08
432.35
1312.18
1282.14
966.89
1204.18
1281.06
961.24
1483.03
359.46
873.47
473.11
637.49
2101.33
636.49
284.34
804.87
1132.40
290.30
2391.73
1982.58
2038.86
2016.26
2043.79
2196.25
193.95
1116.34
213.64
987.94
2045.72
1009.99
1130.52
107.16
257.36
1445.07
525.17
917.67
1939.67
484.46
2004.90
1029.47
275.52
1092.39
1296.23
455.61
959.24
1758.74
939.23
1825.65
2140.35
1535.73
1164.02
1771.84
2141.09
123.84
1968.13
2364.51
1951.57
609.78
1675.53
162.15
1266.65
1485.96
1827.69
2127.04
1809.73
1134.73
91.85
803.69
1127.10
208.28
1411.44
2355.23
1384.59
2316.10
1518.31
304.58
769.60
2046.29
597.14
1759.05
419.77
283.14
23.39
163.67
473.91
1090.76
414.39
163.43
188.81
162.77
656.56
1803.26
886.28
1804.18
568.00
507.32
1505.38
1337.10
866.73
2351.00
1104.64
2255.83
1905.30
2003.81
1684.95
1427.50
834.75
758.77
509.16
877.37
1842.06
1240.33
45.74
2226.27
1970.50
2273.64
1941.03
372.02
1923.46
1218.88
2360.88
796.76
765.97
2084.91
1847.65
1586.31
1152.67
1969.37
292.04
1697.24
1974.05
881.19
952.07
1726.31
1454.34
1499.95
111.26
2388.15
776.15
1980.58
1888.78
1712.59
1302.92
2290.47
37.14
2160.01
1054.67
2018.85
996.76
1100.53
1485.71
1756.00
80.32
1023.89
257.22
1562.76
636.91
2139.40
1427.84
238.34
1252.28
549.38
777.74
2090.36
1284.73
1396.82
460.90
158.67
1328.47
1856.23
2311.33
1323.42
2162.39
109.94
1638.58
1125.26
1547.72
759.41
1549.95
1293.90
821.98
2102.07
1319.94
584.18
278.02
1640.90
1615.98
380.47
1268.26
1661.90
475.61
13.12
15.50
2107.87
72.46
476.10
1856.54
2134.34
1761.76
2276.26
1349.86
1171.55
1053.29
522.71
1317.98
503.83
1949.89
140.24
675.04
2182.64
1176.10
382.90
1339.16
292.31
1285.40
1494.10
1233.17
935.19
1972.10
666.73
902.02
37.65
1011.05
187.39
1536.92
2085.20
892.56
910.55
1560.00
498.72
1040.16
351.27
1919.07
1561.61
1641.24
901.89
2077.63
1823.03
176.63
719.69
445.48
2086.01
686.57
356.49
1609.33
264.82
1278.81
1272.68
2161.32
1875.81
290.65
1741.24
1829.53
1232.87
2191.18
1040.58
921.59
2074.00
115.09
1861.34
823.19
727.75
1207.78
1451.50
922.03
1744.49
961.60
975.43
309.52
2284.71
288.53
839.70
1226.27
2005.98
1471.50
674.81
2229.10
2306.06
1234.33
1688.12
817.32
128.43
2165.89
114.71
1885.25
1311.18
2011.94
1840.90
203.40
2356.06
47.80
185.63
1609.75
355.08
419.75
847.04
1975.02
325.95
133.00
1242.79
1806.87
1791.44
300.29
2259.10
725.44
2168.14
763.76
1584.53
536.68
2395.38
1123.57
2298.88
686.36
834.36
645.30
1473.86
1637.71
418.60
2102.27
845.30
1154.05
1902.29
1238.15
718.10
227.94
2195.23
1662.69
1186.24
42.65
593.38
2109.25
1791.46
715.00
1931.18
1859.56
931.48
1182.86
1487.23
1226.91
1721.82
199.83
1793.02
955.61
453.70
1395.96
1831.58
199.56
1505.46
1992.52
386.52
533.03
93.53
489.08
769.75
76.32
1888.93
1712.55
2358.66
769.63
510.71
613.84
927.81
2091.38
2296.95
1104.31
1183.26
658.93
1387.21
2179.24
2361.14
1367.21
509.39
1627.91
2246.10
776.98
879.56
1112.96
845.67
2340.53
278.25
1795.35
2334.73
1405.05
614.08
1852.86
101.64
780.15
517.82
648.98
2236.69
802.07
1843.31
525.85
1994.91
1909.62
2022.78
191.26
2109.42
817.95
2351.43
636.11
1082.87
327.63
553.44
1971.84
1194.65
671.64
1299.73
1337.54
283.88
827.29
2243.02
228.97
1877.41
467.10
27.21
1436.57
2127.29
1013.23
1401.99
349.20
1310.53
64.97
1203.20
2346.28
1950.99
435.40
2217.47
323.41
1765.79
501.13
1538.02
403.83
2222.59
284.83
452.70
2315.13
1359.58
761.04
2021.72
2109.20
44.10
842.15
1850.56
1607.21
1108.13
1894.93
2132.96
2360.24
574.18
1472.82
537.18
866.75
1945.28
1694.74
1987.79
2388.03
1237.00
772.35
1320.59
1788.38
1290.88
1505.92
443.65
276.57
1848.60
1655.21
1989.41
482.88
1154.69
1204.04
1143.34
2006.76
2308.84
2211.57
330.68
993.00
1408.85
1512.20
132.11
290.71
2240.94
1095.89
1896.64
1393.76
2198.95
1674.22
590.74
297.35
181.54
668.32
2153.69
416.89
1111.61
2071.74
1950.75
1183.35
1909.33
697.82
541.33
629.73
1877.67
2197.00
1743.64
545.39
1957.27
1803.25
898.19
977.33
1052.94
1172.56
596.24
220.67
630.33
1853.14
652.13
260.92
616.42
817.75
784.00
1450.81
1397.84
2103.34
2332.36
1964.71
943.26
1673.95
739.50
1394.02
645.38
1499.45
1860.74
1254.93
519.11
1576.69
2294.94
573.57
947.19
717.08
1561.95
2091.27
2396.12
1568.60
1894.65
2086.61
2316.24
1557.93
2349.93
2128.53
1023.47
2374.08
1732.77
176.31
195.77
1701.66
1457.20
539.71
2186.54
1023.86
66.88
1313.23
2177.45
1592.58
501.41
2393.31
1747.48
2011.37
1456.83
1082.11
1124.04
1888.16
2315.81
408.97
2288.53
2231.86
1385.45
768.88
576.72
1057.35
1337.83
1207.43
541.78
41.43
392.52
1326.09
1360.85
319.73
1113.82
174.83
736.51
2068.75
2178.61
1083.50
2124.41
1543.40
1391.67
821.26
1130.14
1412.72
473.16
1998.16
1823.92
498.78
344.63
1929.67
1662.70
1532.84
209.50
473.64
1760.95
1835.20
2338.17
435.07
1573.89
1937.47
1096.98
1100.68
2375.24
649.19
78.85
446.09
1364.64
800.84
1118.16
585.14
1985.27
157.79
658.32
2041.75
1912.34
126.89
775.05
1788.18
2270.54
757.46
2009.30
1004.67
739.55
1474.99
893.41
350.86
1319.26
1217.95
1271.75
1887.47
2215.26
1835.34
1176.17
1430.99
608.72
25.91
1510.93
1266.59
939.80
1639.30
1902.81
1833.31
1948.17
1672.36
8.70
1108.35
635.24
934.50
1583.88
2251.98
1575.27
1516.89
1273.74
1910.36
1425.37
503.71
158.58
1685.38
582.10
1962.81
2036.92
1985.20
1048.23
736.60
544.35
390.22
509.73
17.94
965.72
489.49
413.24
651.27
1347.57
1786.99
890.39
1372.39
1936.66
1801.18
1517.87
1859.58
2308.31
1331.68
1134.12
1067.99
1277.84
2069.20
120.87
697.35
906.16
705.83
1966.08
272.66
2127.55
1081.45
1936.03
2077.29
1700.04
1781.91
1620.36
1631.54
777.91
1099.06
24.60
2330.82
50.22
1936.99
1172.36
2370.88
134.58
2244.94
2075.16
963.66
147.26
302.74
2230.74
1933.86
2352.56
1637.73
2103.12
576.23
232.06
569.69
1782.96
178.12
2221.01
1064.97
2037.78
2139.90
138.06
757.93
973.32
517.17
473.17
1622.63
1698.91
423.00
2391.33
1114.95
1446.64
1226.53
1066.33
2099.95
308.92
1139.69
2074.89
1376.93
1242.41
1281.82
2019.83
1109.59
2349.62
2293.60
1411.98
1775.27
2224.60
1552.48
1384.18
566.08
1396.50
2038.36
1128.46
597.48
282.97
1351.49
1562.22
924.60
1855.59
1893.78
2152.21
287.33
1451.93
2325.76
2394.31
165.04
1898.85
524.08
870.67
511.37
1625.06
511.39
2183.62
1315.45
2317.22
2047.69
1916.37
2161.69
1775.04
111.75
1867.48
2147.68
542.09
527.06
540.57
722.08
1151.30
1058.39
349.78
603.46
996.46
563.12
1690.94
158.44
2013.10
1103.66
170.44
1568.68
1026.57
2084.71
1486.29
1790.50
1928.27
460.28
1938.91
1026.11
354.19
2066.66
601.43
1702.91
4.45
1796.64
1913.82
320.27
491.34
1191.85
1621.99
1489.59
273.96
793.92
2316.59
197.78
1308.72
1074.91
2354.37
1170.38
247.11
823.05
821.14
989.89
1948.56
1635.89
1869.75
647.08
589.23
1404.43
2365.70
1746.41
1288.17
1020.63
106.17
110.72
2363.14
1199.57
552.65
717.90
350.94
465.02
616.58
1797.18
1425.22
1152.38
546.40
1980.20
1870.96
2117.99
2081.12
1106.12
1548.11
589.44
1971.36
1834.26
2217.19
2220.40
156.29
641.22
726.81
660.96
1735.00
524.29
2044.21
1212.68
2058.31
1628.73
1005.54
740.63
2393.92
922.22
2111.46
2007.33
1146.47
1478.37
1076.02
2166.23
2092.98
1369.45
1050.18
1220.17
195.56
2280.42
411.35
145.05
2032.57
1851.98
2268.75
2124.46
1859.41
1475.32
553.49
2176.21
302.84
1935.76
1232.73
1387.83
2280.38
650.39
1157.26
1079.67
849.09
50.43
1059.37
2325.97
2227.05
1302.99
378.90
909.15
1613.11
1312.32
1295.74
1939.19
2201.86
1951.91
2006.25
2265.79
202.73
328.80
629.38
2068.76
694.89
1391.15
566.40
2143.69
310.26
1305.91
1546.55
1527.07
377.65
894.97
1939.01
1116.19
2101.15
1152.34
159.02
362.62
663.97
580.20
374.07
1084.04
542.61
298.70
1948.41
1877.78
607.91
1911.00
603.36
776.31
1260.34
483.06
1106.14
414.43
153.77
1963.79
1150.33
989.16
1189.31
1487.91
172.90
450.33
2135.18
1025.56
1160.67
386.43
1134.59
1622.33
464.66
2287.36
641.17
1952.51
1989.38
1037.98
2302.27
1949.53
1637.36
2271.59
1292.39
1288.97
1147.36
2122.90
1182.41
2274.66
801.98
354.05
1517.36
910.63
180.67
973.55
1960.08
877.99
778.36
610.49
341.76
1840.09
115.26
1460.31
911.45
390.34
1120.43
2322.78
1735.82
1807.73
1246.30
953.26
312.94
634.86
677.12
798.22
1931.75
1351.91
81.09
1403.62
1526.46
8.12
2100.73
323.67
1460.23
1679.42
214.48
1399.00
1230.65
606.50
1523.94
902.40
1156.98
1477.32
1181.91
353.45
386.24
318.91
1757.36
1919.88
1315.39
2264.02
1244.96
450.38
1965.47
649.79
1067.64
1165.26
1588.20
706.73
2124.52
1544.19
2239.53
1508.48
682.10
1193.77
1638.21
1463.22
1299.47
1005.86
1991.12
2140.82
2256.01
1456.85
141.18
210.83
634.93
909.21
1697.01
1012.14
96.37
170.13
1728.60
1581.84
179.13
985.03
2253.70
1832.52
1700.24
1125.22
709.70
95.19
1098.77
1313.05
1658.18
1754.40
2300.72
1475.31
1497.42
788.43
973.95
369.69
2025.62
94.43
2109.36
1243.59
1431.46
449.03
628.74
416.61
577.32
1212.72
1536.26
996.45
717.43
1355.01
924.21
1054.12
553.54
1961.32
754.65
2063.56
1130.01
2393.86
1499.08
115.33
1302.46
2054.11
1213.09
2113.67
671.22
1117.76
1457.92
1901.22
1103.29
1402.91
1904.14
468.31
962.70
1941.17
2006.93
1595.39
738.26
1198.92
2374.73
1168.23
1005.14
1716.66
1449.25
989.74
622.86
1548.53
492.98
1807.73
1274.63
629.14
1715.84
389.88
1081.98
457.42
1750.60
1694.72
1377.24
56.26
64.98
258.42
978.27
1353.87
1748.91
572.67
849.54
1777.30
1905.19
611.01
1883.42
387.57
1793.38
2286.29
708.23
1339.26
2007.92
562.21
1013.58
1443.58
68.72
1818.09
954.82
1947.26
1225.60
418.25
1692.84
1343.69
1540.54
1238.76
1226.39
939.30
1187.39
1522.45
595.74
366.04
1040.62
1837.27
2195.38
1579.33
942.40
1456.59
2105.90
2128.11
1857.69
1194.90
527.50
2228.59
344.57
1377.04
2262.62
435.98
320.76
2393.99
1367.63
1247.28
591.03
1515.68
2220.64
1039.90
1094.09
1803.55
413.82
847.60
1914.04
1624.66
885.88
1592.20
861.61
984.68
298.39
309.98
823.53
1571.00
285.34
1717.53
326.03
1966.81
1351.00
135.77
1282.15
2080.94
2097.93
49.29
1376.40
276.69
301.86
357.10
1460.94
840.12
140.52
2202.57
1409.31
2087.29
1718.98
195.18
1618.49
728.63
2366.88
1331.24
1582.60
767.41
1430.51
1463.81
1942.73
1426.80
881.86
782.40
237.66
1521.21
1857.03
1336.25
2340.28
758.82
232.46
2144.19
254.30
634.46
1726.07
842.43
1776.29
980.23
905.13
1832.84
1574.16
825.65
917.56
332.41
1958.89
833.12
350.97
1013.09
465.70
379.91
1264.43
1082.18
986.28
2133.22
1951.13
87.89
324.73
1608.73
911.18
1056.80
926.21
2124.81
761.19
1727.41
452.52
283.47
1406.60
1609.81
564.17
367.37
1165.64
864.39
1163.50
1585.75
1163.53
1148.97
2084.09
978.09
1723.37
7.78
1252.44
252.62
1652.63
2135.32
520.59
642.24
2335.32
1934.72
2203.29
1620.46
2360.29
254.53
1525.81
743.23
176.10
1333.76
2360.53
2069.86
1289.55
1303.62
334.82
466.59
756.71
1766.49
239.05
781.17
1004.10
1073.88
1030.52
2038.74
972.32
419.43
2178.70
2051.89
1039.33
140.25
1801.21
1733.51
1663.12
571.21
785.28
984.96
650.48
822.87
1321.64
204.60
1748.20
1438.14
862.15
487.75
2309.78
703.05
2287.62
982.66
299.56
1353.00
1746.46
2053.91
1570.77
1869.49
119.30
1931.42
1762.10
2292.20
768.78
1489.06
1651.54
2336.84
2375.85
1235.41
349.73
1369.25
1057.51
1565.23
3.11
797.57
2177.84
1140.65
1145.51
455.53
2114.64
855.18
1993.94
325.14
1517.09
2257.06
1201.89
370.35
1927.23
1892.47
1785.32
1440.47
559.17
407.73
153.97
1213.37
1026.36
305.40
2308.01
1320.79
878.35
407.00
1993.86
1648.31
1302.71
467.72
32.84
1547.73
1052.24
1224.32
815.05
1931.97
1975.61
138.15
1651.40
424.73
1394.89
473.94
863.92
1100.53
2303.78
1616.77
756.75
1024.82
1049.50
1451.44
1385.24
298.27
1449.51
1478.15
816.28
1410.62
1822.68
1144.05
1392.76
263.43
290.48
2027.33
541.58
584.76
1981.29
2360.73
394.89
162.59
385.09
1332.63
1580.33
994.53
1584.82
2042.18
2266.40
170.15
91.42
187.20
178.36
399.86
177.32
1293.55
693.20
602.32
2221.70
2029.48
1163.64
1868.66
1220.97
1185.04
1321.17
2.24
2071.31
1028.43
1518.49
1150.40
1698.08
1099.24
1508.09
1764.59
1365.47
1479.51
1067.67
1765.03
439.81
2022.36
1985.59
535.36
183.33
1395.58
1930.70
279.27
1211.30
397.25
94.18
1121.01
417.76
217.54
1532.16
1695.11
965.47
1302.14
546.36
393.94
1594.60
1880.83
743.01
231.72
1617.35
618.37
571.73
1707.27
1036.56
1252.67
786.10
2204.58
2192.95
905.76
2178.25
1893.90
768.60
1880.21
890.61
2313.02
116.73
1060.91
1192.53
1186.92
1988.95
330.42
1489.65
2024.97
1637.59
507.24
1019.10
106.31
1487.63
1840.79
975.85
546.13
644.46
1137.88
781.90
90.98
1997.54
164.93
397.08
1519.36
178.46
2217.37
993.69
685.09
523.20
713.84
1710.17
1896.42
2334.56
227.15
386.59
469.70
189.91
701.15
1989.71
1334.07
110.86
845.92
682.70
1739.71
70.55
599.04
370.99
953.35
2366.44
2315.71
128.73
2147.17
1342.00
1362.04
947.84
1050.35
801.70
530.85
2161.69
2074.84
1007.00
1800.65
2037.72
155.13
1208.37
1467.76
853.74
1373.08
1945.64
898.74
577.70
233.07
1535.98
206.47
663.97
2239.07
944.44
280.74
2063.65
1249.44
669.93
851.01
984.33
1459.35
245.90
2034.74
77.37
1876.38
1966.18
644.62
610.59
779.61
1869.75
1891.31
2105.89
1548.10
1954.40
601.75
565.37
1843.87
1484.58
1728.13
978.74
1467.45
164.76
1907.88
479.24
84.92
1006.24
651.52
2185.34
2166.78
1314.24
72.13
514.86
1536.12
1570.61
609.70
1604.43
20.11
264.54
802.75
1643.22
242.46
851.09
170.90
2334.57
1882.65
88.50
77.31
1874.88
165.95
1911.52
436.22
1112.72
329.55
923.17
317.84
431.35
87.34
36.79
1514.46
1848.82
580.09
358.30
348.64
268.48
1429.16
274.87
1543.56
1145.52
830.02
566.55
2283.05
1760.92
648.02
971.56
655.98
933.90
299.38
602.19
1780.87
1929.68
2151.29
825.67
299.89
285.29
1437.50
235.31
28.75
1609.65
1401.01
700.82
313.10
2354.14
1491.40
939.68
1488.30
1381.35
527.22
193.82
940.89
496.95
2201.42
1637.16
2206.00
648.58
1319.51
944.59
209.57
1095.30
1669.27
1183.61
2243.02
2259.20
1963.93
2305.60
1037.92
1584.87
1956.29
405.42
1475.71
1096.03
2319.17
1355.96
1719.41
394.58
1251.08
1289.61
340.06
2180.68
953.13
2054.01
936.22
443.77
1767.44
930.41
725.83
1174.56
718.71
2367.50
526.12
1403.46
2211.58
1805.54
2226.58
1583.91
1295.99
130.30
1208.09
2294.65
1185.70
29.90
936.53
1552.87
273.65
846.71
854.83
41.71
1939.84
1923.94
382.09
581.66
372.80
1076.34
106.05
759.78
1693.06
1780.53
1030.41
2199.77
1239.99
133.48
940.54
630.31
1478.94
2328.42
1932.58
609.26
2176.67
1749.13
604.10
1083.58
560.37
1188.27
119.70
1635.09
1422.86
901.49
69.26
760.37
1780.69
849.17
2133.77
1278.53
1583.21
1358.14
659.83
207.59
1484.06
1416.85
2150.38
974.62
2019.29
1607.66
825.22
132.07
2357.27
103.32
1000.23
2025.73
2178.24
1914.85
255.63
403.38
1252.77
2252.19
1370.44
784.09
1475.79
1338.58
1750.04
2202.64
2329.98
753.44
758.66
1362.51
527.44
1491.11
1248.93
1332.52
384.07
551.86
1356.03
330.05
1331.13
260.00
1986.95
1452.23
1477.86
1956.95
903.96
920.82
1607.07
1859.62
31.31
1694.52
1776.16
282.48
479.66
1624.83
73.99
66.18
1130.96
1810.89
1286.41
1815.54
446.54
2306.87
676.63
1752.34
1760.72
874.71
2168.54
984.19
1348.38
1486.49
1382.62
2032.39
1476.03
1527.51
1202.29
221.65
159.40
1558.04
1106.58
2103.96
1035.69
592.26
381.68
617.08
1065.98
377.75
791.60
273.34
674.28
2008.75
2078.97
1704.88
31.39
378.86
1045.00
1707.32
921.49
1754.04
762.75
804.61
671.15
1656.91
1122.44
1368.60
1174.18
2275.94
34.48
1499.42
1514.37
597.92
1657.29
59.82
815.32
1308.61
2249.27
92.07
193.71
1240.81
1547.34
842.05
482.71
613.10
1882.01
375.52
182.39
1021.79
983.85
209.92
1090.50
1085.14
1814.81
1587.02
901.76
1237.78
1034.84
390.30
603.57
1008.79
2208.69
294.89
2360.90
1480.00
2179.78
2015.51
549.67
2250.34
311.69
1423.70
357.89
2007.52
1795.52
1141.15
696.38
422.11
1203.19
66.16
1006.93
2075.94
181.56
196.41
1068.95
2162.43
1122.64
1197.49
1857.33
1412.10
742.66
1706.03
1720.84
18.60
910.49
588.33
1926.25
40.83
1931.72
1562.75
257.17
813.01
1621.54
1223.33
2293.22
1257.86
128.99
1026.40
1492.93
2024.20
1486.51
506.16
2050.59
969.64
1060.58
1494.45
894.01
78.09
1413.02
985.19
1594.69
1752.37
1404.31
1220.23
1726.08
1785.18
2246.80
1453.66
1272.84
1293.01
507.87
1169.64
1192.22
571.93
984.25
1982.47
180.14
755.35
1470.22
840.43
690.40
1401.06
318.28
1312.49
2297.17
1910.21
1586.45
823.08
1838.79
898.05
356.54
988.45
1204.37
220.62
919.79
118.24
253.83
1784.59
1275.85
1852.42
901.31
249.10
237.03
195.66
1051.15
1694.16
134.07
87.76
820.79
653.02
292.24
1412.76
938.32
1912.65
1015.16
1989.77
168.66
1502.01
61.78
1380.75
1618.35
89.04
155.60
2331.76
16.60
359.38
1121.65
72.29
1770.07
474.18
1183.21
633.82
750.52
1097.72
1388.11
2082.71
1163.26
938.56
543.10
203.01
2065.99
1890.42
2191.65
1662.83
129.66
2312.18
639.12
1930.27
716.26
731.39
2317.27
860.28
1580.72
1694.53
353.47
34.72
395.31
1703.72
584.06
844.48
1190.26
895.55
1296.76
1328.68
197.52
424.49
2170.10
2370.06
1696.79
1243.72
1024.24
887.15
6.28
1399.62
2315.64
996.93
988.83
1540.14
1982.47
413.90
1238.37
172.74
138.68
1036.90
1912.87
1555.75
231.22
2188.08
547.15
2178.19
1813.74
286.83
658.29
1483.57
1880.72
164.49
454.55
1594.05
1129.04
679.37
1658.94
2140.02
128.22
1785.25
956.91
1693.18
2140.98
1705.27
1483.71
1121.28
1582.84
1402.19
868.59
2385.45
30.85
577.20
1640.73
1693.70
1204.74
1189.75
1712.46
493.90
1661.98
1532.22
2355.51
860.37
1738.65
447.35
2172.07
368.04
1942.09
714.70
1292.87
2146.61
937.63
1231.51
2281.81
1276.20
2283.01
1770.94
2016.63
370.62
1708.20
1553.35
575.74
2325.92
1644.72
2230.20
1026.16
721.17
2030.78
111.74
974.28
942.43
912.68
1009.44
1309.74
232.36
610.42
577.04
644.74
1684.14
1432.44
674.50
2077.68
1168.38
1478.85
1043.31
1981.64
1837.30
98.65
2060.91
630.38
1187.45
768.84
2207.19
766.81
1729.60
174.29
842.28
1567.02
1033.69
1203.89
715.24
846.36
1410.90
1885.29
428.17
2174.22
993.19
1569.23
1237.93
193.42
480.03
1554.40
442.59
1934.43
496.00
1913.10
1727.13
1090.74
1057.59
1671.40
1532.07
199.18
864.30
508.37
2194.18
1287.02
1919.91
738.64
136.23
1203.07
1618.56
1750.46
1053.56
2082.15
572.95
1243.86
1984.98
51.67
2326.81
1433.63
605.08
2180.18
869.41
2202.33
1588.22
20.14
408.92
2139.45
81.60
1280.17
2198.72
238.34
2025.18
1237.73
1675.01
1209.74
232.43
1419.80
1411.31
1602.92
726.22
1507.07
451.85
1640.71
266.17
1277.81
285.73
1981.99
1172.32
2067.25
1207.40
355.46
1535.15
214.29
1759.99
1210.68
174.99
1521.76
175.32
1794.76
1182.51
63.69
2117.85
160.12
1073.88
1901.16
1286.64
1695.23
2118.69
2283.76
703.28
1369.38
117.81
493.70
1689.40
979.68
975.64
460.20
795.90
1437.88
1160.55
1001.59
1987.44
1819.91
1978.48
1725.21
1647.50
1544.99
1142.92
877.21
449.19
253.76
1603.77
385.75
855.64
141.98
1492.72
382.08
2347.54
1723.44
1552.35
2038.71
2280.31
1374.33
2295.96
2207.61
1284.79
2007.24
2096.73
2292.88
739.64
882.31
812.89
1657.75
2015.64
660.51
2170.01
1595.62
1012.69
1713.84
1529.41
951.38
873.24
1422.97
1402.43
1033.51
1636.28
424.72
1789.13
2101.52
502.32
1989.30
1708.44
679.70
1023.89
894.17
946.01
2341.39
1371.41
1907.09
1233.30
488.10
1936.64
724.63
1876.49
1685.25
1225.01
2235.10
2232.35
1337.39
2321.32
562.93
57.24
1051.07
78.98
1755.76
1721.71
1430.84
1279.48
387.75
957.45
532.98
1170.87
1727.07
855.63
36.94
991.55
1939.37
1026.70
220.60
674.37
2394.77
1869.39
1379.84
2199.12
512.77
1791.36
1168.08
2132.80
852.85
2175.74
1900.61
436.18
2069.02
1928.60
1719.08
480.67
2237.32
2393.92
1638.32
2185.45
946.02
875.89
1172.43
372.32
1107.33
1944.23
1378.87
1034.82
2063.47
1991.15
1200.74
1701.58
129.63
1384.14
2350.77
125.80
1330.22
881.42
227.66
252.53
1347.27
1898.07
1276.57
1793.04
957.95
2046.05
2337.12
1084.34
1193.67
1940.57
2353.20
349.93
2153.09
1512.54
2362.27
1504.07
1237.01
621.19
618.13
1990.26
1554.11
183.88
2285.27
1155.69
1096.85
639.86
1420.26
2292.93
1002.09
2354.46
1419.87
873.01
2297.18
1184.85
1688.74
430.72
1880.64
1791.56
1125.89
2281.78
1482.67
2366.25
115.47
2143.17
804.08
925.42
85.35
959.81
1762.34
2009.10
296.54
1885.42
1035.99
825.79
1713.59
1919.14
1431.45
1584.99
2038.39
1681.25
1286.03
317.17
147.06
2279.28
820.73
2106.24
4.82
1961.05
237.07
1835.49
2336.02
1056.57
905.99
1967.74
1689.81
339.93
23.68
56.40
2347.00
114.48
868.90
1530.21
2394.16
732.90
1470.90
1235.19
1358.08
1069.12
1800.27
63.10
1100.94
1646.05
681.28
1348.15
1437.01
546.67
2163.43
1826.06
2118.70
1995.86
1352.32
2136.56
1866.10
572.01
1797.13
127.94
95.59
486.50
2075.19
334.27
410.97
530.27
75.59
1685.38
1138.23
530.29
1760.70
415.76
1930.05
1862.58
210.97
194.92
934.38
1535.12
1619.66
527.86
766.96
1525.77
522.07
2189.74
1377.47
529.00
1300.56
1941.93
1644.68
583.21
1433.43
2109.89
973.91
1724.67
1169.46
1277.69
2357.49
1559.66
1837.64
69.13
2179.20
466.20
1144.32
1453.59
582.77
1751.25
1600.06
2393.32
2104.92
1482.75
877.58
614.67
842.62
1666.42
617.81
136.37
154.45
1936.36
1286.99
2184.11
42.25
2231.01
1624.05
2277.76
1014.54
1585.75
243.92
495.23
1922.22
345.39
2355.59
1354.61
1017.71
1714.25
1594.80
1929.13
499.46
1969.63
1053.86
966.29
1021.43
12.77
1561.00
59.83
2010.12
2.75
917.11
2080.68
261.11
593.81
456.94
687.01
1459.26
851.05
1518.97
875.89
2337.98
784.58
1374.60
876.33
69.30
1408.46
1163.34
514.61
2180.62
242.11
628.23
1108.25
1305.29
343.96
587.53
895.97
1920.50
1229.52
1120.48
198.48
2256.07
550.15
822.77
2340.03
550.19
53.27
689.79
1753.95
1944.12
355.72
6.03
1631.74
510.42
822.49
982.08
1003.34
197.29
2266.13
1128.10
1997.58
44.99
1193.42
891.77
2339.21
1464.41
880.28
1954.04
1059.66
87.44
435.84
939.16
455.68
2001.53
320.26
673.92
2310.42
1709.57
1057.63
1805.00
1785.61
1178.17
1249.16
504.86
2167.91
1322.76
1590.35
1816.53
2342.48
948.25
622.93
1259.40
551.60
411.07
2108.86
575.69
1067.64
676.88
1779.35
1850.21
1420.78
1032.24
912.11
1538.74
743.33
1705.00
1305.99
1746.01
878.52
1468.38
1540.85
1562.12
1265.10
78.73
627.29
1378.93
1193.15
1614.60
1368.52
972.72
2052.87
1001.64
1561.67
1503.13
400.37
1326.34
117.12
604.32
1615.57
2275.75
230.75
1504.67
631.89
1313.60
1931.20
182.51
1460.26
1862.45
893.54
1456.82
1612.59
1787.93
1421.87
454.77
2360.87
799.06
1765.81
729.55
899.33
1259.24
1620.91
1874.95
177.54
1471.40
764.42
344.46
861.26
276.45
1522.92
2239.07
402.44
1242.01
2000.78
1883.89
828.69
523.93
1155.52
463.34
1095.17
610.29
1450.34
557.46
777.58
1670.73
207.65
1710.64
1735.81
1934.38
2135.16
1189.86
2167.50
766.69
2200.91
2292.15
2040.38
1111.93
1291.49
1998.93
1139.27
1376.28
233.96
2284.41
327.04
983.59
2256.53
1295.17
439.05
1289.33
1827.97
318.68
1020.67
916.38
737.12
735.38
1717.05
1954.51
1787.17
1703.51
135.16
918.85
591.55
336.80
2170.81
1283.66
1351.46
1528.78
1467.19
1112.07
1596.49
2030.40
327.03
987.90
1730.99
278.93
1179.59
1350.39
2344.85
180.62
1373.93
2078.62
786.99
1618.54
699.24
992.05
1495.84
2217.34
471.21
518.19
49.44
1938.24
2386.59
1216.60
2170.98
279.16
1565.58
2196.55
498.97
424.92
2358.65
301.12
320.28
1733.03
2198.83
2102.58
1494.77
892.26
2038.68
1031.26
204.36
1117.21
1836.47
1997.31
451.52
577.52
80.27
1483.07
1861.75
1372.44
158.91
1869.90
456.45
1859.76
621.12
336.70
1310.19
466.56
2094.25
1131.50
1856.42
1356.21
1911.34
2339.83
1084.98
940.35
828.59
2355.81
1785.06
1940.12
1271.30
2348.00
2350.43
1625.70
1115.94
787.62
1630.03
2136.82
1997.01
675.68
157.37
300.09
1389.64
367.98
867.25
1250.07
640.19
1818.18
1022.69
86.45
1791.40
1145.30
1232.26
1042.86
205.72
1338.40
508.99
422.19
2162.86
1218.27
2052.65
1575.32
1326.81
1667.37
2302.21
1361.70
1984.75
1225.46
1123.49
788.17
181.65
1687.54
2083.47
2036.06
2263.54
1793.94
1125.86
228.28
342.62
848.01
913.77
461.08
2174.78
1137.50
15.49
137.66
206.15
1032.49
191.96
1884.71
50.86
2392.83
1336.34
684.74
1546.00
1386.06
2155.62
2115.65
1110.44
1929.47
1313.39
2146.93
838.21
482.79
1543.08
964.41
768.37
1779.53
664.36
1647.55
1709.63
1040.14
1974.46
253.57
1054.24
644.30
381.59
829.00
569.88
401.21
1920.82
779.40
214.42
1829.59
659.94
492.32
558.00
342.75
598.33
621.81
1040.71
2154.96
573.74
1379.00
1069.66
254.02
2214.52
1993.56
1970.56
188.70
899.81
1507.12
1216.81
53.45
1787.58
261.83
2119.81
2235.65
498.60
2046.83
441.03
858.12
478.76
685.10
1072.02
2107.85
635.29
162.11
1074.39
1009.04
100.78
543.28
615.39
1793.97
462.06
2376.87
862.82
1834.26
772.35
1380.24
1236.15
1117.57
440.30
937.31
1819.16
1576.78
1718.70
1021.63
559.62
1927.16
1718.03
1859.67
1847.65
1457.23
424.23
1322.94
929.80
451.09
1462.24
1592.22
301.08
2298.51
2122.19
486.96
2157.45
1375.23
925.39
980.61
691.41
1300.02
1269.42
1111.52
1009.83
909.51
2275.94
1405.53
966.06
946.92
2122.17
409.55
2235.98
1165.18
1383.94
2268.64
113.65
1290.03
1708.95
953.41
378.51
712.01
531.64
2223.83
1923.41
1963.67
2316.52
1194.62
1884.99
2064.18
300.29
1756.88
1516.05
1956.24
754.83
1713.79
1226.95
140.05
1793.86
2319.26
189.28
1927.62
2341.09
833.99
2112.32
2032.74
23.88
2016.41
637.84
1882.42
2074.92
1170.31
2293.56
1387.52
2013.38
2232.23
1724.10
1389.99
120.53
748.82
1896.29
868.95
106.83
1219.89
2387.25
2351.30
1258.94
2252.77
1710.47
1219.95
1160.18
1026.06
309.00
2327.58
707.33
2044.21
1032.20
58.59
1348.94
1381.27
2114.92
3.78
1848.37
2106.78
2246.99
412.71
77.35
2129.74
1965.26
801.91
1150.70
1763.97
581.72
228.38
254.59
2213.46
445.39
1071.08
205.40
333.50
2171.02
1204.17
2129.06
4.56
1433.76
1191.45
1732.54
1130.26
925.34
996.16
268.71
2177.05
1329.48
2048.95
1542.84
38.28
492.50
2351.90
466.46
368.81
1800.40
1659.79
424.33
1798.29
2211.82
821.03
1439.67
1925.96
508.77
1532.86
2396.10
1688.37
2206.85
1379.86
1248.66
2070.47
563.52
1196.84
1726.11
2111.04
13.61
1647.61
2067.29
562.16
347.00
68.20
1859.09
1764.60
1965.41
1619.59
1320.64
532.93
2068.39
1865.98
1535.43
544.86
158.27
1565.14
350.70
1478.35
691.56
835.20
1001.08
1303.86
75.39
1846.18
788.60
1177.60
1463.31
