12 144
10 12 169
5 4 254
2 9 287
12 9 232
7 5 21
7 9 362
2 8 89
7 6 348
8 7 149
11 5 175
3 6 122
5 1 264
4 9 74
7 5 141
1 10 79
10 6 354
9 3 141
8 6 343
4 10 397
10 2 157
11 12 69
7 5 215
3 6 365
5 3 356
12 5 261
11 9 261
1 4 92
12 9 394
2 6 41
1 3 11
7 12 39
2 3 192
1 6 302
9 6 61
8 6 152
11 2 304
8 4 249
11 6 29
8 6 82
12 6 105
10 6 71
12 3 165
11 1 131
12 5 175
4 9 395
5 9 327
8 6 199
7 3 110
8 4 134
7 5 186
8 3 385
1 4 4
1 10 172
10 9 376
7 3 244
2 3 42
12 9 31
1 10 154
11 10 314
12 6 160
7 3 26
11 6 42
1 2 346
8 3 204
11 9 363
8 9 365
7 12 185
1 9 370
8 5 351
8 9 232
12 3 392
12 6 37
10 3 361
7 6 279
7 4 240
11 4 121
11 1 374
11 1 295
11 5 240
1 6 294
11 12 185
11 9 351
11 9 101
11 2 340
8 7 96
11 3 34
2 9 213
8 9 133
11 10 394
11 8 316
3 6 16
1 10 399
4 6 324
7 12 113
1 6 297
12 5 145
7 12 265
7 4 350
5 3 113
5 3 271
3 6 385
7 3 79
7 6 159
9 3 318
11 1 261
10 9 384
10 6 323
1 4 237
2 6 207
2 9 169
7 4 368
8 5 365
1 10 220
4 9 84
9 6 193
1 2 329
8 6 355
1 9 42
1 6 80
11 8 97
7 5 367
11 8 148
8 9 279
8 5 138
5 9 218
7 4 265
8 12 121
10 2 304
11 7 262
7 6 182
2 6 379
5 6 386
10 3 48
1 9 237
10 6 106
12 3 357
9 6 3
1 4 231
11 1 246
10 9 291
8 4 150
8 4 328
9 6 384
4 3 76
1000
3 6
1 12
7 3
2 4
12 3
9 7
9 12
10 1
3 12
5 8
8 5
7 12
9 11
12 6
2 11
7 8
4 5
9 11
1 8
4 12
6 1
6 4
3 1
3 7
7 9
5 11
6 10
4 10
1 11
8 6
3 11
9 10
5 12
4 12
9 3
7 4
11 7
7 3
12 6
10 5
9 3
1 10
10 5
7 9
7 5
3 1
1 3
7 2
10 7
8 1
7 4
5 7
11 3
6 8
8 3
9 7
1 2
6 4
4 12
3 8
3 9
11 3
9 11
11 7
5 10
2 7
6 3
7 6
6 4
7 11
8 5
5 6
1 4
1 12
10 2
7 3
1 5
3 8
8 6
2 8
8 4
6 12
7 6
3 5
1 4
4 2
8 6
7 4
3 9
4 6
10 6
12 2
4 2
2 5
11 4
9 5
2 8
8 3
7 3
4 12
2 6
5 12
8 12
8 2
8 2
2 11
7 4
8 4
3 7
1 12
3 2
3 4
12 8
11 3
11 8
3 11
3 9
3 10
6 2
3 2
7 3
3 2
5 12
9 3
11 12
7 5
4 12
6 2
6 8
10 1
5 9
10 1
10 4
9 7
4 2
4 8
5 4
12 2
5 12
11 9
6 9
7 6
6 12
1 5
10 3
4 6
6 8
5 12
1 10
6 11
10 5
2 7
6 11
1 6
4 12
8 12
4 7
5 12
1 3
6 1
5 10
2 11
5 1
12 1
4 10
4 11
12 10
11 8
9 4
8 9
11 10
7 10
10 6
10 5
2 3
5 9
6 9
3 11
11 6
10 9
2 9
1 12
5 3
6 3
6 8
2 11
9 4
5 9
11 4
6 5
11 10
5 9
10 7
5 7
12 7
1 12
10 5
2 5
4 7
3 11
6 7
10 5
4 10
10 5
3 10
10 9
3 4
12 2
2 5
1 11
6 4
10 8
7 2
1 6
5 4
12 2
5 10
5 3
12 10
8 6
11 10
12 4
12 7
1 8
4 11
6 9
2 4
2 7
8 10
4 10
6 5
5 3
2 10
4 6
11 3
10 2
8 3
7 3
5 10
11 3
6 12
5 6
1 7
5 8
7 10
9 3
10 6
6 2
12 4
3 6
8 6
7 9
10 7
1 3
8 2
2 6
1 8
11 9
1 4
11 8
12 5
4 6
7 12
2 10
9 8
2 10
10 1
12 8
2 9
12 5
3 12
4 1
5 8
5 9
8 6
7 9
5 2
2 11
1 10
7 1
1 10
5 4
7 4
8 3
8 5
1 7
9 12
5 11
5 7
3 10
8 9
11 6
11 1
2 8
1 9
1 12
10 4
6 7
1 4
2 8
5 3
3 9
2 11
1 2
4 1
3 8
10 6
3 9
6 11
7 2
8 2
2 4
10 12
10 7
11 5
8 9
6 4
5 11
3 10
8 11
11 7
2 7
5 6
5 10
7 12
7 10
6 3
4 12
6 7
10 6
2 5
11 4
1 8
1 2
10 8
5 9
2 6
11 10
4 11
12 9
6 3
5 2
9 12
4 12
6 1
2 7
9 6
5 12
2 5
12 6
2 4
11 5
3 2
4 1
5 2
6 8
1 5
12 2
9 4
4 5
6 11
4 11
12 7
9 4
12 2
9 6
7 11
2 1
2 10
12 10
9 11
5 7
4 2
5 7
9 6
12 4
12 11
8 6
10 5
7 2
2 12
12 2
3 9
4 10
10 5
7 10
10 12
9 2
7 1
1 11
9 7
6 12
1 5
11 3
9 8
10 6
5 8
11 9
6 9
3 9
12 6
12 11
1 10
1 8
3 9
11 4
11 3
4 1
11 8
12 7
9 5
9 5
9 11
12 9
4 7
1 6
1 10
8 12
3 9
9 8
7 10
8 3
3 10
4 9
1 8
3 10
3 7
1 6
9 1
7 8
8 10
8 7
1 3
12 3
10 9
12 3
1 12
6 10
7 5
5 6
6 2
2 3
8 7
10 6
1 11
10 9
11 6
7 3
6 11
4 8
7 9
2 8
7 3
2 11
10 9
6 4
2 5
12 2
10 12
9 1
1 2
2 5
6 8
6 8
4 7
11 5
3 5
10 3
12 9
7 2
9 3
5 9
7 11
12 7
5 10
7 1
5 3
9 6
6 7
5 2
12 11
1 10
10 12
11 3
8 1
3 10
4 3
1 3
2 4
5 6
7 8
7 9
7 8
1 2
9 11
10 7
9 4
6 12
7 12
10 6
3 11
8 11
4 9
1 6
10 7
11 12
2 9
8 4
3 5
2 10
9 3
8 6
1 10
5 12
9 7
6 8
7 10
8 10
1 10
7 8
1 7
9 10
5 10
9 4
2 8
5 10
4 3
12 4
9 11
2 1
10 9
8 6
4 8
9 3
3 5
10 1
4 7
6 2
11 6
11 2
9 12
8 10
3 9
12 5
11 4
5 2
1 12
4 9
5 6
4 5
6 7
10 4
4 2
8 4
5 8
3 10
5 1
4 11
1 11
4 9
1 9
11 6
2 1
4 2
10 5
1 10
9 11
2 5
1 7
12 1
7 8
3 10
4 6
12 10
9 11
7 11
10 3
6 8
11 3
12 1
1 11
9 1
8 9
8 6
3 10
6 10
9 7
12 7
7 12
8 3
9 4
3 1
8 7
2 5
7 3
4 3
6 5
4 7
3 9
5 9
11 3
10 9
5 8
7 6
10 2
4 12
6 2
12 6
1 5
3 4
6 5
11 5
2 12
6 10
3 1
8 7
3 9
12 11
8 1
9 2
8 11
6 4
6 12
11 1
8 3
1 3
10 11
9 2
9 4
3 5
10 4
5 4
2 7
12 5
8 4
10 4
11 12
8 11
8 7
10 9
4 11
10 7
12 9
8 1
5 8
4 6
1 4
1 9
8 10
4 5
10 9
3 10
11 9
6 10
2 10
6 9
5 8
7 5
3 11
8 2
6 2
4 12
7 1
7 11
10 3
10 2
5 3
8 1
11 7
9 3
4 9
9 1
9 8
4 1
4 2
10 4
4 8
8 10
4 7
9 6
10 1
2 6
5 8
7 10
11 2
1 8
3 10
8 2
3 11
8 10
3 7
10 4
2 9
4 3
6 4
12 8
10 2
7 4
9 4
6 4
12 5
3 1
12 11
12 7
12 7
10 1
8 12
11 9
9 11
5 4
10 4
9 3
1 7
12 4
8 7
9 7
2 12
1 11
11 8
9 11
6 12
1 9
1 8
3 11
1 10
7 3
11 1
5 7
11 9
1 12
9 7
10 5
6 3
10 2
5 8
5 12
8 1
1 6
12 6
9 3
8 5
6 8
11 2
2 11
7 6
1 10
11 7
11 2
6 12
4 3
12 1
11 1
7 1
2 11
7 11
11 1
12 1
4 11
1 12
10 8
11 10
12 7
4 12
11 10
8 10
3 5
8 7
7 9
5 7
3 11
9 1
11 8
8 4
11 7
1 2
3 8
2 4
10 4
3 7
3 11
11 1
3 10
4 10
6 10
9 7
8 7
10 5
5 2
6 11
5 8
5 12
1 2
7 3
1 7
5 6
8 5
10 7
9 11
11 7
3 11
6 2
9 3
10 9
1 4
10 12
11 8
5 8
5 4
8 7
6 8
10 12
4 2
4 11
3 12
1 2
6 2
3 4
11 6
8 11
1 6
8 2
11 12
5 6
9 5
4 12
8 12
4 8
1 2
1 7
6 7
8 12
5 10
2 4
5 9
7 1
8 7
4 5
11 8
2 8
6 12
4 11
4 12
8 7
2 12
8 5
1 5
1 11
1 6
3 9
9 11
6 11
10 3
6 5
7 4
10 7
6 2
10 12
3 4
4 10
5 6
4 5
12 9
8 2
1 7
9 1
2 12
10 5
6 5
1 3
8 2
4 6
1 4
3 5
3 5
12 5
2 10
3 1
11 10
3 2
2 1
9 3
2 4
6 5
4 9
9 10
4 6
7 2
8 6
1 10
9 11
10 11
3 4
9 5
8 9
4 11
11 2
1 10
7 8
5 6
9 2
2 9
12 2
10 6
2 5
11 8
3 2
3 7
7 4
7 6
3 8
7 9
10 2
8 2
5 6
6 3
7 11
7 8
11 7
9 10
3 11
11 12
9 4
8 4
9 8
12 6
8 3
7 12
12 6
7 10
7 8
6 12
7 4
9 12
2 4
7 10
7 3
7 3
7 3
3 1
7 5
5 10
12 1
10 6
5 2
1 9
9 11
4 9
9 4
9 7
4 6
1 7
6 1
8 9
2 7
8 2
6 10
3 1
8 12
1 7
1 6
12 2
1 10
6 5
1 9
9 6
3 5
11 1
7 12
6 4
2 6
7 4
11 2
9 2
8 12
3 8
3 6
12 5
12 2
10 4
2 9
10 9
1 12
8 10
6 12
4 7
12 9
10 6
8 12
8 1
6 8
7 9
11 12
7 8
9 8
6 9
10 12
7 9
7 8
5 6
8 1
