10 20
9 10 421
4 3 634
2 7 716
10 8 578
6 4 52
6 8 904
2 7 221
6 5 869
4 9 359
5 4 637
2 5 305
5 1 660
3 8 183
6 4 352
1 8 197
9 10 989
4 7 343
7 9 657
5 9 266
4 3 926
300
5 1
9 10
2 7
2 8
4 6
3 9
3 5
10 4
2 9
10 5
7 8
9 7
2 9
1 3
3 8
4 8
5 10
7 10
2 5
2 1
3 1
6 10
1 5
6 5
5 3
10 4
3 1
3 5
1 5
5 2
7 5
4 10
2 8
2 7
7 3
7 9
5 1
10 4
1 10
5 7
7 10
5 2
3 9
8 7
5 8
5 9
7 5
3 10
5 3
8 2
8 5
1 10
3 5
9 1
4 8
10 1
1 5
7 10
4 5
3 8
10 3
9 4
8 9
7 5
5 2
4 6
7 4
4 6
4 5
3 4
6 3
10 1
9 1
3 1
2 6
1 8
5 2
9 7
7 10
7 1
7 9
5 3
2 9
6 2
7 1
1 9
3 2
10 7
1 7
9 10
1 8
7 1
8 4
10 9
8 10
5 4
3 5
1 10
7 6
10 8
3 6
8 7
6 2
1 9
5 2
3 10
2 3
1 7
1 2
9 2
10 7
3 6
3 8
9 7
10 7
6 5
7 1
10 4
1 7
8 10
3 8
2 4
8 6
6 10
3 2
8 1
8 10
7 4
4 10
1 3
9 6
2 3
8 6
6 9
10 3
5 1
9 3
10 6
7 6
7 2
1 6
5 7
7 8
4 3
6 4
6 9
3 4
9 1
10 4
1 2
1 6
6 5
3 9
1 8
9 4
6 1
1 8
7 1
5 8
1 7
4 9
9 10
9 5
10 4
8 3
8 9
8 7
8 7
9 4
3 1
10 7
3 9
1 9
7 6
3 7
9 2
9 10
3 1
4 10
2 8
6 1
1 7
8 4
9 8
10 2
1 5
6 3
6 9
7 8
3 8
2 5
1 8
10 1
10 1
9 10
2 1
8 10
4 5
9 6
10 3
1 5
8 10
5 4
2 4
3 8
3 6
6 10
7 10
10 1
10 6
3 9
4 10
4 2
3 5
10 5
1 9
9 5
8 1
7 4
3 7
4 2
3 5
10 4
2 3
10 7
9 2
5 4
7 6
3 2
6 5
4 7
9 8
2 8
4 9
5 1
9 1
7 9
8 10
1 4
8 5
9 2
9 8
4 3
3 1
4 7
1 5
2 9
6 3
7 5
7 4
6 1
3 6
2 5
6 7
1 10
1 5
3 2
4 2
8 5
6 3
10 7
5 10
1 9
6 10
6 4
7 3
8 5
5 10
6 7
4 1
2 9
6 5
9 4
9 1
8 2
4 9
1 5
2 10
7 3
8 1
10 9
6 4
10 9
7 4
7 8
5 4
4 7
6 10
2 8
4 6
3 7
7 10
4 2
1 8
1 8
8 3
8 10
6 8
6 7
9 6
