10 100
9 10 127
4 3 190
2 7 215
10 8 174
6 4 16
6 8 271
2 7 67
6 5 261
4 9 108
5 4 191
2 5 92
5 1 198
3 8 55
6 4 106
1 8 59
9 10 297
4 7 103
7 9 198
5 9 80
4 3 278
5 1 259
6 4 162
3 9 75
5 10 109
2 9 293
5 7 216
2 9 203
7 1 88
3 8 217
1 3 8
6 10 29
3 10 95
4 10 36
1 10 92
1 10 128
2 3 267
5 8 124
5 3 296
5 3 219
2 8 136
1 10 70
5 9 5
4 8 281
5 7 287
3 8 296
3 9 113
6 3 289
1 9 8
2 6 24
2 9 201
7 10 193
1 10 292
7 9 134
2 7 4
1 9 4
1 3 32
9 10 17
1 8 115
5 4 89
5 1 288
10 8 181
7 3 178
1 9 135
2 3 276
2 3 5
7 1 32
3 8 266
7 10 206
6 5 198
1 10 97
3 8 43
4 8 160
6 10 139
5 3 38
4 10 12
3 9 157
2 3 179
6 8 174
6 9 294
3 10 297
5 1 245
3 10 157
5 7 210
3 8 211
6 4 180
4 9 17
6 5 79
7 10 295
4 9 266
5 9 148
3 9 29
6 3 189
9 10 65
7 8 100
9 8 295
2 1 133
6 3 163
5 1 222
9 10 47
1 8 296
500
4 5
9 6
10 3
1 5
8 10
5 4
2 4
3 8
3 6
6 10
7 10
10 1
10 6
3 9
4 10
4 2
3 5
10 5
1 9
9 5
8 1
7 4
3 7
4 2
3 5
10 4
2 3
10 7
9 2
5 4
7 6
3 2
6 5
4 7
9 8
2 8
4 9
5 1
9 1
7 9
8 10
1 4
8 5
9 2
9 8
4 3
3 1
4 7
1 5
2 9
6 3
7 5
7 4
6 1
3 6
2 5
6 7
1 10
1 5
3 2
4 2
8 5
6 3
10 7
5 10
1 9
6 10
6 4
7 3
8 5
5 10
6 7
4 1
2 9
6 5
9 4
9 1
8 2
4 9
1 5
2 10
7 3
8 1
10 9
6 4
10 9
7 4
7 8
5 4
4 7
6 10
2 8
4 6
3 7
7 10
4 2
1 8
1 8
8 3
8 10
6 8
6 7
9 6
7 2
1 5
3 5
9 7
9 3
3 9
6 2
1 5
10 4
5 10
9 4
9 2
2 1
8 6
8 5
3 10
6 10
3 9
8 5
3 6
9 1
7 8
7 8
7 3
4 7
3 9
7 5
10 1
7 4
3 2
2 5
1 10
6 3
2 3
10 3
8 6
8 10
8 1
2 10
4 7
7 5
6 10
7 9
10 5
2 9
6 7
3 4
8 10
1 7
4 10
5 1
5 4
3 1
3 6
6 7
4 9
5 8
4 9
1 9
7 5
3 9
7 8
4 10
3 10
8 3
6 3
9 6
6 3
10 5
8 5
8 3
1 8
8 4
6 8
6 4
3 1
1 3
7 6
6 2
9 6
7 1
6 3
4 6
9 2
5 6
7 2
7 6
1 2
5 3
4 10
2 7
2 7
9 3
9 10
8 9
9 6
4 8
1 6
5 3
6 5
5 3
6 9
7 4
1 3
1 10
8 2
6 3
1 4
3 6
7 5
1 6
7 3
5 10
6 5
2 4
1 4
4 2
7 5
6 3
3 8
3 5
8 5
10 2
3 2
2 4
10 3
7 4
2 7
7 3
6 2
4 10
2 5
5 10
7 10
7 2
7 2
1 9
6 3
6 4
3 6
1 10
2 1
2 3
10 7
9 3
9 7
3 9
3 8
3 8
5 2
3 2
6 3
2 1
4 10
7 2
6 4
3 10
5 1
5 7
8 1
4 8
8 1
9 3
7 6
4 2
3 6
4 3
10 2
4 10
9 7
5 7
6 5
5 10
1 5
9 3
3 5
5 7
4 10
1 9
5 9
9 5
2 6
5 9
1 5
4 10
7 10
3 6
8 7
4 10
1 2
5 1
4 9
1 9
4 1
10 1
3 8
4 9
10 9
10 7
7 3
6 8
9 8
6 8
8 5
8 4
2 3
4 8
5 7
3 9
9 5
2 7
1 10
5 2
5 2
5 7
2 9
8 4
5 8
9 3
5 4
9 8
5 8
8 6
4 6
10 6
1 10
9 4
2 4
4 6
3 9
5 6
8 4
4 8
8 4
2 8
10 2
2 5
1 9
5 3
9 7
6 2
1 5
10 2
4 9
5 2
10 8
7 5
9 8
10 3
10 6
1 7
4 9
5 8
2 3
2 6
7 8
3 2
4 9
5 4
5 2
2 8
4 5
9 2
8 2
7 2
6 3
4 8
10 2
5 10
4 5
1 6
5 6
6 8
8 2
8 5
5 2
10 3
3 5
6 5
6 7
8 6
1 2
7 2
1 5
1 7
9 8
1 3
9 6
10 4
3 5
6 10
2 8
2 8
8 1
10 7
2 8
10 4
3 10
3 1
5 7
4 8
7 5
6 8
5 1
2 9
1 9
6 1
1 8
4 3
6 4
7 3
7 4
1 6
8 10
4 9
4 6
3 8
9 5
9 1
2 7
1 8
1 2
1 10
8 4
5 6
1 3
2 6
4 3
2 7
2 9
3 1
2 7
9 5
2 8
5 9
6 2
6 2
2 3
9 10
9 6
9 4
6 8
5 3
4 9
3 8
7 9
9 6
2 6
4 5
4 8
6 10
6 8
5 2
4 10
5 6
8 5
2 4
9 4
1 7
1 2
8 7
4 8
1 5
9 8
3 9
10 7
5 3
4 1
8 10
3 10
5 1
2 6
8 5
4 10
2 4
10 5
2 3
4 5
9 4
3 2
3 1
4 1
5 7
1 5
10 2
8 4
3 5
5 9
3 9
10 6
7 4
10 1
7 5
6 9
2 8
10 8
4 3
