10 20
4 10 42
4 7 92
3 8 63
9 2 61
2 6 88
1 5 40
2 1 85
9 8 85
9 5 62
1 8 61
4 5 64
10 7 24
3 7 74
4 3 51
5 7 84
10 7 30
9 6 47
6 5 63
10 9 19
1 4 98
100
3 6
3 6
3 10
6 10
1 3
7 8
3 2
6 4
7 9
2 9
8 10
10 9
9 7
10 3
2 6
10 5
3 1
7 3
3 5
4 6
4 5
7 9
9 7
9 10
6 4
5 7
1 4
1 4
8 10
2 8
5 2
3 8
9 5
9 6
3 9
7 5
7 6
5 9
4 10
2 10
2 10
2 1
10 9
5 4
8 7
2 3
5 1
3 6
10 5
2 8
5 3
1 5
1 4
2 5
6 7
4 1
1 10
5 6
6 10
5 2
6 3
4 9
2 6
1 4
7 10
5 9
9 10
1 3
8 5
9 10
4 2
7 8
3 7
9 7
3 7
6 4
2 6
5 7
9 7
4 9
4 1
10 6
10 9
4 2
8 6
8 5
7 4
3 5
8 6
4 8
2 4
10 4
7 1
6 3
2 9
5 2
7 3
9 2
5 1
1 8
