100
682
9821
-8397
13792
6653
11364
6884
-33360
24989
3360
8453
-24255
3022
-13803
32993
-31124
15727
-22556
9993
25680
-21119
-16255
15004
12555
-3204
-15347
23476
1242
-29673
33003
4074
-35665
29524
-10011
-19872
-6518
41976
-26214
-7081
25955
-17384
6919
-20027
36857
-20239
-15951
41474
-23433
-10808
7932
-16802
34605
7495
-42959
17322
6018
18320
-15976
16751
-37744
4049
2913
-965
21693
-12959
25470
-19979
-7750
13361
-1033
-6972
12345
-3735
-33084
39722
-32325
27664
-12766
-12674
26541
9669
-22389
7025
-12693
-11998
13951
-3089
1611
-4850
23123
-33869
11591
13298
2046
11335
6500
-3542
-6581
-28615
38822
