5000
108
304029
-52958
2150024
-2373527
26380
299035
1061148
610932
245707
-436094
144159
-1644928
149979
1262561
-607356
364707
-1424505
1303692
-861616
-214217
641037
-864781
1189927
-953939
-256381
112256
544081
150398
577651
1040161
-968018
-1408820
2250194
-85549
-1668646
-108459
422561
71179
898791
56288
-687975
866377
-1722454
256120
1332203
-786731
-1096003
1602450
-734553
891088
-1688757
576912
-456441
-71139
246959
512556
1152404
-1273316
346119
-517878
1685130
-2004308
-187282
1368037
757686
-1138691
385496
350905
-1821588
9491
2013619
-813504
-869900
-135170
743752
996990
-221382
-1183675
653839
-87752
48592
508340
-660117
-511696
578481
-472358
-240086
1366911
-1121329
1330979
-1963033
1802014
-754538
1282896
-1478438
-88023
-709081
1443223
-955689
1621740
-1124093
-222028
378710
128841
-788790
-67289
1297347
-1542372
314104
709177
184547
-1451739
536921
1627676
-1529859
-402567
1667355
-811898
-863191
647477
693349
-1049279
-160433
1703888
-588022
-1196262
-36589
519480
1665152
-1743442
-452524
1792866
-414669
-1487407
115743
1054810
-545228
282756
-98026
-612746
761620
424868
-324504
676652
359900
-1175908
16777
-349219
859161
110865
-701548
-926008
1085462
-671547
455781
461550
-1327462
233951
989498
-378752
-8475
364368
-1001426
308517
882786
-1091059
-307453
628106
349117
786892
415884
-805623
-1027234
1051554
-366570
992905
-1393093
-160708
-139843
350913
1675535
-1945666
1345377
-203641
-986417
184954
-479173
1114538
-468367
657803
-356516
11299
-68091
625419
-505702
-1191923
202757
1466167
-1748117
116194
443943
193467
586574
-102251
722439
-1402199
1693586
66450
-1974776
195907
1807343
-1938591
467822
270348
-121970
-973085
241219
452090
881257
-209612
856307
-2200957
-165040
369626
1200375
-449492
776527
-541738
283064
483574
-90512
-29944
-1878431
725055
-764245
2088218
-1190403
-519863
271556
-495158
550755
1156963
-103175
-1237966
-112584
-214200
1899340
-1545147
663933
-907423
2058165
-71446
115359
-1789129
1307933
-1136446
50461
828807
-758762
1295113
-925609
515023
-1401978
239656
1710715
-1363074
-698587
600397
143035
-623257
757991
84417
841288
-615648
-976770
-78195
1999724
-497141
-779295
-105111
515043
33550
-147002
-386018
-647915
1267702
-859747
-491562
-264030
10500
55310
211412
-344406
225343
668334
801030
-783590
-128759
1195545
-537126
-260357
1214551
-1995885
1221655
550149
277347
-69555
-2409123
1136144
-238799
-225175
-345301
1327669
-485620
1066594
-184183
382446
-1602209
-117448
635850
181193
835473
-1526406
1607381
-2424738
537863
99785
-581679
1255852
871377
-57186
-1520059
1246918
-424085
558582
-945799
-589465
101247
1107480
438407
-1591291
1296580
-1587615
1872422
-749425
-511819
-713657
471293
1820423
-2285951
2248341
-666542
-635934
902286
441919
-570081
-1434474
311083
439408
-589716
164178
1137741
-755755
969710
-1553545
-72455
495632
115029
-685657
-230200
2025771
108708
-694416
-1424941
357481
1716724
190782
-2170346
-96984
224120
356535
1088088
-147883
321086
-206177
-480119
842624
-2161997
1826662
-109304
-1723822
1504301
-657282
177934
-418110
-243409
2005923
-2302079
181084
1444083
354639
-337512
-842155
-83393
-608918
118513
1658934
-1758680
1814648
-1900346
411770
1779427
-1980627
-10085
868438
-828352
2008864
-1237535
-214035
-47872
486725
-29122
977796
-1340122
-207666
-260982
1241101
-1086366
232332
-204880
140014
-109572
1710094
-2074039
1005823
741506
-1077146
1253557
-1769451
1251401
-1123885
-199580
1811238
-51987
-1465175
132599
978464
-1836408
510975
940939
289560
-1003723
-640614
1808377
-230834
-1323082
449991
-257246
127065
1580781
-2137406
1873169
-1541912
1529274
-1017591
703776
-1677014
2068325
166536
-69116
-1243545
1285526
-1294471
1115262
-1982227
448223
136382
148085
218946
980760
-1340329
-413974
1556551
-1426658
508999
1590335
-1104993
457278
-537517
-548729
819531
96586
-1191626
1008208
-1447657
78966
1591824
-1272400
-160782
96864
822399
-81701
-461823
674509
-61436
-154700
-1059086
2378773
-2327437
1053866
60181
-7504
-1071506
66760
-121274
1207861
-1058930
606020
958776
-915525
879175
98854
198449
200303
-260176
-1984417
192248
513994
1228261
-1715324
106396
1490620
-1123979
208971
327979
780704
-887969
1002163
-710614
-1135513
1623758
485962
-2202786
488114
558081
-1238401
1669309
-5074
367967
-1561199
1414080
-1521243
1313437
-357215
-1234409
842263
1145042
-897954
22727
778709
-1737736
917922
-186064
1215052
-1390019
1133162
-712653
1036274
60368
-298578
-1858209
258055
1748293
-1060589
-651281
363636
-273211
314522
55780
489113
-946426
1572233
-1733715
1641845
-1431463
116417
251265
-53041
482920
801667
-6763
-361680
-310927
-518813
-171419
1627015
-1399767
869544
-329930
-92628
-82230
-1025242
183260
2035064
-562719
-1365174
76676
39442
983095
-370484
-598169
-348008
92278
1404471
-1113298
426808
1060319
-144746
-175040
-1152852
1349374
-1175117
1475090
-1591086
-315691
754376
838682
-2035279
492739
1780482
-971060
8978
-660183
-627653
2018006
-1941408
-55683
723736
-646723
-178619
1710125
-281367
-1071006
330927
-45277
-509156
1188924
497845
-806598
194452
2142
-116565
1238457
-1052249
701316
-1864687
1795112
-1469027
301306
1480264
-151343
-622514
-926693
-27802
661623
221314
-840556
1815625
-1345466
-603087
1217457
-1175540
1335030
-1391246
765922
1009019
-1572417
387231
963062
-1153226
1140333
-1055951
188205
727827
-1739330
248579
554950
-132708
-484612
1489352
-1428120
234628
-292962
1297711
-71791
-585189
1058902
-48051
-1072908
1527324
-1883537
1260637
-784147
823042
-633567
-28227
-710612
-236517
1923156
-741313
-523687
254696
1183003
-783919
-904772
-506054
1227189
-371767
-181803
-331287
741695
667364
-1229341
1344106
-402998
788185
-1760857
693634
-1149335
1454231
897654
-1123312
744605
-916883
-918366
1365514
692596
79990
-1787588
1605607
-1669569
69773
700541
1175772
-1122810
620528
533530
-746506
-277997
676206
178673
-1702926
283447
-404544
425879
946157
-152639
-1269217
-48354
2001623
-1627187
741817
-545002
890512
-76915
-140982
-1643136
1520570
-1165106
72891
1367897
158797
-1821180
606383
617373
-671450
-118226
104528
1361803
-759751
-136721
-92817
1100753
-431334
632707
-1124031
-844054
82260
-131255
280664
-148134
208362
1469619
-860192
-1239936
618703
253486
-85361
1184037
-1106215
1222197
-1994267
422229
-389948
1659056
-315356
110146
155860
-40311
-1320432
75540
1336013
-1456283
1667228
-234944
-1050798
-171077
-176447
1591866
-1124362
-88321
1280559
84114
113719
-316047
-155232
-988509
1168545
-1128408
-670035
1575898
-1416365
253188
-167367
385380
505922
639123
-279405
267113
-1267037
-327974
1350051
-1588725
1048091
-432846
1611626
-761979
-1123229
329624
608199
-26698
-730976
209788
434291
913087
-649797
-1500004
2246390
-2002161
1918280
-1977164
851485
-457047
50521
-357323
361024
-519748
671200
-804502
1073685
280199
1003812
-1608282
1272122
-1079990
338240
780282
346031
-1522201
469018
566590
-708619
964638
-273191
-975226
723573
-164360
866688
-607847
494923
-797912
193554
-1634628
2329588
-1864138
1894268
-1673082
1419612
-498406
98837
-1393810
747186
-1023115
2235168
-1142902
576345
-771557
240896
-305320
-624836
377403
1173746
-1518952
542512
-543878
-29665
760037
-222601
1281520
-295866
635952
-2230926
2258391
-1018437
-1007249
-398102
888556
906283
-1403494
348377
946159
431403
-1693621
116840
28336
804513
-370982
155848
-333241
-72679
126974
-244873
1000029
-1163166
1889298
-1166295
566688
-47773
-1512211
777125
-660471
744480
1156978
-1845083
181623
463267
-555521
63591
705961
-99802
640090
-513292
-602230
918046
-302893
219654
857803
-1965263
1725403
-53215
-1876363
1760083
-559575
126978
-160991
-503763
179120
1010213
-1285211
1651518
-2156056
1684897
-445797
-337514
474140
-1244929
-345037
310457
-257942
923161
741298
-205768
455768
-1287043
918612
190612
-1326384
1183065
215231
533643
-1814760
788742
-672710
1759036
-612107
-1050052
940077
-1073422
677248
539907
-1757949
1042136
902904
-744060
621062
210277
-2173293
1311040
-930582
-265252
710196
586462
786853
-111369
-2099475
393490
607554
315991
618896
-1879160
971461
-875734
113390
431396
166361
-13819
1604090
-1026737
811218
-2250647
373551
284328
712028
-1319293
952829
-443266
772711
506837
-972978
1197297
-1340118
-64952
100429
317455
484466
460323
-765603
-715631
1628579
-1880876
1418906
-1164277
675202
-320324
-448401
250827
-704486
1563987
-264797
929682
-1276380
1120144
-1181175
1230902
-1783233
789871
510667
-794753
-588869
1298432
-1020735
746761
-106559
426436
-411241
75901
568078
173159
-676630
-1166929
1968198
-1164427
707716
-110857
-100907
-1097187
69013
996594
504566
-1175281
217147
826770
533810
-1394849
-641230
1487645
-1540939
1896480
-1593109
6812
783947
-740971
614646
-181675
766638
-317507
-340152
946079
-1092995
-959509
1743878
-281968
-1031688
738602
812690
-1163646
581455
-669490
1227844
-785116
-1064576
876621
-370495
-325278
1401447
191432
-867572
-348785
986326
-1556317
1373292
-943306
65610
1337207
-976022
941772
-905556
1173828
-299777
-813708
-165058
-175929
1407651
-1279277
976767
-627577
337024
429782
-1003439
-655484
1734341
-1606443
571324
-770252
2044474
-1491729
717874
-486077
638209
-94978
-977801
343300
-32986
788044
-1008599
383536
782713
-1297183
-501604
850443
1085286
-1471520
-215601
1433778
-757161
1498447
-1145259
926312
-1366481
229540
-709326
323046
1033179
-401944
362826
342172
-1872563
1787406
-427100
-920401
485143
-731205
208902
1755387
-663421
-695989
18302
1320452
-1502663
59029
-694501
1355618
-1419350
2340712
-1092615
-1111445
1410424
-263674
-214115
-272658
776145
-1678936
2298668
-392101
-294687
-1240358
-426359
251788
520147
-254794
-410745
293024
1338060
-1017486
276964
1161863
127179
-1008580
-1167696
772333
-793555
2280791
-520098
570030
-2351059
1138257
1242862
15632
-2415982
1078299
805251
-1247729
1790744
-415535
-1820191
1003492
1045380
190570
-329966
-1330952
226615
1450820
-1591421
550603
-124905
-408101
777910
718855
-545941
-1622609
1488434
-19190
-322245
690990
-988353
964245
-995149
-384651
402502
-578447
185330
1490601
-2052619
128775
-2784
1444528
-26121
-75756
-1535523
865617
602915
208816
-14101
-1439546
1298643
902111
30304
-1169516
175722
550162
-1082696
1091907
-1871948
7881
-128684
1444696
-178764
352900
-249119
845614
-654513
-316476
-169105
-24374
345965
887379
-2221871
43422
1184787
-426326
1158229
-787126
-172050
1280859
-1356266
316716
649243
-1520026
206119
-516006
624986
647481
681781
-2086062
1400791
656492
-397331
-1621230
803338
281177
-396639
737960
-1472597
831658
-287272
1209400
-218797
-1043609
742290
176193
-515866
-894828
1454668
-338801
-316451
-806218
553082
838609
-678513
165470
-170490
1700399
-1783068
-370291
711141
526575
-871201
-185078
1275558
-412839
-5528
-523183
-324026
271678
-88434
808280
-479891
532113
874473
-2095014
2060560
-541162
-1152399
912555
-641151
-779717
1256086
911363
-1042458
693015
8097
-132971
-1390011
1174043
-1206941
153022
1038327
-986407
790417
-129078
-1239129
673884
1625854
-979093
-1169688
-71047
1730564
-1435195
375771
1307150
-1776800
1020540
689057
-1715168
1589255
-1067538
-863308
649034
1626805
-2241133
10202
488313
1615905
-1572681
1370749
339525
-1841964
666331
-744190
346203
-412603
1216736
-556269
-391833
643154
-257164
-743645
1397945
-1299521
1552964
-96815
-1639647
1740752
-946206
2718
1009871
-1937149
1427511
-462417
1453568
-1699152
-25272
-572252
1377492
-1379408
2219098
-577706
-406967
-966296
783277
168465
750372
-659900
-693257
1160506
-582156
308289
-364415
947264
-1996615
845513
-961383
2064278
-978436
-158572
-264230
1271310
-814270
1170598
-2267338
691423
-667333
317212
897972
-483858
-122851
795566
399515
-717685
-776185
-174930
-71750
477180
121463
1352858
-1424617
-459586
2208438
-965380
270331
-1801402
1634326
-572812
604386
815207
-1690318
-26950
246507
83329
36674
1008566
-1144376
495837
731468
-520732
-95650
-112551
837112
-1500138
656475
-350937
-1129106
1679537
83474
-177815
249312
-1628256
81546
45304
1497182
-819433
414897
-1308564
607747
-311297
21926
375110
608509
-964519
-57482
1353379
-267418
65773
-1169817
255204
-373456
250749
-344412
1510777
-745716
1484256
-2296485
1844371
-1479066
604567
827971
458580
-1868209
1068213
92648
-1564666
1725532
-1321291
804550
446091
-973715
683415
99241
-1482176
1812476
-1150200
1384003
-954928
1003328
-1768966
1891152
-142951
225729
-413338
-885791
621667
632833
-1155251
405602
-505358
957273
-789219
1191577
-2040766
1152736
-604428
1198914
35502
-2059519
2007657
-1474488
-108707
-377146
1578636
-1293351
107604
1103562
-1369650
1657300
-1358968
1097323
775902
-855005
-1436078
497214
-332438
-282890
51778
256175
338146
21915
1183109
-900970
-622480
-149372
2221383
-2069887
679281
-201144
640940
-257
-384208
-727270
-244157
1135858
-252553
575156
-1395576
35506
-166579
1732529
-462961
1117601
-206610
-791395
-411042
1006697
394069
-1985294
-62539
1468279
-429338
-597023
142986
-697505
423854
1511470
-2069226
2284325
-935009
-432865
845966
-606432
-197990
1028975
237452
-1914410
929769
-704761
1784099
-2240918
300783
769191
343238
83093
-870888
-553803
1016356
859333
-571517
-822704
1581998
-2198903
1649248
171740
152295
69363
157725
78505
-799063
-768313
-412339
775284
-210105
-917412
1252432
-742905
1490098
-28639
-1665299
702715
130884
93654
73781
32733
102248
844310
16072
-1266091
1143527
-1983206
1460474
-551340
-263511
1493875
-511935
-1672862
720573
361937
-1000736
1779317
-1283158
-15787
233204
165325
839858
-144752
-1057245
-199866
376596
-441624
-520488
697759
612679
-5726
-308198
578776
-66414
-1575453
1530636
-1267655
647181
880300
25809
37689
-3122
-427567
-1080108
181757
-450978
1663160
-1247507
1721064
-819295
197842
759636
-1669986
-157760
1269106
-288595
576671
2079
-517662
676329
-637958
-1218723
26486
1732651
-1111703
-263309
1670962
-1500811
-916353
349670
1343140
-43372
-396133
-852905
-433920
2046845
199201
-880767
-390571
-642800
-349643
1104965
-216590
381698
-1087727
288933
614629
249365
219736
398865
91073
-1818130
1149540
-327796
212310
136126
-1284926
1446045
-706453
407665
-593179
-109780
-474330
1803886
-1772996
619166
352213
-817904
1784382
-758050
-103860
-752439
1519179
-1509465
-356199
883959
78361
1140481
-963249
-685755
1827892
-2027582
76835
41099
-304051
-1926
2212136
-1703763
-130231
525770
965292
379995
-626331
-1658600
2161681
116141
-2055344
438096
991476
339944
-1977752
279498
376400
106762
828796
684335
-1290370
103084
619736
-645407
1277099
-1249680
744069
-823142
-349671
826194
-1254091
-90958
-270636
411319
1137117
709732
-1651085
1386946
-556452
-767259
415127
-359017
133477
-52317
1427098
-1529768
-67561
1103426
566621
-650243
-1363874
299801
812103
-354209
-403085
1852038
-266524
-1984301
741944
395291
887819
-835015
395595
-234460
689219
-1188296
667369
-147084
-759639
-628743
1062092
-54145
574375
-900069
747547
821161
-912827
46839
-939088
-250387
1918296
-2094114
1514837
-356201
935503
123049
-181658
-804580
445768
84358
-1207886
-623054
-110576
1675655
-1629425
1477164
417157
-1225861
212110
707193
-667115
710469
-393297
260980
-91617
446111
359953
-742842
-1238038
1658589
-466860
-471386
-431913
1565912
-1320385
-608504
1225439
505692
-398603
-221042
460677
84141
-1806283
1113098
19223
-1235753
2290804
-1018915
1014959
-575830
-243130
-401140
-685466
768246
577034
-412104
1083740
-1211366
-891040
1651629
314492
-2262520
2461248
-717670
-1768417
1634796
-437503
1046953
-1678725
797976
-952926
623701
884464
-143863
-91686
-376816
-1044106
985181
633134
-1638742
1453212
757961
-357742
-1758537
1538830
258732
-1436293
1107451
-734681
-1090612
2201646
-1523301
-147172
618105
1076515
-504848
-726405
-808203
1197929
-104141
-108905
35723
-162606
1169988
-88731
-1337332
375254
560746
-97168
-190084
-1158950
767933
276970
-6518
-405437
-204098
-541185
2037038
-1042114
-1000074
936963
132397
603981
435614
-1230208
785023
-1138482
-74722
-41027
1145002
-642606
-912629
2158260
137852
-1750453
1009385
497722
-2058020
144885
310756
820078
-1404253
1800754
-145617
661997
-1107056
-125027
1032641
-927647
-986621
1033230
-234338
-456360
-562489
1312688
-1130064
1578592
-486518
705702
-1169039
1593088
-1100423
574840
-911823
1317436
-2067209
2043484
-1930618
445873
1020364
-1251169
1013891
-774964
-728712
1247960
495770
-1322450
393669
1372187
104072
-1812071
666737
363938
-1215795
1242647
-1153935
1680742
-1074723
956656
221745
-519269
-1117490
1365826
-646005
102326
-47077
806304
-582760
172016
-334790
-1237327
1963120
-1168692
4517
263355
-1006734
344830
646942
1076250
-518479
-1441414
937635
-492680
1665946
-1949816
1123036
-852419
301157
1046601
-1495973
176634
-637574
2074524
-1991321
1113256
618555
62799
-200045
325226
-215309
-173434
-1118216
-137958
1935279
-1642824
277689
-981487
1926546
-1254597
609866
-906677
1512776
-529436
-1452473
201204
1069470
142936
-56214
-941577
-429299
851826
1444915
-977882
-903373
984257
-166158
-27781
-133195
-148928
153548
522001
-333854
-433483
1017997
502134
-1952596
-204637
420593
869652
295324
-1641839
177300
1768432
-1659965
-35655
1394226
-452017
648423
-489753
-1457982
652317
-281978
371494
1586332
-1074212
-762947
584433
51844
-64590
-646656
1097191
-1233415
2129279
-164565
-1543323
707362
862507
-1110360
643864
217450
-285814
648297
-135974
164768
-1475720
404598
-225679
-292225
556554
23158
-48459
-353199
-493342
150665
-702796
1813319
-1385631
173303
-321859
258061
46616
209768
529569
1019214
-1700688
855721
534560
221738
-1065454
-559232
1882342
-1514943
-431236
26491
873270
474107
-338924
76625
-364
-1119235
883286
-1022570
509629
542946
-1307177
-94594
2234337
-286264
-796951
1070678
-856104
26940
-1201849
1733777
-141914
328419
-1515769
613810
1212643
-949377
-570790
-972018
2480583
-1507192
268508
349260
-863847
1040621
-1759671
542094
-157453
93775
1637139
-1627421
-354244
899036
-76466
-847433
1207036
71258
-911891
931133
517672
-1615340
-204492
1098829
-890678
677143
-514879
-125797
973741
745073
278312
-1833508
-415481
2055513
-21279
-8305
-5772
392152
-1184378
324823
-1506316
1428605
-799534
1367462
-2019483
927177
639747
479429
-2048293
2172289
-2226595
163566
1709923
268833
-278657
501754
-2037100
83833
1396768
-555887
1033106
-440139
-799460
-36129
1425434
-959690
-63982
965952
-2126962
-167354
2059614
-1822469
821951
-559991
522611
675086
-557516
757650
340894
-1285829
-109976
-940119
1662875
-1418342
1931792
-1567469
1120737
-39383
-1507852
1117199
-724559
-118729
796411
-69999
862094
-820398
883291
-1521822
260476
-706692
2046484
-1483888
-533159
1384877
-986799
958685
-1143405
1550852
504185
-424307
-117255
315560
-2129616
175188
1476621
545100
-1498192
644378
748505
-1276966
711310
-407846
885966
-1168604
665619
242271
-1632055
1532772
-205530
-526713
1061840
-308463
244341
-872767
-283694
563574
575920
-1717883
1268587
-1559594
608099
-31897
246185
909057
148330
-1322010
1271585
-506068
435873
-619565
-436977
1723065
-1376737
763575
-1226615
-308419
-171542
1707397
-754778
1007290
-1953651
1282645
-1090862
1532556
-1463838
90650
2016139
-2202398
387159
-584192
4254
1537123
249680
-1818841
317974
1287277
238894
-786016
-57768
-634950
590553
-504946
330072
607175
-774473
633514
924469
-378952
-925205
1342849
-1525390
-667226
1897775
-358839
610806
-129553
-1251692
1213604
-720562
1069687
-702003
774809
-1633518
-528947
1212496
-451651
-1008761
1839953
-419481
43500
-25164
285055
-1039258
-28051
546682
183866
474004
270088
-1093026
-1022302
824650
514635
-1180887
399831
1609101
-1887964
1135410
-255502
802
-194939
1041872
-677642
-663432
-278996
1671321
-821179
702580
403314
-1860900
1432002
-1564408
1387625
454230
221988
-1393823
794074
-328884
-1590898
2485398
-1212757
-437123
-618574
1531827
-1221827
1667844
-1333791
146409
635102
-447583
1072962
-1830380
1031123
757322
-721857
689988
-1967503
127431
-146937
2178358
-1992958
862728
-703582
1603380
-790860
925941
-11727
-467524
-7647
-437296
530722
-843071
-380462
1582712
-259766
-708700
-505592
595034
-728945
967632
-256793
168155
-158051
-1080181
1964683
-2124570
350187
33202
-221613
182891
1551504
167941
-739126
-110913
577501
-386089
-1457768
440727
1432123
-247084
638473
-2251913
485734
-554276
1862020
-441869
423467
452418
-371288
-959807
1409945
-1551328
1311550
-2030937
99838
144721
2081397
-187852
-1021201
1152819
-2104094
300764
1807155
-2310948
1751516
-1329522
1336855
-248648
-637467
1183100
-2100247
154515
1849896
-1833131
617871
303858
-953477
1888478
-46620
-1381039
1238356
-831489
-135003
1239959
247507
-1070979
694407
-475997
-638363
120415
-465028
873859
246302
715685
-705609
-213187
-470156
1299258
-1400783
-641441
2153283
-1022565
567305
279347
-830386
-988148
1069537
44164
-690953
533629
353150
-1096744
1185325
-1625503
1506776
-712268
-42568
303215
-999595
-102598
1525840
-1289475
1857786
-1835219
1111661
-1470366
2054257
-1514230
1018275
-1561077
150476
1522497
-1238322
895412
-773928
804863
-607045
999049
610239
-1434629
-746651
-223188
754131
320738
666961
344547
-1324805
-740461
1742349
-683456
392721
-116503
-1353149
229889
86598
1321492
66719
-92274
34201
-148430
-1034464
935655
155885
790838
-810742
345404
-40539
-439273
600641
-1155937
452786
-966253
174143
161553
1011187
70171
326500
-1764930
1041621
-1312737
1376200
897640
-1868707
897442
783571
-2117540
-11650
963457
-277720
1736163
-1806377
1277638
-1888876
844605
-564859
1518118
88811
-783858
307773
-1103981
715398
-995421
1950152
-1466040
622597
416106
-470363
-588019
1591023
-2071565
2113084
-747704
527454
-1672163
738380
-226858
357789
139362
233912
-889707
-313212
1628137
-1723107
2318660
-1206781
-188148
426149
139211
552901
-1730254
47222
-185302
152321
1550720
-478412
-185886
990660
-469256
-248085
-778261
630944
-1015074
1071589
-474325
1242900
-28881
-1642395
337351
200448
266621
-98464
-1056600
610655
-871633
2214021
-2278131
1727448
-705988
924680
-1614740
519765
1154597
-782435
-74734
993258
-420791
680080
-1844966
-82459
-131339
1083374
599848
-122645
174782
296884
6083
-561921
-268017
-1505518
1814800
-421329
275765
-1687457
556767
-555505
986629
1256543
-1767071
880250
333756
-1711940
1802510
-1432957
1849044
-119434
-1359367
-50876
1536562
-1377005
1537987
-2297224
1769599
-1708178
-130627
1135042
746816
-1476928
1554078
7120
-378967
202747
30965
227281
-621747
779129
-1156343
892515
-1574340
1856147
251193
-2337820
1672970
483051
-1150053
1213185
-1176309
-980344
1552879
626371
-1730870
167722
-608118
1403752
110585
-319241
-761573
580801
-260084
-933434
527794
1245031
25913
-1732468
1850418
172739
336069
-154393
84549
-683795
-1082126
1413569
-1663256
343935
1196188
-637786
368093
216658
-269479
-1603085
1781710
224453
-889004
553369
433477
-446325
768605
-181323
-200405
-811101
454263
-1224590
752955
-1184599
213153
-33224
300107
1937974
-1298168
-832286
1330667
702748
-927683
26830
-359154
-806142
1455469
-1735178
1998889
-673983
539036
479828
-1612393
597648
-349239
-5535
38772
1332136
-2336881
464755
1294981
-628108
63589
-646718
1694120
144879
-1156810
492338
611732
-917869
-1215076
46021
1299499
666901
-30367
-2054779
1839678
-1678144
1297122
-1248056
552828
-548735
1504505
251874
-840222
1200917
-1376850
-19448
763651
-322349
239661
-289990
-898951
1068034
608583
23523
-2283260
567542
704744
793948
-1320602
-750195
2008500
-125841
-1005477
931010
-1027109
-714846
641283
1053478
-1352354
905826
-853726
300317
1164834
-1121492
470677
822099
-1877695
2075595
-854674
1029523
-2322716
1075128
-1003110
2002276
49630
-642634
864729
-354030
-912151
383618
600500
-1526199
1612001
-1702573
1187109
-248045
-1113611
1534408
-1901025
1662311
627131
-371790
187457
269065
-2221615
2104663
-717606
-1379374
910929
-760268
1705618
-870509
1271101
-1772438
-393917
2106589
-1715465
-297363
1219354
-1546073
1655409
-589787
-31786
472189
130890
-1065223
1027338
-1185803
156458
1423678
326900
-277104
-1865658
1988718
-862098
-1156658
197801
1954509
-1918150
-431725
2392728
-1242600
-508329
152548
956696
492631
138426
-861384
369060
-683770
689449
-187171
-852805
1365992
-282536
298662
-778203
-1419680
704335
1703502
-2251427
1389829
-239221
1049034
-543361
-110675
-549835
-99290
-1105679
727669
261221
1255631
-282700
-437270
-1244758
450392
1359457
-1125604
719923
-1654345
803599
641110
-838268
-479035
40055
1441718
466569
-295434
501122
-766977
388031
94698
-280415
-1554737
1912457
-1401727
-112555
-87190
1353699
-1549753
-39242
1887241
-190168
230970
-1463656
-563932
1487619
-1150333
695475
-1020221
87663
145495
1911118
-1799391
1288243
-519819
-300534
1292154
29426
-339812
423472
-30366
-1203139
-66713
-347273
1603955
-1808233
1329332
-465287
-1102585
793678
218120
-302675
-769513
2141065
-963394
672652
-333255
-1071976
68514
-184157
-576405
2404530
-1173020
158188
248787
451655
-1084379
-647143
-6605
-87961
1581264
351992
295119
-664770
-1197914
197068
-53872
180796
-397070
1036825
-489020
1065977
-713825
-1403738
1534241
-402153
473374
658017
-1506640
1136971
-213106
-1204768
-98525
903650
-342445
-476636
1633418
-374719
-37865
-900138
-6464
1446574
-1354108
-99681
1206197
-707604
-876667
737305
20531
-163610
1017136
-1828498
783085
1010406
-857104
945383
-1410923
353977
-879670
1243876
-468081
1019172
-350067
407976
-722845
482937
501027
-1078638
-1112210
2006638
-2019081
409663
472985
1067626
-897547
405589
-3273
-1519961
1265700
-779677
1087178
-796007
-485852
172162
1683693
-2082439
982308
1084571
-966165
705730
-335552
-706900
-119425
50419
-398720
1445058
-1604157
892200
-311891
1294475
-2055190
602816
1608334
-903853
-525332
-282042
912042
722749
-1967998
1040239
-471460
1048208
-1582353
983627
460530
-1229464
1392944
-918818
485260
-13295
185176
-12431
-803661
81456
-85161
210922
784764
513842
-748596
-1126243
1810286
-1773907
1870748
-246786
-1468755
14515
202828
1281313
-740491
973743
-674722
-1114453
-411794
1126827
912193
-847929
-522309
-782492
156744
2318890
-536818
-188827
559464
-2086563
1028623
691604
-1066726
1077573
256845
-1409492
781547
343283
-1258586
892752
451085
472423
-1569589
-190510
1411031
142168
-1745349
1508436
-1117865
-639420
1717566
-1957618
-62904
2267853
-2007310
1939398
-202540
-1909107
977501
446405
-126672
-1369214
1917895
-783947
-887742
1500245
-1626018
2038453
-119404
-114114
-403880
-171771
-1079978
59038
1278080
265938
-1048483
1481574
-754588
186697
-1005427
-616860
798017
-296452
1016453
-570387
1342277
-251242
-1120873
71309
1094620
-414220
615601
-2019247
157229
692843
31389
-1211112
2063544
198875
-990347
491896
-805891
1013114
-1927889
298214
680588
1303169
-2094483
2167439
-2237486
1756332
-1536226
1202517
-946577
421006
104158
395696
-719038
449332
637563
-1301864
607994
-1287853
1330011
-751928
1727880
-385019
-799220
614982
-1567766
2082723
-1588839
75236
1302266
-821400
-1090605
-74220
306167
1688917
116829
27526
-34768
-2132786
-23074
1187687
255719
47023
-351228
1078291
251141
-740611
-804666
1405062
38131
-2035526
2106210
-2019682
877262
1128272
-468031
-1413226
488835
483342
-426394
1261103
-1745516
314064
-818437
1789588
-240095
486032
-1674667
1433502
-599268
-1207526
738692
678716
-445317
-1052155
584079
1268020
35232
-480354
298296
471574
-605607
-1348487
-244904
818385
534666
992687
-2148305
975735
-426574
-717141
2275108
-392760
-1895175
1482665
577971
-374120
393675
149781
-1265307
925338
-68970
-1335760
547614
142320
-137352
-102498
-303852
300371
-329675
-231837
2119401
-719552
109586
-1309938
21538
-239650
859471
-703023
655557
-398636
-735063
182874
268961
1979106
-1011150
720932
-753235
-402717
974880
-1281347
915988
822379
-2225317
163904
2113263
-1505993
806742
-472200
504880
-545834
-966213
1784766
199334
-794749
31832
-64505
-1145541
1563676
-1200740
674853
-1177978
-125491
67488
1899639
-1195806
855148
-365511
-310042
187066
1298807
-1621410
-855068
1565267
731217
-135194
-1848308
228722
809949
-588610
-78239
-82122
1117832
-1511983
849417
-324682
1201240
152257
363517
-931146
-493075
1121137
-1568314
-450190
1294593
860106
-1365836
503583
-468004
-755632
1169188
944454
-2258141
2095159
-1221120
366355
-1129253
2240486
61295
-2460706
1454178
-865611
211542
-812088
184375
1688850
609850
-1576271
-128112
1574971
-453290
-1353926
862054
-925629
614042
-738483
902861
915285
-1004640
-222681
590240
243335
-1219066
1470578
-175322
-17372
-1018738
1577025
-2117799
820710
244166
-66799
877284
-1091637
-122923
-787952
1940581
227
-1817929
619114
1047985
30396
-1054528
980027
-1285113
1253499
-101417
-968287
863124
-1692024
748028
1103783
5020
-1855381
1366962
-1316271
827088
-379622
1723657
-478062
415315
-158969
-566676
21803
-1198214
-208459
1806044
109730
137559
-519582
-140989
-561233
1243910
-1429627
803885
-465704
1160222
-1203464
-331143
193380
1226675
-1522053
1490738
341623
-1757270
1661463
-116293
-807677
770145
-1795554
2075048
-1124854
918203
-1151922
-890436
600182
1390845
-1749866
72130
15721
118191
1481529
337938
-1173473
979358
-178225
-824213
1018798
131138
-1577351
948043
-1596118
941659
1262010
-1723171
-121067
1829527
-2061301
982908
516784
-1314058
1597176
-1895140
232697
853983
-836880
335931
-331854
91483
1347512
-1143709
1135148
-96546
-1569020
1995870
-1140796
984498
-1588234
686285
-58015
-181414
755827
273462
-1130545
271016
-365678
1129849
-259258
538814
-365251
223204
-1479331
381347
343525
628169
-298554
491407
-165087
-1549963
1810582
-1208353
1068270
-1208656
-652382
656864
256898
1208712
-1630142
977991
-1090260
892677
1098206
-859698
-896297
508503
854281
-197286
-1522248
2027962
-2387664
2339940
-2364504
2393751
-1897336
1754321
-1255583
1063677
-1800889
1609929
-172313
-284040
-366159
1127052
-1821484
439371
159973
392848
317041
167344
181807
-788663
-1222418
2153039
-1852825
239805
-371805
2283638
-461986
333720
-696560
367385
-1675685
2016711
-563043
-698799
72120
1302719
-2426521
962184
1058249
-926582
304480
519891
-501388
-1159124
67062
365149
-373878
657380
-147803
1495434
-1999401
-163052
993219
-940709
1168369
36217
-887622
1431994
-1468817
1473939
-1818020
1146641
387652
599682
-2169629
526197
267588
1291270
-494084
729639
-7508
-1155978
-51953
438463
-75201
-70322
-1171113
352988
1743983
-277345
-1298928
518239
36195
-1332490
2109107
-28656
-349403
-995636
411783
-901257
-247539
2087729
20809
-362910
-985272
-398957
415485
-144382
1241288
-485793
-681068
1563390
96220
-187405
-224978
-1780680
1873051
-1331286
-160822
885002
54507
185276
-1040117
1610834
-161258
-290518
328907
-415215
257889
-298443
103657
-424230
697356
102735
-164529
15503
-1230547
1435052
198410
-826855
-1050769
175252
-69596
899866
-743060
288139
-1093915
918828
50134
1027702
-1897052
1372932
-151675
-1220800
1328779
280358
565756
-1412049
333180
830882
-920997
-1177094
1501503
445199
-414337
-1213218
2167287
-1380290
1224622
-756619
-1460952
2323659
-80061
-383944
-1494333
281423
630472
-49074
667135
-258078
-657989
1012560
-2051716
1318813
-1295670
-9335
331941
1254383
-1474494
2105855
199997
-1545463
299036
-468373
874886
-285368
692718
402573
-158810
106421
-810580
-1528761
1230389
284847
-92201
-1373637
397918
-248762
2023789
-1387814
693563
-235313
907332
-66300
-601505
861556
-2229254
1445610
742143
-128012
-1192288
1302635
-995574
-357954
84712
-715932
111757
-459107
1632768
-994603
612067
-706792
218430
815000
645958
-2158136
1888333
135109
-1801669
1037071
803146
276005
-1855587
-209220
1502706
-966385
891886
-1756864
986174
-985561
328416
492044
1008509
474696
-5456
-1917730
1001274
784824
-1198077
1403056
-1895887
1858930
-846598
-1410511
466405
605937
798984
468953
-1547743
510127
116079
827707
-1453941
1094746
-797846
-578611
1293779
-1719585
1406432
479890
-848359
1138546
-931322
617146
-1598872
1586451
-485819
-877090
299843
843466
200464
-632336
693917
-92961
264110
-1889888
708339
1377269
-1878514
1846754
-2466999
245336
2184144
-1474942
800533
-635438
-949229
1990431
-100994
-1362015
-527715
879458
87478
-1054571
1375397
512999
-1193616
19486
1692645
-570311
-321375
233420
95391
424288
-1834395
-278798
1143246
-113658
-451459
1168048
287640
-784434
923417
-2360728
2028567
-950632
-693291
761519
-1005235
2246929
-179181
-95992
-792859
477940
549141
-742544
83785
-1374945
1110768
-17342
561694
-1975811
210826
1944013
-61925
58023
-1653293
279885
1453652
-1029909
954238
-1867299
1985751
-25855
-1169652
555636
-578959
1105130
-420999
-157858
239724
-1691443
-152289
851109
1324407
-1232627
907586
155448
-450112
-888568
-228336
1998887
-2432725
575083
29278
1719918
-759453
-238174
-492115
966848
-1296123
253670
620153
705273
-2057233
1542118
-676978
-560145
1707421
-1551318
-418406
1252366
95875
-1014848
993802
1002840
-404058
-1669416
1143700
-1338219
1534122
-750279
1483140
-771288
-760588
-442738
-158689
2181973
-351659
-1201773
1223699
95038
-1522790
-109817
14277
408024
-441914
160075
346430
276797
1021905
-1595529
893424
-227166
230642
-1346019
-221777
695978
117692
-90001
77185
851779
-1130168
401605
270307
740967
-78838
-1825320
2125163
-2223074
2372856
-2171267
880304
-798168
1894246
-2145594
103388
1948575
-839841
1095403
-274160
-1172349
-749360
557748
302404
731173
508572
-534432
-918287
420523
1010454
-1781474
-167193
-132977
698809
-108528
1197000
-794237
1023908
-356192
-374896
-219553
-1116485
1689889
351588
174702
-1839183
299161
50465
590877
-1426276
476296
226217
970228
367856
-893512
-828976
79315
-57502
877348
255709
717877
-1595423
86034
-529941
1354325
-376646
13287
-806675
402998
142257
-781744
1003468
-466473
640446
-317588
-931488
313585
568590
-322380
-627783
2203233
-835971
511264
-547613
-431056
1490116
-2220092
1779322
-1025609
-300351
-565533
874946
222250
1069583
-959218
-440081
678714
-506876
255126
-676017
1198498
553848
-118400
-584379
-456218
1141614
-1229602
-735207
-315249
511073
360613
922116
-841954
1331524
-2156572
2025110
-2088841
1319146
-69107
93017
-233025
-1099510
1348302
949389
-1934376
2014163
-1370752
1143812
-1831904
695250
-850462
101132
1170408
803499
91106
-915941
-98225
305281
-1280167
667149
1381816
-1922364
1056801
-59306
-516742
1204986
218233
-1872057
-234958
1155121
-1383497
-37471
2148288
-172288
-428632
373269
-57874
-976241
696300
378579
214897
-1064467
1144233
-1719600
1853394
-315405
192398
-2059578
879823
-235466
-544380
1970316
-809289
727248
-800227
-798249
-274950
1052684
-809013
-601017
2344444
-1949542
455133
235107
656399
688529
-756536
-318576
678164
-330400
-1055033
-422367
1912558
-1518698
-536267
894543
-931010
1052389
1168699
-909470
-209998
471485
633715
60314
-1019053
-1110626
2238480
-995062
-1426689
1311418
-448042
-691330
753558
1273210
-2052127
2261255
-1461358
-971681
622715
382412
-243785
1610191
-818930
-609836
1349099
-48245
-1588434
1619901
-1443742
-211065
1589713
-2058051
1093150
939415
-1635897
1725122
-1168995
-1023243
-74103
1907705
-1936672
1728136
-1770291
1594343
-1566939
221252
1339175
-76815
-934801
1788656
-1702833
420425
1270955
-1207147
873086
-1376206
940927
743354
-1821834
1189558
-1287953
1856536
-1283491
-396275
1909009
-1434697
-356073
1702040
-1438135
-626376
177748
307780
-129064
-297524
1863068
-224165
276474
-208807
-850119
1127086
-1594446
1118205
-52751
616521
13090
-720037
-878953
673847
845500
-730751
-1020503
1379690
-1134598
-757327
1779477
-610817
616237
-245341
-1503997
755977
1194267
-1939137
1955842
228463
-1101018
645295
-1402898
-343068
915330
-798443
-222837
2365268
-374861
-846325
-862960
265840
301493
111005
-859467
1417182
-807095
809691
-5230
-157149
-1247295
179289
572607
399337
-66212
173605
-7002
929623
52390
-775377
-1624961
855893
383647
-1127611
204159
371980
-339411
43636
335280
1285781
-1717177
1132002
30935
769183
-2023957
46412
943587
1142692
-1143449
1187498
-1748092
1862541
-1104726
-119792
940161
-2116755
1246000
-584444
554587
74033
-1337098
1435288
557952
-1681971
592443
918369
-1675266
305878
1988663
-267577
-1734920
982511
920874
56754
-209779
-2149363
1097373
156247
523938
55179
-196022
696972
-103117
-849800
475527
-552465
873171
-81644
142065
-241531
-1829069
2043214
56210
-841668
-926533
1922816
-1000031
654273
-1157749
897238
-213605
-1245032
559271
467476
653361
-396776
-1701027
567286
333619
475373
-62648
635675
-1396854
-453965
2278417
-2252824
1030076
-355310
-421931
-74870
-271980
1008534
-11556
1424194
-764461
-1597226
494372
1735862
-1294872
-274128
508725
-4120
-542409
-562947
624996
1047119
-1470268
1446506
-953950
-498974
1588273
-655993
640716
79711
-1254820
247301
944028
-1472494
535784
866172
-253548
-997520
-317344
1426898
-499319
-952346
867174
1137043
-1004389
-720838
-367304
2146799
-704034
152278
-712029
1175542
202237
-2421032
2162269
-681353
719395
-892790
1146116
-2098459
1936710
-870303
-991129
1591440
-765917
768688
-1092401
-253373
514328
1100280
150506
-1067837
748384
-716229
143539
-561352
1459271
-1498887
1494870
-1305360
973816
-1126887
1043893
-68420
-1808945
1782616
485477
-1815239
-542140
1583298
-379136
1027096
-1953013
-299619
1422479
-1138301
1790320
-2020793
1624171
-1745592
1647750
-706763
1457707
-910984
-1373513
1361761
797066
-1048784
1244990
-2166972
104588
703073
901089
-1601334
-94304
2029661
-1995238
-190586
926217
662516
-1203976
483825
-192875
261640
1359741
-511632
13228
-1329746
406469
1381569
-1856732
-279488
2145352
-2172836
1700644
-956360
196876
-819846
723154
-112567
-506061
613081
-712864
1027420
-1398184
25411
1563959
524272
-1577440
1572440
-1549213
345867
715373
159395
-328167
694736
-2179985
2442516
-467265
-1507592
-149006
468275
1414831
-1915476
2107295
-482663
-59009
338417
-124900
106319
-1246162
550603
660132
-1425137
1235260
514716
-1064033
-312949
1260393
-1965913
-23267
-141339
915775
1324201
-1074032
-676191
1735764
-492113
-798757
73108
1173084
-2145516
681327
1470394
-298084
-1121646
527145
-569254
1036768
-1705730
-112329
2071655
-98335
-631749
-212602
-187780
-326276
482184
-60745
-595376
1805173
-2236137
573897
-422757
1410858
-485616
-305083
1133996
-113153
-108856
-315892
833554
-1009422
380655
370707
-950731
927659
-1178851
699830
-818328
1463284
-1148757
346267
1047282
-1462954
708683
-812227
1404074
-586842
-204575
399527
-1166070
429689
-1010127
638104
1642850
-740194
-478354
-954237
791044
1107088
-246075
442102
-1367889
-305520
240763
950142
-913667
993435
-1852708
966249
-930929
110822
311728
226020
554351
380998
-67336
-272742
266110
-1192393
1922832
-1339440
288554
-830759
1742955
-604411
423215
-476186
508792
-1523677
154
1263611
-1697055
180836
-331274
1905719
-406818
-1491040
1460299
-958278
964460
-909717
1286683
-592678
-934705
755193
-690470
1434026
-673627
-547280
208821
1675758
-929841
3907
-1435166
159977
739278
697441
-1365036
1167171
491850
466991
-2138222
2132478
-715417
-450335
247654
-462181
-135406
-942152
1286528
-539664
92634
638821
679540
-1674108
1923398
-1400093
162243
-691188
1188187
240440
412292
-1718522
1596801
-76691
-924139
244202
388865
-1109978
1441164
-2112196
1642927
90456
-779338
-472957
-486516
990655
700765
-1466765
151625
1789636
-243450
-1169849
1314754
-799886
880551
148059
-1935366
337552
478943
-102111
-771090
-139974
438603
1266795
-327983
238772
-1799842
341252
2043067
-334984
-236580
-88556
-935852
1576055
-1239558
-1117966
1658242
-114545
900367
