100 90 4000
1699 210 -1843 -1200 -1150 -213 -1777 -2513 -2644 -1711 277 1660 -25 -2357 -593 920 -686 -52 -152 1299 -2685 344 -2400 2560 -2354 820 2717 -1190 -25 -1060 -1271 1466 2679 2052 886 -2947 -85 2539 -2645 -1476 -1011 -722 -2806 -2633 -2405 2978 2705 -848 2797 -1 1864 -519 -1638 -1900 2388 -2138 1079 -689 1299 -2495 -2135 -1306 -299 -1004 1406 -2724 -365 1884 1659 2574 1373 -2796 -2792 -2842 -807 -2152 1819 -1371 -283 -576 1314 -799 -1923 -119 -517 -1477 784 1593 -1720 -2260 -508 2060 1413 2092 -1749 -1848 -2356 -2481 -1062 -124 1899 -4 -2360 375 -168 -2884 271 -626 -1260 -1361 -2377 -1459 -2824 -2559 -2857 2389 2752 -415 2867 -2688 -1472 2012 1830 -2980 -1721 935 621 -2850 -17 -541 248 -200 -642 -2048 493 887 -368 2311 -449 -2461 -1144 564 1631 696 -2173 -2395 181 179 -2110 -2539 142 2578 -16 -1961 -128 -2192 -2964 -1100 -1192 -1346 1816 -523 524 1807 -1294 -1383 483 -1915 -2369 1533 2540 2867 1172 -1001 -2200 -1221 -727 -184 -768 -974 347 2357 1442 2229 -1851 -2281 619 1552 -1329 -2079 388 244 1822 1977 523 -987 2831 -249 
41 99 43 0 81 17 72 63 90 19 15 4 7 28 58 15 11 16 3 13 18 11 24 13 12 47 62 85 12 25 53 70 37 24 41 82 86 82 36 63 83 39 39 67 53 72 3 83 30 17 28 98 23 42 41 57 10 45 61 37 31 25 72 0 30 96 84 79 21 14 64 16 59 93 20 14 80 92 57 4 80 52 65 65 20 41 78 94 25 1 55 66 30 99 18 96 10 37 43 
1168 867 1
-2386 -2339 2
-1567 1128 3
-1065 -2070 4
-1039 -664 5
-582 -2725 6
1445 726 7
2099 1610 8
2347 340 9
-1213 -2563 10
1535 -496 11
2777 -651 12
395 -1072 13
-696 -1789 14
-912 749 15
201 165 16
91 1804 17
2379 -1628 18
-1389 1278 19
2641 680 20
-1959 -725 21
391 218 22
-2112 798 23
2912 -200 24
2663 -2381 25
-474 -1466 26
-1483 177 27
-1761 2195 28
1632 -223 29
-2168 2148 30
1055 -2702 31
-2708 -2139 32
844 -1419 33
-2873 53 34
1341 -413 35
2809 -108 36
603 -1629 37
-2033 -2925 38
-2520 -722 39
399 1261 40
-177 2518 41
1004 1948 42
1539 -1821 43
-839 1895 44
615 -1487 45
768 -2132 46
-2930 -779 47
-132 -2714 48
-142 -2700 49
-2079 -937 50
2731 -2729 51
-2498 -95 52
52 -1020 53
498 -1165 54
-1767 -1830 55
-1 -1969 56
1633 2558 57
1024 1009 58
-585 -1248 59
276 362 60
1707 2628 61
-2915 815 62
-729 -1209 63
-511 -1359 64
-53 -1300 65
2162 -159 66
881 274 67
1099 2197 68
-2732 325 69
-847 2233 70
-164 -97 71
46 1606 72
775 68 73
2969 558 74
1624 536 75
-452 1633 76
-1606 1794 77
-793 2637 78
1877 2158 79
-388 829 80
-739 -289 81
1845 -187 82
194 -2294 83
-306 1840 84
-270 1967 85
-168 -299 86
52 1735 87
-1629 1696 88
-1372 -1840 89
-1307 1988 90
839 -1987 91
-1842 -699 92
799 1298 93
-2469 -1712 94
1677 23 95
-1641 1814 96
2033 548 97
1325 245 98
-1976 1242 99
2846 2420 1
-996 2657 2
980 1234 3
1241 2684 4
-1053 -610 5
1554 -2732 6
761 -1558 7
-2930 -2462 8
-2798 -127 9
1164 -2578 10
-807 577 11
-2627 1311 12
-922 -360 13
2848 -1863 14
-150 2455 15
-1253 2166 16
308 1868 17
-2572 1886 18
-636 1421 19
-499 -2466 20
-2051 1788 21
-110 1268 22
2551 -1025 23
-1908 702 24
-1023 1283 25
568 -2463 26
-1102 1723 27
-2459 2644 28
1615 1253 29
2944 -701 30
-2745 2017 31
71 -2801 32
1401 -552 33
2650 2379 34
-976 -2776 35
-1735 135 36
778 1109 37
727 1724 38
-823 770 39
-1523 -1461 40
471 -465 41
331 -1228 42
-1677 99 43
-84 1787 44
756 400 45
-993 4 46
2650 -2866 47
2072 414 48
2120 -1181 49
-377 1309 50
1798 -1099 51
-1245 454 52
-1626 2389 53
-2271 -2306 54
-1412 -1632 55
2506 -232 56
-2162 -1294 57
-938 -98 58
487 -1811 59
1890 1553 60
247 124 61
-408 -435 62
-1433 2746 63
-474 2436 64
-2014 -709 65
1325 592 66
2256 2151 67
-1770 219 68
-2696 -301 69
2480 -2807 70
2746 745 71
-2185 -1516 72
2074 2956 73
-2178 187 74
-805 -2863 75
-1874 1861 76
1005 415 77
-2112 1812 78
-453 -583 79
2897 2597 80
406 -1602 81
2782 1675 82
975 -307 83
715 1962 84
598 -2942 85
107 1381 86
1134 -2822 87
-1221 2879 88
2391 302 89
-2391 -2000 90
-1130 -2416 91
-377 -596 92
-2458 -2485 93
1334 -2770 94
-2625 1969 95
994 716 96
-1459 -2873 97
-2581 1467 98
1401 -292 99
1783 1986 88
1192 -2343 20
-887 2430 97
2214 592 92
-2539 -2114 89
-384 1829 59
-2470 -1640 89
562 -1514 87
-1548 -446 94
-1664 523 83
-526 2124 61
-1169 -2062 18
895 -2608 89
2513 38 91
1225 1131 34
-672 -5 2
2725 2423 28
2554 -2099 91
1442 -70 73
-1322 866 38
1080 -2157 87
-453 2346 66
-1243 2372 29
1060 -1778 83
2980 -935 46
-2902 -365 49
-914 -2436 56
-1617 2833 68
-1075 2087 95
644 -1835 57
1270 -1770 15
2825 -2278 94
776 -238 57
2085 -2157 22
-970 789 64
-1249 716 28
-1677 1824 1
-1724 -1175 73
-347 -2440 41
1919 1633 98
2699 -790 39
1940 979 43
-688 2063 67
-1800 2799 11
-2517 -1984 88
986 2579 98
284 2282 41
-1576 -1998 7
1800 1179 20
-846 1025 59
-2528 1407 55
304 2374 33
1904 -1671 69
1886 932 20
1083 -2667 43
-1127 2333 63
1874 -1728 45
825 2209 71
-490 1865 62
1304 -1815 4
-2384 -798 41
-2806 201 98
2554 991 52
-2225 285 51
2693 750 83
-539 -461 26
-1972 -1524 66
-529 -2232 74
-164 2029 20
-1916 557 11
1618 -2632 3
-1228 -1209 50
-2653 -1090 31
-1946 2495 62
2135 -323 53
-755 -2567 19
-2489 1340 93
1088 -539 33
-143 -453 40
1331 2508 95
1932 936 73
-2882 2008 63
38 1186 95
-1597 2672 8
1764 7 72
1856 2722 63
867 2944 14
-1269 1644 34
1789 -2651 35
92 908 61
1770 1899 92
195 1298 54
-858 -2041 7
-2428 179 97
770 1951 58
574 -1112 93
-244 -1377 90
-2493 -2268 62
-1911 -1173 11
1683 -1967 50
-2221 1908 9
-1506 1275 13
968 1551 17
-1244 -1877 75
-1752 2861 40
-83 1229 47
1010 1490 1
-992 1578 65
-1701 2537 57
39 -1921 90
-708 -400 49
-902 1347 17
1805 -198 46
-2850 -1989 51
233 616 88
976 -1423 17
1981 -2656 40
2292 -1531 23
-740 -882 77
-2905 -1035 16
1649 1515 45
-2565 -419 17
-1126 -1767 21
2170 -1224 84
-1519 -2730 83
430 -2512 75
1022 -124 80
2118 860 70
-1390 408 82
-1850 2983 18
-2837 1299 41
688 -1924 77
2979 -1329 27
-93 -463 45
-1808 -2702 66
2377 -1209 49
2637 -2166 41
-2346 1996 7
-2628 -1393 51
1091 1238 91
-2809 231 14
-1557 72 66
2119 511 2
2418 296 42
567 -1537 48
-1594 2599 87
-753 -2288 55
-1808 -1729 25
1822 -558 82
205 -1867 15
2920 2464 88
-304 1010 73
-1746 2629 99
-119 680 45
-355 -806 31
1484 2768 33
-2599 -2966 30
2592 -543 25
-2983 -1767 51
-1816 -1302 89
112 -360 5
-461 -1177 8
1139 -2925 6
-885 1058 86
-1234 -616 63
-596 628 35
2370 -1597 75
512 -1688 52
1877 2076 96
-2077 740 17
715 491 6
-105 38 32
-2851 -1353 19
1072 1104 75
2069 -1189 44
-2878 -1589 52
-1361 1543 22
1305 -799 2
334 -800 3
2723 -2852 99
403 -1745 69
-2149 -2982 58
858 2098 54
2132 1420 28
1823 -1197 41
-2814 884 14
1685 -1052 26
-1227 -1052 67
194 1645 11
-1231 -996 31
-226 -138 61
-2710 -1493 31
1063 -1855 69
2359 -591 66
2806 -2951 86
73 1535 23
-97 2028 95
-1118 -1736 51
1845 -1059 46
2385 -2829 5
1189 1534 52
-677 686 52
-2622 -1514 25
-2094 116 74
-2420 2112 53
-2948 -2898 52
2754 -1132 1
1983 -1321 19
2892 -146 75
-342 1414 63
828 -433 41
139 2327 41
287 845 10
641 -176 90
1135 1892 50
-2155 1477 50
787 848 63
2087 2616 61
-1899 234 38
396 851 63
-2007 -1259 87
187 1175 2
-1113 242 79
578 -349 94
-347 -2109 66
2844 -181 48
-1726 737 25
1919 866 53
-2749 1635 78
-997 1683 45
-2512 1191 50
1571 1407 70
-281 -2171 96
-487 1966 39
-291 628 79
2421 -1971 76
-1244 2486 39
-2652 943 24
-1174 -1939 18
2740 2591 98
-2546 -151 98
784 2518 50
-1351 2489 6
1430 -568 26
434 560 51
2922 -2442 1
-1513 -538 89
-2386 -2552 26
-654 -2974 8
-1683 581 6
-100 2155 87
-2333 879 39
-1767 284 40
-878 -657 86
1183 1080 30
1909 2623 34
-189 915 13
1011 1048 13
-2990 2166 93
297 2239 13
-792 -2003 85
-1525 -1926 91
-259 -639 36
761 1847 63
86 865 65
-965 -226 57
-1019 -813 22
814 -1735 11
2311 -2466 4
1774 941 22
-222 2692 44
2226 1993 84
2008 1047 13
2099 322 70
2631 -218 46
-2735 -1083 76
1490 1946 93
-2885 -1965 84
-1976 2503 89
365 1858 67
1622 1904 62
1880 2644 73
1481 1101 71
1939 335 98
-229 -170 11
-2334 2545 95
1580 -1486 71
-453 -2507 26
-2291 -2585 44
1931 982 36
-2611 -1893 28
1592 -2415 76
1725 1614 67
2174 2222 58
-584 1496 94
651 815 48
-2072 -2506 24
406 2271 98
-2610 1928 21
-2171 -1585 33
1945 561 61
1195 -1526 7
-163 -2317 77
-2160 -338 29
24 -4 52
-1811 -1175 29
-2860 -1765 50
-920 -1194 85
-937 1523 76
-816 -555 45
1681 -594 80
618 2058 8
-1076 -754 46
2486 793 58
-2603 924 14
2343 106 4
-1195 2669 9
-208 -2183 12
432 -604 90
-973 433 57
2870 2653 88
-2544 1645 86
1450 -126 79
-2093 -172 71
1751 1408 66
1936 -1138 33
2498 -1415 60
-2417 1533 58
1625 -2673 77
-1532 201 79
-376 -2031 70
2827 74 31
-2771 -59 39
561 -2838 77
-2269 -2912 77
1032 169 93
1588 1399 89
2665 -1815 25
1710 1148 49
-1812 -1468 79
-2449 957 92
-1541 1031 64
1464 -1890 5
1147 -1477 45
-984 562 51
-726 -2239 64
-1556 -957 13
2242 68 43
670 1637 88
524 766 52
-2893 -1978 86
-1988 543 16
154 -897 24
-2095 1159 98
1058 -1896 88
-62 2832 96
660 -782 39
378 -1591 11
358 -2653 29
769 -1569 76
-452 372 77
-512 -1503 40
1966 -1224 45
647 2507 66
749 -2707 1
2320 -1564 91
350 -2460 99
-661 1856 90
2305 -2735 6
-243 2946 34
-2478 -1465 26
-1480 -2717 87
-838 101 39
1227 1139 75
-1027 -2688 17
2124 -2204 36
-1379 -123 7
-920 2628 68
2395 -2289 6
1537 981 82
-1940 -2870 3
34 -1213 37
1323 124 73
2597 768 34
2779 2563 70
409 1555 44
-2853 -31 67
-2347 -807 83
2003 1517 81
-2770 1981 56
-613 -1765 76
948 2311 89
-1898 -1179 51
339 -574 67
194 2386 10
46 -1210 42
-1172 2013 96
-943 2234 68
-2899 2260 95
-2597 877 4
1641 -1311 65
1744 -1474 17
2285 1831 63
456 -661 67
241 -1586 53
-1941 -820 23
526 1314 18
639 -2918 79
2312 1852 47
1619 661 55
2972 -1342 94
2854 -225 45
-2218 -846 92
-1394 1973 41
1413 -1229 79
-1262 1198 21
2097 -938 77
-774 1089 69
-2407 380 9
2347 -1980 82
-2846 848 89
504 726 42
-1380 -2101 23
886 -1834 82
2765 13 40
-2603 1292 78
-1069 2053 62
2866 -1282 11
1174 -2692 96
-849 -2496 95
2102 2216 44
-1348 308 31
2162 -2152 82
-2803 -1789 6
833 2480 31
2769 -1211 52
658 -2040 21
-1110 2827 66
1719 -1129 30
-431 -2469 80
1621 1960 33
983 -1317 98
2670 -2967 33
17 2665 22
2484 -1651 25
1487 883 50
104 1439 44
-461 94 12
-1575 -2698 41
-2454 -456 64
-473 -1059 78
-1267 -1295 95
-1317 1679 60
-1478 -747 60
-1060 995 96
211 -1495 92
2361 904 2
926 -1345 81
-23 -1 41
450 -2679 62
745 -1989 37
637 -2320 56
807 2451 77
688 -115 16
-1837 1122 74
-346 -2328 26
-1197 -2662 23
1054 -1497 33
-1069 1877 27
-858 884 26
-2860 1540 9
2601 -2936 47
-204 -564 49
-1675 -862 78
69 -2870 46
-1299 2174 13
2088 1781 80
-1626 1897 28
-2918 -450 5
-858 861 53
2976 1749 74
2330 -2017 45
-2559 -2726 25
1053 1636 35
2723 -2887 61
-2724 -1745 28
325 1125 74
-1121 -1729 70
1407 -2952 80
844 406 18
-2029 1884 66
2813 1002 22
375 2904 60
753 2786 41
39 -1771 83
904 -2154 29
-1039 -1294 14
2165 1076 86
2341 2566 61
2466 -28 28
-1746 -1637 63
-1706 -1194 53
-1321 -998 63
-790 195 2
-2450 423 20
-2202 50 45
-2478 1118 14
92 -784 73
-85 1691 65
-154 -2636 59
-1423 -712 46
-2888 347 19
-2413 -1532 13
-2070 -1830 80
-2991 1933 75
-1078 163 47
1084 1516 8
-761 -752 75
2920 1789 90
-877 -1560 94
-822 88 49
1656 -2359 54
1720 -2300 18
1710 1903 18
-107 -99 8
-2042 772 90
-130 -1731 5
-1409 1778 89
-1296 2124 70
1298 2696 42
1126 2093 41
414 -2964 26
2495 -23 34
644 1661 75
1266 2628 18
152 2053 82
-2318 -2262 95
781 1967 45
1389 2303 41
-1740 1808 26
-292 -676 12
127 -2738 76
2568 -1853 15
469 1416 51
-25 -1586 80
-2701 2705 10
2377 -1196 66
-1263 2263 85
1824 -1822 65
-1009 -2712 85
748 1369 54
1817 -971 67
791 -236 43
-852 -83 21
-923 14 23
1194 -839 85
-2554 -2413 89
-2015 -2273 18
-1758 -2169 7
-1171 -699 89
-2769 2549 11
1791 1955 84
985 876 14
-1725 -1414 39
-958 -1528 87
-1545 -2565 86
-1369 851 94
711 930 84
-253 2696 44
-676 970 83
2231 561 76
-2894 -1662 43
1615 1763 16
-1983 -2445 65
-758 797 33
-2414 -1740 59
1867 -2330 85
193 1711 45
-2916 2855 25
2264 1612 65
-1823 -185 79
2667 -1620 73
1952 -1098 89
2771 1456 63
133 -444 61
909 -2750 45
2910 1249 81
-521 2223 3
1157 -2019 9
1523 -1407 81
915 -2075 89
-1397 -839 56
1123 -1225 28
-1272 -2776 89
-287 -804 70
1833 1055 59
-2370 1605 20
1831 2218 97
-482 392 81
-1597 -1842 98
1408 -1207 88
1418 255 21
-2108 273 81
-2040 -1453 89
-387 -577 82
-1644 2669 53
-1950 1072 37
-1668 2537 20
-2233 1336 37
2943 -1431 49
-2740 2324 68
197 799 32
-298 -2083 71
-1029 2499 43
639 -1006 87
2416 393 31
906 -2115 30
-1482 -2694 97
-650 1232 16
1202 -222 14
1750 -2254 38
-2970 2485 75
-195 466 3
440 -2380 10
2083 141 79
2346 -2149 43
259 1174 41
-1965 -638 53
1548 -1591 54
-178 -1616 49
-2650 1214 39
-2135 -1677 8
-1170 2343 99
-547 2544 14
1209 1847 33
-1754 490 66
234 -396 7
1041 1245 45
-1419 719 81
-620 -2273 10
1786 -2836 56
2664 -1020 98
-481 1920 20
1433 -956 11
-1805 680 29
-1332 36 46
1984 130 11
2916 -1749 86
2273 721 41
-2225 2486 39
1836 -147 89
956 882 28
2479 -2910 36
972 -763 30
-1922 1752 17
-506 -2481 38
1132 2655 23
-293 -829 12
773 -452 61
132 2405 80
2801 1626 55
1124 2865 84
-1684 -588 55
-1107 1071 28
-2802 2894 88
-2390 2232 7
-1625 -2989 88
1331 2061 78
-195 2960 17
-2349 -1768 33
-1361 -919 41
-2047 1287 38
-2576 -2572 86
182 2708 5
508 -2025 16
-2759 -880 36
642 -2200 42
-1249 1599 98
1931 729 63
-2801 2776 86
-2065 -847 23
1724 1724 8
1604 -2126 11
165 1448 22
-2567 542 88
2590 2204 84
-1771 -2897 21
-1319 2374 21
2743 -2020 34
1086 1903 70
2957 -482 87
2063 847 97
-2252 -1953 51
2868 -2769 40
1096 1321 52
-1938 -2405 24
-1002 2893 50
-2629 1695 97
34 1215 61
-2321 -1436 16
-1451 -1952 31
1256 -1784 3
-2121 -1708 52
2934 -389 96
-383 -713 66
2211 -631 69
-692 -1349 78
1009 -1855 73
2567 1542 87
-1883 -2156 36
-2567 1645 27
2634 -2307 14
79 -677 3
697 -2566 71
-2139 -880 27
2925 1422 22
-202 -2886 10
-2340 287 17
-326 -308 20
-847 326 59
350 2270 63
-2453 -2479 78
-854 2387 97
-2107 2731 45
1614 1189 32
1438 -1469 67
-1318 1051 74
2739 931 11
83 1023 43
1812 -945 14
-2699 -2959 67
-634 130 2
-1626 -1639 91
1785 -2169 87
-531 -445 37
1118 -2470 54
1508 -2841 19
-2224 -2351 24
-1314 -843 54
1399 2989 37
1612 189 74
-897 -1385 38
1878 -1137 85
-1647 122 6
-1943 1487 90
1275 -580 23
562 1455 81
-101 -435 40
1072 -1283 30
2013 2881 12
2403 933 65
1254 2483 24
-738 -2142 89
-277 -901 51
-1559 575 40
-2203 -2230 95
-2858 269 9
1117 -2498 63
-129 -876 93
-595 2932 34
1669 1747 69
96 -1211 7
713 -2703 75
2124 1888 11
3 -2688 66
-2256 2432 17
1238 -29 73
-2985 740 27
262 2435 25
-1135 -2923 16
956 429 7
2842 759 57
-1590 1810 43
-1775 -2621 54
754 -2144 86
-2136 -1721 52
-1831 2530 74
-215 822 89
1774 -1071 56
2236 -2416 55
-719 1645 61
-2943 -2021 10
1184 555 99
1169 -809 45
-54 -1533 78
-2863 2014 54
1148 1854 32
2785 -2663 33
-2764 -1787 87
-2956 670 22
1808 75 29
-677 2953 36
-1167 -2842 22
-2957 -412 23
-1720 -1075 87
-2576 -2372 56
-1476 1781 19
514 -2256 28
-2821 1776 6
2718 1833 80
2463 -1303 58
-2279 1359 46
-2503 266 47
234 -2954 7
-2733 -2012 71
1001 -1021 43
-608 -1770 49
863 -2587 81
-62 -2479 82
329 2835 80
2779 2527 56
81 1580 9
1645 2271 69
104 683 45
1975 -863 47
417 -1963 39
2984 -2704 28
842 2455 64
2928 -1291 37
-847 203 41
-101 825 94
-480 -1602 85
731 -2597 56
2193 -717 35
-1184 520 27
-2065 -844 67
1867 2825 5
-1716 2614 41
-737 -893 40
2701 -779 27
-1335 -2963 4
-166 841 82
-676 2196 70
2129 991 24
2196 -717 90
-691 -1598 63
233 -630 56
-1332 -490 56
365 -2631 48
-2362 2104 98
-1077 766 2
-946 -2075 73
-2845 -1911 33
2082 -2174 5
2652 2832 58
-1788 -1688 18
1138 347 35
2224 -2233 89
416 1396 90
1929 2186 59
1280 2057 23
1793 -2532 46
1226 2360 70
-919 2371 82
-2110 -478 83
1030 51 18
-949 2486 5
488 -2597 70
-2978 1241 37
-2016 2834 96
-11 -1172 69
-789 -2987 91
-2186 2434 89
-2274 2982 48
2685 1969 29
1493 -1483 11
163 -1037 14
204 -2143 41
592 1179 89
-1863 1972 50
-2101 -1623 55
-1025 1191 96
-721 74 36
1637 -1060 70
-1275 -498 29
937 2506 93
-85 2753 40
2800 1628 9
-681 2482 79
-1183 916 32
2714 -1642 14
978 -463 43
-2449 2994 62
-2499 -1507 86
138 -1818 48
1476 2126 97
-863 -578 76
1183 2491 34
299 -2924 60
-2363 2679 95
1636 2754 68
2826 119 88
-1476 2236 86
-2766 1267 38
-1581 -1992 75
1152 635 33
-1916 1865 64
-2458 1282 97
-2663 -1470 92
2213 -2429 3
2372 1177 77
40 1049 68
1843 207 29
-1613 -67 53
1159 -2532 33
2660 -2044 16
2038 -10 97
-1948 -428 37
179 -2656 22
118 936 22
-2136 43 6
-1273 -2350 25
-1672 1823 18
-1847 749 34
1005 -314 1
2738 -2823 94
-2941 2338 91
-953 -987 83
-1922 -125 26
2128 -2203 24
-1118 -1765 32
-1273 -906 4
-2097 -877 78
152 810 2
-1545 2554 80
1117 2169 76
733 -2634 43
-387 1580 75
34 -580 7
-122 2797 22
-1165 2277 71
-2397 2336 40
2806 -2464 31
539 2801 55
-507 580 86
-1590 2830 56
-1539 -69 17
-1009 -810 23
2727 392 8
996 699 62
1223 742 81
-1677 1733 41
1125 693 83
189 2661 21
2712 -746 63
694 1618 92
2769 2386 71
-2254 -1075 89
1698 -2560 84
2481 -1892 52
-421 927 73
2024 -315 83
-1788 -2946 52
-2989 2772 49
2677 -2035 97
2156 176 28
2832 34 19
2306 1945 99
-2378 2768 41
123 -229 25
1742 127 87
-1509 -59 36
-932 2826 52
1404 -2345 41
-2901 2705 90
-1061 -929 29
-1242 390 33
1739 362 19
2953 -1148 50
1237 2078 97
-2758 -1656 13
660 -1198 90
95 -1035 71
798 2246 52
-1543 -2122 30
-302 -2547 64
984 2008 93
1582 -2658 42
-786 2377 75
-725 1961 19
73 -2720 60
1449 2326 14
1710 -612 26
-2528 -1316 7
889 2059 39
2997 -1649 46
-2414 -339 88
-2168 225 43
-2191 -1530 54
-1416 -589 53
-1862 -374 28
-2862 -1666 30
-924 2506 66
399 -861 19
950 -2143 12
-1728 -1903 28
-2855 -1409 28
1901 -2447 71
1123 -555 46
2047 1151 59
132 -2435 13
2517 -2900 62
-14 -2649 14
2306 -885 74
2168 -2202 97
1813 -848 27
526 -2648 35
1918 1268 7
-1986 2286 41
-195 -547 56
1518 -2105 96
211 583 6
-1402 -1906 23
2825 2942 48
-2227 -2329 62
-1072 904 92
244 -683 4
579 -2790 32
-2627 -1198 96
-590 -277 36
1516 -1317 5
-2605 2990 15
960 -1448 63
2726 534 56
-1700 -2203 36
1780 2334 43
1630 695 87
-2973 -117 56
-2423 -2946 96
2199 1254 41
1377 -2835 45
1541 2289 31
219 2149 90
2116 2855 32
2938 2395 29
614 1960 55
-2166 1708 41
842 842 39
1163 1520 35
-1414 -2958 92
-2570 2381 74
-1160 2339 1
-2856 -2248 49
-1809 -525 75
-2793 -1994 35
2223 2911 79
494 2599 4
272 2842 88
-2470 -2764 18
-1932 -568 91
-2583 1802 1
-863 1555 70
-539 -1248 29
1886 -2132 40
1231 2124 97
-1740 -1273 30
1578 519 42
-776 2280 2
2105 725 25
-2086 -314 62
2290 -1029 62
38 -2103 41
-1187 -1946 48
-688 1587 58
-1837 804 1
2022 -1895 73
380 469 88
-1152 -2737 55
-1054 -312 85
-1043 2620 41
-2544 -954 82
-2416 613 93
-1914 2165 96
-692 847 65
1672 2069 87
-1208 1578 56
-394 2160 19
-178 23 11
-657 -2241 60
239 -489 55
-2586 -2104 47
-927 1068 24
-585 1100 17
-1492 -68 71
-1535 119 33
-2575 -1144 45
2728 2542 75
2044 -2985 67
-1347 693 69
2785 -2393 20
-986 -2699 13
993 -2604 1
1868 -867 26
2456 -1679 17
1152 2565 60
2893 -2116 37
1797 1414 68
2515 1570 88
-850 845 57
-293 -2192 47
-1070 1897 91
2169 -1149 67
-2773 -396 2
-1997 16 20
-923 -1570 16
-910 2252 93
-255 -860 90
1654 -2005 49
-435 961 6
2081 -2202 2
-459 -2796 31
2059 -418 40
1387 2864 22
2985 545 5
-2353 -222 18
-2468 356 88
-2625 -2780 10
492 1203 98
943 -2965 81
-2898 -2501 33
846 -2315 1
2023 -2309 21
-1982 1468 53
881 2286 56
1931 -375 74
-1229 -581 8
-1183 2375 95
2073 -1107 71
1462 -1013 61
1648 2101 67
-1663 -1818 79
296 -2399 59
-488 -1288 70
-620 1512 7
128 362 75
-87 1730 61
1027 -1249 34
224 1972 8
-1652 -2014 5
432 -2310 32
1400 -303 21
-2050 798 89
-2124 2824 9
-2019 -1982 94
-1648 -2564 38
1767 -410 82
1326 2974 34
820 -1239 16
197 -469 83
-363 589 54
1369 1096 72
1867 -1122 28
1344 -2980 94
-2746 -2878 80
-1161 -2096 29
378 389 33
1963 963 17
-2822 -640 11
2477 -1164 73
-1867 1805 2
-2492 1077 46
-984 -780 66
-2086 1663 46
1471 -883 27
-340 -622 99
570 1817 61
-2256 1611 61
1945 -1747 23
328 -892 49
-936 1381 10
-2322 -2584 81
-2752 2332 12
-353 -1842 16
2360 2381 36
1655 -2965 97
1885 -877 99
-1397 -1759 5
1696 525 6
118 -2084 2
2426 2044 87
1502 -1922 7
-258 -2170 83
-2691 -2914 37
2441 489 74
1395 -2416 2
-71 725 23
-722 -1475 52
1546 -2328 60
1326 -2988 99
18 793 49
-2473 982 59
1488 -2656 69
2433 5 50
-886 2739 81
-890 -1765 24
1941 2655 33
-191 -1347 15
1284 2938 57
-2532 -973 54
1151 -311 21
-143 1524 19
-2961 240 34
2321 -191 82
1223 -1570 33
-665 1855 32
1812 431 93
-314 2005 41
-2595 2073 19
61 -720 18
2935 -2592 68
1014 417 88
2267 2580 18
-1788 -62 23
-696 812 65
2241 -2440 33
1387 -2325 86
2104 62 23
-1462 1762 72
-2847 -1008 48
739 -1504 61
2659 899 40
2269 171 88
-70 -202 58
-1040 186 70
450 -694 48
-1844 2939 50
-2055 1159 58
811 2541 57
-2163 -270 48
280 -1988 73
-1030 -2284 95
2966 2505 45
-1372 -240 5
1037 -964 10
2810 2620 99
-2553 2386 60
1737 -1049 82
1846 -2441 48
-1445 1475 91
775 -887 43
34 1303 71
1270 -338 57
641 -2415 11
-771 -2098 34
-1143 592 38
-1697 1679 70
2365 -181 71
2949 171 62
1666 186 11
-1547 -2203 53
2136 -878 42
2513 610 86
1884 -2890 56
-2500 807 36
859 -2726 62
-2376 2578 13
-1901 -2758 87
2693 150 54
-1143 1938 19
-1830 -2371 36
-2722 2749 88
-2452 -1989 50
148 836 77
364 -1154 65
-1311 1561 51
-698 -1611 38
-1659 -368 13
882 187 50
1677 -2721 47
-1091 2419 46
2594 -1933 44
-879 2607 43
2984 -2683 93
-2847 -117 3
1266 296 89
-1834 2639 79
-1216 570 24
870 312 58
-2388 -144 16
-1214 99 75
90 -2201 63
-2590 -2094 87
1315 -1176 25
-638 1187 18
2061 1425 37
1764 1771 54
-1905 -2329 6
-1477 1229 47
-1800 -1284 75
1354 -462 41
2574 -998 82
958 2194 71
-666 -514 17
2766 -1034 36
-122 835 30
-444 -2199 23
-1185 643 13
2412 563 27
-2253 688 64
1149 -1899 38
1693 2749 34
2132 -759 59
-2259 -1724 40
-1841 2098 23
1382 -2427 57
2763 -1658 99
1116 -2450 12
708 -389 90
165 2037 65
1349 1690 60
-1158 90 93
469 1400 18
-2187 1763 69
-2648 -2262 15
278 2745 38
2334 1834 27
2428 2176 28
1675 -63 28
-1690 -2012 2
-2451 497 88
1911 2598 11
-1779 324 87
-2211 2547 41
1118 -2832 77
115 -488 18
2852 278 3
-673 -703 32
1266 -966 78
291 -1195 38
9 1809 37
-869 2444 78
2752 -1492 72
7 174 43
1367 1129 38
811 2115 12
2599 -773 39
-1149 -77 19
2557 -2143 5
892 26 38
-2944 -1500 10
-694 -269 58
-601 -2256 13
596 225 99
-177 910 17
-1584 142 40
590 2718 42
-1679 597 10
-2185 -2778 80
1844 2770 42
-474 592 14
478 -2204 18
-2813 -371 76
2958 -2992 61
-2895 596 31
-2610 191 27
1948 -800 44
2801 -1436 6
-1427 -2012 83
2575 421 90
-1485 -1552 24
1318 730 68
-543 607 75
732 800 77
-1074 2129 49
-2215 2402 70
-2133 -2021 78
402 2974 56
1285 2256 94
541 -1467 18
1877 2931 78
-2230 -2904 22
-2762 -978 43
-413 2060 63
2577 676 91
-2932 -1377 74
714 -2084 57
1643 2768 33
-1949 480 49
-1125 1244 64
-871 1487 59
-796 -657 26
-917 -1624 27
2836 751 43
-1617 -146 40
-1135 344 36
-2109 -856 69
255 501 91
-1001 -1113 13
-1162 850 59
-2930 2015 52
-1397 -71 32
303 -1435 50
-2268 -604 35
-2808 2098 29
-143 -42 90
2447 -524 13
-1637 -2254 35
2955 1051 78
-2145 -2957 3
2750 -336 96
773 -1159 51
406 -2325 98
-2229 57 42
-245 -1615 23
1816 2494 97
-982 1221 62
2621 -300 83
-1564 395 49
-2980 322 33
-1019 1612 42
1928 -2185 18
541 360 77
-2814 -2477 94
-1381 2183 56
-2878 138 85
1457 -2778 85
-936 1176 75
2817 -2180 87
-1216 1148 62
-2068 2725 19
1534 1088 61
2468 2978 3
-1931 383 53
439 -2922 89
203 2400 13
1934 2967 15
2013 -964 15
2891 670 10
-57 2993 5
565 -2090 36
-2717 725 21
-1519 2171 13
2007 -554 33
714 2850 81
1174 -2815 59
1790 -2760 35
2547 -510 92
-198 -2892 90
1860 2465 5
-2039 473 10
1255 1789 43
817 -1188 49
-2330 621 96
1901 2538 44
424 -556 56
421 2692 5
2326 -444 77
-2855 1945 30
-1504 1071 58
1592 -2004 90
-480 -1225 17
-1714 -2684 56
1051 2042 61
113 2184 71
-2866 2902 14
2672 1913 42
1656 -726 50
-1637 1583 71
-2383 -2481 91
2376 502 68
-1224 -1907 51
1490 2551 4
467 -1456 35
-1440 -1546 47
-1817 -1927 39
139 -189 41
1703 1059 54
-1414 -1253 49
1317 -416 2
-1272 -1479 39
1797 1983 16
-444 -2545 45
-1725 -1689 39
-693 -733 33
-1786 -2128 50
-53 1005 27
2097 -2032 89
199 2991 21
276 2996 30
1086 -868 57
-2776 -630 36
-158 -2061 72
406 2089 48
-2686 -1963 53
713 -545 4
-2401 1144 89
2951 1650 96
2573 2323 24
-972 259 82
2753 1954 42
840 -2373 56
2476 -797 56
200 -2687 90
-977 30 95
2234 -64 47
84 857 69
-2930 -2153 38
-1644 -2606 95
-2479 2566 45
658 728 55
1416 776 94
1453 1980 74
-1385 -1893 96
1193 2059 8
500 1213 21
2210 -641 23
2762 -1982 55
1104 2645 55
-1361 -2136 79
-2494 -1754 97
2308 699 66
1831 -1650 81
-1251 -1813 14
-735 -1692 97
2781 1530 2
2879 641 82
2421 -2357 50
-1962 -2405 8
510 302 96
-1440 2981 76
1032 -2594 21
-457 1363 56
1315 732 47
-1802 2428 20
1310 -2341 38
-1563 1150 13
891 -634 14
-296 -2259 69
2402 -2074 31
-256 -1520 15
-574 2264 36
-1832 -2118 38
-1454 673 85
-721 2022 55
1383 -998 52
1 -1330 5
1154 -264 47
589 906 21
1364 673 76
-1783 1465 23
-1682 -2834 15
-1977 21 33
-531 -2693 84
-1391 -1472 87
-1259 703 2
-1316 302 8
-811 30 57
553 -2823 82
-2755 -2890 6
895 691 64
1475 -115 81
-498 2840 68
-963 2027 75
433 2429 30
-1467 2469 34
-687 943 39
2872 -2938 51
-1138 2908 85
2213 -720 88
1841 2601 44
-861 2325 67
-1159 2214 91
-162 164 98
2115 3 74
-1478 -36 87
-2777 -2481 33
2271 1218 26
1112 -1084 49
-2972 716 63
2032 279 35
-1877 -70 40
800 -466 74
443 2340 61
-1926 557 39
-1946 -2074 82
-2448 -2820 89
-2231 -94 4
919 -1203 76
-1697 2701 81
676 -1071 40
1228 1152 16
1910 490 92
-758 1591 15
-1384 -2251 94
-1372 2956 21
1549 1050 14
665 -1748 36
-1 -729 69
1342 -1565 22
2268 -2817 76
-672 -2059 77
368 1895 14
2539 -682 94
1810 2561 33
2796 1448 27
940 128 38
1495 2107 54
1596 -2984 41
-421 362 86
-1928 -2968 7
-165 2859 10
2 951 93
1360 -1977 31
-296 2065 91
2387 -1891 72
2244 -327 90
-1744 429 9
960 1218 2
1525 -1679 69
-75 -2414 52
-375 -1738 86
1688 1723 9
-453 -1480 89
-1905 65 5
-172 -942 73
-2174 -2129 64
1715 -649 56
1782 -1691 7
2576 1149 31
2669 -961 89
284 -502 37
-367 40 5
220 2766 88
-1401 2869 95
-1072 -1006 78
-2703 -2714 11
-2027 -598 25
1904 1912 34
-1422 396 50
-1770 -894 63
42 -1736 97
-677 -1617 24
2559 -185 26
1686 -2350 96
8 -57 39
2521 495 8
-1555 -2439 85
-2020 -143 69
-2091 -274 86
871 -1232 88
-2641 1453 87
-490 1307 67
1994 677 54
-2161 -2513 88
-2349 -715 89
-755 -2441 1
-1754 -143 48
2441 1546 51
2767 -2658 62
-259 2546 56
-795 215 16
72 1899 32
2697 1494 14
-803 -296 97
2005 1621 41
-1334 -3000 87
2966 74 29
-2204 -333 60
-873 -2415 4
1586 -874 74
1219 -2597 32
-1489 2141 88
2751 -112 12
-759 -544 74
1380 -517 63
-1269 605 41
2100 -1590 2
-2 107 99
-2732 534 31
2000 2876 92
-438 144 8
-578 -225 66
2262 499 2
1249 241 49
-2811 -1715 74
-2956 -2690 30
296 2613 18
-2525 -590 90
-24 -966 66
-1430 -881 11
-2157 -890 86
677 -1006 29
10 -2675 88
239 1165 36
649 -2896 12
-1624 -2472 4
-2944 -2980 54
2460 -1813 69
-136 1253 3
-1612 -1327 86
2149 1082 16
1871 28 64
-2767 -1439 52
525 -1779 24
2688 -643 10
-312 100 13
-549 16 54
-1670 -2371 97
-2202 -801 83
2616 641 69
2688 2075 14
-1131 -2099 82
-2845 1956 10
505 2599 78
-149 1205 63
2570 2654 28
863 -1220 50
1240 -1215 99
2241 540 17
-2448 -1136 38
2810 1685 55
2608 53 18
2308 -294 79
-397 1429 78
-1382 -2314 93
-2643 468 52
-1149 -1975 72
-1592 -1559 70
2004 1818 80
-36 1827 58
-1751 568 70
2309 -502 55
-2094 -1255 75
-1082 -2841 30
2780 -519 70
-2853 1787 50
2501 1860 58
1115 -936 74
840 1957 56
-865 -2878 8
1303 -1272 21
29 45 9
2899 1531 79
2435 -2153 81
2899 1429 86
-2472 2482 16
-1575 2491 79
2082 1666 26
-1675 -1203 60
113 2809 69
2030 2837 5
2569 2797 46
-1896 311 83
-417 1604 75
1411 1654 31
337 2670 47
2221 1667 61
2988 2893 31
1144 1367 48
-2845 2953 20
273 1375 59
-563 -2021 85
2788 -1045 42
2482 1988 65
-1897 -1934 67
1550 492 15
-2181 1158 74
-1729 -223 60
-501 1116 28
1559 2508 88
-2633 2522 95
2039 373 5
-215 2789 55
-405 2807 20
161 2716 97
2636 -858 15
1255 939 45
-480 1700 97
2642 -1366 41
-1963 -1036 81
621 1975 8
2149 -2430 43
-2631 2187 23
1526 -2411 69
-830 463 50
689 -2614 12
2074 552 35
810 2299 21
-2335 -2367 25
1517 -221 6
2030 304 91
-1278 -1448 62
1558 -2541 34
-2312 -2739 77
-1148 2029 89
512 -2886 6
-1721 913 48
-1044 1573 99
58 -828 72
-1519 1719 58
-440 -755 99
-1519 1197 31
-253 -575 45
2608 2502 51
123 824 25
977 2163 64
2907 1762 30
-2776 2808 81
-711 1645 39
-388 254 1
1257 407 59
1776 388 85
2285 938 49
-2816 2881 72
-1452 -953 65
-237 2907 51
-2582 -1022 79
1336 1742 41
-531 2715 39
-439 -2225 14
-2341 -194 27
-2344 -796 17
2603 1824 26
54 -1967 11
-1458 -486 24
-1301 28 34
1051 -1210 27
-1884 111 6
-382 1733 52
-115 -408 11
2461 -1757 48
701 -704 37
-2076 -2647 53
-1491 -706 74
1104 1261 49
2482 -1044 57
2336 2248 34
-2560 -2030 49
2094 -2398 67
-2062 2334 38
707 1488 97
2129 -2477 81
-1024 -1332 54
171 699 18
-2500 1445 75
327 142 6
42 682 25
-2698 -96 33
956 -2391 57
2754 -1941 68
-1650 -1288 44
1133 -286 57
456 2372 43
-2441 -1118 40
1900 -621 57
2210 718 84
1713 -810 33
-765 -135 84
1971 -1522 13
2033 2278 27
419 -1739 26
-1404 -2166 96
1401 2723 12
2269 1048 21
2449 -2608 85
-1647 2779 38
-541 -885 16
905 699 44
970 1191 64
992 -2948 92
-120 -2067 56
-266 880 93
-1722 -1342 24
2918 2632 59
-456 2404 43
-2822 2038 55
-957 -2302 97
1183 -126 48
-254 1527 75
-1129 1264 93
1325 1641 28
1406 -277 10
1193 -1598 33
-1564 -1614 36
2911 -2615 57
2189 -1914 57
-416 -246 64
637 -770 20
887 -642 33
-253 -1247 95
942 -1581 48
-2020 1104 37
-1822 1758 31
400 -1363 22
-2445 2443 4
-1021 615 63
2436 -1117 73
-1244 -42 83
-1778 -620 79
2212 -533 22
-574 1073 5
-402 -1195 52
485 -306 40
1404 -2298 99
127 -2884 52
-1745 2890 87
-1555 405 60
-1583 2446 75
2768 934 49
85 2703 11
-1890 -2824 45
-666 1005 82
-284 1951 66
-184 -207 83
2560 146 60
-385 2659 17
-1571 -2844 85
-1139 -538 65
-1757 1180 95
-896 -1013 41
838 -2207 17
-422 -2077 8
2289 726 4
2169 -337 35
-2118 2861 68
2393 1408 42
2018 2344 31
85 261 47
242 -457 22
-1155 950 33
334 2319 73
2994 -2367 89
722 -376 97
2950 707 91
-1956 -2275 82
-870 221 72
2219 -778 64
981 1763 5
-2956 2001 84
-1772 355 57
618 -1771 55
-1890 700 15
-909 679 32
1412 1720 39
412 2462 83
-1024 -1751 33
1766 -2408 81
685 676 86
2642 -2703 25
104 1564 30
2056 363 7
-2817 1568 10
-861 -1050 81
-2664 1343 24
-1448 305 90
2660 -1162 93
-1293 -587 88
213 -2314 42
-1608 -220 12
-2850 341 61
-519 2098 97
1072 1843 49
-2879 -462 94
-816 -854 99
-1092 2117 42
-1230 2581 44
-2791 307 78
571 -407 96
2173 -2144 97
22 880 20
-607 2329 92
969 -1679 69
2691 834 48
-1836 155 95
2517 -2984 40
2921 -261 95
-726 1040 6
-2687 -660 1
431 -2799 30
-2903 1280 5
7 -2966 55
62 1758 89
-835 -2027 81
-15 -1879 26
-2568 336 55
1650 2093 73
-703 -1128 46
-1572 1681 85
-2472 -1445 84
2296 1802 31
1637 -245 89
-2573 -1900 33
-1698 -2758 21
2681 -2758 23
2815 -1224 35
-542 1465 55
-592 -956 27
2636 -814 52
-1735 -2967 15
785 1921 19
2042 872 8
1859 2043 95
1103 -2250 93
519 -2112 47
-1320 -1827 98
2310 2852 24
67 2819 71
-1182 2461 43
-2319 2060 90
1779 -1734 7
2304 2332 83
1129 -1854 57
1797 10 33
-1444 1981 56
-2450 -143 50
649 1200 35
2795 -2161 33
2749 1531 61
1257 2306 88
-850 1785 60
841 2893 95
-1321 474 34
2764 933 71
-1393 2463 20
-2953 -601 1
2332 -1137 53
-2911 -2457 27
2993 -2386 27
2256 -801 47
2907 513 44
1448 2291 25
2818 -2924 39
2487 2905 34
213 2219 36
322 1305 66
-1689 2449 7
-2597 1993 40
-2913 1379 43
-679 583 97
1117 950 21
-2419 2426 66
-1466 -618 76
2848 2394 73
-369 240 60
-326 1927 17
-829 920 65
-2337 2424 64
2 -1774 14
1798 1722 7
-282 1673 87
-861 649 73
-209 1926 79
-1424 -1420 8
1024 1250 2
814 2995 17
1574 -2436 23
2503 -1517 63
1132 1473 70
-1985 1821 66
-1641 -911 88
-2354 -1281 92
-1144 -1676 63
-1105 2611 12
-2253 2554 73
186 -1870 11
750 914 91
-2911 -938 2
2582 2021 77
1105 -468 94
-2742 2377 99
-149 2483 92
1370 -1222 52
1679 -467 59
2761 -1028 85
1335 -47 43
-64 1537 50
-1198 2566 58
-2788 1587 55
-2228 -1175 3
-825 108 99
-2821 -73 25
1716 1113 72
-1377 412 40
1221 1675 3
40 1618 22
-2927 -2446 66
670 2248 18
-855 -200 5
-2681 -1996 12
-2168 798 37
2822 -2129 19
-2313 1535 99
2199 -2964 36
1315 77 10
1300 1169 27
1254 -649 70
-2851 -33 49
-1257 -493 54
-2787 -2169 42
710 -1854 32
96 1223 66
2279 272 25
-2856 1346 49
1612 -1691 18
1328 2039 38
393 2199 59
-2083 1262 82
-989 1241 65
1023 -1228 96
-2965 1298 88
-1846 1288 1
1374 -26 29
-721 -2611 78
-2646 11 34
-459 487 70
-255 2487 34
-1982 -515 30
-2906 -84 77
-1485 -764 91
-1438 2312 51
-1507 1489 8
1036 -2059 4
-2492 -2145 54
323 -932 55
-2509 1006 53
1259 980 87
1092 -2070 51
-250 -505 59
-845 417 87
1124 -87 48
1660 295 27
994 324 32
2365 -692 95
-880 -1467 96
1618 943 78
676 -1151 9
656 -1758 82
-1353 2965 48
470 2285 25
1317 -369 68
-2951 -2935 10
1497 -624 85
308 961 13
1849 1477 44
584 -2166 95
-1381 2877 1
2413 2423 25
2542 1229 2
2842 -47 8
-1674 662 73
1567 -1573 99
1082 2384 23
1268 2439 61
-2939 2017 35
437 1833 89
1076 855 18
855 -84 62
862 1606 24
2154 2645 76
-2396 -243 54
2678 450 96
639 -467 74
-924 -767 82
1261 -2031 57
1034 1583 99
-1117 -879 11
551 -645 60
-1638 -477 96
-907 1667 95
-34 -2276 32
1084 -1438 7
-982 1211 85
999 347 74
1542 2176 97
-101 916 32
-75 1882 84
2956 2657 34
-1386 -497 80
-631 -192 90
2621 -452 33
-375 603 7
2679 2436 4
285 -440 33
-1471 1980 51
1047 378 93
-2715 2460 79
1060 1899 10
-322 -1150 63
-1467 487 21
2429 1109 10
-1941 1094 69
-359 -2207 34
-1754 2830 74
-210 2549 2
1222 1918 7
1713 -228 64
-2982 2621 93
-2202 -102 52
-2012 -2335 30
-1152 -1872 26
2283 -1734 10
1941 -2325 55
2398 -673 8
-2569 519 9
-911 1985 28
224 -1584 24
-2311 -2199 54
-1382 -1002 37
-2663 2682 84
539 -2499 65
544 -1019 39
-409 -414 84
689 1946 39
-1928 2846 70
2513 2780 5
-1131 -1568 95
-2089 2801 71
-2345 2553 82
-1805 -829 91
-638 -162 94
-609 -241 88
-862 865 27
-1618 -1084 14
-2881 876 28
668 1550 70
-995 -2829 66
2578 -198 1
-2846 1121 17
-1274 -429 16
2374 -1983 82
1025 -2982 48
813 2149 67
42 -203 23
66 2243 95
-207 -920 77
-2479 2665 2
425 241 36
2635 -167 95
1299 -1893 7
1597 -1774 19
-2633 19 78
-889 2945 74
-1177 2289 74
-1723 -1262 78
-2132 2263 69
-606 1618 45
607 2253 15
1941 398 25
-1218 -2632 99
1656 402 85
695 17 1
1916 -1546 34
-193 -1715 64
895 -197 87
1369 -2869 96
2971 1680 75
-2967 -2297 81
-2085 -1825 55
-1477 -1996 73
-562 -219 70
-1266 -2141 95
-655 -2127 51
1500 705 78
-2655 2000 64
-698 -1800 15
-1066 1767 54
209 -556 46
1388 928 6
1890 647 34
-549 -805 49
-1403 2236 4
1412 2001 96
631 1451 65
-2864 -566 35
1398 -2593 52
2192 1355 72
764 -1854 62
1438 -1610 94
2459 -1144 19
-2053 -1774 24
516 1816 11
1354 -2838 24
227 1684 45
2927 -2010 94
-2697 347 91
-158 590 90
1810 2973 17
-176 -2939 21
-2500 2227 80
690 414 60
130 2839 37
236 598 27
-201 -66 37
-2577 -1320 96
2845 2825 36
1168 -1886 7
2907 1117 85
-205 2120 95
2039 772 83
-1637 2160 16
-946 -300 10
-1851 1145 32
-694 -1052 66
-719 2752 57
-1059 -2091 64
-1308 1307 8
600 -1115 92
-1253 -642 38
840 2325 30
-476 2334 99
851 1812 60
-2316 2340 30
478 861 86
2385 -2880 73
780 -1493 29
-1395 1471 46
2436 -2222 7
-115 -1319 21
310 -803 62
178 -711 58
1221 1620 43
-1892 -1005 75
-2554 685 31
-1986 1012 58
1762 -2255 75
-1899 -15 95
-2620 2866 51
550 1726 10
-968 1559 62
-424 2736 31
-2330 2570 77
2878 -2392 29
-2288 -591 89
-2878 1941 92
686 602 66
2427 -2334 24
2834 -728 1
-2139 281 26
-2189 -760 87
392 -683 5
2358 -2252 22
-2914 -1027 86
-1087 -1089 22
-2277 -393 16
2929 -2837 20
1317 -1083 93
1243 2713 57
2578 -366 32
2689 2614 33
51 88 92
2867 -2140 45
-2800 2140 24
-2579 1623 77
-2930 1421 25
-2922 -2174 21
-2198 -611 72
-2975 -1596 27
1240 -2293 76
2837 -2530 73
-221 -70 84
-1890 2688 92
920 -1144 36
587 2967 86
-2841 60 52
1307 -113 21
2877 -953 36
-2967 2178 65
-2278 2668 99
-527 294 80
-2422 1052 70
-1618 -713 93
1154 -1100 88
599 2586 57
2464 878 81
-1834 -344 78
1558 -522 76
-1725 290 51
109 1569 14
740 710 84
2834 1469 42
909 -1620 19
-2746 -2508 21
-2682 1542 20
-1074 2954 37
-745 540 70
-2077 -1276 89
2186 -1799 6
1504 -881 95
1775 -2680 85
2108 2473 12
-546 708 2
-844 1879 84
-187 2212 29
2935 492 39
1404 580 56
2363 252 88
2034 -473 92
1629 -2189 90
2411 434 32
-734 359 34
-1280 -726 55
-2127 785 23
-538 -1052 98
1656 279 35
-2537 -742 2
-1869 2449 67
-1387 935 32
-1954 -2753 53
-2126 1228 39
-2918 -875 79
811 2362 31
-494 928 35
1387 461 72
2204 1052 14
2667 -2710 4
-1064 -2659 5
609 -2114 84
-1331 2888 54
-14 -737 65
-655 2449 79
2436 2114 91
-616 1996 47
1023 1596 61
-1505 2392 97
-2014 2039 26
-1301 -791 24
979 2670 89
1543 -2235 45
1355 2985 72
-258 -2952 39
-971 625 32
-2150 -2203 62
-1025 997 34
-1740 1958 37
-2273 -1654 21
349 136 5
2359 -111 55
-2184 31 64
-236 196 66
174 -88 64
2468 -626 82
1905 -45 96
2538 -2903 1
-1563 690 94
-2373 2601 5
-977 -158 99
2600 -2962 6
1554 1525 33
-664 -2784 21
172 2245 57
-2267 2526 12
235 888 83
-234 -2432 37
-636 -2559 83
2852 2198 41
1020 -661 78
743 -1945 13
-2969 2004 64
-1529 1952 6
1406 -893 34
-349 -1564 2
1648 1289 30
2891 -1003 67
-2507 -2423 58
1989 -571 57
-2287 -693 38
663 427 84
-2415 -1087 11
-2788 1964 80
-293 -593 19
1496 -1580 60
-998 756 66
1699 -1639 45
-1901 1445 3
1678 -2608 38
-1821 -2325 1
-1021 2748 24
-2720 -1191 17
1069 1770 83
-2371 -583 23
-787 2541 68
-181 604 12
-425 698 74
-1598 -1181 23
-2836 2964 15
2151 1729 32
-2927 -2163 51
2462 2240 66
-1906 79 24
-1640 1581 81
1115 -1877 38
-1552 -2421 86
2526 2216 5
1742 -2568 49
-1151 150 92
-2560 -82 26
-935 2184 58
-1958 -183 12
-684 -1553 75
-1630 -2171 82
465 -1171 96
2065 -875 12
322 1800 9
-1805 2457 80
-308 -1547 80
-2578 -2408 32
2401 146 95
333 1470 36
-707 1720 72
-1941 1949 98
-1141 2562 67
1524 -1013 72
229 2750 27
-1818 2400 24
1025 -613 95
-1866 -1198 48
-2953 1299 92
2408 -255 98
-641 1512 54
-510 507 70
-413 783 66
1482 1407 92
873 -225 25
-1815 1409 43
2292 623 45
-1316 2489 75
833 -1546 24
-59 -95 60
656 2317 8
2918 -2144 46
132 -1247 87
-372 -1813 6
-417 -1794 30
-1057 -2766 91
-170 2259 1
166 1204 8
1994 1568 5
-2697 768 28
671 -1432 3
-689 272 25
1867 -1621 46
167 -244 65
1903 584 55
2736 342 83
-1497 78 48
-1599 -2300 1
-1107 710 48
-2805 -439 27
-2955 2551 78
-1486 -1942 85
1435 1075 74
-666 2061 47
-1668 -1793 88
1183 -232 13
-2841 -2061 89
-1112 -837 98
19 -901 57
-716 -156 86
852 938 53
-1855 -2813 26
321 -1944 93
-1742 -613 3
341 -920 18
646 1055 1
-2620 -2240 47
1278 547 85
1102 2474 44
-367 -2571 66
6 1362 72
2464 1483 8
2874 -1039 49
-1079 298 10
-2298 -381 36
2585 -358 71
400 -652 39
2367 -2534 30
2139 227 27
-2008 -1134 88
-1825 1940 36
-121 754 84
-1191 -1321 35
66 -445 46
2472 -1191 7
2920 1114 94
-682 -1061 39
-1372 -119 40
-752 -2964 54
906 402 43
-22 -2631 81
-2390 2613 26
1814 2939 99
2927 1255 84
-1759 -562 99
-1672 2260 32
-2997 -2584 94
-1232 1174 89
1487 2429 37
-943 643 11
926 2851 23
-2413 -410 44
2048 383 24
1498 -988 8
1987 -1867 23
1082 256 48
-2002 -1084 29
860 1289 48
1669 1568 20
-2940 1780 61
328 -1166 70
640 921 71
-2293 354 29
-2665 1355 41
27 383 45
-992 -2914 51
2277 799 38
-1242 -1473 74
-1063 -2470 90
3 -1215 36
2547 1866 33
-2741 -839 54
1588 -128 63
-1176 -2534 86
1899 -394 52
-1346 1768 74
-1140 960 40
-1561 272 59
-2479 -2493 74
-1224 2246 9
-456 871 23
103 1053 63
-2042 -1813 99
-2542 2878 23
1178 2171 88
689 -2872 87
-2539 322 5
-614 39 9
1392 -2994 25
390 -2549 13
-1606 1431 4
-495 -127 94
-2524 -115 67
766 327 19
-996 -342 63
2415 -1088 17
1349 -685 81
-268 -457 27
917 -284 6
2125 2432 39
-394 393 24
1243 1183 65
-914 2527 3
-2807 2095 80
1255 -1657 56
-114 865 5
1378 -2733 60
222 -515 41
-2450 1373 73
2705 -1979 96
-2935 -1076 70
944 568 42
2329 -2615 55
2089 635 33
-2417 1903 55
-203 -645 83
-2547 -1659 92
-2152 -2943 44
-1493 -1106 70
-1914 -1385 45
-748 -1759 61
-284 248 64
1813 -482 35
-1557 -1366 15
-2897 -586 1
-1576 -2227 28
2659 -758 6
-2470 2608 54
1400 -2509 76
954 -2530 6
-2822 -58 49
-1957 -1741 12
1366 -1875 44
1048 -1893 45
1172 -1089 76
-2421 -1632 28
-250 -237 65
225 1195 69
2869 2074 51
-232 659 86
2737 -26 23
2937 2012 23
219 1983 73
-2934 2116 13
-2973 -2594 81
1942 -2663 4
1184 636 41
-2337 2313 58
-59 -1762 97
-136 2503 96
2993 2332 98
2881 -2563 33
2946 2689 38
2906 -75 74
2600 -1880 67
1609 -2039 59
-2299 -1058 54
-1328 -1653 87
840 1324 78
-261 -1998 73
-1109 2402 61
-1481 1852 73
443 782 48
1380 -2156 91
2838 2684 99
2178 197 86
675 -880 19
-1279 631 57
-573 1282 6
-2809 -2853 64
-1415 -1801 56
1482 -1657 86
-581 717 78
-434 -828 63
1969 -2056 8
-610 709 4
2138 -967 17
-853 2631 77
1199 914 9
-2158 -2994 87
2430 388 15
-1846 -1160 3
2069 -906 76
-2034 2331 22
-1759 -1249 83
-1481 -626 95
-1161 -79 26
746 -2494 42
-1102 473 73
-2933 -1177 93
-2267 -407 98
1615 -875 46
-2090 2056 32
-2995 -674 94
-1125 1045 99
-865 1084 2
95 -1713 20
-1297 -978 10
-1772 842 50
383 1244 68
-2393 -2136 39
2079 -2794 61
462 -1355 26
846 -1210 19
1130 1488 57
-1813 -1615 79
2014 -2416 86
-2674 1128 56
2949 1481 42
2990 248 43
2513 -1109 62
-2571 -2569 80
1574 -186 68
-916 -1166 73
2706 170 8
-302 63 74
-252 2067 49
-1515 1911 68
414 -2476 75
215 -2043 12
60 -1585 19
-2502 -2458 44
-2406 -19 49
-1209 -1924 16
183 85 45
1336 -1232 45
-1640 -1763 57
35 -197 54
2550 -241 72
-2729 723 24
-2662 2457 62
-760 435 79
-1265 878 87
361 -214 93
-1708 -1814 72
648 2668 83
-1274 -1594 49
44 -797 80
-1304 -1575 33
1454 861 96
1411 -363 27
-263 2252 32
432 -327 80
1146 767 57
883 1251 49
1015 -1044 46
-845 2032 22
1501 -2446 30
-2864 -2376 17
-426 575 16
271 525 52
70 1812 45
473 -2551 63
-2533 213 61
-2719 -2292 92
-2753 -1967 57
1648 810 28
2066 552 15
2368 -2100 30
1358 2653 48
-350 2328 59
-1637 1349 36
-2910 542 47
2626 105 50
-79 2278 48
-627 1319 61
2548 619 12
-107 1603 31
840 1124 84
1537 -1901 53
-1406 -1266 99
353 -2146 46
2557 -2250 51
2671 -2899 89
-740 644 76
2528 489 48
-2247 -2396 64
-246 681 19
-2835 -1838 91
-1767 -2671 19
-750 -51 65
2616 -2122 3
-2925 2094 29
-2181 2569 13
-2954 911 44
198 -1123 69
57 -1659 94
2019 -474 77
1640 -2855 22
-2293 -450 39
2611 -2750 43
-1960 -2207 5
116 -1950 92
-1927 1 96
1826 -313 84
2742 -1988 84
-627 236 82
847 1346 40
-2540 2256 56
-1755 -1626 99
1270 1120 41
-240 1518 54
-895 978 3
2940 -1057 48
-1706 2501 65
-1708 -2596 43
1865 1954 41
-292 -2312 10
-2932 2692 86
2929 827 70
455 -592 12
-2533 -1325 74
651 2134 61
2959 516 68
2155 1556 95
-543 -1497 37
2841 -1997 59
-2652 1422 64
-533 704 80
1188 -502 32
-1549 2884 11
638 -2081 7
-2732 2020 35
-1888 2383 62
1080 -2165 21
-1492 815 80
2274 2721 88
-618 -1708 50
2350 -1906 85
1405 -386 4
-717 762 26
613 24 43
1398 -1224 93
1181 206 44
-18 -282 47
1875 -2885 82
-1393 -2335 15
-2265 2946 39
-2569 -964 63
-2673 1381 69
2264 2052 15
-786 1046 70
245 2552 86
-1767 445 81
-473 -1076 46
2146 -2245 12
2847 -1009 47
-759 2856 62
-2192 -247 20
-485 -1624 67
2067 1670 48
2858 -218 76
-1655 2673 82
-1617 -2269 52
2151 1273 33
-2195 -184 58
2406 -1763 30
-776 -141 47
1178 475 82
-2071 -2570 7
-2758 -25 3
1499 -1404 35
699 -1343 1
1335 1357 24
1720 -230 66
1601 2556 21
408 1249 38
-1827 2990 41
-1705 -243 83
1858 2872 89
-2127 1043 24
-70 1581 15
2049 -2585 78
-2632 -18 42
2585 -161 53
531 -2137 4
50 -1425 19
-917 2660 22
922 856 94
-2547 -2918 53
-2876 2873 6
968 1161 60
-580 1303 4
1797 192 91
-1186 -2503 27
-925 520 20
-2369 -400 64
1494 722 55
-1207 2452 77
-2574 2142 35
2776 2455 65
-2230 1040 66
2194 2769 61
1908 -181 74
-164 2172 6
1698 426 96
-1736 1257 33
461 2233 94
-142 2060 16
1127 -1893 18
-630 -2009 22
683 -1271 42
1333 1374 82
-1167 2363 36
1956 -748 17
-1274 -1233 73
1338 1662 86
-2845 1487 85
-306 2958 9
2036 -2002 17
-1532 -1679 6
889 109 18
-933 -2550 46
1673 -2592 27
-245 -635 99
1595 2123 69
1755 -296 72
32 -1284 59
960 -947 60
-2030 -379 61
-1594 2973 36
-2055 19 1
458 -1392 59
-1474 -2108 25
1253 -1687 48
-936 592 78
2920 1932 88
-2078 2898 62
-69 2287 75
-998 2029 31
-1514 298 76
160 -1575 53
1344 -2387 82
1435 -2115 99
-38 2004 68
-2108 2558 65
1269 2220 86
-2470 1164 58
-1990 -360 68
-2041 -1347 75
-2639 -971 18
-1163 -1328 3
2199 -1885 85
-1309 -1445 12
1726 -2109 67
-1633 -2924 17
-2696 -145 20
1097 137 20
2730 -1503 7
1866 684 12
1663 2927 50
908 -712 62
2297 1806 87
-752 -349 27
65 371 88
2698 2884 12
2981 -108 75
2581 1423 68
810 1737 83
951 -1081 46
-302 1005 94
-562 -2280 24
2660 -758 87
-2093 -2693 91
-1246 19 97
527 -74 91
-1901 -2511 83
2731 2363 19
-1430 -802 97
192 -845 43
-504 -1532 15
-2853 2136 14
1882 866 19
2971 2243 35
1097 -538 65
-1798 1926 27
-2945 599 91
-1176 1572 96
1927 537 28
-2499 1004 61
-651 -2898 64
1011 -1856 6
-113 2841 71
-2346 -2003 88
-153 2634 98
764 1907 15
1797 -2279 53
-636 -1639 10
-2340 -1800 72
1053 -2027 36
-1961 288 92
1984 -2649 54
-2880 632 3
-2204 -111 32
-466 1103 77
-1744 236 71
1986 1639 58
1042 -608 17
41 185 30
282 2239 78
1140 -1254 75
824 1638 31
-1134 -2882 31
-2258 -2388 63
-550 1667 95
1943 -540 32
1815 287 82
-1716 1790 4
1867 81 79
-1509 2165 74
2159 -238 23
-243 -2440 13
-1258 -2753 38
2071 220 62
447 -1938 84
1881 -571 24
-2636 -102 24
-459 1448 53
-575 796 84
1023 1451 5
46 -842 85
1280 -861 75
324 2937 79
-2730 -1642 80
-2104 -2503 38
-1841 2017 43
2676 2008 36
2647 147 60
-306 -2594 80
-946 -1792 38
-2089 1751 77
1194 -2897 55
939 -2447 64
-279 -1148 32
2533 2870 15
2787 -1766 94
-102 -2732 15
1909 2789 32
-2792 1130 86
-922 1125 74
-638 -1974 23
1052 -2452 28
-1416 -1871 49
2267 -115 34
944 -2527 4
1224 -1751 9
520 -254 11
1206 -1393 35
-2390 -2586 1
1440 -2632 31
2901 -989 89
-255 11 63
1638 894 54
-1472 629 57
-2359 2347 95
2891 943 99
2915 1585 56
-153 1581 31
2019 135 40
643 2445 22
2248 2314 99
-911 -1263 11
582 -2470 11
-2569 -1399 89
1793 1949 72
-1048 2303 85
1137 -2751 1
-281 -2139 80
-22 -2402 9
-164 -124 41
1939 2836 5
2885 2963 35
-103 2980 74
635 -2095 46
2543 -1642 46
1613 -2027 56
2955 1111 2
1142 1790 7
-2267 308 53
1867 -803 21
-1173 -658 22
-405 -1444 22
2050 1837 78
2409 -2107 23
1063 2564 46
1820 -1589 85
1269 1062 44
598 1973 32
2575 1752 14
1358 -523 67
-1802 -572 2
452 1121 17
2458 -989 1
-1383 241 30
2302 -1425 82
1942 -73 24
-1627 -1623 54
-2079 -2128 1
1282 -2948 36
-2856 2968 77
2927 -508 86
-503 -1729 4
1326 244 89
-2981 2013 72
1093 -2986 23
-325 1512 85
-2104 -919 11
71 -514 76
-732 1247 63
1654 1505 55
-1687 2742 28
2256 -2587 81
-1687 -610 59
1348 1402 76
2648 -212 57
-1722 2455 25
178 2686 26
722 2311 26
-1558 2194 49
-305 1386 7
370 1577 53
2851 257 11
-2867 55 57
-2728 1792 20
-330 1173 20
-1860 1811 64
-1066 1315 70
2417 -893 34
-1339 809 11
2141 2096 67
801 2713 21
2013 2820 77
875 -1501 90
626 794 84
2776 -2183 48
-1098 2318 53
-2735 -217 58
84 -1764 94
1035 1244 60
-2721 -2677 36
-1650 -1123 77
-1093 -1484 93
-862 1077 56
1707 -2045 95
-2753 -172 86
-1657 628 62
187 355 9
1750 -1735 40
614 -554 75
365 -2141 51
986 -1243 12
-445 349 49
-1000 -1881 3
720 2892 35
-1091 -2558 80
1848 -2010 42
-174 586 14
1690 1291 40
-606 -1544 12
-2947 2569 58
2876 -323 77
-798 2810 19
-2098 -2408 86
2768 1585 63
-395 135 62
1987 1728 40
-155 2605 37
-1907 -2038 73
1062 -1451 32
1861 933 53
-1060 -2989 82
-1523 1473 3
-2442 -1999 78
-2711 -2634 46
1288 -2365 22
-2044 2901 93
2806 -1829 59
-2030 1323 9
2085 -1796 5
-1268 -2785 99
-1437 -2371 38
2289 -1102 81
17 -1653 32
31 2225 95
1241 713 7
-940 2627 30
-374 -2382 84
-1749 -934 63
-1272 1590 23
-1357 -1983 41
1746 1612 19
-484 -1614 94
-2325 -1087 13
515 -892 93
-735 -2525 23
-2331 -787 3
2817 -1936 86
1478 -971 17
-1214 -2140 6
1790 -1765 43
-1472 2470 86
2552 -1870 24
1691 1259 13
-2258 -2728 62
-1331 -1827 89
-702 678 5
1873 1792 16
-805 -1612 87
1638 1409 61
992 -1580 50
-2386 -1613 92
2682 -1065 29
-1138 2336 37
1611 -2622 97
2929 -1568 88
-1202 2059 63
-92 2119 8
-1775 1730 81
1311 -318 68
-1018 -2232 73
-543 -984 76
-2341 -2255 26
-1458 -2211 16
-863 -2264 7
1991 590 3
1886 2908 3
44 999 52
1315 1585 14
731 -1249 58
732 2085 82
29 -1104 78
1656 2686 9
1676 -1994 11
-1109 2769 18
1441 1510 87
-2119 2432 11
-1698 2047 90
-2063 -201 91
25 419 77
490 566 91
-752 2760 30
942 1055 82
-990 511 2
-442 1895 52
690 -192 74
-2050 -702 46
2607 1165 77
-2286 -2138 24
-445 -953 92
-483 1281 23
-679 -232 28
-2689 -2241 12
623 2908 8
-1112 2584 97
-2760 -2392 6
-1252 1411 23
625 -1333 59
803 2757 36
2452 -2051 8
702 -938 13
-658 -2049 95
-2238 -1469 48
-1528 -1075 54
344 -545 96
651 1566 50
-1800 -2725 24
-1603 1136 98
2226 909 22
1711 639 80
-2198 2186 90
1414 47 65
-2669 -122 47
12 -2953 75
1116 -1810 67
1460 -905 2
-533 -1205 18
-1518 1344 37
1242 1168 70
-1523 1811 84
-1259 1423 4
1375 -1682 40
2904 -1705 13
2189 -1849 37
-1991 -2935 91
-1840 2688 96
-807 1961 19
2105 -1854 93
2369 2689 18
-1357 2687 13
-385 26 77
2386 582 75
2552 -2749 35
-2729 410 29
-4 -802 59
-1957 1823 32
206 -501 23
149 -458 56
-2415 2952 96
-1481 -2520 23
1530 1418 57
-769 -762 34
-1547 -1225 12
487 972 55
1353 -1495 44
1833 -1665 98
1632 -2259 51
1267 2911 99
1855 1287 19
107 -1100 23
-1983 -2929 52
1823 2549 77
-1966 1260 43
-1034 2069 76
-840 -403 54
2565 2031 63
1692 2496 24
853 1621 7
-2328 -651 85
-2321 244 94
-1151 1872 46
2700 -2583 77
-1449 2858 27
277 -2268 62
1843 1060 14
-2550 -594 41
2962 103 84
962 -672 87
-323 -2685 57
-946 2197 39
2352 -714 40
2879 -838 27
987 2 15
-183 419 29
-499 231 52
2545 -2677 8
-1663 1682 14
-1294 1933 19
1000 -1264 75
-2772 872 73
-1338 2200 71
-98 -2668 19
-903 -2285 16
2296 2481 23
-2878 -536 24
-1904 1026 70
1528 68 2
570 -2835 13
24 2172 68
-1105 289 65
-1518 1433 4
-1941 -2024 29
-2376 2658 28
-428 -230 66
-1960 -827 87
-2126 -385 74
-1560 2893 99
-2170 1971 13
-2713 1625 9
1490 1784 21
-1192 -1796 64
-1619 -2078 32
2853 -2893 36
-1169 109 10
-1669 -501 24
2212 -1994 28
-423 2281 16
-248 -1957 65
237 144 25
-1187 2503 49
303 -677 57
-1042 1427 78
1887 512 17
-2545 -2701 26
1895 2945 77
-71 297 46
-1680 63 22
1587 2322 71
-533 -2924 97
2145 406 11
552 -1606 71
914 -2431 76
1841 1452 30
1476 -643 94
-877 -261 38
2630 -1678 32
552 397 58
-2 923 34
-1416 -872 17
-227 1226 70
1499 2461 77
-1881 -218 97
2663 365 71
1483 -1996 24
1760 -2418 67
1587 1587 45
-342 2522 35
2246 1428 49
-1481 -1457 37
1322 1895 86
2335 2906 40
384 2176 51
-857 2272 40
2928 -718 56
1961 1831 87
1751 109 12
1196 1331 81
1539 -528 86
-2573 2157 7
2586 269 52
-46 2263 62
82 -1131 50
-2693 922 51
277 1493 78
-585 -1956 11
-2945 -1435 66
671 -2090 37
453 985 43
-1358 -2698 76
1185 -1112 36
238 984 35
1961 2365 49
1679 2766 24
20 -1618 36
1342 -830 53
-11 -1255 1
-891 1674 7
2756 1068 2
-1146 -1690 15
970 509 94
-1730 2309 87
2396 -628 96
2984 -2113 82
1368 -2830 96
-1014 49 9
106 -2776 78
-2702 2238 19
1705 -1296 87
2526 1613 10
1483 -2906 43
1258 18 45
1142 -833 24
-1509 -171 79
2609 2539 74
2912 -162 19
-643 -60 65
391 1759 38
1568 -1240 17
-706 552 28
-830 -929 13
263 2447 39
547 1728 18
1069 1671 49
-423 -2219 19
-234 379 20
2774 2900 36
666 -1204 36
2169 842 39
882 1363 67
-2528 1388 38
-1777 -1080 99
-823 -1406 38
-901 496 95
2164 -2035 9
2167 -1032 94
2410 1053 91
1455 2931 42
455 1231 44
1731 1363 21
910 415 34
2893 2914 82
597 -668 82
507 -887 35
-2274 1062 78
1647 -2617 31
-888 -1194 59
-2694 1805 6
527 -1885 65
2352 209 25
608 1987 52
2948 -855 71
-288 2163 19
-492 -35 76
-1802 -284 34
-984 2304 7
2342 592 67
-847 183 94
-1979 697 77
-1660 -123 76
1686 1131 78
-1224 498 92
-1211 -1486 48
506 -2394 25
1440 -1220 63
2354 1266 48
-2204 106 40
-1559 -2191 85
-1908 -716 57
-280 2712 19
-1798 1257 85
-2332 -1608 27
1186 1046 3
2218 630 84
53 -2540 55
1428 2927 44
-825 2392 45
1449 -2713 68
-2711 689 69
-2194 -1397 20
2847 1692 25
1585 2800 58
-375 2379 87
-22 -2500 34
970 2396 27
590 2306 98
1906 857 98
930 2780 88
338 878 21
544 -1732 25
833 -2048 98
1576 2403 11
459 -2276 50
1161 2717 15
-1301 1217 66
-515 -1720 9
-2608 -214 78
-436 -1522 64
-2144 -313 15
2480 -1787 87
-1861 2945 53
883 2261 76
-2775 -1838 49
805 -1693 82
-2867 104 55
-445 2624 17
1471 2776 84
2696 -2894 35
-2383 -1958 56
2480 -491 98
-924 -1895 29
1542 -251 8
-543 -1589 25
2444 1385 47
1066 -2538 81
-2076 -2590 86
-2017 848 36
2914 1918 84
597 -944 53
2545 -2573 26
-2574 2107 48
1276 492 91
2583 -2320 74
-995 977 7
2337 -1836 76
-2857 94 69
2633 2299 91
1757 2083 90
1447 1788 58
-372 -548 52
-1116 -1796 87
-2474 2889 38
-964 -1858 76
1577 -1648 46
-903 633 62
1867 846 45
-2682 -87 72
-2693 -2991 67
-1728 1811 72
-2845 -127 85
125 -2833 3
1139 -932 34
2387 -1847 70
1588 2372 96
622 -2226 12
-926 1910 74
234 -2943 12
196 2136 54
507 -1631 94
1453 -2618 40
1261 -1277 31
-2345 -991 86
2751 179 47
-1822 1856 68
-1760 2757 86
-2640 -421 35
426 2584 82
-1540 -238 95
-1223 -2025 97
-2438 2910 16
-52 -2732 56
677 -2215 83
717 1362 35
1618 -908 76
1784 -1066 21
1737 -1001 27
-2560 -1854 81
1475 -2556 65
-870 -1738 56
-2551 -1027 95
-1479 -281 1
2612 -2136 48
-921 1791 1
2049 -83 56
-425 -71 69
-2430 -2063 97
-1533 -2958 49
1138 -2724 14
-232 2263 93
979 875 70
-825 43 54
-808 2310 54
915 -2875 30
-2775 381 2
2583 -1793 21
1276 -1205 14
-2495 755 95
-869 -2117 19
1181 696 81
-1666 253 92
2816 1556 63
1040 -406 37
1581 2184 55
1976 1508 68
277 1931 48
-1600 1251 11
-1975 2404 99
-2165 1323 11
289 -2916 37
-2187 1191 77
-1735 2059 16
701 2587 72
980 2477 94
-616 -2136 42
843 781 9
1468 608 54
-1052 304 56
1393 1396 28
-2873 -2235 42
2370 -1154 10
-1293 750 30
2141 -2146 8
2864 1598 62
2506 1475 2
-602 -1010 9
1094 -1298 60
1782 1237 76
-2356 -1698 56
-1222 365 6
4 -993 43
2885 -1795 78
-2319 1872 25
-2333 954 61
-212 2472 79
851 -2564 69
2939 2432 10
2089 -2446 94
2920 -984 66
744 1508 15
-34 2065 36
-1982 -2442 12
1852 967 70
-253 -1279 88
2925 -2011 55
556 743 10
-2663 -584 67
89 1109 14
1362 -1645 46
-1368 822 43
219 -2907 57
2953 2110 56
-2606 -257 38
-351 -788 92
1906 1468 71
512 -1915 67
-1532 2603 15
1505 -1731 38
2197 2416 65
2950 555 18
2324 -1469 71
1258 1283 88
-2614 20 40
-1649 778 14
-134 -1859 85
-383 246 90
197 1936 21
-2460 965 97
-2342 938 50
-2956 1081 29
1742 32 72
-1785 1653 10
-2579 1189 53
750 491 71
-2565 -1472 40
-2587 -1709 59
2890 -162 37
-981 1097 53
2062 -2092 20
-1930 -874 5
-841 2333 70
1148 -2648 61
-129 2696 48
-16 2129 73
-1470 -1788 77
-2046 -897 78
-1809 597 92
2238 -1031 43
2407 -246 21
-333 908 17
1271 -2514 36
375 -182 13
-2180 -570 65
2719 -2082 50
-699 159 10
2792 1916 67
667 -721 68
-1687 939 11
-2233 -69 56
-2585 -1378 17
-2527 2079 6
-1823 -948 90
-1745 -1978 5
-35 -1118 54
2992 -1443 21
-1466 -75 37
2464 -1672 67
-2068 889 85
1775 2000 38
953 -1181 11
-2229 -386 1
1348 -337 37
1203 -155 49
19 -1439 80
-443 2012 11
1116 985 47
2032 -1326 20
643 -461 92
-2245 -1136 58
1749 -1173 28
831 2448 85
-887 -778 55
-971 -2950 27
-105 1641 31
-46 -1114 50
-1360 2522 34
584 -2567 52
-2011 2036 7
-612 -1043 52
669 2414 10
-1576 -2797 35
-994 -487 69
-2085 -1013 46
2203 1730 57
2727 1346 95
-272 291 26
-2717 2581 5
-2590 2921 66
2200 -2801 54
-231 -71 66
1937 1574 16
304 2949 79
2726 -1385 50
2102 202 79
-2449 -2228 59
2135 2883 83
-2185 1624 68
