60 5 2000
286 -468 640 -955 -1471 -836 2701 2737 2595 1488 574 -1517 2059 -1272 -792 -777 -1728 -1926 -327 -1897 -550 -2856 -1311 -1423 2695 -472 -1057 -2060 -131 -2278 -2597 214 1833 2337 -1257 -2436 110 -1655 1643 2810 -156 259 -1268 46 2996 -202 -1777 -255 5 1043 -591 2130 2236 -38 2368 1767 804 38 607 -1490 -2739 2014 -348 2954 -259 -2944 925 2567 -30 1799 -2408 -330 -1085 2060 -1155 1794 789 -2376 -1811 -2803 2897 -2786 546 2287 -432 -1309 2597 -2097 -1551 -2800 -2324 -1604 -1736 -1785 436 1094 -2529 952 -604 47 533 -2864 298 2104 -1089 919 1151 612 1960 1766 1264 1962 360 -2289 2004 -1422 406 -1710 
23 64 95 20 24 87 96 87 76 9 10 74 36 75 70 62 17 28 85 8 4 37 37 92 91 40 53 67 16 98 63 14 27 92 78 79 21 61 62 9 63 45 54 10 99 44 9 66 70 62 69 89 69 56 41 22 43 39 25 
647 2199 1
-2560 -208 2
2121 -1056 3
65 1678 4
-441 1422 5
-2441 -618 6
-1081 -1729 7
-467 298 8
2527 1132 9
2281 -2735 10
-1192 -1663 11
-1093 2816 12
2884 2620 13
268 -2288 14
-452 413 15
2506 1131 16
-856 -634 17
-575 2849 18
-2557 365 19
-1398 811 20
328 85 21
1567 1054 22
631 823 23
-1270 2671 24
-725 2724 25
-2170 331 26
-307 188 27
1263 -966 28
2310 2521 29
-2148 2743 30
231 -2275 31
2662 1097 32
1394 -1554 33
1609 1206 34
-1087 996 35
-584 360 36
906 -520 37
-83 -769 38
-545 -142 39
1626 57 40
-530 -384 41
-579 -852 42
2681 2114 43
-1783 1821 44
2698 -1903 45
2049 -1572 46
-2530 1481 47
-2930 -2354 48
380 -530 49
-1415 2092 50
-757 1718 51
-1945 -2149 52
2222 605 53
-2026 332 54
-2206 -815 55
383 -411 56
1286 -2332 57
2510 -2554 58
1020 1636 59
-2032 1269 1
2848 -2639 2
1329 -2621 3
632 366 4
1377 -2156 5
-281 1809 6
1169 2460 7
1350 -1126 8
-1545 1407 9
1767 -2865 10
1566 -2854 11
2720 2422 12
-2006 -2491 13
-2945 -1853 14
1520 246 15
672 1433 16
597 2709 17
1751 -2765 18
484 1231 19
-452 1762 20
2513 -82 21
-2485 -1831 22
2673 -395 23
2842 2548 24
-919 -502 25
-1278 2066 26
-1434 -1052 27
-615 -1431 28
1581 -2982 29
-2446 -2705 30
1095 -678 31
-1010 743 32
-1288 -1090 33
1945 254 34
1931 36 35
1326 2811 36
-980 -2551 37
-1708 515 38
793 294 39
1492 346 40
-2315 2017 41
1182 -256 42
2714 -2213 43
697 2456 44
-394 2204 45
1502 -2168 46
-1172 2554 47
1615 2461 48
-903 1304 49
-2784 2403 50
2527 -265 51
423 2870 52
-687 271 53
640 -517 54
-378 -269 55
1951 816 56
2510 -2413 57
-569 -2423 58
2187 -355 59
1733 859 25
-1000 -1526 31
-1598 -1674 46
2460 1863 18
2133 -2269 41
320 -1121 22
1759 -2496 30
2151 200 15
-2340 1219 3
-1835 2420 37
2514 -236 47
1187 1250 56
-1138 1551 15
2672 -2610 55
673 2882 21
-1754 -2398 40
-2129 -1580 40
2826 -1017 43
-2415 -84 4
1926 -1629 56
-1321 389 50
269 1744 14
-1471 -1840 43
-248 -1703 37
-671 -1205 22
-2043 388 29
2003 -2206 35
1774 -2553 47
-1714 -1633 13
1145 -2101 16
-2192 695 57
-1887 -1064 9
1580 2579 15
-1142 -1442 47
1563 -2083 42
1933 -328 19
-1481 2594 36
-2872 324 15
-2055 -705 32
1147 -1619 41
1641 2394 14
-2401 1210 37
1825 -2335 42
1896 1959 14
-1581 1984 49
-950 -2780 26
-1648 -2318 20
-1409 -2726 37
416 -297 59
871 1467 14
-2000 440 16
2287 -1905 13
498 -1171 16
743 -485 10
-2633 1047 15
-2748 705 3
2320 2232 45
2789 903 11
-807 67 53
-608 1436 19
352 -243 26
-876 -2317 16
-2868 593 14
-1759 1570 4
1431 -2667 42
-2960 2088 34
1053 1135 24
-649 2899 42
1451 -2558 37
1172 -2589 25
-1009 -2427 1
-1507 301 36
-2461 -577 40
-178 -418 1
1130 338 18
949 -1928 32
1916 -142 41
-165 -1545 38
1816 881 40
1329 2276 36
-2652 1234 24
1378 -618 2
-2149 -1846 41
-1853 899 33
-2324 2643 13
34 -420 22
-1932 -2392 10
308 -289 59
2225 2464 38
2741 2236 28
2067 -2906 28
-2551 -205 30
1489 -1731 4
1403 -812 50
1736 651 44
305 -1937 13
2997 611 3
1707 -2768 42
102 -2403 32
1765 -1963 11
-988 -2524 7
-527 380 49
2726 -1226 56
-1606 1285 12
-2945 -304 18
-2810 -75 28
-458 194 16
1032 -496 37
2604 -2322 26
-117 -735 30
-244 -2969 23
697 1946 8
2518 1731 27
2562 98 23
-638 -1381 28
-1935 1198 40
-1279 -655 34
-268 -2759 58
1642 2592 57
301 625 28
999 -2805 2
1328 -1915 1
-977 -2751 9
-334 -2958 59
988 -369 17
-2265 -1336 32
2935 1242 28
2285 1634 53
2314 393 30
496 -1142 16
132 1760 29
210 1225 13
-2637 -1203 45
268 -1908 41
-1401 882 19
-1604 2792 50
122 -2467 9
2746 1957 9
-355 2910 12
2113 1306 26
1060 -2796 11
2009 -99 49
-1659 485 56
1376 -2839 7
2672 -1898 11
-496 -930 59
-829 2572 17
-1429 849 58
-1861 1768 16
1567 -133 44
841 -2852 10
2889 -786 22
-2545 1520 25
1087 -35 37
-2773 699 46
2795 1382 32
701 -1065 57
260 -800 41
490 -2101 57
-2131 1391 55
-222 -391 49
-1488 2736 34
2117 -444 44
272 2139 17
674 -460 15
674 1287 38
1891 338 53
2756 -292 52
-1428 -1551 13
-558 -2587 55
-1336 -1611 59
1113 1232 39
-599 -2368 16
-1355 -2011 40
-1693 -262 34
-1576 2983 34
2444 -2500 19
-2625 1916 7
1329 -590 46
2595 -786 56
-1933 4 43
1492 1556 34
-2622 2503 50
1448 127 42
-1241 -1369 47
1859 -2318 6
1366 -2127 52
1305 2891 44
-2373 2856 31
803 -1058 17
756 -469 43
-672 -844 45
70 -2542 2
-1094 2516 16
-460 -1310 20
-62 -2617 24
-296 -1653 44
1190 2356 10
2254 -493 45
-1759 -235 49
-847 -823 40
1734 513 1
-2154 1758 32
-1953 -1195 57
2607 2438 42
-920 622 7
-2403 -754 33
1218 -2948 56
-804 2684 55
2815 -2264 58
-491 668 21
-2266 709 40
-1041 1583 54
-2379 2969 20
-1085 614 39
-881 -1022 59
2780 1423 16
1499 -2260 3
-904 484 53
-243 2881 27
30 576 54
-407 1195 54
365 2554 30
2292 767 10
2102 1525 27
-2141 -2172 5
1238 911 54
339 -1003 51
-1678 -2043 34
1875 894 8
284 -263 53
-2004 1320 12
-1308 -607 43
-568 -167 4
-900 1125 50
-2262 2949 20
992 -2097 2
2298 -2971 51
-2456 29 5
-1387 -2377 1
-1185 40 43
-2746 -2638 32
-1424 1785 58
-2081 -804 4
756 1081 31
-2007 -593 43
2294 1716 26
-831 -1156 46
1391 -2229 37
1842 1967 5
1500 2111 55
-2515 -2045 28
1757 2617 30
1182 972 53
-1496 876 29
1948 -2134 13
-1981 -657 47
-1820 -775 19
1727 809 29
-1616 1875 47
1149 1766 53
1927 -2286 26
-2342 -2158 19
-630 344 12
-1685 2320 3
-410 2317 34
-154 -721 6
1624 -302 41
406 665 8
-779 1678 51
-1074 -1483 57
-113 -447 27
2179 1755 31
103 -1315 18
-173 2754 45
2970 1722 45
347 -2676 5
436 391 1
1944 -78 52
-2890 2465 14
-336 -889 29
2577 2523 56
1774 -2475 58
-73 -2151 10
1868 -1067 57
792 -2167 7
-393 -2182 29
-2449 434 4
-2992 1267 53
2708 -1872 32
1346 -800 58
1308 -2373 32
-2840 2460 7
2820 -2849 43
2464 -2267 50
-2836 -291 36
282 -1465 1
-1008 2167 3
-1548 -665 36
515 -1840 53
31 2517 50
414 2122 1
-987 2685 9
937 658 29
2080 1648 54
2008 1241 8
2407 -1771 33
132 -1977 31
2124 2404 3
-42 1855 25
-1643 -2639 31
-2394 -862 8
-304 2109 12
2239 2378 19
574 -170 22
1165 -1537 49
1109 -2982 45
-2547 2874 6
478 -2115 25
817 -2270 51
1250 1333 10
-2820 -668 52
2346 980 7
-806 -1544 41
2760 2383 16
1075 2837 47
2269 -67 19
-2683 1996 16
-1211 764 9
2957 1052 37
-1975 -857 26
112 2648 44
787 -1719 52
-403 -230 4
-245 -2909 31
-2628 1944 45
1690 586 3
-2528 -2695 33
2421 2853 43
-417 -2567 26
2890 987 17
-336 -2379 30
-713 -1926 54
2099 229 8
1322 1534 22
-1243 -802 33
-555 -2585 32
-2601 2478 20
2387 1166 41
1721 -2576 39
-359 -743 51
550 1810 43
-1218 -2680 2
-2282 -2375 50
-1862 -2008 36
-632 315 24
1192 -2329 46
-890 529 38
787 1613 12
-869 -818 3
-2560 906 2
-1864 -1190 35
408 -2766 15
1397 1453 22
2123 -218 40
-2403 -1071 46
369 2953 28
-1815 -1589 12
-2508 24 4
1599 1708 46
1724 -348 56
-241 -2005 6
40 1579 32
787 1676 51
-2741 -637 34
2300 -2644 27
186 1799 49
-1181 -1099 4
-2676 854 37
2608 604 39
2586 -2183 6
1858 1627 22
-872 -492 2
-169 -1096 14
535 1502 4
2324 -1174 16
-1559 2497 49
1264 2821 35
-1975 -1332 49
-1119 64 8
93 -1663 9
-381 -392 29
485 -1760 43
2032 -2217 44
2041 -356 48
2659 1072 37
-2334 441 57
1512 1370 47
2184 1531 34
-1077 -587 21
-2190 -2505 6
1240 1460 19
933 887 8
-2144 -2670 22
2389 2808 51
649 -3 24
743 2026 1
2681 554 23
2450 -362 37
-1034 -742 24
-1607 374 17
-1916 -1703 2
-1170 -1834 27
668 1932 8
-509 -2938 30
2097 2718 18
1585 -403 11
2831 -2821 46
-2395 418 47
-1427 586 47
351 -1281 38
2827 2548 53
686 2164 10
1693 298 33
984 2128 27
-2929 1331 20
-2193 214 13
-1989 -2623 30
-1513 -2092 5
758 2586 37
-492 -436 59
2734 2007 51
-977 -2819 34
881 -857 59
-96 -312 58
-585 769 6
2662 1374 50
248 -99 15
-501 -18 26
1381 914 3
710 238 14
-2143 -2165 47
-611 2217 4
73 -1962 42
-2911 -2889 38
-2149 2860 54
-1786 2756 35
2388 -1402 20
-1898 -747 32
1661 -284 13
990 2353 5
1977 -662 43
2525 -2622 51
2272 1645 31
1060 -67 35
-1571 -2990 46
-943 1547 13
-1004 -1026 49
2575 583 16
497 -1461 15
637 -1088 9
2771 -1597 32
1400 1725 6
-1932 2355 20
-1449 -206 37
1973 2892 56
2845 692 18
523 -521 56
2805 -2022 44
1473 -94 16
941 2112 46
-1319 -1574 26
1944 -256 47
1651 -1508 38
-1639 1025 22
-2273 1742 45
-575 -179 53
1045 -1767 26
2009 -1086 59
-2007 108 13
2072 1851 44
2024 -1364 12
-1550 -329 43
-2131 2053 20
182 689 7
593 1213 3
1079 -726 53
-622 -1121 4
-877 122 35
1807 -784 58
-2906 -2701 51
1186 -2118 13
-452 1195 41
-2832 2706 48
294 -1769 4
-389 1191 14
2146 757 34
-1261 2719 58
-1941 1298 10
1188 2221 50
2586 2855 48
328 862 18
2427 1342 55
-2485 -1102 17
951 -2528 29
2926 -175 29
2507 -1472 19
236 -497 29
352 1646 13
1355 775 20
-2102 2798 31
2828 935 36
1629 2235 15
1437 -2745 55
-2206 2226 47
-1221 273 21
802 1606 42
1021 -2713 59
1183 747 36
-1900 -2284 10
2150 1947 59
-1071 -560 41
1930 -1439 35
408 2997 15
29 1691 45
985 -1214 44
1950 -2258 55
-584 -1725 3
1065 -1836 50
-1976 -913 51
196 2251 44
542 406 57
-1118 -416 39
-2772 -2579 22
-2740 -981 7
-2818 -820 34
-2858 -107 16
-1105 2445 59
304 -839 40
-278 2924 56
1827 -2722 23
555 -1221 27
2130 2017 47
772 2061 44
-2690 -2716 53
1786 115 1
617 -1012 53
1678 -302 11
1318 -279 57
-494 -2505 28
323 2294 23
-2797 -1186 50
-526 343 28
-717 542 34
2072 23 12
720 748 47
692 -570 25
1065 1022 4
1057 206 25
884 -589 51
119 2037 3
2772 -918 31
1237 -127 4
-2883 -533 30
2131 2956 43
-1548 -2358 19
950 -2362 53
257 -2999 34
-1167 -2282 2
230 1513 20
-1028 -243 59
-689 2404 9
400 -853 34
685 2516 45
-2282 -1275 31
1766 546 6
-128 -1904 14
-2830 2703 1
2764 -1353 31
2121 785 3
-209 -2940 29
207 -1367 33
-867 -818 41
-2227 -1249 46
-2289 -354 44
-1855 1708 9
-2430 -1650 56
-27 1626 33
-1558 918 10
1968 -2811 43
-2494 2290 28
2714 542 23
486 2059 50
2729 -815 53
-1145 -123 47
-95 2960 14
583 1208 15
1534 1344 36
300 -982 28
2359 -241 33
-2315 1846 59
-337 -1454 4
1688 -328 50
-2277 1634 1
2462 -1345 20
-1489 2466 12
-961 2983 24
-2179 1687 27
2060 1145 32
-2706 1323 12
-518 2789 5
-1235 441 53
-706 -436 53
-2856 1266 32
2096 2596 22
-2306 -2667 15
-2746 479 34
2289 -2549 8
1406 -809 22
-2660 -383 59
428 -2911 18
-1629 -2758 21
-512 1593 57
2180 -15 29
2885 2942 25
527 -2402 38
-1824 2104 21
-1530 864 35
2144 -1750 14
1469 -509 16
-1519 2275 22
330 -1099 21
-1970 -952 11
-2058 1011 34
-377 279 2
-1762 279 5
-2468 177 9
1707 2979 33
-1373 -49 57
-1089 2879 55
-576 -791 24
-1520 -2581 4
-229 861 17
260 -687 13
-1399 -319 31
2478 2920 7
-487 -1406 26
-194 -1298 31
1739 -921 44
-2876 1764 15
-2747 -2572 48
-1902 -1988 11
-2055 -1160 20
-1896 -250 5
-2816 885 50
-548 -2487 31
1022 2179 53
-880 -1984 34
1109 2098 5
916 -2881 19
-1577 2820 33
1637 -94 58
2644 -1901 8
2957 1786 3
1867 -2582 33
-2450 2613 8
-864 970 51
-1959 1417 40
-2979 -1528 48
1828 1215 4
-2666 1039 57
-2206 -202 35
-975 1355 28
1968 2790 39
-581 1491 47
-2838 291 54
2389 1317 29
2258 -988 37
636 -1147 35
2949 1891 31
1989 1630 53
889 -1279 43
-2195 1780 31
-721 -1932 48
2521 720 59
1692 2307 47
-2095 2660 59
2990 1817 49
1209 -2886 13
276 882 45
-2477 -1829 47
604 -766 22
606 -2408 46
1164 -907 21
1293 2299 38
-2444 1242 31
-72 1517 1
-2189 -1378 32
-401 978 21
97 -819 18
1148 -966 31
-2197 -143 30
297 -894 45
2672 -1803 54
981 -1512 51
2603 2353 53
-1723 -1303 24
-2687 2911 52
2855 -992 4
-49 -18 37
-433 -1114 56
-240 -607 5
-1119 -2718 18
-318 1874 30
360 -1436 21
-518 -1683 35
1424 2974 36
-1892 -2020 28
249 2040 1
-1256 -1804 56
-1665 2375 11
-2049 1 3
-953 -1551 9
-362 971 4
-602 -2887 54
1098 2844 2
-82 2929 21
-379 -2689 43
2569 1534 2
-2361 -1822 44
-2978 -1654 28
1275 2574 11
-982 1148 36
-704 -2160 45
597 -630 25
2659 374 6
1841 -2969 53
-809 1323 55
2914 -965 44
-1878 -1407 44
-1769 -2758 19
990 -1370 54
-11 2456 15
1692 1120 38
-1192 -2429 27
1353 343 55
-2674 -2777 1
-130 268 46
-1711 2783 58
2624 2787 17
-2673 1220 29
-878 2330 19
-777 33 28
258 -2214 56
-282 -1179 53
2603 -1099 29
1633 846 56
1601 -333 18
2741 -2383 26
2175 1965 52
-372 -1721 53
-307 53 36
1165 -323 21
-1522 -301 58
559 850 40
-1876 2590 30
2082 36 15
2529 -2328 21
2240 -1484 43
-1961 -1948 38
-1516 2365 13
495 55 25
161 1848 48
-1253 -2056 16
-2820 -634 38
-2025 -526 42
467 -1327 10
-217 -1239 29
-2684 1747 16
-90 -1266 54
-1455 952 20
2270 -2357 24
-1409 664 40
42 -684 49
-853 2787 22
1627 -1705 27
-1984 -1184 4
-364 1815 25
-1082 -1513 31
-28 2428 14
2163 845 7
2415 -715 59
-2724 -2277 21
-2142 -844 31
-601 -2032 36
1327 2508 2
291 1569 17
-2485 361 13
-709 -587 49
1028 2714 37
1476 2021 21
2046 1509 5
2213 -2513 44
-146 2977 18
829 719 53
-2895 1495 9
1723 814 46
302 -2767 52
1242 2269 40
892 154 27
-2769 350 3
297 -2520 12
-2309 -327 3
-2944 878 16
-2795 -295 53
1658 -606 54
2238 -163 36
2723 -899 52
1755 -2927 58
1524 2662 21
2404 548 30
-2694 2216 34
343 -605 29
1130 2146 35
1897 2566 32
44 2511 9
-2914 -1599 21
-1168 -2734 29
2095 1138 6
-2357 1360 9
127 846 57
2369 -2565 8
-1522 2052 16
-1912 2464 13
30 950 45
-2469 1991 52
223 2664 18
-508 -412 23
1117 1626 43
-2795 -419 22
-299 -380 55
-1931 245 17
-1185 -2038 55
584 -2847 8
-16 -1855 22
-651 135 55
2304 -2576 8
-1021 2481 9
-747 -461 5
-145 1826 46
2933 -1748 59
1158 -1583 8
1054 1266 23
-438 1689 32
1813 -1644 3
-2395 -2911 9
880 1827 14
-448 -1417 27
2556 -833 50
-2099 1029 41
-1447 1334 56
2884 -2957 1
1797 -500 17
-1901 2442 5
2440 -1359 10
-59 -1271 45
1412 -2079 4
1175 -2914 29
1067 2824 52
-1524 1206 35
1612 -274 20
-1690 -559 33
-2721 268 55
1071 -17 29
-753 -1893 41
2580 -276 24
2699 947 54
-1787 -1644 51
-297 -2646 54
1201 -2951 20
-234 1543 7
2612 -2546 59
-107 -410 11
-742 -534 38
-1759 566 23
-1976 -362 4
2733 -310 24
-1679 1706 2
-1094 -1564 34
432 -2404 9
-41 -69 27
-2570 -173 24
-2924 -386 27
-1499 1594 12
-934 2411 1
-389 -461 41
2386 108 13
446 -389 36
-1920 2737 13
2883 2155 35
2814 -2235 36
2735 -2182 28
1990 -1225 47
-2328 1634 54
-1568 -2836 53
-1033 -1920 50
-942 1733 21
216 1577 10
2658 -2184 39
1164 2658 55
-565 -442 12
-1729 -776 14
-1743 -1576 54
2916 -2145 41
1383 -2656 42
-134 -972 14
-1322 43 56
258 -2099 17
265 -938 16
-2292 1573 51
165 -131 54
1807 -37 48
1518 -2803 24
33 -410 42
-1800 1129 54
1808 -1673 58
-486 -1296 45
977 2505 23
-514 1236 40
-871 2048 26
-576 524 29
2755 1306 46
-1046 48 44
-2110 141 34
-2472 -1927 42
-1689 -2384 54
33 2770 17
499 -652 31
1774 -2280 1
1991 1055 51
-1508 208 49
722 239 44
1845 880 10
711 526 58
1455 -2025 9
-2215 2560 56
-1953 -415 19
-2688 1859 49
2506 1012 40
1663 865 19
-2391 765 19
857 -656 59
-955 -2579 13
-1236 -2972 24
-248 779 31
2221 -1217 56
-1473 -1759 45
2076 -1118 48
2204 -2287 44
-1935 -1240 27
-1520 278 11
-1475 -977 39
603 2208 46
-2977 1575 57
-728 1518 17
598 -2162 33
1 -634 10
6 2714 26
300 1051 37
1255 144 29
-2988 2172 22
2207 -2288 18
-1884 -95 59
-2803 -1104 3
1464 -411 44
140 1515 53
-1894 -1179 53
510 566 2
-2566 -1134 32
1071 1172 26
967 1126 17
-2019 -425 2
-2514 98 49
-690 1040 4
-906 127 5
-815 -2906 39
-1571 1722 13
-132 1407 32
-580 2168 31
308 708 6
-292 345 11
760 -224 30
1667 -2611 11
-1643 659 46
-918 644 46
333 2058 11
444 2303 20
762 -18 39
417 2340 44
915 -2454 47
-1591 1475 2
2274 -995 1
-391 -2600 11
2217 841 14
1815 -940 26
675 -2327 22
1100 1281 13
-2385 -1045 28
542 -1131 4
-1468 -672 24
-1542 -1388 10
-2139 1691 18
951 -801 41
2532 1501 56
2685 1765 16
-2533 -1372 44
231 -2768 42
-1210 -205 59
-1937 755 12
231 616 27
1474 -328 19
583 -1350 27
1508 -2940 42
-2370 -2616 14
933 1553 20
1001 -1751 42
2300 2076 2
2970 -2870 48
2525 -2039 49
-1828 -38 28
2047 762 22
-2802 -570 23
-133 -1729 27
-2582 2387 39
2421 -2031 47
1239 800 49
-2145 2885 54
920 2702 21
2790 -2242 42
-2147 1980 52
-2644 -29 47
1519 1642 6
-2697 -1887 5
1602 -2295 7
2696 -590 46
-890 333 4
1541 2461 41
2222 704 14
1212 1139 44
2429 -2931 18
2139 -677 22
-1149 1969 16
-480 -1252 50
1688 873 21
-2255 267 11
-1455 1135 28
414 2880 58
-1456 -2469 54
-840 2810 44
-1937 -1126 21
2272 -80 36
2208 -743 33
-1949 -1024 13
-173 -401 25
4 2677 53
668 -1533 8
-1216 2862 7
-932 1956 55
1683 655 29
1504 159 35
2926 1427 45
2179 704 9
-1748 -1958 13
1843 764 27
324 -518 11
-1393 -919 12
2722 2486 30
-2506 1682 40
-2873 -220 9
621 -1145 8
6 -2825 17
2990 2868 31
2405 -1598 17
1556 2664 48
-1244 1878 17
-791 433 13
-2718 -1237 57
-2942 -2606 3
-1275 -2372 19
2350 1224 30
2407 331 58
1624 -1301 44
262 1599 50
86 -2627 17
2040 2380 25
489 2410 10
2447 -1883 56
-860 1925 11
2863 -812 50
-2367 826 9
-123 -1277 6
-1871 -1845 9
-1286 -283 3
-925 -1750 3
812 -42 30
-1696 -612 46
-2448 209 43
-1606 1700 5
610 2026 57
1075 1031 12
20 1030 34
1281 -171 4
1902 -2223 5
-1339 -2965 14
1666 -277 18
-2682 2792 59
-643 -2294 36
1341 862 24
-2982 -153 28
-752 -2398 13
-688 2929 56
1331 -712 53
-318 1072 33
2085 573 57
-2863 1193 16
2455 -2697 36
920 2149 19
-1442 110 40
769 -2196 2
1252 -1396 56
-774 270 29
-2332 172 45
-546 514 7
-204 2509 44
64 2048 44
-2748 -2707 28
1048 912 56
83 -1045 4
-2017 2491 54
-219 1187 8
-2685 1737 29
1841 -670 10
2363 -1764 59
291 490 12
920 293 35
2494 -1697 46
1355 -1798 30
-2112 -1740 38
1663 2455 8
-1494 -2106 3
1707 -900 8
2569 499 22
-1746 28 54
-534 756 51
-2754 -275 9
-1017 -2753 39
1667 -2252 9
711 -2899 56
2358 263 47
2594 -2232 59
-1599 434 10
1259 -607 17
2098 2436 14
-1441 1837 20
2635 1678 32
149 1657 30
2861 -306 47
2726 1197 44
1897 -1059 14
377 752 53
942 1164 29
-1330 -2557 13
-2474 -147 17
-2979 -2122 29
1874 -2086 52
-2743 717 43
2863 -61 59
880 105 32
1027 1745 13
-2504 -349 56
-1975 701 54
-1220 440 3
-2001 2437 31
-2241 2942 20
-1813 1811 13
-2997 -1535 59
-1186 -2189 19
1448 -1637 11
2019 1120 57
666 -2010 49
-1228 1102 42
-439 -1497 43
-2815 1006 32
2733 769 35
-890 -1503 58
1478 -999 5
2945 -2025 32
536 -1609 33
2229 -152 35
-2360 -292 53
556 2284 18
-1331 498 39
1306 -2310 41
-2963 -1355 7
-2343 2182 3
2864 1666 27
425 490 24
2216 -588 43
2574 -1755 24
-803 2266 34
-1744 -1586 31
-2134 -2887 59
1022 -544 44
510 1973 57
2151 -542 22
-1364 -2893 20
2620 -538 27
-2057 -1512 11
918 -1668 5
2076 2265 11
744 40 29
1410 -2933 37
-848 1691 19
-686 1894 18
-2427 -1550 39
-1856 -2089 27
-1772 -1019 5
1884 -1858 17
-957 282 45
-2574 -118 26
-2334 -664 52
-1819 664 44
1237 -845 27
-1875 1725 32
2918 -2446 11
696 1651 4
594 -1000 3
-1330 -876 39
1475 -2908 46
-1965 -2700 10
-314 -1053 17
-1049 20 5
-2919 2775 22
2630 246 33
1410 -1743 17
-760 -1987 57
2031 -2857 46
-2125 159 19
112 820 22
-685 2219 50
-2819 2864 2
1061 -1237 43
1023 -2491 21
-2386 -1879 28
429 2391 46
350 -1039 50
-948 -1203 11
2119 -725 59
1767 -1068 58
-744 861 7
1179 -929 52
-1731 -1995 54
-2660 1465 13
-433 -1709 14
1483 -2198 18
-853 2922 34
-546 2123 47
2330 -2698 44
1786 1291 20
-741 -1436 52
2615 -572 37
-1859 1916 29
2507 159 35
-1799 1438 18
690 2873 37
-2424 1062 51
512 613 47
2613 1251 35
-1250 1985 49
-344 -2482 59
-168 -2894 50
-349 2046 9
1293 819 14
-1371 -2111 8
-129 2648 34
-1665 -1390 28
460 139 10
2190 868 50
-1919 1792 25
1030 -2614 31
-2330 -348 33
35 1977 3
-104 2941 36
-2494 1034 34
-2349 1201 15
-1416 1484 33
-2415 1397 46
2117 2698 9
794 2459 44
-1057 -946 25
-2616 2850 1
2066 -2099 50
-168 1238 13
-323 770 54
2099 2543 40
350 915 22
-1678 233 58
-2946 -470 22
1089 -2652 58
312 2177 45
1383 -2561 12
2434 1349 58
-1557 -866 6
-2923 1463 12
-398 2640 43
-966 835 11
-1490 944 23
1828 -1984 23
-2331 -2288 25
-1419 1006 3
2083 -496 24
-2997 -843 11
-776 1821 2
2789 2069 7
1301 990 33
7 -235 19
-2586 57 45
1843 -1395 9
-1398 2411 53
2845 1143 53
-1478 -160 10
2080 2157 39
-178 -2461 55
-886 -1269 20
-1404 892 29
2697 2488 20
694 -1315 2
2285 -1647 51
1299 -2796 40
1802 1242 34
-2081 -852 44
-2883 2101 15
1119 98 16
2062 -1124 15
-23 -131 5
-316 -2319 17
1782 -2224 8
-1189 -508 55
2110 1849 30
211 -2166 24
1592 234 55
2554 -125 29
57 1887 59
186 -940 51
2684 -308 52
554 1628 22
1450 1469 6
348 -234 16
-1305 1746 10
-915 885 19
-2008 -2875 15
391 1875 33
1944 -2839 27
-625 2566 52
323 -785 45
-1590 -1208 2
779 -1619 1
2816 407 16
-2705 2040 7
1876 -1782 22
-2867 -1743 14
-2180 449 8
454 1721 25
-689 -521 54
-2025 -87 14
-1561 1075 9
-2829 2963 59
-869 -1683 36
2489 -876 37
-1930 1041 32
-425 -2945 44
-242 -2551 17
2593 -2216 45
1312 2048 52
890 1158 58
745 -2121 8
1154 -2456 33
446 1810 57
-2452 -2206 2
347 248 29
-762 -1236 50
-2828 132 53
-403 -2825 40
-1130 -2421 38
-418 272 51
640 -1305 4
-1683 -69 14
-1079 -2446 53
1089 2436 33
-521 1299 4
1266 2566 12
1268 2897 52
2421 -1436 12
1810 -2085 59
2416 -2503 22
2936 -342 23
1071 -153 21
2475 1400 9
2532 -593 31
-1610 -164 47
-1843 -2042 47
417 2753 49
-981 2172 43
-550 -445 37
-2107 -868 36
1992 -2830 6
2505 -177 2
1294 -1742 18
2655 -654 43
1464 1059 15
-1736 1409 25
-725 -402 59
904 2954 14
-1798 1494 39
-2106 1490 53
-24 -839 1
-1944 1968 57
1617 371 44
-2341 -2706 44
-554 -2735 5
877 263 52
2232 -1035 31
-2739 -1721 18
853 -2123 35
-2681 81 56
-366 -1571 50
2297 1543 46
-362 -690 27
-1482 1254 41
412 815 33
-2431 -520 33
218 -707 39
1210 -2 15
-1581 -2836 46
-1504 259 14
-1152 571 7
-1588 -1649 8
-732 -2617 50
-194 1749 27
1859 34 57
-2671 -2016 20
298 1907 20
450 1587 7
218 2612 39
-1006 -938 33
-734 1318 6
1089 -1709 23
-1103 -1230 30
116 -1885 9
2534 -398 45
-1371 -1702 19
1026 2971 48
997 -562 18
-2472 2491 2
224 -1393 57
-2087 2310 11
832 -247 4
-557 2021 23
-1127 2563 52
-525 -2151 53
1751 2198 25
616 -1690 54
-1267 587 10
1871 -1850 47
-1472 -136 23
2171 -1118 27
2521 1505 38
-1042 2120 1
1428 -751 37
2076 -2397 26
1300 911 35
1008 590 7
-2769 -1651 28
2268 -434 45
2373 -93 38
-219 888 55
-450 2165 12
-222 2398 29
-1473 1770 34
-850 -2207 53
2863 1551 31
2332 2877 49
698 2412 25
-2359 340 29
1319 -2699 54
-441 -2881 31
2153 240 17
-1381 782 57
-740 2665 42
911 -1640 55
-461 -2939 53
-2340 2313 54
-2136 2023 15
197 477 35
-1045 1286 31
2060 20 58
2649 1787 24
-927 1382 54
-1554 -2356 38
1934 1399 33
931 -2386 36
2466 1371 20
609 712 39
2827 1247 16
-2141 76 46
1570 1257 49
-929 683 40
1598 -256 20
1126 -2115 38
2468 1966 14
-2810 -333 45
-2282 -979 50
1700 -174 8
2333 351 23
-1262 567 40
-1484 938 44
2155 -548 14
-2403 2112 45
-1261 -592 56
2791 1268 13
-1417 1128 22
-2539 -1997 10
-393 46 54
-1360 -2060 49
2813 2689 44
1534 -1752 42
-1698 -2368 52
395 -733 1
-36 1261 37
1963 -2952 12
656 -602 34
-1315 -2587 58
2533 36 17
479 -1386 55
-1548 670 19
-1111 -2601 30
1137 841 23
-724 -378 56
-100 -2690 32
2739 -1651 41
220 1267 25
2002 -272 16
-294 -1030 32
2548 417 11
2918 1003 46
-186 759 24
825 2446 34
-1070 827 18
528 -2734 40
-775 -218 44
-2221 -1360 52
2956 -2628 17
2993 -2355 44
481 -1948 58
-1977 -101 51
2795 875 35
1884 2092 19
-2720 2459 59
401 -1524 12
2292 241 4
1307 2061 29
2620 -2329 12
-1960 -860 56
-792 -1051 49
2186 -2944 17
1842 -19 33
897 -2989 10
-2031 -2005 32
2239 2163 54
-1130 -246 13
-2358 -833 35
-2019 1557 6
-2011 -471 49
2843 1889 43
1393 104 28
-2172 -2745 47
-1334 8 58
-345 -29 7
144 -2771 32
577 2708 14
-1371 1884 18
1894 -485 3
714 1137 22
-967 -514 11
2678 740 37
2659 -79 17
123 -2774 18
-221 -76 11
2153 2151 58
-2542 -847 30
1550 -117 42
-1498 2504 19
-2539 281 40
522 1998 21
1023 1157 40
1451 -165 3
2158 -1807 22
1172 2083 43
355 -101 26
-2995 2257 17
-882 -1974 20
-147 -2109 45
1241 1145 41
-1967 -1164 10
-2754 -2462 8
-1542 -262 42
-2586 -2347 48
820 -2938 44
2716 -985 17
1374 -1600 17
-2563 -705 39
2128 2557 30
-1140 773 21
-2591 1208 10
615 2276 57
-1302 -2778 55
1585 -1785 13
1812 -1689 5
1438 2250 15
1765 1148 39
802 756 5
1665 68 14
1967 -1264 9
-9 2839 28
-1657 -2016 40
2899 -322 22
1576 665 23
961 -2955 18
720 -2056 7
-1215 -99 58
406 2382 57
-2760 -163 7
2967 -40 5
2077 986 5
913 400 19
-2998 1363 2
-165 2460 15
36 1164 16
1745 2113 10
-545 -2433 24
-68 438 15
1189 -2284 26
-2263 1633 9
-1316 -367 47
537 -147 39
2026 1324 24
-2805 -2067 42
627 -454 30
-2275 -417 51
2832 597 46
1135 -366 54
-1834 877 53
-504 993 10
-2821 2636 13
-317 -2361 27
-929 -370 27
2184 -1079 13
2431 2717 48
2569 -906 1
2036 2351 53
-1996 -1810 58
-620 -130 15
-2087 -1513 39
-1086 1718 16
-1966 -2166 42
-104 1223 20
2284 293 57
-2792 -1692 24
-825 945 19
2617 1609 53
-2420 -2854 25
2604 978 26
2038 2544 8
2082 -2243 49
1970 -19 2
996 2301 2
-440 -2934 56
-1674 1671 17
-2394 699 15
-613 -2708 30
-1035 -1152 53
515 -2552 15
1713 2159 58
656 -1104 23
-918 1122 17
-1183 -1546 31
-60 -1466 56
-1116 88 47
391 607 27
1211 1221 57
2643 -928 19
-2211 947 19
-2547 1538 14
2589 1717 53
450 -530 39
-2738 680 41
2910 -1299 35
1519 859 56
-2291 -1241 54
-303 1742 45
-1576 452 9
2462 -1802 45
730 -58 18
-1507 596 39
-106 -2914 22
-1996 -2706 9
1301 -623 50
-2666 2056 15
1597 -2653 1
-616 816 51
569 -2050 22
2935 2239 42
1285 777 21
-1412 2691 29
-2306 -1816 49
-695 1475 37
-1681 844 25
-1840 -2148 54
2714 473 2
-476 154 33
-2566 -1800 58
-1340 1302 4
-1647 2595 11
545 1543 32
-490 -2265 15
-2832 727 19
-1513 -1887 58
2237 -435 4
939 140 5
2486 -590 3
2133 1526 55
-1311 563 2
1155 1093 56
2568 2577 5
-1622 996 54
-671 -2830 3
-2370 -1093 26
-719 1554 54
-2583 1003 11
-1119 2308 32
1784 -33 52
-2760 -221 10
-2453 2740 26
2188 623 35
-1784 -2725 23
-2042 2035 34
2686 -1859 2
758 -2409 33
2195 -2268 20
840 -2970 55
891 1020 2
-820 -1978 7
-1359 2260 20
-2804 -1368 45
-1458 -167 31
-2065 430 27
-1598 2371 7
502 -473 12
801 -690 4
2060 2803 54
1465 -562 23
-44 -1409 20
-1093 2992 57
-400 -2936 3
-2972 1018 19
2131 659 45
-590 666 40
-2557 1019 22
1424 1195 51
156 852 54
259 1475 34
930 2600 27
-913 -370 53
2582 -12 52
-1952 646 36
-1728 -696 13
1230 -154 36
1513 -727 50
816 915 10
2200 -2160 7
172 -450 59
-2425 570 12
-1654 1809 30
2211 -974 48
-523 1312 17
-650 -2005 9
564 2516 54
-2170 2669 10
298 -282 26
381 2197 43
2115 -892 41
-1760 -1400 34
2739 1967 8
-1668 2335 32
548 -795 43
1165 -769 49
-995 -946 39
1317 551 24
1668 -316 12
810 2680 52
1644 129 19
2250 961 17
-354 -1977 48
242 -1908 59
-937 -1672 27
-1383 -593 40
2671 -1425 45
-1406 504 54
-832 -1301 4
-2308 -971 26
-1117 54 37
-1236 621 5
-2828 -2592 5
-292 2644 54
-2569 -2151 41
2610 -1577 14
687 1594 8
-46 1774 3
2033 2834 18
2073 -2118 38
1826 -589 57
2518 -1339 37
-1911 -2678 47
-1972 -1196 27
811 2398 11
-532 -129 9
1788 -2321 9
88 2520 46
461 -98 42
90 2367 56
-417 -2073 21
1910 -798 3
630 -1008 16
-618 158 43
-1812 -1367 5
1469 -2936 16
-2618 2687 36
-967 2701 2
462 -1223 43
88 2388 33
-664 -651 46
358 1785 32
-2230 -1154 40
1898 1707 14
-1606 1761 59
1987 -2055 22
-2482 -482 40
1718 -2250 56
1605 1116 33
-1001 -909 2
806 2424 11
-1823 715 23
2676 -390 39
63 -1599 12
-1328 -2124 22
-1724 2153 37
1398 1230 15
-257 -2696 21
-2358 -1143 22
2134 -934 23
-625 -2069 9
2690 -2334 50
868 -488 11
-364 -1771 16
938 -2745 58
1659 -2553 47
-623 511 19
2758 2166 43
848 -2719 12
1471 -2099 9
-1616 -426 28
-2754 1621 46
