20 60 100
-13 991 -717 -573 -328 855 791 -375 42 832 482 -366 -297 -448 -386 -601 324 475 447 567 -854 -326 -273 252 -912 736 -763 706 954 148 -435 -247 590 -361 658 -484 -846 151 
32 43 20 42 19 10 30 22 56 50 44 34 10 3 22 0 42 32 26 
551 675 1
278 382 2
-26 649 3
-707 27 4
-740 507 5
540 -534 6
130 794 7
-857 974 8
-283 543 9
749 387 10
-897 -848 11
-812 -654 12
-155 19 13
550 541 14
-606 33 15
530 -370 16
-22 -950 17
246 360 18
687 438 19
-522 240 1
-112 460 2
-801 240 3
-53 -539 4
206 121 5
-258 -69 6
405 -750 7
824 675 8
571 595 9
-112 695 10
541 861 11
-841 174 12
-620 -462 13
955 602 14
993 896 15
401 368 16
-474 -193 17
847 -231 18
-138 583 19
-292 -71 18
-282 548 12
-701 139 1
22 -558 15
-232 293 12
536 -742 7
-294 186 8
-70 -124 15
351 547 3
-203 742 11
939 -944 6
310 375 11
955 -281 11
590 -652 5
62 707 19
-563 799 5
600 741 4
11 -505 5
-916 -803 10
79 25 5
-740 -137 2
-560 -288 16
-618 921 17
955 -985 9
19 -971 1
-989 -319 17
161 15 15
643 -559 5
460 418 13
722 859 17
-346 -813 18
63 896 13
-97 -196 12
871 -957 18
714 493 17
-761 -710 19
268 699 1
-204 -101 8
971 120 8
-983 982 8
581 -599 16
962 -735 14
-746 796 17
157 348 2
845 -6 11
104 -150 3
-150 -609 15
717 997 19
953 563 4
71 -410 9
-856 271 2
-27 -631 12
-72 -420 6
150 614 15
-789 -261 7
945 -418 18
-489 743 3
864 -177 13
448 580 8
373 -261 3
-378 384 12
316 159 11
