90 20 3000
1395 -352 1048 -2826 -1933 2744 -1611 -1798 -1486 -2722 2566 1360 1516 -1729 -2887 -585 -2328 417 1534 1553 -202 -166 330 -639 684 1005 -948 836 2799 -1938 -1264 -166 -2491 728 -540 405 -2005 -546 -2536 -794 -2331 2517 -2567 1695 1873 2434 -1543 912 2656 -204 -2936 2122 -2409 1738 2211 81 279 2751 1148 -174 -1931 -1767 -284 -2432 2706 -1172 -71 2334 1065 1950 123 796 833 -1742 267 -722 -1223 -2822 -1659 -2272 -2962 -1495 -1996 -2662 -221 -971 -2489 2343 -1597 2031 2869 -239 -12 -119 2668 1008 -1357 -2628 -611 2288 1811 1020 -136 245 1582 -275 1285 -1241 2178 2741 -2444 -2635 2478 -2204 2331 2889 2540 -2880 -1528 -2814 -1771 -2093 -275 -790 -11 1125 -2422 -1999 2605 -997 379 2750 2911 738 -892 2121 -2217 -1854 -714 2346 801 -331 -910 -2571 1434 -1597 783 1908 781 257 2335 1320 1806 -1640 -390 2940 504 -1760 760 199 2130 -3 2680 1247 1240 -2977 -643 2367 1627 2675 -2252 -2238 896 2656 2235 1649 811 -2394 
73 85 38 89 66 18 1 77 65 35 97 55 64 94 94 3 77 49 71 14 23 18 57 33 94 3 23 92 63 39 4 5 29 56 97 4 50 37 58 31 85 84 47 4 71 97 59 50 1 65 87 79 77 65 80 93 73 11 21 88 3 4 56 77 54 73 45 67 2 99 61 56 73 90 16 30 21 86 69 44 3 58 96 84 57 14 80 88 70 
-2287 1504 1
2925 679 2
2138 -2700 3
-2835 1443 4
2538 -1528 5
2533 -902 6
741 -10 7
-2316 2844 8
-962 2695 9
-1769 -1213 10
-806 -1362 11
2062 1023 12
506 2728 13
-449 1163 14
-847 2281 15
847 350 16
-708 -2583 17
-1134 -1788 18
-1012 2280 19
-1938 -1839 20
-287 1397 21
-2635 -2841 22
1570 2546 23
1682 -2579 24
-1640 1757 25
-2696 -2260 26
-1163 -2549 27
2919 1852 28
-1068 -2553 29
-1003 1672 30
-1121 -2067 31
-2063 1699 32
-286 -2421 33
-1078 1915 34
-2497 424 35
-2507 -2875 36
-2233 2859 37
-508 1762 38
-1025 1330 39
2016 -1858 40
-2887 -2167 41
826 -368 42
-2442 1981 43
-2615 531 44
2096 2771 45
2075 -2670 46
2251 2830 47
307 2890 48
-1598 1254 49
-1067 1834 50
-2299 -257 51
-2775 -1292 52
-2399 1759 53
-2815 -139 54
875 2982 55
-1129 543 56
-153 738 57
35 1947 58
1191 1722 59
2480 -48 60
-502 -847 61
-1151 -1089 62
556 2721 63
-917 -731 64
-1860 2651 65
-1676 2555 66
535 -279 67
-1780 234 68
-2058 683 69
1486 2867 70
2928 -918 71
-940 1813 72
-1300 -462 73
-1346 771 74
-8 -1487 75
-1880 -2307 76
2566 2151 77
2495 -1516 78
14 -1091 79
-2164 -371 80
-927 -2616 81
436 -1093 82
-1850 -2713 83
-792 -2674 84
653 -1599 85
-1881 2470 86
-77 2415 87
-1108 -2171 88
-698 -2527 89
2467 2418 1
2587 1751 2
-1069 -2346 3
-301 1232 4
-2396 2379 5
-1962 1682 6
984 -2101 7
-2335 -684 8
1303 -2135 9
-2287 -891 10
962 1418 11
2734 -472 12
657 1312 13
734 1773 14
2268 -30 15
-2697 859 16
2183 -1274 17
2032 -1041 18
1837 -758 19
-2987 45 20
-2214 -1870 21
476 304 22
1098 -366 23
837 391 24
-2772 858 25
1787 2856 26
-2176 697 27
1819 -2697 28
826 481 29
998 -2320 30
-989 -1359 31
-1472 2035 32
708 -674 33
2273 1571 34
-2491 2363 35
-96 2418 36
-1941 -1624 37
-275 -72 38
-787 2615 39
-2377 -689 40
-1656 1599 41
-2888 -2156 42
2148 141 43
1550 -1671 44
-1602 2037 45
195 2168 46
-2014 -453 47
944 330 48
2757 -399 49
240 -2190 50
440 1191 51
756 2688 52
-2293 -1685 53
-1108 -936 54
-321 1609 55
-2211 -2163 56
1738 -2260 57
-1268 -2554 58
-100 -1197 59
1639 229 60
2448 2746 61
-2065 677 62
1950 1107 63
-190 -238 64
2774 -1760 65
737 1406 66
495 -363 67
-327 -2086 68
-1101 6 69
-173 2363 70
627 2043 71
2764 -110 72
2061 -1780 73
-156 -1195 74
-2238 -1084 75
-866 -2687 76
-102 882 77
1437 -516 78
-1479 -1067 79
458 2415 80
1248 -370 81
728 -2368 82
-1363 1756 83
-2432 -380 84
2049 -2394 85
-315 1524 86
1935 -436 87
-2618 747 88
2757 -1703 89
635 2530 63
-2855 282 47
1551 -1308 38
-1502 1212 71
1268 1194 51
-1489 1071 79
-1352 -1955 87
-591 -76 31
932 1153 63
-2012 -2901 1
-2154 1461 85
2361 417 5
-1096 1916 31
1654 -1862 22
91 -2588 35
275 -156 16
-2375 -1937 64
-2679 1896 49
665 -2996 83
1066 1604 38
-2401 -1378 7
2157 -77 49
-1665 2641 3
2756 -855 27
-2032 -301 82
15 -1319 57
-1692 2502 19
2398 -13 41
1171 -50 4
2437 -469 14
-2672 2478 18
1168 2490 51
-571 -1673 14
-2634 -2699 6
-53 -2676 27
2765 749 73
-2415 1890 45
39 28 26
-680 -2229 84
-2916 713 22
2150 -2008 12
-835 -2325 86
667 -2658 60
-2386 2844 80
2863 -425 52
-157 1687 56
145 -1252 62
303 -1058 77
-2246 385 34
2704 1986 16
1029 1493 20
1197 2205 89
1366 -2430 78
1525 -1512 37
-2515 -43 54
2075 2514 3
1518 -2098 51
816 2387 20
-2944 -1341 71
1158 -2870 10
-682 -1314 20
1258 2003 80
-2043 590 58
-478 2487 19
1256 -841 55
-1453 -2925 25
-2523 -653 24
-663 -23 3
-799 310 84
-2059 1412 75
894 -310 65
2715 -1518 40
-2987 -855 6
-11 -1738 68
2650 2524 62
-385 -2829 42
1449 -213 76
1647 2147 83
2169 279 42
2637 -1989 13
788 -1217 87
1653 -1108 79
1572 1465 27
-2977 -2626 27
2580 -2868 39
-2491 -1957 66
1903 -2324 41
-1015 2503 70
-1350 1945 30
958 -745 37
617 -2285 54
890 653 46
1848 76 81
2446 -1216 40
2165 -2267 58
-1071 -1321 11
271 -1102 76
-2045 438 7
2181 -2835 61
-467 -915 40
-536 2019 41
2552 -1021 89
-1974 -69 4
1199 -1549 56
-2745 200 31
151 -1553 28
-835 110 21
1221 30 81
1596 -1153 39
-303 -2170 30
-282 -2442 74
2266 -2767 53
400 -1514 26
-357 1587 36
1912 -1599 65
-2868 -2787 5
-1073 -2002 53
1163 -2678 74
654 1442 28
1924 640 75
655 306 45
-1939 -1379 62
660 1355 30
-340 -2306 39
-1910 -1534 27
1415 -324 56
-848 -423 35
-1054 1919 32
-908 2671 23
-2365 -1349 35
2846 -1753 35
2966 2578 59
536 -707 38
71 -1683 32
-1304 -2012 44
363 446 48
697 -741 67
-915 -2872 81
-1191 1791 25
1976 770 82
842 -2679 80
-1648 2721 25
1452 -2971 2
2195 211 51
-1421 1485 20
2298 -1497 17
1396 1654 10
2785 1478 71
-18 -330 51
-2068 -588 14
-1031 594 7
912 831 43
-62 -51 67
-2929 -899 5
-1863 -1340 51
490 -750 27
-46 1458 52
-2593 -1286 15
2277 -2294 84
576 -1672 41
1016 1978 67
-224 -587 2
-1458 -100 74
1594 -2148 67
1170 2854 89
2806 2693 28
-2408 968 20
-1426 -729 51
-772 -1425 11
1471 -1008 68
2184 1722 62
-1810 -904 21
-711 -445 84
-320 -151 66
-427 2096 55
-243 -1694 39
-2874 403 51
-54 274 80
2623 -807 81
-2081 1873 17
-235 315 48
2709 -2278 72
2936 167 63
-2128 2308 16
159 -1350 14
880 -2028 50
-2108 1380 7
-1539 -878 54
-2352 2306 33
-2475 1883 23
-2322 2145 67
-1088 1179 12
1341 -1290 25
2659 -626 8
-14 2290 1
-996 -1396 83
-1457 -727 72
2296 164 31
661 995 2
1158 -1637 21
2973 2604 2
-1130 1335 9
-582 -1902 78
-1955 -2975 45
-2512 -103 58
2109 1872 20
279 1159 1
1903 -20 81
158 2755 49
-473 -2809 9
245 -1771 48
-1349 -508 16
1956 1396 25
1692 2966 22
727 -1902 74
574 -1428 84
-583 673 48
-1541 2036 63
1616 328 79
-2002 -1529 54
-2813 -574 65
479 -591 40
-1008 1297 60
1247 -938 85
2286 66 48
2110 -2964 15
-667 -529 83
2683 -1268 19
2634 2527 5
-2614 889 75
-2205 830 30
-535 1505 41
-1556 -704 79
2411 -1490 22
1413 -2758 21
1766 2219 1
-863 1208 73
-609 2129 14
-173 -387 72
1429 -954 60
-2982 2281 89
-1077 -1811 26
-2376 2921 12
1660 -2123 63
-1935 -2348 31
1581 258 65
157 2604 59
64 -763 69
2159 -2739 9
-2598 1762 52
-19 1674 39
1477 -2229 21
1370 2763 41
957 974 43
-1060 -1369 89
1132 -2062 68
2816 -2237 26
289 -938 73
235 -2597 18
480 -2721 36
1879 2100 4
-2776 2615 32
-2908 -2840 67
504 -325 16
303 2309 27
-2450 1368 28
656 -1049 38
-715 1610 29
2296 -788 14
11 2887 76
2468 2316 4
1084 -2378 34
2366 440 69
2352 -303 71
1665 1944 84
-1787 -1512 32
-2863 2988 11
-483 -1604 37
633 -2057 70
-2583 37 83
-938 2155 44
-802 1043 73
2102 662 60
2338 -2046 79
163 -1888 72
-1863 -434 57
1700 553 14
508 2965 68
-1841 -71 76
2871 -2484 63
355 1706 10
425 -1856 55
-2547 65 23
2803 1378 75
-544 -1997 69
-258 -718 1
-2833 -2917 41
764 -2264 51
-936 -2218 63
269 -1156 45
-407 -1035 10
-2854 -2034 33
-2482 257 25
834 -423 35
-701 964 56
-732 2377 67
-474 1009 47
2329 -2605 56
1224 -279 52
-2544 -1608 75
-337 2251 25
-2895 -432 68
2841 572 82
2790 1506 3
-377 -947 67
-629 2030 19
-1430 -1701 8
-2088 -2700 24
132 -348 9
116 807 71
102 -1669 35
-814 861 79
-1641 -2270 21
1053 1403 24
-266 -444 89
-1544 197 78
2297 1532 84
-849 -802 73
2356 -1947 87
1017 -1487 33
1240 2186 26
2918 -283 11
2170 496 65
2326 -1189 35
-1298 -1238 46
1415 2157 3
-1404 2312 63
-2284 -1871 71
697 2351 37
-2125 -689 17
2461 -1937 66
-1280 -329 50
619 659 64
289 311 81
-2790 -931 8
-423 -1781 77
-950 2795 8
2817 1224 23
-1615 2022 12
-976 -567 58
-715 2600 81
-2035 574 73
2881 -359 60
-2274 -2291 31
-940 1532 71
2998 1847 55
-2277 -1774 70
-1947 -2866 61
-127 2606 82
1954 -2792 74
-208 2922 42
-487 2108 25
-168 2580 54
-762 -1173 23
-776 1493 29
1039 -2635 55
-1224 -645 47
-1767 -2112 8
855 1779 63
873 -2920 11
2134 -460 62
-2294 -2791 3
865 -2956 30
-1507 1476 43
2213 2319 32
279 -960 36
1340 -1175 82
-2061 -537 24
-2105 1332 45
1702 1804 78
-538 -1824 89
-878 1714 40
-941 -2316 41
1378 -525 53
387 2450 58
-2120 509 40
630 1600 77
2974 -805 77
-2825 33 12
-443 -2380 85
-2726 156 17
-2584 -1935 25
215 -1448 83
-348 -985 62
-146 -2849 84
-343 -923 57
425 1213 11
2975 2698 63
-1496 -1248 6
1909 942 79
-145 1637 31
-1946 1025 5
-1658 2478 3
-1006 -1598 31
-1631 -1307 29
2987 1710 12
2372 -825 38
-1796 2360 67
-855 -2562 84
-1627 -1914 1
51 -26 52
-2366 -955 16
1237 -1159 79
2947 -2791 55
-2871 -1801 44
-1096 -650 30
491 -1001 77
203 -1892 67
-327 -2198 58
201 1474 68
-681 -2266 49
2258 -1611 67
-2505 -2469 45
-638 2918 35
239 -1724 81
-1667 1649 75
-847 -2056 13
1962 -1360 38
-1039 -2477 80
2982 1512 46
1218 1774 34
-874 -2039 53
565 75 76
-776 2637 87
2647 -81 12
1713 1194 67
-2715 2624 44
585 -621 51
-929 1772 26
-907 1230 45
-965 1651 35
192 -1973 39
1304 -1731 60
-1620 -2158 83
-917 -310 44
2567 -517 12
-2390 787 58
135 -1770 56
-2343 -1469 44
-631 943 58
1012 -1854 72
2081 1890 1
-2682 2532 64
-2942 227 75
2093 83 59
-1652 -2621 45
-1364 -2994 71
-1554 2313 69
2993 -1810 24
-2355 -1412 67
-195 -1940 37
-261 2588 76
256 2551 13
-148 2957 36
-1924 -374 2
-2685 -2510 78
-2504 2564 34
-110 -662 86
2751 2161 41
1817 2614 82
-743 825 58
-1145 -412 56
-1434 1706 19
2228 2565 8
2819 685 20
-769 -2974 53
-1899 -2130 67
-2544 884 47
-3000 2448 11
2897 2604 33
1177 -2961 74
-1954 -2221 16
-632 -617 23
-2747 -2109 24
-717 -2285 45
-310 -2501 62
2039 187 78
-2367 891 45
236 1533 43
-2473 340 7
-2037 -8 31
1691 -989 70
-2008 231 52
-1040 -1658 41
2668 -1757 80
2250 -2293 22
170 -2305 13
894 -1672 70
-1879 218 43
1439 -2256 6
-1909 -1612 63
-271 2422 39
2483 -2037 66
298 1660 28
862 -1926 45
2352 -870 49
-634 -299 27
-248 -663 32
-1148 -1898 36
702 1577 63
-1707 1667 57
1154 -665 69
-357 -2563 37
-1217 2503 11
-861 1929 85
-2596 1085 54
-2297 2434 48
-2998 -345 62
2876 2932 32
1442 2054 78
-958 -2229 67
1688 -1864 36
2681 2513 11
-2495 -2032 10
518 1622 71
-1686 204 35
2689 -192 46
-151 2915 84
-1560 -1516 37
-2271 -241 5
-631 190 60
-767 -2996 10
793 1806 4
-140 -903 21
1438 2269 33
-460 -2624 34
-1359 2680 81
2316 2769 75
-1539 1262 57
231 785 10
-2626 851 14
-2565 1413 19
705 -1077 22
-2448 -402 25
1310 2474 71
428 2091 60
2213 23 83
-284 2266 60
1890 1189 27
-252 2685 68
-652 -2559 28
196 -1288 77
45 -2521 41
211 -821 25
-2429 -183 69
1620 -1943 65
-775 -1989 14
-2701 -201 32
-2630 -1801 47
-1567 -166 84
15 -2443 41
-2440 -898 84
2650 -203 31
1928 -470 35
707 2612 70
1746 2092 22
-1325 96 30
-2262 -1160 65
-2625 -1669 49
-1082 721 39
1248 485 56
473 662 69
-2462 -1974 77
718 1871 67
1053 1477 17
2044 -201 74
-2795 610 88
800 -318 6
-2421 -2604 37
-1613 570 75
2986 -2270 37
-509 2313 81
-397 -1140 19
2305 1015 82
-2676 -2287 68
-1204 1069 63
2209 -1463 77
1912 1622 19
1703 820 9
-2688 -594 61
-370 -268 53
-728 242 57
-1057 -506 33
-182 -1680 52
-2554 356 38
-1724 1462 79
61 1874 3
2736 -2792 40
1786 1396 45
2834 -111 49
1987 -474 61
2430 -408 6
-465 -1942 62
-2103 -2609 18
-328 -785 38
-2164 -386 1
922 935 30
-2899 -1965 45
-1573 537 66
-2612 -2373 17
-1941 672 12
30 -1890 50
-1434 1023 15
-2808 -2609 56
-539 -25 23
2445 2992 69
-471 2870 11
-1614 2249 1
-1309 2825 73
2278 1387 68
2056 2963 18
-998 -1436 14
20 752 62
-1438 2198 8
2510 -1261 86
-2944 -1260 89
-1403 2569 74
2423 664 72
140 -257 1
-1481 -1940 60
-2997 -1547 79
346 -88 72
-1552 61 51
-2807 -1182 75
168 -1994 22
2394 -1027 68
238 -1870 85
1966 2960 56
-1248 2556 44
876 2596 83
-1027 -1195 60
2018 -2539 88
-934 -2944 10
-2120 1570 22
-2681 2982 68
2910 -726 38
1772 -2300 16
2511 2340 21
2170 749 75
746 1157 31
1625 2881 57
2699 2980 71
-2695 1869 42
-2767 -944 11
-180 -882 28
-1450 -1199 47
-2489 377 72
-448 -2489 24
-225 107 8
-2249 1661 78
-749 1469 2
-926 916 18
-1066 -2111 65
-252 949 60
-176 1278 6
-1461 1012 60
-1224 962 67
644 1622 58
-591 2261 14
-1755 2579 22
2167 632 44
337 -898 23
-1211 -1797 87
943 1997 78
2187 -669 62
647 1255 35
-380 2128 47
-2746 193 58
889 2039 29
-641 -1061 6
1515 2779 1
2515 453 28
995 1598 78
-1812 2627 47
315 -1303 2
954 -757 5
-207 -368 49
-1538 605 9
-2894 -897 80
2686 760 88
389 1988 19
-2489 148 78
1987 -1693 1
602 2472 59
-2329 -1848 82
2390 -325 27
-184 -94 3
2923 1108 15
2551 -1907 26
2443 2933 47
816 1213 64
-1356 2610 56
2791 -2961 49
1541 -610 10
-2059 2630 7
569 -2897 63
-1016 959 34
525 596 51
2116 -2828 48
1663 -577 7
1425 -2832 68
-740 -400 38
-293 -1917 43
2974 1038 89
1842 413 2
-2207 -1609 7
-1739 -2154 36
-561 2097 50
1158 -366 13
-1989 -2234 16
-875 903 58
61 2605 25
1005 1142 32
-279 -2254 72
-2392 638 35
-2710 -84 37
-743 -1598 68
1336 91 41
1268 -2833 42
1518 2845 48
1553 -2676 84
-1674 231 75
978 1193 48
-2101 -2971 27
1178 -1810 86
1986 -2511 29
-2843 -688 24
-90 2709 80
-1249 1649 75
39 -996 1
-2728 1296 36
-2968 368 60
807 2949 23
-2817 -2527 77
421 2009 89
2818 2629 59
-2300 2326 89
628 48 5
2837 2396 82
-2296 -356 66
-1164 -2266 2
-518 -2763 36
2878 -2508 60
1518 -1068 16
-739 696 26
-2450 1152 85
-230 1614 31
2366 -899 29
-100 -2291 49
-786 1718 7
1559 1637 3
2740 1738 86
-991 1112 33
2221 1521 29
-624 2225 51
-1620 -2851 66
2219 -1292 37
-1464 2249 75
1633 1352 59
-5 642 50
1467 -693 66
-404 2563 40
-2966 -1973 10
1736 -677 69
-488 2545 57
-85 2155 69
-2927 2536 6
2176 1227 69
-1074 -2360 71
307 231 54
1613 1850 75
-1400 -2862 11
-2194 -316 49
1087 -579 72
-2590 -2897 45
1395 -2587 42
-1676 1921 35
507 249 11
-2622 1116 86
1607 -287 42
-583 588 13
743 104 72
1161 591 22
2128 -1119 89
-1497 -2795 39
114 1238 6
-913 -752 62
1591 1214 89
-314 -2719 82
1176 -361 29
1645 -1074 32
-785 -1204 83
-481 -1540 1
2556 -2720 25
-2417 1931 59
1721 -285 23
-1948 -1777 3
-1452 -2146 77
-1147 -29 67
-235 -640 84
875 -694 24
-1049 -1154 82
779 -2935 30
-2034 -2168 21
-744 -2465 15
-2064 143 81
270 -1562 44
2140 -2876 31
377 2601 48
-1154 -372 35
-1692 -2813 55
2629 -571 78
-806 2207 8
818 1695 21
-2731 -2463 8
2464 865 46
1341 -1197 68
-2784 -523 72
1941 -208 37
-2825 -1898 50
-242 -1975 89
2976 2338 81
-2072 2853 16
1369 -2692 7
2381 2261 30
-1890 -39 13
-1290 -1421 39
-707 2505 35
1883 -1698 51
2862 -227 2
2651 -2734 15
-1671 -698 11
1289 -1812 66
1940 182 49
761 -1355 46
-1738 -805 29
-575 2380 60
-608 -1845 55
2603 -1396 70
2324 -752 85
-314 1056 81
1788 -1272 26
550 -513 86
1890 -1794 89
-2369 -2188 62
-1916 2189 7
551 -1744 52
1586 -2771 63
128 -1289 51
-1480 -2209 47
2903 -1333 23
-2875 240 14
1497 -941 34
-928 -1216 29
2651 194 83
-2987 -1760 46
49 716 54
2451 -647 88
2064 1383 53
365 -1980 74
1633 827 7
1571 1543 89
-1649 932 33
-1715 -1736 86
-1373 -1039 67
1089 -2795 1
740 -1844 25
399 -1517 63
2023 -926 64
266 -2363 62
-361 -1860 83
2200 2226 50
1311 -1758 7
-1614 2786 79
-1599 -466 5
2869 1376 29
2216 403 51
917 644 48
-2052 -1858 4
158 -1756 41
-304 1371 22
-120 -2888 20
1396 -1655 1
1047 -1723 64
2367 -837 11
-905 -566 30
-521 -2171 86
-2427 1103 58
494 -1642 20
1442 -2710 37
-532 -177 4
-936 -1418 51
-1151 2470 69
-787 -847 18
852 -1906 32
2806 988 82
-1459 1372 61
-2024 -181 23
-2103 366 43
1193 -504 85
2634 617 27
318 2307 18
2227 -1279 46
2481 1275 5
-2760 2746 4
1235 -1508 76
1284 1756 6
-1847 -1497 82
2412 2990 10
1574 2666 24
2448 1244 2
2276 -1711 75
842 593 62
2687 1451 47
-2439 -2331 3
-1086 1588 77
815 2303 70
1032 -1178 61
2452 441 76
-1085 2321 28
756 603 74
-121 -2547 5
953 2081 74
-264 1074 24
1313 2136 40
-2059 72 15
254 2157 49
-2535 527 20
2327 838 25
1453 1634 20
-2931 2271 75
2836 2036 19
-1016 1057 79
-1785 -1188 32
1782 1471 70
2861 631 38
1898 -1101 39
-2450 -474 78
698 -1583 62
1417 -216 59
-1888 1645 75
-137 -1390 34
-2015 2656 55
-2824 -1949 78
-126 -2300 73
1983 -1677 21
-859 652 56
-366 1078 33
1438 -57 36
2081 2135 45
-161 -1989 41
2909 244 86
2773 1813 8
2697 -624 44
-1395 -2333 79
-2393 446 36
2069 381 7
-1271 -338 48
281 -2674 41
2401 -449 20
-2713 1337 66
-610 -2215 47
-1667 1976 80
-717 -2269 51
-2500 1616 13
602 2411 45
2345 2855 16
-1893 -814 50
-409 -1837 64
548 211 44
1910 1553 23
2270 -2113 65
2883 -2015 71
1391 -1767 67
2717 -1088 32
-34 2888 74
-526 -810 83
-2366 -740 7
-1799 -124 56
1882 -2181 46
2558 371 85
-2342 599 35
56 -166 27
1268 -1801 84
-2196 -785 14
-2404 738 34
-1855 1501 59
-23 -685 74
327 1346 22
-141 -2533 84
-2146 1618 16
-2453 -1136 67
-1737 -60 2
1935 2069 10
-52 -1527 35
403 791 67
-2882 2988 4
1137 -1069 55
2460 -2348 69
-1174 2126 9
-2384 1388 41
-1969 -1867 6
2345 -2955 7
2447 145 21
-2206 1088 37
-2853 1153 84
173 2293 64
-2815 -2612 27
-659 -295 71
-1651 648 47
-2284 1181 63
-2585 -1028 35
-2023 2435 43
-2563 2738 6
-787 450 42
378 1858 51
1616 -1103 47
2727 -1471 7
849 775 50
-90 2552 7
-2795 1059 73
1684 -2075 16
2790 -2960 26
2131 2610 73
-1645 590 14
2428 -1235 33
2924 -1346 68
545 32 2
-2000 2280 36
-865 2504 73
2038 -1681 47
2890 -2464 14
-2363 2684 65
-212 -2901 31
2166 -462 70
1292 1467 10
-2922 1635 47
1671 497 80
681 -464 11
696 1336 4
-1670 306 17
-557 2281 16
2105 -2828 28
-1258 879 39
-786 -149 25
1555 2752 63
1608 -1798 5
1771 2911 24
-2003 -206 88
653 -1539 21
-284 2573 88
-1248 2358 68
-180 429 87
-940 -303 81
-1077 1181 25
2388 -2190 23
-2790 1449 23
-2814 1342 29
-1049 341 59
1243 498 87
2400 -999 34
810 2327 76
36 -1730 83
1513 -656 75
2887 -1776 16
-2194 -345 4
2185 -2325 21
1632 886 4
2988 -1152 64
-1336 -181 48
2653 2277 52
757 -2083 75
-1588 -199 66
1586 1402 51
2423 -1735 66
864 638 54
1823 802 85
80 970 58
-1811 164 47
2461 -70 54
616 -942 14
2877 -863 55
256 702 80
2312 -2260 42
-2131 -1489 76
585 2537 22
1197 24 71
1686 -2181 84
2105 860 31
-818 -2809 18
-2857 -1958 78
-689 -67 72
-2665 1447 44
989 -46 77
2171 -2307 85
2609 -1729 59
-1712 562 36
-1259 1716 80
-1833 -2239 5
1383 1488 79
-2330 -2736 75
511 -788 30
807 -2614 30
-774 -1373 18
-532 -1822 16
896 1443 31
-1257 2592 59
2534 1125 47
-2855 2291 51
1782 848 33
2712 753 16
-1204 954 22
1535 1605 27
-2128 1389 80
-414 -2458 25
-200 2305 51
-772 384 48
1313 -2558 71
-1004 -1618 82
-1941 -1489 53
-2204 637 33
1203 2061 10
-626 445 7
2021 -2108 37
794 -592 63
2097 1572 8
-1125 -343 83
-2464 108 76
-367 -2173 73
2224 2713 27
2217 1388 25
41 2880 25
-2001 2509 50
-931 -2175 38
-2933 -2963 6
1896 -2420 82
-2324 -2203 76
-1404 -1371 69
1886 -1318 85
2121 819 12
107 1872 68
-2468 -2331 61
-978 2372 35
-117 851 14
1076 -2334 81
-2259 2322 23
2833 2916 50
-1556 -1663 82
1243 -1903 83
2809 -2667 54
-1625 -2305 64
1601 168 85
-2822 2209 7
-1397 -2537 24
-4 2589 6
-2460 655 48
2984 805 48
-1848 -1197 87
-532 -8 85
-2071 731 41
2516 -2280 35
1342 2043 55
2683 -647 55
-2040 1762 80
1255 -1675 24
2021 2929 56
-856 -1092 81
-1263 -2633 54
58 -254 52
-51 638 23
-790 -270 87
1814 -1241 44
-1819 -565 13
841 268 39
1431 -469 60
-1702 -513 67
2964 -1327 52
1776 -132 1
1024 -1709 2
61 -2122 14
880 2788 37
267 2341 71
2130 919 72
-633 -1114 9
-384 2266 22
1233 2249 4
-250 148 45
-135 935 12
1183 -2639 36
2405 369 17
1223 -2731 38
-399 1070 58
2015 2426 47
657 554 72
-1164 -573 76
2829 -101 75
-2189 695 43
-1254 1015 4
-2557 1552 25
-2468 670 37
-151 1179 4
2864 -2181 86
-2334 -1535 5
2710 -1070 8
-669 -2670 47
-2572 -1198 58
959 -1183 42
-2827 789 68
118 2385 72
-457 -784 61
2842 -388 50
-1066 -235 2
994 292 49
-2742 1430 63
1672 -2818 10
2220 -1509 75
-865 345 68
2398 -1471 82
-2663 410 29
545 -1777 38
-356 700 42
-2882 2056 81
2674 -888 80
-1154 2322 55
998 1434 77
-1746 -979 18
2577 -1894 67
-608 -1635 52
353 -1676 85
-597 -61 74
2272 -1989 65
-2478 995 76
-639 -2959 13
2490 2754 42
-2634 -968 80
1993 -2480 51
-2893 2603 20
261 -2449 80
-2707 -2829 56
2665 -2880 76
-2194 -188 35
-558 1644 21
-1718 2466 53
-2892 2577 23
-566 -1766 41
1143 -1929 42
1923 2068 36
-1121 841 49
-1950 -852 17
543 170 52
2101 -295 72
332 196 58
2432 -1888 22
2410 -73 30
-335 -1591 86
2762 -616 60
252 2436 39
-1630 -155 80
2157 -177 88
2338 210 30
875 696 75
1077 -942 10
800 -2470 29
1798 2975 1
-2305 -2152 89
-1306 2184 27
629 -314 35
1922 796 21
-2150 -106 13
-1556 1777 8
-775 -396 62
1435 1765 34
-627 1417 48
2317 2498 37
-922 2221 9
1809 -2427 14
1968 -2434 19
1253 112 26
516 -1752 71
-425 2727 55
-589 -2449 85
-185 -2294 16
-643 -1934 37
-1894 -271 13
1548 2297 4
1096 -255 14
2460 233 84
-989 -2535 31
-1958 -2686 69
-2495 2525 27
-1012 2093 78
-2567 -332 16
-2227 -2340 53
-1585 -1630 60
1909 1895 82
-402 -1275 23
-572 1393 53
1810 -649 55
-2773 -2310 14
2028 -661 5
-2142 -395 57
-690 -104 67
233 420 85
2353 -2705 33
-402 324 46
675 -908 54
-1558 1945 70
1421 -653 81
1004 -1716 27
49 -1558 54
-154 -2272 56
965 2558 71
661 -2131 79
1392 -534 71
-1893 -1255 21
-1737 -2164 34
97 -1512 73
-2945 1996 47
2428 1973 49
-2134 276 59
1129 -2767 15
2639 -2020 5
1422 351 23
-1020 1159 59
-2184 738 51
138 -1542 59
879 995 80
2318 2915 41
-1841 -2789 88
-2381 -976 26
-2927 -1662 68
1473 1182 1
-563 -1936 57
-1340 -1668 60
-2604 -1891 20
-2984 -157 7
1457 2737 34
1032 -309 9
-996 1914 41
1703 2718 17
1763 -1194 35
1693 -2032 74
-1257 782 23
2094 -1570 3
546 -2821 62
-2078 -2778 78
-1237 -663 79
-1995 -1956 13
1363 -1146 59
-1556 674 81
-1405 -2158 6
1915 358 64
491 2882 8
-1789 2824 45
344 -1848 57
-676 2133 76
-1420 -1417 53
273 1539 54
2332 -699 50
-775 -2387 24
2067 2634 68
-1931 -354 14
-153 -1368 22
-2016 2411 13
2371 1200 13
-1182 250 23
-2087 835 38
1703 -1613 86
-2165 2738 84
-2740 -418 6
2600 -2497 84
360 -1946 41
1385 -1985 43
-1681 -1614 64
-1936 -1301 62
-2231 -956 39
-1507 -1026 32
1334 2392 25
153 332 23
-2605 2647 41
2898 -1357 78
2349 -420 40
-1563 -542 43
2794 -2299 27
1403 2120 2
462 1591 84
1633 -2052 51
-2840 2453 36
-649 -115 60
2759 332 83
2533 -2109 7
2594 -830 20
-1888 2949 58
-1675 1269 15
-2286 719 62
1033 1475 23
1800 1363 33
-991 -1183 30
-699 -2670 32
1478 2843 12
-2124 1132 33
-259 -2059 31
-1805 2088 31
-1264 -1598 15
-2502 1491 34
-605 -309 36
2657 912 87
-283 1188 4
1895 -2309 81
-1730 -1483 74
-2207 2743 89
2971 1767 11
-2542 2877 43
726 1024 47
-1773 -12 30
1708 -306 81
2512 710 84
-702 -1979 49
-2445 2543 19
-225 -518 32
-2717 -1068 16
-341 898 5
-423 2997 10
-945 527 18
-50 -1721 28
2754 -1980 29
1092 -1945 26
-890 378 19
1837 -2596 53
284 -1660 61
1092 1755 57
-1155 586 18
-2032 -89 87
1992 2610 11
798 105 31
100 -2488 54
2828 -1801 83
2582 2605 49
-1865 1225 1
192 581 66
2061 -2692 46
-922 -830 4
-2192 -1815 19
-1724 1745 58
-2455 2952 56
-870 169 10
-1476 -105 17
-1738 2020 15
-1300 -1709 22
-1581 -291 81
1926 1665 5
-2229 -1410 42
1596 -2516 68
238 2559 21
1041 -2125 45
-157 2355 58
1067 -1912 72
898 -1882 21
-2737 1737 53
1054 736 5
-1702 -394 46
-10 2446 12
1038 2558 71
2731 -652 54
-1979 635 71
1167 -1109 52
-1315 327 60
-463 1876 40
2530 2265 67
-1015 -2449 76
-96 1925 74
2314 -1468 59
-2630 2991 45
1656 408 71
-447 -2736 59
-857 -2956 43
679 -2852 85
2608 -1387 4
453 -790 25
-313 -1427 44
1575 1964 53
1772 -1196 51
2685 -2298 34
2613 -32 39
1397 -1975 2
-2173 -395 3
2667 -6 7
696 2632 6
-1835 -2853 83
-1484 1444 2
-711 -1834 20
2251 1871 75
-490 407 88
1605 -2460 84
298 -2618 53
-2701 1580 26
947 82 51
1478 -2354 57
-882 -639 86
1276 1107 65
621 2277 65
1571 1733 65
-2810 2841 33
-2015 -333 56
-1648 1677 88
441 752 37
2557 -2314 70
2227 673 37
19 -975 22
2151 2425 62
1727 -1674 60
1338 579 28
316 2363 89
2418 399 46
-2171 2072 57
2139 -2970 12
2722 2921 35
2067 1150 4
2100 -2558 74
-38 -1692 81
-1088 -870 21
329 -1074 12
278 -255 17
2311 750 88
-1652 1205 45
-1783 230 85
-1085 -768 42
1586 2709 8
-2088 -2959 51
2020 272 69
-2843 23 86
1024 -1939 61
501 2563 58
2668 -1997 68
686 -1457 81
1405 419 37
2442 -2985 32
-123 -2305 20
1091 -357 79
-881 -448 25
778 1130 26
2832 2992 19
-1523 272 65
-263 -2282 26
-866 -2150 86
-650 -1048 21
2548 637 44
-1682 -1941 78
524 -2263 61
95 -228 65
1792 2608 23
1867 725 15
-980 -57 76
-92 -2939 89
2889 1146 17
-1194 -2873 5
576 2639 22
659 -9 54
-2242 -150 72
95 1947 54
-2194 -1864 8
-1619 -597 8
-927 1013 24
2239 -2695 21
1796 1438 17
2346 -42 82
1175 1702 88
839 -2564 17
2727 1181 19
1260 501 46
-330 370 83
-2274 2539 59
-1703 2032 10
-936 -1884 36
302 -1992 28
1298 -68 50
-443 750 2
-2036 -494 22
1136 -686 60
1220 -1640 15
-286 -1339 43
2268 -593 79
-685 -1708 16
2409 489 77
-1310 2532 78
-2268 2195 5
-1368 905 46
-1242 -2356 39
524 2796 8
-2061 -2962 32
1268 -932 47
422 2833 87
-2030 1182 64
-828 2220 65
1979 -1705 15
2079 -75 51
-262 -2533 85
249 1117 12
2617 439 5
2453 -167 2
2354 1368 2
-2524 -1533 55
2950 -2628 23
-868 2065 44
1659 2036 88
2931 -571 78
1709 -596 14
2095 2593 18
-236 -178 15
-436 -2091 76
1587 2489 69
1468 -296 63
175 1536 48
2495 -413 31
-1347 528 74
-975 -1780 10
2345 1040 51
904 945 27
-2583 -2342 20
611 1761 66
-2239 -2622 32
-725 -1560 8
-2425 -559 23
-118 1270 41
-2815 1962 57
-830 -2862 2
2357 64 32
-1281 2019 86
-1310 -2039 86
138 453 47
-1516 655 52
1491 1163 3
101 -1121 89
-2842 -1527 43
-2148 2617 30
-1938 -1327 54
2254 781 23
2153 902 26
-1626 2975 70
-542 1729 62
156 2925 58
2179 -640 16
-112 2713 24
-577 1059 17
2183 140 28
1562 621 75
1230 -2323 13
2754 -1937 73
-350 2072 84
2936 -1319 81
-1625 1358 3
-2108 -1058 72
-2894 -455 72
-1090 2526 85
958 705 48
-1509 689 34
-539 -1161 73
-1021 -2868 29
-2268 1578 3
-2133 -407 36
-1559 1739 80
-427 -2281 84
-1964 2547 19
-1580 -230 62
968 808 55
-1234 518 4
5 2854 1
697 -669 86
-2660 1819 14
2808 2264 20
-2428 1033 73
1999 170 67
-1126 -73 86
493 -1310 41
1834 2568 16
173 1647 68
1856 -2325 70
1327 -370 27
-609 1831 46
1938 1495 21
2714 -589 75
2024 -1321 22
-2315 -2005 42
2588 -2300 77
-1635 2002 22
-984 -833 61
2995 -185 31
-530 881 28
101 2266 60
-720 -726 13
1086 2348 30
885 2580 20
-1152 -2077 88
-2056 -2490 21
-1988 1523 12
-99 1286 88
399 1871 86
167 -829 46
177 2705 78
-2644 1605 51
839 -2854 4
1909 -2036 12
-2026 -1545 26
2763 773 63
249 1894 80
-1532 -877 46
-2580 -2250 7
-902 -679 24
-1295 -747 62
2986 1481 3
2530 -2318 87
-1226 -553 18
-2279 518 40
1008 -2523 3
256 2709 21
2802 2983 70
374 527 86
1920 -245 64
1409 2824 33
995 2106 28
-2092 2457 29
-2615 -1475 60
392 855 66
-2217 1751 29
1977 841 52
931 2108 57
2773 2419 28
-2665 -1427 45
2060 -1061 41
-1276 -1672 54
835 -1935 44
-2522 -2156 19
-2548 2145 87
-561 2496 74
24 184 42
1988 552 88
-1500 561 56
210 -1246 72
-153 -2800 79
2401 796 35
-244 540 42
-1667 2825 50
-2686 1450 8
1249 2594 47
-1911 -1445 77
409 -2235 46
1988 -2994 26
2351 -72 84
-1282 -331 80
-378 -219 46
-2448 -1104 32
628 2996 18
-548 -2354 43
755 -250 69
-2986 2659 70
-2232 374 75
804 -1013 88
-2220 962 33
-2384 -1551 54
-2339 -897 77
2985 232 69
1805 -122 87
1707 -907 11
-2321 576 19
-1442 -1103 70
-109 -2928 20
480 -411 28
-2486 -646 45
-2383 -1378 80
2935 -2106 42
2257 61 31
1175 -508 27
2779 -480 86
-2214 -131 39
-1593 -2862 47
-430 914 68
-645 -1825 34
-1946 2706 48
-381 2870 83
-952 1634 81
-1208 -625 38
-355 -2238 47
2582 2631 40
76 -809 76
2669 1972 45
-1884 -2194 69
569 -980 37
-2295 -211 59
1622 2323 69
-519 2657 31
158 -2232 74
1017 2387 31
-4 -865 78
2142 -1874 30
2637 -2493 29
1695 -1021 42
1170 -2669 77
2263 2303 70
2583 304 29
2528 -1222 81
295 -2251 48
996 1338 47
-1135 -1188 14
2749 -2129 29
-2714 -1260 46
-2313 -1804 13
-820 -852 4
-914 109 41
1927 2269 38
-581 -1103 60
-2923 -2914 34
-546 -592 22
-506 2989 3
-2432 1893 38
-2659 -2786 43
-2721 -761 43
-1154 2522 49
65 2818 42
-1041 1430 75
333 1696 33
-2527 -1453 20
-1091 -161 18
-2812 -876 35
917 -999 6
817 -2657 55
-983 2165 41
-2199 2393 77
-2249 1164 75
-359 386 21
765 951 2
-2399 2659 14
-2981 -970 33
-1518 -2555 83
2636 -2381 49
-1303 2313 55
-1782 595 60
-2407 2776 47
2472 2212 32
362 -111 6
2740 -1250 54
1874 2360 55
2671 1793 28
-944 -2530 22
111 -2918 29
-944 -2845 54
-1069 1899 13
2295 -374 32
1326 -2137 77
419 2935 30
-1959 140 64
-1556 166 26
28 -1881 54
1639 -2659 27
-1894 -1068 83
718 24 64
-467 -706 35
-2520 -2625 67
2687 -1143 68
2711 631 76
-452 -1244 54
971 -663 48
-2279 2325 58
1898 -1051 26
-325 2064 86
-2929 914 17
823 1759 37
732 -1210 45
-2518 645 23
-1387 2437 61
-2603 2716 88
-1385 879 1
2875 -706 75
-232 -2825 12
-1094 -371 60
-2541 2727 67
2361 2582 22
2588 -827 72
1973 -2725 18
184 -2473 58
-229 2536 82
-2741 1657 50
-1662 2247 64
-1141 476 85
975 -2716 35
-1819 -408 62
-325 884 76
-1091 423 59
-1075 -1939 59
1106 -2065 59
1781 2848 16
1715 -1386 9
267 2580 88
-519 2668 21
1470 -2528 21
2290 -2055 33
-772 -2662 8
2952 -916 63
1947 -1951 33
484 1280 87
-2891 2550 76
-488 -2051 17
2548 1920 39
388 1458 14
2824 804 43
2671 576 17
-2095 -901 54
313 -2423 56
-2733 63 26
995 -1733 81
-778 -2712 37
-1270 297 5
138 302 11
2188 -1688 11
-1313 2193 85
-72 -39 22
1727 2130 77
-1762 2619 32
-506 -2884 53
1853 1286 50
2525 -1220 55
-1894 -1524 40
-536 -939 22
1999 -1912 5
-228 1040 68
2169 -729 41
1526 1167 39
159 -1605 71
1618 2129 65
2281 -1574 67
339 1974 44
88 -1397 85
2244 -2356 82
-741 -2907 35
760 1440 41
785 2346 67
1663 -2709 13
1309 1495 14
-1627 2353 80
-1889 277 87
-2087 1975 11
-1868 1901 2
1889 160 52
671 -749 65
1867 -2263 82
675 -910 34
-857 512 54
2549 1145 1
2273 -467 77
619 -323 46
-2857 -2414 77
2380 2442 3
2038 624 5
-2256 2296 63
-1554 -2928 37
-1967 876 53
2739 1517 12
-2732 1449 30
-2079 2086 69
767 -2763 17
2871 -23 18
666 -1922 35
2192 2374 77
-1348 -1559 15
-894 -1705 78
476 -2429 74
-587 -2631 73
2531 -1271 9
-767 -758 42
-1562 2964 23
902 -2497 81
1294 2298 71
-841 1471 67
-686 -1724 64
-470 796 3
1716 -513 4
-2401 -2961 22
55 -2253 2
-2293 2687 34
1351 -2549 17
2293 1138 34
-1354 -1526 40
1399 1629 8
-1319 2019 35
545 519 37
2422 1331 78
161 -1811 6
-912 -2488 70
-1092 1619 84
-2722 2351 77
-2456 -2884 33
1986 -337 5
1757 -828 11
2141 461 8
-622 -2218 9
1922 2193 2
-128 -2154 51
-1013 2211 14
-2106 987 62
-961 1056 74
-1740 -790 10
-1618 -1834 42
-1000 2872 47
-1459 -2308 85
-1050 -523 29
-674 1864 32
-120 -1452 65
-2739 948 5
-424 -861 64
-2531 2417 80
2865 235 14
-1665 1984 8
1044 2898 21
-2543 -1003 55
-2849 -466 59
909 -2541 80
-2372 -2600 48
-2611 1768 81
-2629 -1063 54
793 602 32
-2928 2587 38
2271 431 82
21 176 23
633 2844 88
2260 2136 1
-755 1291 48
614 2734 68
-2182 -1832 82
-1027 1881 46
-2573 2259 10
-2040 2011 55
1052 -2293 81
2833 -2943 48
1292 -2024 35
2547 2421 49
1417 364 63
-2930 -1475 69
-1419 426 83
1831 697 25
-842 -862 86
-2801 803 42
-531 2905 18
1610 -2779 12
118 -331 34
814 661 61
1421 1775 66
-2963 1771 27
2433 -311 4
2163 -2357 63
-580 -2411 16
1635 2673 66
-2295 554 87
1391 347 12
-50 839 22
-2861 -2185 17
-1693 -2168 21
138 2668 61
-736 2305 53
1295 -1100 37
-2476 115 28
-101 2765 47
-2665 32 85
2855 1004 89
-586 -833 89
-286 -1031 14
1712 1060 76
-875 1848 63
250 -2660 20
417 -806 11
1537 2856 46
-1884 1188 76
-1910 -1899 58
2821 1649 48
-266 1549 61
-1565 429 31
179 1009 68
1073 -1192 62
628 2452 53
-423 578 71
-1062 -177 67
2963 -873 39
-478 -37 17
2410 986 25
516 958 55
-2437 2952 22
1972 516 19
1985 1716 25
2919 -217 55
411 222 13
-904 0 72
131 2746 85
-658 -2532 81
-1988 525 6
-504 -147 55
-2781 -225 8
2260 72 57
-1994 1079 54
-2104 1131 78
-2755 -2884 87
1585 1313 35
-2974 -2870 10
425 615 68
-2596 -413 34
-2025 -102 73
878 2443 88
-2540 -2142 1
-1889 2983 64
-2449 1518 32
516 -2310 82
1918 2848 39
-2797 1731 46
-380 2113 19
-1973 2414 48
-1260 -1516 15
434 -1399 72
1208 -2936 83
-802 1345 53
-492 2586 51
-1828 1130 60
-732 -192 50
1086 585 34
847 -1331 17
-1940 652 85
-710 659 33
2813 1011 58
1741 366 22
370 2269 22
-1429 2672 1
-506 1064 79
2771 -923 24
-1414 -245 41
1117 2011 88
931 307 38
-2392 -2444 63
-160 1612 31
-972 -702 22
-515 -1890 7
-887 182 1
2922 -353 80
1696 1996 3
-1119 2141 55
2390 1860 41
-743 -1354 44
-264 -2987 83
1078 -2702 70
-2004 495 50
-1338 2384 82
675 1900 76
-1289 1897 32
-1116 -959 60
2391 206 32
2336 2145 1
1722 2193 46
-1587 1609 30
-1937 -1340 42
347 -2107 34
1079 2017 75
-684 -2996 26
2044 -2320 34
-2298 -1200 32
2484 1718 43
-2329 2443 83
-2138 -491 44
2289 -1842 6
-876 2750 16
-438 1441 85
1530 2577 20
2863 -2602 22
1272 1072 54
-428 1255 58
549 568 23
-872 358 78
-2513 -2925 42
-760 -1679 37
1463 -513 28
-2402 772 59
1301 -327 35
905 -769 61
692 2565 44
1062 -2202 68
-787 2341 36
-1158 -2986 31
-241 -2432 36
572 -1618 85
1455 -2708 37
136 2518 89
-277 1333 58
1210 2527 61
-2800 -1742 54
1445 -2246 65
2469 594 70
-1025 350 86
-2439 1834 36
-2762 -1763 84
-1635 1621 19
-811 -614 73
1475 -1592 26
-2377 -737 67
597 -1515 37
-2155 183 83
2341 2686 13
-628 -1992 41
2086 -608 70
-2468 2432 50
-2101 997 1
-2497 -740 6
-2261 -2419 76
-259 1691 56
-369 2722 75
2966 -1599 87
856 2622 58
1161 -2089 26
-2681 659 77
-1134 1249 68
1361 -1227 64
65 -2363 59
552 1618 86
2915 -235 63
1515 1426 32
-960 105 43
1351 1138 42
-2692 -2855 31
351 -2202 52
868 -161 84
-1311 1296 20
-1050 -1131 82
438 -2269 28
1581 192 86
-761 2174 81
2766 987 47
-176 -2426 46
-1441 -2111 79
-707 2803 45
2079 -1676 33
-2882 -1728 58
-2122 2517 18
-885 2932 1
2140 -500 5
2310 -2952 43
594 1422 69
-2837 810 49
-264 862 79
674 1156 38
-439 729 71
2393 358 3
-1760 1793 58
985 2420 36
825 2404 78
599 1507 39
-2612 -186 77
-761 726 58
-1578 -1088 62
-2327 -1486 46
-1340 -68 87
-228 -819 30
-645 -420 81
-1494 703 18
1389 39 69
2985 -1099 4
2315 377 65
-2548 2989 23
-572 1486 67
1358 -20 47
-1000 -1100 14
-514 -65 88
2701 1300 11
-642 -1020 35
2846 -885 20
1897 -2256 85
575 -442 37
-2028 1103 75
2186 979 18
2268 134 40
-2533 -2044 28
2691 -1755 4
-1051 2277 59
1248 -1072 73
2946 1214 8
1504 1522 81
-1626 -1568 86
-427 -760 17
2152 -1400 11
451 -918 15
-2358 -1499 14
-1359 -1415 29
1969 723 15
-923 1942 7
-1846 -1971 24
937 -2651 47
-1105 -2051 51
2209 1872 35
187 2698 33
377 2594 50
535 2330 32
915 -665 8
-2013 1529 2
-2848 2394 40
-1082 -1503 18
-717 1382 75
1824 2703 20
1139 -1150 34
-154 -357 79
1168 543 33
1144 2440 30
1334 1503 75
-1445 2723 74
2905 805 81
509 -2801 8
-1000 2937 39
-263 -1525 32
1150 -2836 58
2351 -956 86
2533 -1707 50
2419 -2110 37
-1539 2688 66
-2602 -989 23
-399 -476 74
754 -635 43
1826 -1602 74
-2292 2829 21
-2699 -632 25
-284 -1070 67
-1886 1871 38
1683 1874 55
-1201 2916 62
2102 -2044 66
944 -1480 8
2338 955 11
2397 1353 32
2460 1651 62
1030 -2735 61
-155 -2511 45
478 -2405 30
-373 -2000 7
76 -173 26
2761 2197 79
1928 2901 83
2664 1626 25
1833 -526 33
-1698 -154 42
575 1182 4
1024 2026 46
-338 -2667 88
-157 1726 16
-2803 19 82
2671 -362 87
-1945 -787 8
718 1068 59
-2089 2480 70
1000 1036 56
-1817 83 21
-1195 1637 76
-1515 -2250 31
1363 -739 56
-829 665 28
1806 2536 75
-1810 1932 74
-52 -2244 17
-2646 -826 41
2411 -1202 42
-1776 1808 57
1466 -2282 43
1793 1743 20
-1123 1049 19
881 1285 44
-2109 -1154 80
-1939 1952 29
1205 -1985 15
-2345 1531 80
788 -1872 72
-1887 1598 73
-2812 -1603 35
934 -1154 17
-506 -324 38
-414 139 22
-344 2239 83
-2244 2348 11
-385 -35 65
948 -551 69
-1365 -842 76
825 1516 40
-529 -2046 78
-923 -1230 38
2023 687 7
2371 -90 83
-1127 2384 10
2842 2091 7
1410 564 71
-2300 -2841 43
-2696 -45 1
2862 2266 53
-1528 -2975 43
-2484 -1212 51
2982 -2041 2
-2042 -947 54
2729 2756 24
2164 596 43
-2988 1686 49
-1194 -581 82
-1579 -2251 72
-1692 -45 70
-2332 -1536 30
2264 -2216 4
-2988 2784 53
-48 1796 15
-2127 -1139 3
2990 -765 38
-559 51 2
151 366 26
-1001 -473 76
1247 -2701 45
469 -2761 32
-1178 -1346 3
-1342 -2135 83
-2998 -2290 24
2341 -2480 20
-313 -1721 49
-1572 2837 31
2228 445 48
-2411 -178 9
-2547 1379 86
-423 -1686 72
-2836 2665 21
2210 -847 68
-65 1178 16
-2780 -101 10
-719 2487 89
-1998 -1190 72
-1558 -371 71
-880 -1993 23
185 1146 29
-574 -1871 50
1844 1903 86
1207 2031 34
-1066 2598 34
1626 161 50
-141 2230 82
-795 1240 88
-2434 1583 36
-872 -1244 50
283 -1501 66
2034 2157 47
-1065 -15 13
-361 -314 25
1430 -2688 57
1950 2001 67
2574 2324 16
2562 -1689 18
-917 -1581 10
-1301 1738 41
943 -1048 63
1647 -2503 51
2393 -2095 67
962 1974 76
1656 -2063 83
965 2480 37
1886 1420 87
-1570 2371 62
2569 2037 59
-1156 2705 26
-384 -2372 3
-2355 -2605 3
-728 672 12
-817 15 51
-119 2095 42
32 422 24
-1277 358 10
-2373 2543 74
2270 2961 34
-1390 1107 52
2388 -1035 83
-1280 1389 48
1755 1503 30
1037 296 40
1680 2670 5
1113 -817 54
1460 2360 19
2325 2627 47
1594 -2718 78
446 1994 10
1179 2377 24
20 -2253 9
2664 -1655 19
-243 167 57
893 2977 18
-1215 1874 80
2282 864 71
-1179 149 51
-2434 -183 66
-2293 2736 40
-2085 2705 70
1607 1570 50
-526 2994 53
-417 -2189 60
-1144 1101 8
-2931 2293 46
2584 1465 88
1398 -872 14
2179 -915 33
205 2026 87
-2046 1940 73
-1573 -2929 58
1955 -456 70
-392 -1184 61
877 -2404 14
1901 2564 29
1649 420 35
2103 -1388 89
2448 1872 7
-803 -1103 50
-1674 2273 53
-2881 -2253 81
-2178 -1624 4
1084 -44 9
1036 1190 20
-1665 -523 71
1394 1901 75
2475 -1591 44
1386 -2910 74
2262 594 77
-1547 -1757 10
-2833 -1543 3
2430 153 1
-1463 -1609 68
-770 2403 62
-2256 -1466 79
2858 -1274 54
-688 -2783 51
-2590 1866 62
807 646 81
2860 -2999 48
1913 -758 70
1224 -1901 34
1674 -1936 36
-2617 2209 35
-2100 -1166 63
2891 2464 39
189 -2846 20
-1260 996 16
-659 -1238 17
-1335 -2647 70
2025 -764 45
547 -481 60
-1824 734 57
1130 -911 57
-1378 -1257 56
462 -1920 77
2913 -938 38
-2966 1650 74
-1296 619 37
-2538 -1392 86
1059 -2903 83
1975 540 69
1727 -1385 18
-815 84 26
506 1207 4
2996 932 29
2097 -11 40
1327 -1707 12
-2945 431 71
1984 -1540 43
1344 -2839 47
419 2839 40
-2393 -2551 83
-1876 1878 52
1367 -2461 61
2528 -1542 57
1953 1630 83
-2387 1480 4
-1002 2617 21
2430 2337 5
-1665 2615 14
-406 -1552 37
2950 -954 55
-859 -861 88
-353 1089 21
56 -355 81
100 2600 52
-1302 776 50
-102 -1835 5
-499 -1519 85
-730 -1324 29
-1048 416 24
1398 -1203 58
2085 -713 2
-482 -431 70
1640 -1710 44
2995 -2693 82
487 -2784 45
-620 172 45
232 105 6
-1070 1174 7
35 -1614 11
1232 -2766 55
2550 -1732 71
1100 -164 49
57 2340 45
-2970 -141 43
1100 -2129 52
-2302 32 79
-899 1162 7
2396 1745 3
1101 2307 78
-1647 2637 79
-13 -1505 23
-1053 -1410 6
1626 -975 11
-1608 279 5
-2432 -2789 36
-1053 -1279 4
-1305 -1976 65
2899 976 18
2524 741 30
104 -768 38
-360 2718 89
-1037 2224 80
1826 -1880 14
-347 1389 52
-1853 -663 13
2203 -2802 53
-1885 -1709 70
454 -1504 31
756 -239 1
-18 1741 18
1442 -2945 32
-2819 1207 6
2674 -2727 82
-2780 -1720 59
1836 -658 41
2389 673 51
1281 1309 86
-2078 -67 50
-1766 -2496 79
-175 2067 1
398 1827 36
-642 -2155 53
-982 426 77
-513 -145 20
1609 -2840 58
897 1859 1
-2775 -872 30
173 837 82
2366 -1255 74
1880 -1732 43
-704 -717 66
2924 -1419 65
2588 -1255 63
1260 661 26
2580 1869 70
-652 2150 64
-1331 122 2
-308 -2626 64
-1189 221 85
-1539 -1389 85
112 88 27
670 575 1
2099 -1023 85
1557 673 16
-2317 -652 29
-2588 -149 79
1935 -1683 17
-112 1903 22
2798 -938 75
155 -2644 53
-1940 2876 37
-12 -30 80
-2512 1489 8
-1407 1578 33
1270 -2078 13
-482 860 51
-456 -1429 49
-1741 2580 77
-2838 -390 11
-2699 -952 86
-426 575 56
497 1906 48
-2121 -2606 80
2541 -1994 12
2056 2015 37
-1586 1967 15
2931 -1188 30
1950 -196 10
1434 -2067 2
-2209 2453 55
1726 -1272 34
1312 2921 28
2252 -2714 31
1300 438 81
-2775 1043 7
1829 1336 37
-99 -1219 11
295 -653 10
-2487 684 24
2109 -2050 22
1902 917 87
2641 -1359 2
678 52 7
1557 64 31
1001 -1928 6
-1909 -898 75
-1440 -1203 72
1339 1301 80
-2817 -1729 88
-571 2462 31
-1126 -2739 33
757 1303 79
-1585 725 17
-295 -2428 63
354 399 17
-570 2475 33
849 1765 33
1568 2429 33
883 -1625 36
-192 2636 68
351 -2207 75
-207 131 37
-116 -744 24
2436 2456 50
2094 -1033 4
1776 1535 21
-931 -2744 54
2202 -2785 67
2892 2045 60
-1998 783 87
-263 -1604 56
-422 -1456 9
641 1382 81
-2960 2631 84
-2930 635 2
1820 247 37
-61 -1970 86
-1387 -1312 40
1163 1924 41
-1314 -2939 5
1686 -1166 33
-2397 1513 64
2691 549 21
2344 -588 58
1459 190 14
1692 -2669 69
3 1468 32
-622 1021 8
2798 504 55
-2842 1124 73
1510 -328 47
1252 -245 51
1327 -820 69
2195 2483 61
-2889 -1237 18
-1608 894 54
459 395 57
-1137 -2323 57
939 2211 66
1120 1659 36
2103 -1114 38
1557 690 41
-196 -1881 17
2196 -2848 67
1172 -2025 52
-1576 -524 32
-1805 2720 27
1706 -1491 75
2717 -421 51
2663 -2506 54
-50 -2938 34
-960 1753 38
-1443 -1842 78
1872 -1116 69
-709 -3 83
-1423 -329 37
-713 -2177 46
235 -2049 60
2433 198 29
-2737 1643 77
1021 2949 11
-2497 -1391 42
467 999 63
1365 512 2
-2303 -2708 40
-564 1836 62
-1381 -2543 12
-1250 -2685 82
55 285 60
-2624 -2304 15
1314 -2722 49
-2462 2238 46
-2422 1626 24
-231 -909 57
2986 -2431 24
1007 2486 68
1325 1341 30
-311 2400 59
-2587 -2316 39
-1435 510 32
2004 -2693 85
-1432 747 51
61 -1371 33
2024 -1137 49
1692 2888 29
793 -659 41
-29 -1014 66
1939 -1763 28
-2870 246 51
-2477 2029 34
-2320 -2122 72
-1329 1029 60
2653 2140 37
-461 2456 42
-2288 1354 65
-46 1560 49
155 -2173 53
-1063 599 13
-1256 777 66
