100 100 2000
2391 -2481 -1346 2814 1225 -1779 747 -1691 -621 -1241 2140 2622 -571 987 392 1191 -691 884 1720 -2393 2606 -630 2246 -664 -635 1073 2843 -2033 -1771 -1105 -1208 2535 2493 2866 -35 1009 -2754 -1905 -2712 517 1632 2197 762 2918 1027 -898 -1814 1096 1602 2431 1026 -2312 2519 207 2372 1043 2449 1283 1225 -1714 223 1786 2096 -2015 467 -2181 -89 2626 398 735 2603 -645 793 2152 -2609 608 2454 -576 2466 1819 -333 -1910 -1234 -2294 -1254 -1819 1213 -985 2507 506 2910 -2268 1217 290 1268 2167 309 478 2905 -431 802 -1456 28 2387 -2367 2813 2270 579 2626 1192 -1100 -255 2442 -2726 1113 -2225 968 1278 2563 -2938 -2970 445 1235 -1080 -1776 -1489 -430 -2153 -2668 1443 2119 -2849 -91 -2994 -1081 192 119 -1101 2093 1004 -2228 267 -977 1960 209 -2640 1161 609 -2267 1302 2832 -2927 -953 1167 462 86 1179 -1993 1573 1532 -947 -657 58 -2859 473 2632 -1653 2635 2058 -1399 -2663 465 342 -1626 -848 2703 -1195 1246 -2476 726 -2542 717 -1421 -160 -563 -600 805 -2825 2092 1350 -1571 1310 57 -2472 -128 1591 2314 -1388 
41 94 23 99 37 58 62 30 27 14 87 78 83 10 94 62 92 78 72 18 8 32 24 11 46 5 48 21 8 59 27 60 69 97 6 48 12 43 16 15 0 94 25 65 87 37 30 97 47 52 96 76 18 51 97 55 66 46 41 69 59 34 37 80 35 60 89 92 97 38 32 65 69 92 66 69 33 49 35 90 59 13 14 28 95 99 94 93 26 52 10 22 8 42 94 98 77 6 20 
83 -152 1
-1809 -1724 2
-629 2419 3
-1111 -1746 4
2967 1948 5
2430 -2643 6
1613 2860 7
-2162 -2031 8
-312 2635 9
781 2449 10
-940 -2258 11
497 1713 12
-774 1928 13
-408 -2817 14
-1837 -1456 15
1619 -1041 16
975 1186 17
1609 411 18
-63 -1868 19
-1683 -1691 20
-544 -2543 21
-2721 2415 22
-1396 -526 23
-611 -217 24
-125 336 25
-104 1477 26
2460 -1667 27
2198 -2910 28
2607 2591 29
-2353 543 30
1491 -2055 31
-697 1727 32
-1426 -1606 33
-2124 -1422 34
1871 2494 35
2471 2113 36
1720 2963 37
951 2535 38
-671 -2164 39
-1172 564 40
302 -1780 41
1968 -610 42
600 -743 43
-2239 1113 44
947 -1629 45
-1993 -240 46
2871 -982 47
34 2448 48
34 1708 49
732 1678 50
305 -718 51
-1862 1657 52
-420 -2142 53
-2525 1378 54
1029 -2588 55
2237 2506 56
-1025 -1052 57
2274 -225 58
2462 -515 59
-2810 1954 60
-648 -221 61
-256 -2109 62
2432 1422 63
-37 1012 64
-824 -371 65
-1464 1313 66
-2767 732 67
-1109 2312 68
2242 2540 69
590 260 70
-2089 2301 71
1327 2902 72
2694 -760 73
-1302 1735 74
1485 -531 75
1931 2104 76
-848 2794 77
-1295 -1497 78
-859 2992 79
-1293 2155 80
392 41 81
1475 -2791 82
1174 -97 83
-2363 -531 84
1809 926 85
478 -2566 86
-1856 -1448 87
-1756 2671 88
-2679 -2923 89
-1204 2396 90
1852 -2497 91
-464 1773 92
-1262 1808 93
-2905 7 94
-1529 2972 95
2625 -525 96
-2142 -1179 97
-394 -376 98
100 -504 99
953 2399 1
-1419 1883 2
2988 38 3
2082 -1200 4
-290 2301 5
-2042 1153 6
2494 2724 7
1728 2140 8
-2237 573 9
-2161 -292 10
-1332 785 11
-1684 -285 12
2456 -907 13
-1606 -1073 14
1695 2744 15
-1595 -2594 16
2476 -2386 17
988 2351 18
2844 2414 19
1649 -2390 20
-918 433 21
-2333 -2763 22
1017 -697 23
995 -79 24
573 -899 25
-2014 -2027 26
488 199 27
1764 2513 28
-1508 -2211 29
-842 -2784 30
-704 -1303 31
-2635 -438 32
-2030 -2441 33
688 -1150 34
915 2367 35
-1781 -2695 36
877 -2568 37
1951 2960 38
880 182 39
335 -492 40
-952 237 41
-906 -994 42
-264 -984 43
-12 230 44
-833 -44 45
-2306 755 46
-2088 -1195 47
-565 453 48
872 -971 49
-596 -2327 50
-2811 -1663 51
445 -98 52
-2566 -161 53
2189 1864 54
2295 1590 55
872 -2983 56
1979 -2169 57
-2038 1359 58
-1786 -1320 59
797 -1986 60
-2823 1577 61
-249 -1499 62
1983 400 63
-1258 -1946 64
-1254 -2177 65
2590 2007 66
2269 1738 67
500 -2166 68
-2457 -1917 69
599 607 70
-1852 -2725 71
1443 2110 72
337 -2813 73
-1494 -837 74
1398 330 75
1626 491 76
2404 -1649 77
-268 749 78
1238 816 79
-2936 2504 80
-2250 -782 81
1731 1803 82
-2342 -1851 83
-1386 1648 84
2356 -1683 85
2214 193 86
-1864 -998 87
-611 1197 88
1437 -955 89
-2843 -372 90
-2083 738 91
833 -597 92
2700 -2723 93
-2526 591 94
1600 2496 95
2229 -1862 96
-1004 1927 97
2431 646 98
1244 -1384 99
1213 -666 59
2475 -2245 92
548 -524 64
-170 483 31
1809 -1894 98
1492 -1273 59
2287 -431 1
1720 -603 12
-1459 -1882 10
-2044 655 55
528 1722 79
30 -1031 72
1312 -2417 60
1704 2975 42
1516 2066 83
1631 1008 29
-2372 -2090 18
1417 1404 46
-2641 -2329 32
-2337 -482 69
2045 2080 75
1320 626 30
-725 -731 32
1725 -1476 63
-1316 995 9
402 2457 96
-364 2221 63
2527 -975 99
1138 679 99
659 696 66
-1591 1821 22
392 2260 87
1786 -1868 4
121 2866 62
-1268 406 5
761 -335 71
-1007 1454 39
1879 -706 86
-1880 -206 9
1034 1138 40
2778 2469 88
1118 1493 91
-1586 -1392 80
511 -162 59
-1503 -2588 45
-233 -2066 68
633 1275 57
1028 -35 11
-852 -2533 64
-31 -1695 19
-2475 -2225 30
-1818 767 7
549 -30 90
2850 1988 50
-967 2793 41
1308 1540 88
878 2043 99
-779 614 94
1198 -1999 46
1152 -1831 69
-2983 1396 55
1362 -198 55
2839 -1183 42
-1079 -2158 65
2153 -2024 9
-2895 2104 75
1936 -1322 5
-1315 1036 70
-308 290 80
-2378 415 79
-128 1313 22
769 -1954 27
2195 -512 40
864 644 76
2676 619 16
403 1575 72
-900 -1873 5
796 -1841 74
16 -1816 29
-1317 -2558 58
1164 -2589 40
958 1475 4
1611 883 71
-295 -183 38
2161 899 17
-362 -396 53
1619 -2972 21
2425 2139 98
2567 1679 81
112 -484 28
57 1625 51
-2036 -2744 75
2262 -130 69
-2861 1300 5
1196 1890 62
-865 -1861 35
-39 -2082 48
296 2552 29
-461 -840 41
2093 2853 22
-1268 2987 82
-1904 -1268 47
-1722 2277 77
1170 2588 20
-1235 1540 43
-2143 -2415 65
13 2479 39
2493 -122 66
1707 -368 64
2431 1063 80
899 -2871 5
1863 -1746 78
-267 -1718 2
292 -1599 74
1022 -1842 77
-1942 -2786 70
1927 -143 9
2251 -839 84
-354 -2150 86
-1292 1792 1
-1458 -433 42
-493 1471 70
-1021 -2302 86
-2269 -2682 41
591 1475 51
1881 1873 69
311 824 1
886 -135 66
2502 2078 5
-2418 71 84
-64 545 36
2367 1292 93
2755 1687 58
-1238 2249 21
-1696 1728 78
941 549 39
2366 -450 68
-68 2679 73
-1947 2473 79
1966 -2109 44
-2323 -241 84
-2187 -577 65
-1867 -2092 57
2738 551 6
-735 785 15
2654 -2304 12
604 374 32
2586 -374 63
2663 -1570 73
380 177 33
-2518 1825 91
-694 558 27
-221 -540 52
1642 2330 57
2711 1264 66
-1355 2879 50
-860 -2989 9
-170 -2786 13
-1835 -972 28
-282 2902 8
1556 1240 37
2915 -2698 11
1812 633 10
870 903 63
2957 -2916 68
-2360 2818 13
-2293 -267 10
1897 -2441 63
1344 2981 22
-1184 2795 44
-2745 2431 75
819 -593 72
-1461 1783 15
2005 -2715 29
-2396 1519 99
-1395 -2110 44
-2595 1341 91
832 -2749 32
-1871 1766 61
-2080 -415 81
1260 207 71
-59 1876 35
-1064 71 60
2805 2565 51
-589 -2891 27
-1650 2834 35
995 -610 12
685 -1921 5
2194 783 92
-1842 2090 54
-121 -1525 56
-750 1088 92
-971 -309 5
2481 776 36
1446 1732 18
339 2916 89
-28 1291 47
1871 -2379 97
1763 -1481 31
400 984 40
-1861 -2157 19
-632 1516 79
409 -646 21
933 2276 48
630 -295 22
-2667 2017 35
2523 1390 83
2379 2716 11
-4 -2761 89
2326 2825 22
863 2705 36
-2275 1205 57
2540 -2481 79
1498 -928 81
989 2180 92
-254 -2075 46
294 -2556 81
224 217 47
1820 2360 84
584 965 72
-1840 -74 76
-1907 1393 99
1148 1047 12
1798 -796 60
282 587 87
-1564 1424 96
-2190 -1748 14
1870 -1055 44
2722 1227 3
-1714 2571 34
1745 281 71
1965 -1337 23
1086 1844 82
-1975 -1299 76
1676 2629 84
-867 537 30
125 1971 63
892 -2913 83
751 1672 41
-967 -386 71
-1109 663 50
2023 1343 10
-454 -1531 12
-367 700 33
2438 2887 46
122 213 93
-1258 1321 16
-746 2095 38
-2027 1879 7
-1887 1766 16
-2438 1753 7
1743 -2434 98
-1625 2647 15
-887 -73 82
-364 2103 77
2243 -2517 45
1164 1929 12
1161 -728 18
-2540 -839 94
1356 -895 12
-1135 626 48
1143 -2978 21
-1799 -48 3
-2018 -699 50
1609 1431 90
2811 -762 72
291 1854 53
-1085 -245 76
-1361 1579 49
-77 1117 81
-1608 1891 20
183 -1816 79
-1749 -1716 67
-122 2738 92
-1122 908 63
-408 495 81
-2828 630 73
1004 1644 29
1343 -185 55
1033 -2579 31
418 -450 83
-1726 1873 1
-2896 -2729 50
2742 -1071 99
-2608 2693 46
1932 2194 50
2548 -2343 25
-221 1188 37
1842 -2682 53
1023 -345 28
-1926 -603 82
687 -127 4
-1095 -186 72
-1816 -1254 8
973 -1570 75
-2394 -2218 73
1142 2844 60
-938 -2129 43
1454 2433 14
-1497 -1682 44
2159 966 47
2813 1447 62
2264 2765 22
2556 -1953 56
2054 -1682 26
-2069 -989 38
-404 -1706 48
2508 -2493 21
2882 1183 99
2475 2074 18
2159 404 78
-147 -1423 25
-585 -1840 92
229 2781 83
-1510 1042 67
-396 -1330 1
-1753 2121 39
-1690 581 93
-2588 371 78
-158 -1274 68
1814 -446 9
-716 -2142 94
2979 2631 46
-109 -1903 18
-2126 784 87
2589 -2537 54
-2725 2519 84
-1345 -2144 46
-531 1184 8
602 -830 63
559 908 27
301 -2498 96
-2277 -463 69
2053 1864 22
-1167 390 17
136 119 74
-1386 45 86
-1642 2662 43
164 -2559 16
952 -769 53
-2751 -2113 73
1277 1864 99
595 1527 69
2867 -2853 73
-443 -1118 12
890 2102 60
-1136 -214 82
-1682 398 96
-1440 600 85
2674 1935 46
-880 -2999 82
-546 2663 85
2615 2619 2
1367 835 60
1925 -87 90
-2734 1522 50
2707 2272 52
-566 -2444 67
2690 2664 45
2365 2007 84
1331 2317 93
-123 2355 8
-2299 242 51
2935 492 81
-2738 -830 58
-757 820 34
2619 -854 20
-1476 -2256 32
655 2872 80
1447 378 68
-1227 -2490 78
904 1026 39
-2129 -2656 90
-209 -942 25
201 1853 39
2014 990 28
-752 1363 47
-2811 -892 63
-1462 1219 73
256 -1362 80
-1231 2401 24
2612 2581 86
-868 -2341 29
685 -2432 90
-2215 474 92
-2201 -876 53
1729 -1931 18
-2161 -349 1
855 1650 9
-789 -305 61
1914 1900 89
-929 -2747 85
110 -2459 93
-2298 2801 68
-1679 -2309 82
1613 -591 47
-2367 -2050 77
-494 -592 63
1958 1904 82
1484 1873 84
838 -1246 46
2121 -2512 71
-352 1260 32
-9 -2656 64
-769 -1032 89
2384 2157 73
488 217 30
-2397 558 34
-769 -2601 22
-1218 -1925 42
-1445 989 88
-615 142 21
653 717 66
864 898 44
-2325 869 21
101 1870 69
-77 524 2
1505 -1137 16
-2821 2819 52
-211 -1359 83
1014 1304 82
1979 2558 90
-1573 -628 28
-2924 -242 79
-449 -2231 61
-1096 -2221 97
2744 299 34
1829 1065 46
-2195 -2586 72
2512 -1591 99
-2092 2732 72
-816 614 6
-202 2047 94
1505 2463 13
1798 2350 97
2158 -654 58
-2800 -2380 30
303 1785 57
1873 -497 80
-906 -208 11
2932 -1736 15
1101 1930 20
1624 -2264 25
-1350 -826 30
2006 -598 84
-2211 2049 90
-1960 -1617 79
-1945 2699 92
-1409 1637 95
215 2460 49
132 1562 32
617 -512 84
-1490 2717 73
-2158 -103 80
1552 -2377 78
2183 -885 91
-2800 1005 84
1599 1209 30
-73 2535 18
47 2472 97
-761 1751 58
1329 525 41
2446 -2287 39
157 519 29
-1790 1871 89
-106 -2407 35
-600 2799 58
-2106 -990 95
-332 2604 93
-2693 -2613 13
-2922 919 9
-1119 -1242 57
-1890 -1311 90
-2127 -905 30
973 51 53
954 -1806 15
-127 2945 47
-2083 -766 95
2806 -390 87
-1220 -1956 93
334 -1780 45
213 332 20
2316 -2394 27
-2839 -2367 53
1470 -1919 78
2346 -1234 43
2236 -1291 40
1448 2781 94
2934 2220 76
-777 1661 66
1148 2871 91
-452 2122 99
-230 2501 86
-1123 461 15
-344 2219 25
-409 -1014 51
-314 -648 81
-2302 1258 85
2586 -2827 82
2186 693 14
-2303 1017 13
197 -2114 65
459 -2109 17
446 2624 60
-1177 -1521 11
-533 324 29
544 -179 57
364 1597 64
-2380 -2022 87
2663 2187 83
-2809 43 10
-2642 335 30
2775 -1964 26
2866 1741 75
493 394 62
-2992 861 27
2799 2090 5
-1205 -813 69
290 -1687 44
-1563 -798 64
115 -980 80
249 1044 48
-1355 1915 36
-2621 1026 18
1619 -1093 67
1272 -2876 97
1412 1154 68
-2558 -596 61
2059 2429 94
54 423 97
-450 -566 7
-1111 -1458 46
-1990 -1310 54
-21 520 18
-623 1272 59
-1287 -1141 91
1571 -2488 41
-2897 1655 33
-1371 -2697 88
2767 -357 40
-1276 1200 10
2805 2149 42
-983 -595 76
-2957 -2261 29
-1587 173 74
179 -2410 41
-2443 2721 48
-194 -2992 7
-242 -2480 52
-2544 -1845 15
-1083 1473 11
-2503 2358 26
-357 13 33
-2384 -1023 37
-1450 1680 4
2541 -1171 51
2055 -1384 45
-2703 2958 22
2533 2030 63
-2291 1682 6
2773 1055 44
176 -1780 29
483 2265 18
-2225 -2116 76
-1935 1450 61
-2968 -565 8
2489 -2450 5
2864 138 54
-1847 898 8
-2425 -725 11
-1696 18 12
702 2970 66
1848 1315 19
822 -197 76
1449 643 28
2779 -697 58
1552 124 81
2093 1492 66
2833 217 37
1557 2619 38
1085 342 23
-635 2470 73
-2870 -64 16
-1970 2791 78
-796 -321 67
-2909 -1440 27
-1611 2369 52
350 -582 59
2842 115 33
-1678 505 8
1094 -2093 16
-2880 -1802 43
-261 1338 78
1748 1259 7
-455 -2116 28
-1274 2432 32
-214 2266 22
2902 1361 26
1921 -2131 18
-2784 437 64
-1497 2316 19
2222 -1637 17
2741 -2916 63
2449 1399 5
-182 2447 47
-2839 -2779 74
-2447 -2343 89
2031 -982 51
-1114 -1497 79
1764 814 14
-1063 -1201 64
-1575 659 81
2330 -1681 18
687 2763 10
-138 1478 44
-1583 -1854 6
1129 -2045 36
572 -389 71
-328 -524 97
178 -1767 6
-653 -421 75
-2492 -1138 25
-1411 421 99
1693 2275 14
-254 -447 81
759 -1840 3
-339 1187 33
2207 -2553 96
1978 2146 29
-224 -1479 51
-89 2892 38
734 1976 19
544 -2736 40
-2903 -2175 58
850 -62 2
2808 2308 57
-2287 2094 39
1261 2235 15
645 881 68
804 981 58
716 -543 57
1386 -2370 73
-213 524 82
-2140 421 98
-286 -2376 17
321 -2305 27
2245 2667 78
675 -2575 2
-1019 -1628 81
792 1567 21
261 -826 31
-2907 -1582 71
1394 2788 14
-2462 686 64
2764 -84 78
1062 1803 64
1586 -676 98
2153 130 82
-625 -2667 9
2591 444 57
-2545 617 75
-62 -2470 31
112 1682 82
1551 -835 20
73 1638 12
1926 -1893 96
-2578 2360 16
1978 2320 90
2137 852 85
-1516 -192 45
1721 1280 12
-103 -193 17
-2682 -602 35
-737 -2853 62
-1958 328 67
-2350 185 93
2302 -313 3
-434 1933 2
2472 1574 10
-2167 1589 76
-2781 749 53
1853 756 57
1634 -2322 91
476 -2687 52
1725 1948 25
-2741 769 45
2191 1301 8
-1469 -2269 42
-2346 -1861 27
598 -855 38
2167 2720 83
-2326 -2589 71
-143 -1464 1
-1837 -2291 66
1352 -1301 24
649 275 14
14 -2065 41
1461 323 67
-124 2729 2
2855 26 77
-937 1659 69
-787 2105 76
2075 1408 53
122 -2841 46
1896 2608 52
2866 757 72
2602 -935 61
558 463 59
-2691 -1819 5
2028 833 70
-1489 312 73
1145 -2418 87
-1484 -2088 59
-2731 92 11
1354 2895 25
1235 -60 71
2177 -524 46
-952 2547 63
220 2113 48
-219 -1807 19
2734 1104 71
1370 2387 59
2331 1761 91
-2978 -2753 66
2121 2724 22
1732 -1728 8
-2730 2482 28
-228 2008 4
2015 -2882 50
-2865 1870 46
-70 -182 37
-252 2742 44
-1772 -1660 43
2596 -1269 49
2105 903 43
-423 2611 43
1742 -803 57
851 -2458 6
2689 1426 76
-1919 -9 98
-1518 2270 36
22 -2042 56
-857 2991 95
-1016 1772 63
-1667 1206 70
780 -817 11
1919 2063 1
2352 -629 21
986 1553 41
-2720 1731 49
-469 -1753 51
2424 -494 48
-446 -2681 91
695 342 40
764 -97 87
-2474 488 7
1113 -2496 78
-614 -2723 47
-1065 -1468 67
1669 2428 95
2197 1257 19
-1108 329 14
1949 -2156 20
-2759 389 81
44 2989 3
-1554 -2727 26
2512 -1798 33
1705 -880 49
-2048 2551 51
1031 534 7
113 2401 85
757 1917 29
-1923 2172 9
-1177 -2673 48
1202 -1505 11
601 -975 58
-260 2204 70
-2689 -2400 31
424 -684 38
2295 -2373 1
228 -613 94
403 -379 35
2509 351 86
2086 -283 28
-786 721 83
-2197 924 56
1583 2473 95
896 -274 58
-2200 2536 88
-409 2068 48
-316 2387 90
-1501 -2053 43
-1722 -2140 89
-701 2139 16
-337 939 85
1738 2266 69
-978 961 86
-2666 -1648 12
2863 1154 1
2219 -558 71
390 1284 41
-2553 -7 24
-2167 960 52
-882 -2728 91
-1794 -1511 48
-2634 1117 3
1730 1798 78
744 298 24
1160 -294 49
-1590 2827 10
-2231 2102 33
2664 -1582 75
-1748 1472 68
-2429 -2633 28
-1420 -2476 1
2516 475 42
2458 1698 95
1931 314 3
2387 -375 10
2117 -1479 16
118 2964 65
-812 947 62
-478 -2840 71
-1868 -1576 63
2598 -2167 20
289 1261 9
-1957 -1882 46
482 37 78
2890 -1011 67
-1595 2259 75
-162 -1790 53
-897 -60 17
-2744 756 80
2420 1104 2
-1576 -1147 78
-1847 -184 36
-406 -2295 24
-2943 460 46
2210 -125 34
2532 -1490 86
964 2514 69
1951 839 82
-1569 1418 69
783 782 16
-487 2443 5
-2622 -977 93
1840 -850 88
-2653 2401 64
-1386 2640 59
-2474 -2973 68
-2913 -1006 48
959 480 91
689 2258 5
-1689 -1680 56
-320 -2445 55
-52 -434 57
1919 1729 30
-2208 -715 78
-2895 1053 30
836 2368 56
2408 -2602 27
-246 2513 83
2593 -1246 36
2169 -1033 24
-1120 420 18
423 -1175 96
-472 -138 35
2098 1372 17
222 -2818 69
-531 2697 83
-819 2263 91
1808 1346 7
734 -1526 10
1392 -1191 98
-1777 2208 24
-1387 -2727 9
1263 -161 37
-1525 -2518 38
871 2960 82
-2138 656 83
-1364 -2362 55
214 1319 26
-2720 -901 44
2844 -1500 26
-1438 -1690 50
-267 2352 23
-1120 -2350 31
-1125 2725 3
-1464 -504 30
-1837 -2346 14
-1755 -2412 58
642 -2837 84
-113 -415 86
1944 1145 96
211 -925 77
-1493 1698 55
950 -466 86
2278 -1010 6
-432 2487 19
2265 572 62
2490 -2483 23
2653 2619 70
-1757 -694 57
-843 176 9
-1513 2946 67
1611 2817 50
2796 1717 85
-956 2114 16
-1452 2101 63
298 558 36
2265 27 22
1781 1250 34
438 -713 45
-741 660 84
1756 -2294 31
-1010 -216 22
-390 73 98
1759 2035 31
2970 1542 69
1199 710 82
-623 -1088 90
-1489 2706 72
-2978 507 42
-1963 -323 99
-793 2924 37
2492 2242 38
-921 -2431 19
2490 157 51
-2997 1884 59
359 1322 77
-826 1943 92
429 1481 2
2458 -583 26
343 -2649 55
-1445 -1403 76
-2763 515 38
2832 2458 3
317 -2136 24
1188 -2059 34
2316 -833 74
1890 -929 15
-157 581 15
2625 -2191 53
-2081 1277 65
834 -1917 85
-1820 -1777 23
-1430 1817 30
934 -1408 67
2077 -2263 10
-1731 1833 22
122 2675 49
-1245 -120 84
-1829 -2038 79
180 -2978 1
-2206 -1835 43
-2052 1111 84
-1346 489 29
2120 2655 3
2567 -2311 52
176 -1196 39
663 721 39
-2786 -184 88
-936 -412 27
1274 -56 65
761 305 70
-841 -2607 99
-116 -2743 50
-2954 -2142 8
-2846 642 41
1338 -2648 44
1486 -929 94
-784 -1641 37
2248 1476 45
-583 612 56
1894 -593 86
2250 1259 24
2113 783 49
-103 -2726 67
-123 -1409 56
176 912 26
-1553 -856 32
2171 2189 24
2123 -2971 24
616 2351 43
365 -1132 54
-2423 -2136 73
460 -425 50
-573 -2679 40
-1958 2259 95
-2875 2557 85
-2365 542 89
-25 2622 69
-2623 -2108 45
-2725 -2242 4
-2890 187 51
-561 2804 74
-964 2994 52
-2511 2833 83
-1166 1835 66
2139 561 86
1975 640 66
1365 -2356 88
1939 -2361 10
-2571 -1428 41
2403 2943 31
2432 1169 46
2211 -985 68
2573 2532 77
1086 986 80
139 859 39
-762 1673 27
113 -1141 93
-2127 -379 84
253 -1870 80
-404 -1588 31
-1493 1538 72
238 2663 72
2750 -2956 67
453 -2846 20
-445 -1767 81
-825 2294 67
1420 -916 2
-590 -240 28
-1227 132 83
1368 -1726 60
2623 1972 53
926 -2581 24
-427 1152 87
-160 2294 66
-210 -2225 53
784 -2944 91
1050 -1472 19
-1049 -1540 25
-2013 251 10
2785 -2684 29
-2700 -1453 89
403 -1694 88
252 -2500 64
1244 -2092 18
2927 -1317 81
-2450 -469 46
180 510 65
1336 1724 32
-2083 -2652 30
2798 -283 46
826 286 84
-1843 2670 30
-1150 -2391 49
-2156 120 39
2894 1427 10
723 2299 66
-2467 -2443 75
205 345 21
-2468 1756 95
-2711 2703 45
-1493 1767 79
-1295 -265 49
-2392 -149 84
2459 2213 81
802 -2971 57
167 302 82
-1510 2424 41
-1338 1600 72
995 -2951 26
1492 -266 65
2122 -1269 69
2254 553 42
2636 -1592 69
-2115 -937 6
-1747 2002 2
2193 597 32
2791 704 2
1884 945 48
682 -87 90
991 -2595 47
2779 -1072 72
-1561 2302 25
2962 1414 19
-1391 2812 4
2459 1999 92
2822 -1403 21
2759 -335 39
1176 -2430 87
253 2023 85
2333 98 42
-2051 -1671 88
-1343 -2089 51
2650 -238 24
-2843 2922 83
-432 -1498 81
-1677 -2720 81
-1446 224 94
-2695 2214 23
2114 1003 49
1249 2378 82
-146 -1360 34
715 2431 81
2971 1013 6
2050 -2820 33
2945 -2351 21
2855 2410 70
-908 -750 87
-782 249 58
-1879 -970 42
2387 -1953 35
2583 -2340 92
2485 -734 78
1274 185 89
-676 2880 97
2615 -545 58
-438 1995 76
-2889 -2689 64
902 45 70
-2222 -1658 58
-1758 1414 1
-2309 866 47
-1940 831 5
1986 1241 81
1910 2411 36
-2564 -2401 62
-1565 -2103 80
-172 2732 48
-1608 211 76
72 557 37
-843 -2407 47
-1949 1776 68
254 499 97
-1405 1418 2
-2948 44 27
-2909 2768 67
-2175 -1984 3
2503 2839 46
-2782 2118 90
-1025 -1943 14
-742 1399 66
-2403 2474 19
-1105 -2223 57
942 -2562 94
1628 907 65
-676 1009 18
-1941 -2162 31
2196 -1863 56
-879 2982 84
-1174 2042 79
973 2913 28
-2356 -375 65
848 -2044 61
-1221 -2969 19
-237 -2513 33
66 639 78
-2715 -559 63
-1524 -682 93
-2922 -516 34
-386 1486 46
-1771 1064 2
2317 2525 68
-1830 2784 15
-1466 -1935 76
-188 -2479 2
-1563 -550 17
-1694 832 16
-1329 2516 83
315 -1029 86
-2516 -2834 4
-2802 -1205 85
2064 -2683 73
728 -2617 42
774 -1175 62
-1454 -735 52
1816 -689 46
1374 -733 22
1237 -1731 86
2145 827 11
2895 -1993 95
-2139 2398 17
825 1766 61
2393 -889 45
2771 2689 18
1715 97 23
-2922 -1119 61
2686 1546 76
1772 -203 43
-272 -1075 63
502 -1481 2
2650 -2193 53
-2891 -1410 83
-2295 2570 60
-2964 2442 95
-2598 2731 97
-162 2595 26
-529 2379 55
2188 -903 32
2882 117 33
1945 2165 61
-114 1888 59
-30 25 53
937 1840 44
1871 -2011 18
2870 2043 5
-2605 2618 69
-2201 1646 39
1678 -1881 37
-1450 1369 2
-1136 2188 43
-774 983 30
-229 -2200 31
58 -340 10
451 2789 49
2345 2124 40
-2482 -1405 94
497 -1409 62
-5 2078 98
1351 624 55
-1588 -1783 32
-2262 -2057 57
-2102 388 46
-2709 -1245 92
858 -2531 63
-912 2145 24
1849 -1842 89
1830 -1841 2
579 2868 26
-482 -2344 71
-1605 -156 12
915 2140 86
2567 1452 40
-896 2340 4
-948 -1071 96
-1506 31 98
923 -790 59
347 857 19
1662 899 66
-1440 529 72
743 -2594 99
2694 -2786 24
2734 1332 52
1306 -982 47
-2770 1823 98
421 1794 99
1991 2139 4
1287 -92 3
-76 2689 69
1133 -1396 7
-1590 -2594 79
-1056 2439 49
-1411 1898 43
-1997 1576 7
1170 -874 80
1604 2352 30
2611 2872 84
1044 1241 15
-2519 -1527 96
1408 528 2
664 -421 93
1604 -824 95
2717 -3 36
106 -2722 23
1079 -2305 34
-850 -1080 36
-223 1180 83
269 2203 60
-1608 -1954 1
-696 2059 46
291 -1626 6
-1535 920 38
2889 -2787 63
-2701 -1543 95
-2549 1366 91
1113 1637 32
1930 -648 35
477 974 63
726 1594 49
-985 -1111 13
-1067 -1126 78
1335 460 80
-604 2685 83
1654 -2031 28
-1525 -2676 2
-2595 -880 70
-949 -2634 26
-978 2376 31
-2520 1205 31
2855 -2850 19
1883 -1823 42
597 894 74
2499 -875 64
2415 -1338 38
2930 1434 69
31 -957 74
1008 207 78
-1866 -1327 40
2555 -1486 45
2382 1460 76
-272 2620 65
1419 2646 2
569 2652 99
-174 -2715 32
2612 2510 8
2517 -111 79
1643 2933 81
-2365 -201 34
-223 -1000 30
-431 -961 40
53 -2512 42
-1086 -2450 47
-2180 -1444 83
267 -1724 83
-2032 2807 86
-483 2950 52
-2610 496 85
-1252 2699 98
1714 1321 52
-772 -2436 34
2703 231 85
-2331 681 50
-359 2117 27
-1118 1237 20
2063 2893 87
-2994 -834 65
2766 1774 14
2437 784 31
-639 -1931 21
2520 2990 46
-2742 285 16
-393 -1857 67
102 841 29
-811 -2108 98
-862 -1388 36
2156 542 89
-628 -2395 96
2058 -2871 77
148 1641 38
1486 35 67
-2108 896 36
2197 -642 36
-23 -1900 52
-146 1038 78
2806 -2544 43
2210 -920 78
-2164 -2848 99
584 -2959 55
-1361 -1542 80
1437 -709 24
-785 -125 30
2376 145 67
-2709 -872 57
-1942 -1445 70
-438 -2788 99
370 -521 40
2098 -220 68
-1991 -456 21
1772 -1407 67
-1104 2807 36
-2883 2015 71
-2757 1279 21
2433 2856 56
-1452 -922 88
-839 -288 29
-665 -1559 90
695 1509 80
-1032 32 66
-2910 -1691 23
2230 -2761 9
778 1566 45
1327 2012 86
-530 -1760 98
-1494 -2102 25
-560 -2623 11
-1867 -1231 9
2376 2155 22
-2713 1790 93
191 -2747 64
-2051 1998 69
2489 -1329 87
-2776 -2235 5
299 -70 69
-772 -1197 16
-2754 921 55
-2926 -1799 41
-2198 -2464 65
-1494 1287 19
-202 2152 11
-2102 713 37
-2565 -2417 19
1284 640 51
1406 1787 98
-813 406 56
1607 -2771 74
1762 1849 35
1578 -1194 20
-2648 496 98
751 -549 55
2112 -2158 88
-2324 -2171 12
2348 -778 77
-2163 2920 54
2725 -2746 42
-1219 1685 97
-841 2321 67
-1768 -105 41
2203 2087 5
2825 -444 84
-453 2695 18
1543 -2475 62
-326 363 54
114 -2045 53
2994 -729 16
1641 -13 57
-2821 256 88
1393 2727 14
505 630 54
-1306 -1833 1
2723 1160 55
1299 -1020 82
-1059 679 48
-1748 -2251 55
-1095 -2961 7
-2653 -2027 80
2610 2120 78
2793 2437 70
2486 -2662 25
-373 636 27
243 1040 2
-2283 7 80
249 -2134 89
2371 -2826 72
2085 2227 30
788 877 35
979 -1682 87
1046 -1183 41
2045 -2526 43
1976 612 38
-1216 1773 96
-2553 -334 38
217 -2078 46
2374 940 10
-2332 268 59
2927 -1506 80
1169 -1173 19
2464 340 3
1153 -76 6
-467 -2286 61
-1701 2996 18
1393 -681 4
116 -1891 51
-1196 -2363 71
601 -2256 40
-1454 1139 53
844 1894 50
-1107 -1247 87
2252 1956 7
799 -1416 30
2279 -998 17
-1655 -894 24
1286 -2144 27
1781 219 96
-1135 -1740 68
-1954 -34 92
-1408 -26 88
-721 -1625 44
-1952 2934 1
-1100 -1037 34
-1704 2732 75
-2736 -1269 80
-2574 -727 18
1876 1722 48
-987 1941 56
-2519 -166 78
-2120 2037 81
1430 2252 11
2592 -1419 53
-1219 1039 97
568 493 99
-498 1764 72
1978 -664 44
1822 1535 66
-2550 -439 52
-1101 -1074 91
1868 950 38
-886 -2816 98
-419 -728 79
-184 877 92
-3 7 81
1971 164 61
1614 1947 9
-1345 -1480 27
-537 530 96
-2339 2799 25
-1299 1368 88
144 2023 48
1117 -1253 91
-1855 -2565 28
1928 -2320 81
1129 -2503 39
-149 828 47
2913 273 18
-760 -71 24
-2061 -790 22
-324 -1982 93
-1033 2535 79
-1495 -1114 93
794 617 53
441 1203 67
-1560 -2271 70
268 -663 90
181 -419 74
566 2765 1
-2567 683 98
310 -741 77
1532 345 97
-1611 2350 19
732 -371 12
-1537 2832 77
-2738 74 89
-2296 -2707 43
-285 -1748 6
-2999 2366 85
-2198 -32 58
-1372 406 94
-2771 -1684 7
-702 -450 7
-836 -2344 11
2867 2515 53
2899 2151 53
-1513 2223 37
1131 1219 49
2444 759 15
-33 625 31
2034 -2416 41
-2569 1955 5
2564 -2860 43
463 27 58
1537 1101 9
102 2833 74
2193 -847 47
-672 -2601 42
-2378 -2501 61
-253 -1519 35
1700 -1514 60
1638 834 69
153 -1735 72
-1484 -896 70
281 1854 26
1878 2928 93
-30 1645 16
-1977 -2349 39
-1809 868 82
-1438 -2303 86
-1012 1104 94
-128 -1065 61
1969 2750 51
-1466 -1883 32
391 961 8
1372 249 79
-1008 2197 34
-2949 -916 50
-1391 -1398 39
2727 2666 1
-2315 -2028 5
-2957 -1397 33
2171 -811 92
904 -566 27
-2487 -421 3
-1891 -1054 94
-111 -1943 51
592 2344 30
2624 2007 49
2200 -161 56
323 -674 95
1749 -1357 71
-922 2883 14
607 2643 64
797 -728 89
-1032 156 42
-1233 2006 30
-2981 -2374 88
2857 1866 95
-1847 449 29
553 1544 22
2619 2310 90
-80 -561 39
2195 -2244 19
852 -716 86
2442 -735 89
-2623 2083 92
308 2120 64
42 2266 54
-135 -842 68
-1088 -2176 74
-2104 -2556 84
1009 2337 96
-1505 2810 47
2785 2887 37
125 477 80
420 2644 32
-56 2217 54
949 468 15
871 2203 8
-1924 1339 93
79 -2298 26
160 2445 30
-1865 213 82
-61 -1074 2
-133 1354 93
1087 -1281 50
-1637 -638 20
2423 -1820 2
2264 1246 93
1580 -2470 91
-794 -66 63
-110 153 96
-1445 1771 31
-2662 1717 21
832 2152 35
-1778 -1761 68
-345 -1872 86
-2174 -1330 7
-2953 2340 5
2095 -1839 42
1499 955 10
1205 -1658 63
-438 2629 46
2491 846 96
-496 -2509 81
-2587 2086 53
696 -2484 54
2391 -1681 30
463 2266 21
2223 -1127 54
-1887 -1667 47
-2223 1295 64
-1515 -2835 30
2088 2511 65
1937 -1699 93
-2938 758 77
-2606 1448 69
-1676 1042 5
2247 -1922 54
-2821 -2573 3
1055 -2958 71
-2974 -2376 61
2869 -886 70
1342 2519 60
1821 2325 54
946 1248 26
2262 -2722 69
217 682 94
-1336 -44 47
1415 -526 11
-1918 1667 50
-364 2680 10
2724 577 4
-1319 722 7
-2708 -543 8
-1822 625 43
-1437 728 97
2875 -1121 17
-180 449 98
273 2746 12
2274 -2003 83
73 1993 35
2962 -414 61
-1072 -1572 26
1050 -198 40
2649 218 94
2306 -1774 38
-229 401 57
1075 2059 22
-1970 85 89
-1502 1313 13
452 1081 70
374 -1486 12
1696 -503 52
1276 -1393 20
-2209 -2692 86
-657 2295 97
-1698 280 3
1851 -768 91
-832 1210 7
-1106 -2591 33
1137 1935 51
-154 1640 9
2368 2524 55
-2796 396 50
-1039 532 57
-1565 1653 4
1365 905 63
-2714 -910 6
1556 -1501 26
-1028 2110 27
1072 -270 58
-67 1353 84
-2080 307 99
2913 -1404 17
1424 -869 56
-1017 361 21
-2762 -1194 9
1621 -1564 51
-591 -2744 95
-1009 -840 56
-1986 262 74
1602 -1305 98
-2920 -1835 73
-2436 -216 49
726 -1468 35
388 685 50
2156 -2867 72
-169 -1453 84
2433 474 46
2211 1397 58
2240 142 11
973 892 50
-2757 -1440 78
-1040 2726 45
-753 -1314 60
-2497 400 56
1791 104 32
-2805 2430 88
-1033 -2680 17
-534 1260 29
2126 2320 98
697 -2333 99
674 -2251 51
-1409 -1627 43
-1749 114 9
-2397 2015 67
1373 310 97
-837 -875 52
1306 2511 23
2768 -436 8
344 1115 63
-2698 2063 16
-489 -884 83
1530 -1120 45
735 -2237 42
-1861 -1537 39
-37 153 96
2703 -338 59
-2203 -1277 13
-356 -2700 26
2873 -494 86
2059 431 1
2166 2735 10
325 -1216 1
-1074 -1061 89
-2475 2227 12
1358 2741 49
1072 1858 85
-670 1196 1
2231 1487 17
25 -2918 1
639 2210 14
1668 2967 40
1528 575 23
-2667 -1985 26
41 2711 50
-614 -2028 40
2623 1312 62
-2760 2470 65
-1238 -628 9
877 -2665 59
1627 -1140 33
-1073 2021 51
-1745 -2336 33
-1070 -1268 68
2828 1448 94
1868 -1064 18
-1095 289 31
-1684 2811 21
649 51 9
-1793 -2515 40
1613 526 11
244 -151 28
-304 2009 99
1298 -255 66
-2455 1454 31
-2820 1 72
1036 1268 23
2086 1556 62
25 890 83
-584 2754 44
-2375 1713 26
2106 -2335 15
2602 -1307 49
-2619 341 60
-2834 -970 96
539 2879 81
756 2971 50
1467 -2577 37
-489 -1629 10
-2295 -1292 81
2071 2538 33
346 2010 95
2136 2767 26
-1587 904 40
1480 2467 10
-2616 -1286 76
2920 -2805 44
1548 2790 24
1245 2009 55
75 -2838 14
1588 1242 80
