40 100 1500
2831 -1346 -206 616 -2059 -2212 785 -44 -591 -1324 1699 988 -2751 -719 1441 -2099 2648 -1464 2661 692 1996 -1842 2534 -128 2475 -748 -31 1792 -75 2850 -1438 -2769 2069 -1351 2136 -1099 -587 2943 -2400 701 -2853 2288 -300 2592 -1938 1263 1956 185 2779 -312 1393 2026 -717 180 -1198 -2348 -2310 711 1275 1900 923 2052 -2433 -338 2073 -2109 -77 656 1192 26 -1141 -652 -309 351 1507 -2604 -2129 1592 
100 100 100 100 100 100 100 100 100 100 100 100 100 100 100 100 100 100 100 100 100 100 100 100 100 100 100 100 100 100 100 100 100 100 100 100 100 100 100 
2120 1963 1
2708 1205 2
2091 1847 3
2145 -2412 4
-2845 -867 5
-2319 -2631 6
-1836 1903 7
876 -1655 8
945 2725 9
-2735 557 10
434 -2879 11
2424 -1755 12
-1160 -2739 13
-1041 -2006 14
-2028 -2452 15
-2133 250 16
228 -12 17
1932 -1147 18
1021 -1623 19
691 -1357 20
2629 2761 21
-1148 -2440 22
1764 -2043 23
-902 -2077 24
-2185 2784 25
-559 625 26
-1764 -590 27
-2896 -1191 28
-1476 -1910 29
2675 2238 30
-614 1804 31
-810 -475 32
2335 382 33
-2390 2181 34
1210 1764 35
2691 -706 36
2000 2352 37
1592 -1827 38
-1693 -2683 39
329 2538 1
-619 1940 2
-2915 1027 3
620 2302 4
-2473 -1086 5
-2195 1176 6
-2910 2446 7
-2318 438 8
2037 41 9
-407 1229 10
-2982 -209 11
-963 1363 12
283 -2133 13
-416 -2104 14
2781 -257 15
1240 195 16
-567 2147 17
2086 -1959 18
1891 2131 19
1703 2793 20
-2912 291 21
-106 2778 22
-2458 46 23
1404 398 24
975 -1038 25
-911 1301 26
-1011 -884 27
-1076 2473 28
-2476 2619 29
184 632 30
-1980 1736 31
1058 2702 32
2108 1429 33
1644 -112 34
-1764 1143 35
68 -10 36
-1381 1110 37
1011 -448 38
-2612 -1557 39
-1051 976 8
-130 464 7
-516 -764 6
-552 -2553 7
1782 565 12
2874 2701 11
824 -480 13
-2661 667 7
2046 2039 20
118 1292 25
-528 -1040 30
-1326 2447 5
-2908 1334 5
-2223 -1135 30
-2344 -364 8
-185 2871 29
2176 1330 3
2751 1233 22
-2265 -2350 26
-1249 -1533 6
-272 -687 16
-705 294 29
-2636 -2427 34
155 1576 16
401 -2304 17
-1522 -363 37
2562 973 34
-1102 -1228 11
1604 2798 5
-1218 1629 7
1949 -2550 23
-2706 -2145 19
-1687 1112 15
2999 -611 22
1149 -1525 15
-1209 -1159 36
-372 -925 19
2291 937 35
-665 153 28
601 443 9
-1146 -1313 28
705 1791 8
157 -893 13
2494 2308 10
-1271 -2520 27
1320 1643 17
-9 1090 31
-1952 -2152 36
1784 -1124 38
1481 -2672 28
1184 -633 11
2871 1181 8
1236 1139 4
-1897 -2148 34
974 2192 35
2854 -2019 24
-2994 1259 17
-1224 -2064 30
-2034 -2824 11
-6 2455 5
-2224 -1844 16
1173 -163 38
2737 -448 3
2796 1659 8
2624 -796 29
114 2410 32
903 -1779 27
335 1670 29
-779 -1030 4
-1791 -1199 12
1705 613 20
-2705 -2905 3
-2049 1339 15
2138 1666 10
1759 -1080 24
-2158 1592 29
-388 2034 6
-2492 2072 33
448 885 18
426 915 10
1630 1206 14
-2515 -1894 39
-2795 584 26
2600 507 34
2797 2580 1
2278 2440 29
-655 536 27
-1317 -997 26
1419 1849 10
-2040 2509 1
-1965 -1728 2
1098 2900 38
-1785 2543 1
-1895 2875 31
-2141 -744 6
-2968 -2556 19
-2169 2034 25
-2930 -2808 20
1245 1302 29
-653 410 30
2582 -1693 38
-2044 -2437 20
-2067 1470 6
1561 924 9
2690 1001 15
2685 -1962 15
1930 766 6
2779 1588 7
-2517 2086 25
-2235 -883 25
224 1834 6
-601 1745 33
1578 -2435 24
-701 2264 35
1595 -2735 22
-1100 2033 36
-2984 -2780 18
-1023 -1642 34
1134 1418 9
2599 -1228 1
-400 1500 7
-2730 -2585 18
-488 1406 7
-956 1065 30
-2553 1791 6
1989 -699 24
1274 1961 39
-2266 -9 5
1225 -1365 15
-34 250 26
-525 216 2
-420 -1319 30
-2897 -898 4
-2439 -437 8
-2148 867 26
-2910 -700 15
556 1706 25
-2246 1937 15
-779 -2871 34
2415 662 6
-2153 -533 1
2519 1177 36
2194 8 2
2061 1200 38
1505 2104 3
1077 2171 21
-754 202 33
-2620 -1815 24
77 -1784 38
-2540 1673 12
2376 -2949 39
-2783 2649 13
-677 -2332 26
-2475 33 11
5 385 23
-1615 59 35
-1576 -2369 14
2022 -696 37
2153 39 28
2157 306 29
-321 808 23
-2514 -1787 37
2484 615 7
470 -1999 17
2907 -75 36
88 893 27
742 -782 13
-960 404 38
-303 -1752 7
640 -2113 7
2829 -2177 17
-1590 -1249 27
2512 -167 36
2890 -2293 36
1834 -585 20
559 2167 19
-1415 -1680 33
1883 2368 32
-26 460 16
-363 864 21
-1276 1531 14
-62 -1796 12
-1947 271 27
-664 1619 23
-216 -2944 22
198 1227 6
2157 1802 2
-385 -2205 16
-1278 -1896 12
814 1094 32
-1611 1232 16
1996 -269 38
1491 -460 6
-925 -2104 27
854 -1721 27
-2749 -1266 8
-619 1282 33
-535 -2911 16
-1672 -809 4
-1443 -2522 34
1562 -2998 23
-2349 1458 21
1628 -689 32
-1120 -644 2
-2927 1541 30
-494 711 32
-993 -723 34
-424 2000 6
1056 -2693 17
1944 2301 37
-1618 2280 25
-853 -438 17
1362 -1498 23
840 232 19
123 2810 25
583 1398 26
-721 1637 17
2783 1391 28
-913 -530 32
-632 351 30
-2863 -1856 23
1474 -605 2
1098 -2616 15
1432 -1030 29
-2753 2130 14
-2428 2604 19
-1175 649 34
-2244 -2309 11
-931 -863 25
-1905 -890 26
-967 1575 26
2 211 19
761 2995 5
-1967 2687 37
22 565 5
-79 1294 31
1289 1631 24
1817 -837 15
-2445 1426 28
2779 773 11
1706 2050 2
433 1966 23
-2028 -2196 8
-260 -2079 5
2410 160 14
926 -571 25
2789 -984 10
-124 -1290 9
778 503 38
2666 -2679 9
-1663 -897 14
-2670 2191 16
2637 2069 13
780 1974 33
-2982 -1323 38
2391 520 25
2439 1070 31
2543 -1508 34
-1160 -215 24
2386 2331 30
240 -1206 21
-1252 -2895 38
-893 401 38
369 -2770 9
1125 -2014 9
2506 165 18
-2960 -1723 36
-875 -985 12
-2958 624 10
-2295 -501 19
-774 -2023 37
-2157 -2046 7
-1964 1102 14
-2795 -1752 18
1140 -1160 22
-549 -377 33
-2698 -912 13
1342 1300 16
-2723 -2555 1
-1718 -284 16
-855 2890 34
-274 2495 31
-397 -2977 5
-2820 -1918 4
1669 -2368 24
245 -1445 33
-1788 1057 26
962 -218 7
-2925 137 6
563 2748 35
1590 1943 17
2554 2388 34
2806 2756 8
-832 456 39
1605 -1011 35
-662 -2073 22
2213 -2338 26
1137 1355 10
668 -1236 1
-1235 -2310 6
1565 397 7
-921 2954 16
1749 -1647 11
-1747 -1265 30
-2110 -2780 9
-836 1085 19
1257 -2220 10
-2084 -2977 22
542 1517 37
882 -2440 36
337 1210 13
1900 -348 10
146 812 30
-1399 1555 17
-2209 -1004 8
-1755 -1323 32
1997 847 39
478 1000 30
2105 1352 28
-364 1349 13
1503 2598 15
2862 288 26
1350 -1596 13
-913 59 14
1202 -1198 28
-2464 -231 27
2333 -1627 18
-2020 -168 20
702 -2769 35
1811 2512 21
-2769 1054 38
177 -2938 25
2721 331 35
-2256 -2305 8
-1468 -2849 36
-2975 -1379 17
-2558 -546 19
299 691 14
-1452 -2314 38
-2321 -440 9
320 -1549 22
929 202 13
2409 1164 7
-2692 1954 17
-765 -2847 23
1072 2437 39
-1567 -493 36
1338 -2214 26
-912 2087 6
-1398 -102 36
545 2315 21
2038 -218 15
1624 -2780 11
1067 2180 7
1711 1590 31
-691 -1048 16
1318 -810 20
2991 1552 35
-426 -352 34
1790 205 28
-359 -2179 38
-354 -2982 16
633 2606 31
2622 1458 9
1116 -321 28
1760 -1793 7
-2172 -1010 19
109 2190 27
-968 597 3
2438 2852 32
-1916 -1459 19
2569 2958 7
-1959 840 23
-2251 -1534 5
413 1128 1
-582 -1630 18
-1172 -2093 26
2605 2002 23
-2908 -1233 6
635 1456 32
-2089 -2043 26
1419 2798 8
1393 2107 3
2563 -1568 26
-2882 -2106 34
-1264 329 32
-2491 1431 26
-745 2987 3
-2545 -168 38
1926 583 7
761 2718 6
-1285 -1743 4
-203 1876 17
-120 1144 26
-2583 -499 30
1998 2269 17
1880 2095 5
2223 -762 28
2393 772 30
-155 2411 22
-2205 -2187 1
2890 1879 7
-552 -2448 19
-199 -918 29
2002 -1728 22
-852 -2633 18
679 2706 2
1864 -1995 10
-2566 2541 5
-2911 -704 33
-866 360 1
-2404 1387 28
2039 -2254 23
309 -1643 1
2539 -1051 23
-2347 1229 7
-1614 330 16
720 2592 6
-886 -205 6
1203 1617 4
-2360 461 13
-700 -1644 6
2385 965 32
-2769 -281 37
106 -453 21
-1690 2815 20
-1118 2504 3
-1998 -677 10
159 1226 28
1446 -2971 29
-38 -1839 32
-2290 795 22
-1137 -2237 28
2542 -1952 16
381 -2177 4
-1969 -2581 34
-1718 2605 23
-2506 -387 9
2013 -708 27
-26 -1381 34
-1033 2496 9
-2373 1615 2
2272 2061 27
1963 -940 35
-2324 1214 6
-949 -598 25
-2696 842 14
515 2808 22
-1563 283 11
-558 1534 39
2794 -2579 34
-639 65 8
-1156 1333 6
-1935 -1812 23
619 2145 21
373 -1432 15
-2092 -2939 1
-453 -679 32
-794 -2875 29
1762 -678 36
-1550 -1833 16
912 1707 38
2995 -2832 35
-2406 400 19
-1972 738 36
-2176 -2507 37
-1809 2126 27
1336 -2231 39
-2919 -2620 7
-286 -1389 10
-2734 212 24
2681 1147 20
570 -2294 30
-2053 -163 22
352 2667 11
-778 216 38
2841 -259 38
1655 1323 37
2751 -637 23
-317 -2910 10
-2346 -1730 30
-2912 1030 4
-799 -1657 24
-2840 -577 11
583 2017 11
2834 -2940 11
-1327 314 26
656 2260 8
-974 -2566 30
-2346 1104 38
2413 628 26
-1955 -2961 9
1978 745 24
-1150 1175 27
461 -1084 17
2167 294 28
-2542 447 9
2707 159 10
-1070 -2862 27
1141 392 6
1784 -128 1
-2474 -2072 35
-2183 -2475 2
1839 493 2
-2706 2975 31
1363 2430 2
-1436 731 37
-2542 -1372 13
2323 -2553 22
-2806 1944 28
-2476 1339 27
-1212 -59 23
-826 326 18
-241 558 28
1354 87 13
-2645 -2608 18
-1513 6 16
-560 584 11
1553 -894 36
2034 -1181 1
-1329 -1143 18
-668 2787 33
771 1100 14
757 -1080 26
749 -2628 3
2976 -1466 20
2280 -1701 3
-961 2356 38
72 1245 28
-909 2442 26
-481 1808 24
1001 1026 37
-390 1784 37
2373 -1004 12
1771 2194 33
1314 -2673 21
86 -459 4
1424 -1807 35
338 -57 33
2379 1137 31
-1827 106 22
445 2213 17
639 45 24
-2875 964 17
1205 -1588 23
472 -1333 3
-70 2659 37
225 -564 33
62 -1373 8
1217 1965 17
-460 -2686 16
-568 877 6
2916 -1428 22
2346 1705 28
-1428 -1046 21
-1060 -1552 32
-226 -2439 29
-202 -330 23
303 -140 19
-1142 -389 26
-2785 286 16
-2872 -677 16
-1200 2025 1
-1908 -762 18
2892 1243 23
-2307 454 36
-1829 151 28
2900 -2492 21
179 2903 28
-42 -2181 23
-2473 475 13
-2175 1714 5
772 849 10
2643 2556 37
-2906 1648 12
997 1574 16
2552 387 31
2747 1525 3
338 1689 29
108 -1050 20
-107 2606 13
-2498 -1040 25
1720 1094 17
-380 -1536 28
2360 1522 7
-2062 794 12
1164 2971 21
1579 -490 18
481 -1217 1
-602 -429 34
2219 384 4
-917 1205 19
2085 2199 5
-410 -2026 35
287 -1808 8
2648 -2252 11
687 314 39
1246 731 31
1564 -429 35
-660 1728 27
2944 -170 37
-911 -266 1
2798 2966 34
-2736 1265 23
2464 2045 2
347 679 35
-2246 -2340 10
1716 547 16
-2933 1578 28
-1149 2244 25
1607 738 31
151 -2183 39
-348 274 14
-1420 24 5
2013 886 19
2919 -709 27
-1001 116 22
693 24 13
2254 731 31
-2782 -1602 32
593 986 20
-1268 2691 26
2048 -2741 11
399 2110 4
761 2287 33
-2230 -2122 20
2946 2024 2
-1021 2521 6
-1110 534 30
-738 -1178 1
222 -619 27
822 -1080 13
1058 2278 28
2079 -2573 33
1751 622 1
-2712 330 9
923 -152 2
306 1966 38
1835 -1363 8
2178 2321 39
-483 2354 14
907 -1051 11
-1134 2416 15
-837 -1885 26
-1509 1704 2
143 1792 11
2050 -886 15
906 -1808 14
-557 -2054 6
2357 -2965 19
2264 968 25
-2328 -2814 31
2905 -206 6
-1216 809 14
-2140 1386 4
-2331 -2870 11
1092 2666 27
2928 553 1
5 -2196 25
2019 -1273 10
1693 -2976 2
-1405 -1963 23
-1738 2173 18
463 -667 37
-1527 1188 37
706 2454 19
-88 2406 30
2685 -1496 35
2948 2684 18
1037 2180 20
-2471 1338 13
-559 124 18
1771 -86 35
1217 -1290 28
2590 1736 16
1503 2632 36
2957 -1428 23
-394 -2115 11
624 -1784 14
831 -1114 23
-1059 -1546 21
1184 1846 18
-2263 -1581 29
-2608 -1364 1
-118 -1873 12
412 1217 28
2062 -1731 39
1313 -2929 9
586 118 20
-351 2759 24
359 835 36
427 2078 2
1353 2478 12
-669 -2532 1
2508 -748 35
-1465 2897 11
2506 567 33
667 -2846 25
728 2548 17
2882 1550 37
331 827 22
2840 -1514 17
-671 -729 16
1498 2930 22
1802 -2594 23
-2955 1587 5
-1207 902 26
2057 1877 10
-1128 -72 22
-2525 2835 19
-2881 2673 29
-2621 2436 1
2919 -466 19
1735 1462 12
2679 1997 8
-1164 -2461 2
-1937 2081 11
1721 417 33
1578 760 38
570 -2574 3
238 -275 27
-6 998 39
1750 2406 37
-1460 1819 25
-1676 -2789 21
-952 743 7
-1272 -1921 27
-1633 -2109 22
-2221 -1196 30
15 681 12
469 -1581 17
-1125 2093 33
2270 2920 26
-2801 2401 35
1665 2910 7
1583 -1446 34
-606 -2589 18
-1493 -1902 14
-2111 -2241 19
1353 2870 25
-2097 2647 24
-1390 120 3
-2743 -1979 16
1622 -1101 2
269 -1520 8
-1265 2404 28
-2361 -453 36
490 2373 9
2164 -1012 22
1260 -456 9
1076 -1515 39
-967 1153 28
-1306 -1899 12
2978 -603 25
-569 1993 21
779 -2184 15
-207 1742 1
163 2410 30
757 -1797 29
1655 2555 35
4 2747 3
-1137 -313 9
-2044 1018 13
1961 786 6
1984 -1767 27
-554 -1043 27
2987 -2613 37
2859 2313 28
2639 464 3
2558 1868 36
1286 -891 21
1811 -2831 5
-710 2431 14
-1167 -2112 37
-375 511 32
2908 -1716 36
-1929 -713 14
602 1466 39
1487 1829 29
1083 -409 8
-961 1976 7
-2563 -844 11
-1615 1968 9
510 2417 28
-1151 761 2
-607 450 17
-884 -393 32
-2404 896 37
-33 1274 13
2785 -1647 30
2488 -2837 12
1691 263 20
1376 2001 6
1405 -2620 2
1848 1787 2
744 602 5
-2375 -2436 33
92 -1897 15
1337 1268 25
2095 1666 7
935 1210 1
-780 2310 6
2603 69 3
1618 -1662 14
-1963 -1501 2
1922 -72 36
-2827 -2066 16
1626 911 16
13 715 15
-2758 1284 19
901 2078 33
-1509 -2597 4
974 1445 18
-890 1890 14
1449 -178 15
1023 -528 36
-1889 -1786 27
2173 1839 35
195 -1206 14
-2591 2488 37
276 -2783 38
513 1084 29
-158 2442 23
-1126 1293 18
-311 -2287 37
-904 113 10
1336 2954 10
-2942 -1248 27
2208 790 34
2322 494 24
-2252 1897 34
74 -984 9
-1958 -1072 9
-2031 2991 16
-2001 -1429 29
333 -540 31
2360 -661 15
2783 -2214 29
-2827 2233 6
-1411 1961 11
-988 2232 3
2577 -1347 25
-2284 -1327 24
360 -908 6
279 -522 29
339 1357 22
-273 -1487 23
1131 2388 34
-2005 2654 29
1092 1013 14
1778 2439 6
-123 2075 9
-1394 -2449 35
347 -867 21
-1867 1767 14
76 -1498 10
1761 -697 10
-634 -207 13
-2711 -2653 38
-80 -2681 33
-1714 -2661 7
1757 -955 5
1737 1733 8
-2058 -2300 21
1101 -171 2
-2958 781 19
2591 -2111 13
962 -722 21
722 -2017 8
1012 -1687 36
1661 -1396 11
-2355 -902 24
-1501 -2202 12
703 1458 24
-1442 371 39
1921 2591 15
-2698 -856 26
-1359 -1655 17
855 -2914 39
-1742 -2663 33
2332 -2139 10
1777 1186 15
-311 -1426 22
-1711 -289 38
2274 -797 2
854 56 33
-150 -257 31
2177 -1436 25
2472 -1125 24
-992 366 12
1419 2779 9
-2394 -49 1
-1031 355 29
848 2290 23
-2077 2988 12
-396 -1923 30
1326 448 36
1777 -1948 6
1895 -291 32
-1512 -2919 35
-1855 -202 33
-945 2737 5
-2866 17 32
-81 485 24
-821 341 17
1645 -1533 25
-2023 -294 36
-142 2998 13
-2663 -633 12
392 -1789 36
-1212 -1151 4
503 -347 28
-1429 440 2
-776 2263 30
-1473 2253 22
-2101 1323 14
-1934 -308 35
1793 -1583 1
49 1553 21
-1652 2167 15
2469 901 25
-1620 -426 31
1794 -2819 23
1790 1299 34
1287 1505 11
-1175 440 9
-2074 378 18
-135 1467 3
-1477 1619 24
-1793 673 30
1709 -801 19
-2943 -2836 35
1324 -688 31
1237 1231 16
-1498 1466 26
-617 2396 28
-31 -638 28
2410 -1753 25
2557 1545 28
-2682 -2948 28
-1873 690 22
2120 163 20
1607 -591 9
-2839 2104 30
-2771 -693 21
-1074 2010 31
2895 721 34
-247 -1523 33
968 92 31
-1837 -1514 12
1949 112 35
-2517 1853 33
1406 -1733 3
2108 1945 34
-1196 -1175 8
-1457 -239 36
-2899 1536 16
-2278 -11 10
-218 -1883 36
791 -2183 36
1499 -442 14
785 -1914 11
-2652 -691 11
-396 2437 13
987 -2523 15
-2382 -1373 11
2186 -1880 20
-742 -2667 2
-2309 -696 7
-2368 2464 28
-2214 -2652 23
-2344 -1458 10
2710 679 10
1550 916 23
-1575 -2017 19
-2581 246 19
-2179 2780 37
-2563 1306 16
2105 2522 3
-509 -149 11
-811 -311 38
-1562 -598 9
2597 -2911 3
404 167 4
-1060 1647 33
-2724 51 12
-1492 -179 27
-2859 2038 18
-680 -1555 22
-1644 -218 6
1997 -1667 3
1683 -1164 24
-1696 -63 4
-1729 -2711 26
-2473 897 37
-2251 503 25
-574 1686 13
756 1130 15
-179 -759 20
-2970 -1175 6
2884 -700 36
-993 1234 5
-2890 1062 19
848 450 34
2468 2919 39
-2108 -2853 12
-1550 835 13
-2477 -2518 3
-994 -2428 29
-595 -1592 14
2162 -1364 27
-177 1243 33
1968 554 26
-2989 -810 31
-377 -2884 23
406 -935 2
1954 -1080 14
1313 1614 16
2752 2303 1
-304 -2904 35
2962 350 29
-472 -2357 15
1466 -1107 12
1968 884 1
1938 -415 24
-82 -2739 20
-1301 -1287 25
445 2533 1
1802 210 25
-2439 894 11
-2470 -582 22
-228 -973 7
1941 1177 10
-1141 1766 12
-1595 2658 6
2201 167 33
2548 -1964 31
-1132 2625 23
-726 1820 2
-1450 -2570 25
-2052 -2436 16
-1544 -580 5
1048 -369 12
403 -45 19
2741 -387 1
-1335 2428 35
-12 326 15
-2417 399 30
-2144 1104 9
-850 2832 20
1778 2950 27
-508 1120 25
224 435 39
1611 2473 12
-1920 -2960 1
812 2841 22
664 -1166 17
2795 1921 32
1352 602 16
1961 2774 34
-335 -826 25
-956 938 17
-2289 -1137 20
-1090 -709 35
2185 2769 14
-2935 2849 29
-650 -90 4
20 -992 5
1822 -2375 36
-429 957 3
2638 75 33
-2420 395 30
896 2622 29
962 2616 36
-2373 -1390 19
-740 -1126 25
1717 -1194 4
-1529 203 10
2072 -1040 19
2932 -221 12
2375 -568 6
-1906 1321 20
1392 -1698 5
-2458 -1779 13
-801 690 14
-2415 -370 7
2436 461 22
-2591 1657 14
-614 688 6
-435 2614 3
1156 -2197 16
1761 -106 18
324 -779 36
-862 747 34
-207 -1482 24
2632 -994 37
-1536 -2106 16
1379 1961 29
2066 -749 3
1949 2997 19
-753 -2085 19
1990 793 15
1172 2716 24
1577 -133 27
-2511 -2344 12
77 2582 6
1846 -1733 17
-2677 2315 11
2469 -376 18
931 2157 29
1683 -732 24
-816 -1312 15
-337 2288 37
1853 1688 32
1118 1397 20
-2578 -1306 18
157 1543 11
-2625 -6 31
-280 -1130 28
-1273 -1458 29
-635 -1407 36
2661 -271 39
-1601 -1958 29
2887 2468 31
2740 2556 22
-944 1765 15
2142 854 8
153 2840 30
2462 1234 13
192 -1689 39
1585 -1882 19
1634 -718 32
-918 -2483 3
1431 860 7
1923 27 1
227 903 37
157 -1798 9
2196 -2621 18
-1301 1950 30
662 2792 3
-1621 739 34
-840 -1611 34
-2792 2437 34
-2111 -1745 7
1868 1994 37
2927 -1037 14
2339 1080 3
-25 1683 31
1616 2028 36
532 1901 29
-1351 1191 2
-41 -1299 33
-790 -1113 2
1464 -1031 27
2788 2605 5
630 722 12
-2600 -301 17
442 1100 34
196 -573 37
2266 -2398 10
-771 -2358 30
-62 -2117 28
1852 -886 39
-726 1851 8
538 -1877 34
-2343 -2585 20
-240 1922 8
-2273 1068 30
148 2148 8
147 -2710 31
-1841 135 10
-508 1479 14
2024 2989 1
2935 -1522 38
1982 1845 34
1424 684 29
-2716 -1475 29
2036 -2196 34
340 2492 37
354 -1538 31
-2657 800 26
-1618 -2041 26
1819 -204 37
2393 -2852 27
1711 721 15
1110 2025 27
-1029 654 1
-683 -2312 6
-403 240 31
-2364 -547 28
1799 1205 4
-2802 -217 23
611 -2708 39
-496 -678 32
1771 -1635 35
921 2664 39
-1902 465 34
-2375 -1025 4
481 1343 30
164 1192 37
-1665 -2259 36
539 -380 2
915 -1383 15
1728 1745 10
2182 1520 38
-1874 1025 14
-2128 2973 1
2878 -781 36
-941 -1486 13
1369 -1338 31
480 -547 11
2323 1052 33
1281 1284 35
-2290 -732 10
66 575 19
-268 2103 24
-1845 -1236 1
-2027 -2264 30
-489 -1766 18
1415 1806 22
1391 -1574 8
586 -2797 18
2744 1288 32
1304 1560 26
45 -2103 3
1174 -1070 23
1244 2035 16
1973 -1132 2
1304 2469 16
-48 2812 7
286 -1788 13
2333 967 3
-1460 -1970 24
-2082 -1647 20
1261 -2847 19
-499 1886 23
1524 -2889 39
-2585 1303 10
-650 1537 31
506 -920 20
-2347 1433 35
-976 -2038 5
2401 -1085 26
2556 -737 26
1410 -2866 1
2116 -2240 3
1102 1367 18
-299 2081 24
461 836 29
1233 -2345 8
2820 -35 11
1067 2016 1
-429 321 28
1397 2891 27
-1004 -1556 25
-2057 480 21
-128 1857 29
1602 -2323 37
2868 2111 25
-570 -1092 13
-193 -382 29
1846 -1859 29
-1309 -1589 20
127 -1765 1
-566 2436 32
-1235 -2041 22
139 -694 32
-1405 -1044 21
810 -139 31
679 162 27
1874 -226 39
-2300 -2519 34
2237 -1519 36
-1195 -1048 17
-2762 2089 29
1184 -1458 34
-1563 -2732 31
-816 -2387 4
2611 1638 9
-451 -2586 11
-1045 -757 28
2033 1788 12
1858 -149 13
2128 -1467 7
-1498 838 33
2168 -2468 12
-2051 -971 9
-873 -237 19
-1921 1680 8
-2994 2198 10
-681 199 25
1929 -2098 17
2841 1051 11
831 117 13
1554 640 21
-556 -516 7
-1384 731 19
-2176 -688 39
2701 920 23
1763 1508 10
867 892 39
-1600 27 7
-2237 -1785 11
-1639 1217 27
-2590 2058 7
1538 652 14
-2433 2761 5
994 -2713 19
84 -10 35
1331 2040 20
-294 2215 33
447 678 26
-1192 -548 5
-2046 1724 2
-208 -895 22
-480 1846 3
-1747 422 39
500 -208 39
1600 306 18
-84 1819 22
2622 -1543 13
1549 -2537 20
596 -706 17
-2723 -508 20
-649 1496 7
859 -1530 13
2013 2139 21
-2623 1477 24
-2072 -1186 9
2986 1796 1
2183 -1719 11
438 2855 19
926 1154 35
2666 -607 34
2646 639 10
-2652 2883 34
-2068 2184 16
-2033 -510 8
2582 2389 23
2070 2845 12
-2320 -17 16
1652 1439 5
-2407 -2558 14
2202 2977 21
-681 2022 18
2787 2319 5
-2654 2963 23
2637 -911 37
-2008 2286 17
959 -1911 11
-2159 -1413 30
491 -1515 26
2261 -1630 20
1328 -2706 6
2415 -1262 16
-1117 817 37
-1377 1075 11
-578 1385 7
-2267 310 38
-1289 -1032 35
2415 2890 9
2089 794 28
-1233 -1934 13
-2590 -1863 31
-2168 -230 38
2122 -2881 4
2118 -301 16
2071 2608 27
-552 -2763 3
568 613 28
-2548 -160 24
-1982 -265 11
1581 -2289 34
1313 -165 34
-1685 -809 25
842 -2786 16
2380 2918 11
-1714 -298 35
-2413 -1967 28
-764 2719 25
2912 -863 6
-2903 -2043 18
-2669 -362 32
-189 1998 31
-1779 -2622 36
1493 2423 6
1655 1910 32
-2635 -1003 22
767 620 25
411 2698 23
2770 -2527 9
-495 2343 2
952 2800 25
1929 1730 36
-1736 -338 19
-723 764 1
-2877 -2902 25
568 -1697 3
2123 -2777 11
-2576 -2031 18
1402 976 31
2928 2843 36
-2436 1653 10
2958 1939 27
-213 2663 39
-1679 -2379 8
1157 1775 7
-2189 743 13
1193 704 32
2117 1622 31
700 1719 17
2551 2392 31
1826 1528 13
2899 571 28
-1610 -2728 34
2882 248 24
261 -1827 7
2639 5 30
-79 -2300 6
1933 -1998 2
-2264 2302 25
592 -2370 4
