1000
6014 6043 -5804 6918 -4879 8083 6783 -920 -7319 3536 -9010 3942 5555 1236 -5579 3510 -6844 4492 9430 5278 5261 4867 9968 7710 3646 -7795 -4732 9282 -2503 6687 -1965 -5683 1712 -1753 -4099 8818 -7729 6331 1054 3130 7248 5019 7464 5302 6780 -8600 -1835 -570 4228 -1837 -3413 8435 4088 503 -9233 8948 4652 233 2788 -3223 -2776 3787 -6403 -7887 6577 5099 -9619 -833 -2297 9015 3004 6188 7910 -6510 4216 -6611 4130 6235 3816 6417 -1972 701 8472 -7717 2095 6905 6404 6475 8054 -5586 3358 6835 8403 -7642 821 -7984 -6287 384 1124 -6823 -4874 -4540 -7124 1526 -4975 -3378 -6852 -8446 -3772 -547 8966 -7256 6149 -6598 -7062 -2366 3508 -4722 713 2998 5870 -1655 5039 -7172 9793 7721 -3124 -321 9574 -298 -7214 -3741 8674 8064 -4515 -3210 -7357 -7368 -8688 6093 4886 1825 6538 -5808 -1992 2045 7212 2474 -3015 -1603 -2420 -4213 321 -8672 1024 -1579 7216 -5185 -8846 -6713 9181 5640 3042 5403 -1648 7884 -1312 -8161 -766 46 -7151 3608 8117 9801 7133 -8145 -8455 5831 -1267 -9405 -8987 -8741 5572 8412 9690 -7794 -3672 8883 7364 -3159 8915 214 -8125 7308 2961 5936 -196 -3200 7438 -2675 -6630 5945 -1529 -3895 6636 3754 -9818 -8010 -2044 8647 623 8016 -1078 2649 -6551 -4253 6351 -8962 -1519 8098 -3929 -6209 -5940 -6006 -1795 76 6628 -3899 -3671 -8389 5867 5137 5031 463 -3556 -4823 -1346 4452 434 1577 -9510 -2830 9447 -6468 -8277 4959 -7797 -788 -4325 -6129 -3225 -6827 -9724 4989 -7949 9053 -4638 822 -1670 9691 -800 -2952 -2995 -9400 -5228 780 5780 -2755 7559 -2368 -7778 -6985 1446 7779 5039 694 2118 -6116 6262 -8496 8659 9427 -8080 -2361 -7672 -345 3918 -1317 3354 2580 7353 2036 -9581 -2003 -3614 1138 7469 -4535 -9639 9732 -2221 -6212 9201 780 -5087 7496 5741 -6301 -8866 5102 -9398 8548 -4088 4604 7981 -1632 -9135 3437 609 -831 7278 6328 -4103 1439 2589 -5746 9627 -5315 -2322 -8486 -5808 -43 9182 7952 7312 -6148 3784 -132 7351 6414 -5009 -888 6893 -439 6212 9067 -2197 -2873 9264 9036 2198 -295 508 2508 582 4942 -7853 -4424 7256 -407 5914 -7022 -5471 -759 5183 -794 -5414 -9793 1906 -201 -6104 7465 -1801 4787 8178 -7953 -1278 2627 -5168 -3253 -2713 520 -1714 -5889 6865 8364 -4503 6507 -5150 6295 -8942 2804 9051 -9824 4145 7320 -1143 6431 -8309 -4424 -8703 8722 -530 -9509 -1813 -5806 7389 -3533 8113 7466 -7597 -628 -4250 -9635 2325 -4598 -714 -745 -8389 6202 -1208 9044 -6625 -4255 694 -8014 -42 3465 7161 -869 9177 -8353 -5363 -6233 4071 -4251 -3654 -5273 -1753 -3108 5943 5164 3659 3572 -8138 -3714 -6784 -7670 5980 -9052 8625 -4529 -6548 4096 373 -5937 -6712 3883 4701 -8811 -6420 9268 4813 1794 -6026 9383 1402 -3027 4457 9976 1758 -9747 111 -4585 -969 7059 3484 -890 7924 -2669 -4392 -9821 972 -4714 7923 -2598 -7277 2167 1493 4790 -6409 1675 7876 -5224 795 3380 -8054 556 413 -7933 4527 -2283 -912 7525 3150 -2914 -7299 3220 -5068 -3922 5491 -8168 9864 -7087 4212 -9128 7575 -7734 -9564 3225 -8193 -269 -5542 -4914 2911 2560 -5955 9261 2762 -6112 -3442 -4586 8737 6777 -9105 -7539 -6860 -2789 -2893 -9291 6885 5265 -6655 5406 2383 2783 3162 2776 9302 -2650 -7321 9178 -2609 9400 5830 3920 -938 -9510 8528 -9524 874 9554 -6580 2212 -4993 2620 -4942 -3071 -4968 2928 -4158 2981 850 -3285 -7210 -2866 2414 6239 2439 5699 -6304 -7723 2944 -5672 4940 2261 -7358 8811 5857 -284 2716 -5727 -7059 -8172 -7615 -3751 -8471 -8318 -6881 -7849 -8194 -8035 5338 -8934 -7421 8084 4478 9830 -4006 2203 -5428 3866 104 2538 4116 -6756 -5216 -6504 -1755 9560 -7810 -7332 -3154 -230 -458 8364 -2729 -3803 -5945 8841 9405 -6800 420 9995 -9040 -3962 4341 -7922 -3112 1171 3226 6526 -2255 -165 -2562 -4344 7608 4156 2697 -7624 -6594 9069 6526 -1364 -7898 -4175 -8101 8085 -8649 7130 6001 -5262 8488 5058 -1272 -2898 8678 2142 4163 4896 6864 132 2773 -2188 5542 -3962 -5130 -7707 -4647 -5756 -6108 5919 -5638 -8507 -4883 3330 2793 -9853 4805 -4330 6027 -1266 8168 7679 -5074 -5552 -7029 -1468 -5294 1840 -7903 -5369 5479 -6420 9585 3457 65 -68 -6216 4879 6379 -2769 -604 6386 1770 -2950 -921 1883 9585 524 -5882 1925 -704 5839 6313 -2228 -2812 -8257 6748 2946 -7963 -4489 -6361 -7480 -3720 -7608 -3868 -1697 1857 -8069 -1718 563 6670 -9110 -7603 -4940 -6467 -1621 -4891 4116 -669 1490 3951 4612 9619 3382 -9530 9649 -1787 7404 -2203 -9569 179 1925 1673 3523 -4326 2746 -9511 -8883 -4434 -4849 -5575 -9680 5040 -3626 7332 -3871 7876 -356 76 4273 4161 -2662 -3661 -1819 2657 -2356 -9608 -6858 -591 7674 -7698 -66 1559 -6850 -7256 808 -9875 -2761 8565 7774 1014 -8275 -5455 -36 7510 2658 7423 -4029 -6966 -5961 8508 7502 -5045 -9220 9567 1884 -8885 -4889 5621 5299 956 1481 -2309 -2939 5681 -7516 -4649 8802 -2147 6952 5280 -6020 5868 9200 -6429 -861 5877 6328 901 3698 -4944 7049 5573 -3899 -7722 3970 7870 1096 -3554 -2514 -9524 -5456 -9629 5605 -9191 -3310 1465 1958 -1304 3589 -6629 -2064 -5087 -5319 -1268 -4903 -5524 -9620 -8921 4659 4989 3737 5655 -9663 9437 4729 -1668 7472 8841 8028 2860 -4978 2170 -1835 8531 822 4740 -920 5639 -5553 -3531 -2415 8985 -6270 -6512 3639 6845 -633 7487 -2351 9761 -8501 -7566 4597 -301 3148 3905 4095 -7067 -746 1545 8453 8698 231 -5244 -4375 8612 -4138 1127 9120 7449 4137 144 3944 4298 -800 2937 7357 1155 -8759 5170 6976 -2586 -9192 1540 2789 9042 3764 7418 9406 -3411 981 4202 -9734 9051 375 635 3982 -407 2273 1862 -2736 -8311 -9048 -9302 7668 628 -3783 -9889 7033 252 5642 -5541 5485 4116 -8834 -7479 304 9161 -7279 7596 3127 5019 -3524 -4768 7417 -2806 9497 -7914 1688 2442 -974 8429 -7701 -6855 3132 -7447 8667 -8714 2107 -8791 7687 8266 -240 1569 9680 -2276 8379 
11368 50373628 -193477260710862
15775 -99186457 -159281452969868
-10732 -42940350 24697543319502
-11532 -29972514 127278212309985
-4492 90046190 -346799431321982
9833 23581040 -47448719489012
15513 18998308 -512074592512002
9379 -68399715 7755287980816
-16207 50766850 93214266296281
3390 11054061 -93866055973453
9360 22852169 -10314991934553
-17949 -68259276 125456392073696
-11015 45172988 429476568978299
13442 2591772 -402397208412300
7848 55056451 -260148106111292
19116 9967475 -15043593034807
-16016 92623548 22712805222870
-12363 78955484 -4647184327215
-11227 26011614 361941215922881
14619 -49593021 -320382856064189
-12463 -78508060 388445816132158
-6031 -75019484 224175466708593
-2994 61768045 1909610252441
3870 -57666839 -68804294884420
-10606 14759398 42812422840168
1620 -88580641 348483277380835
-14663 14774128 178156430814949
-1862 11709876 39835655293929
18089 83342603 -293864768773294
-12888 57037577 6006855199144
-18713 25113364 2576924361902
4769 -44297038 -12251838566737
-6878 87383387 -169988954664999
-10251 -48348110 244637610024867
11820 -504759 -144314931245455
-12616 75786431 328282202300770
-1095 852001 37424486972391
16421 35749729 -95757317005381
-5446 -95695865 146864198379508
10517 39351887 -888298507473478
-2063 35595750 -64858079961956
-15582 66801215 11842416938312
-13588 19500435 82551671972163
14840 10827526 -74453318289674
-3552 -22228417 6818591233515
-6058 -9811581 407206667634134
15 18622957 6230931024109
19439 45532251 -35234382275255
-15819 58581511 -42940100240913
540 2203023 -7151986683289
16096 94554900 -1609777590162054
-2504 -3407959 477330362823
2543 -80814190 240458676408818
556 50372860 4933687338682
-12490 -74363819 -17069488761522
-13141 -75412636 798100891852687
-356 5152200 -4144323444368
-7933 1948246 4920890294020
601 40725601 106324966843991
-5969 -14521990 2113584903154
-16159 53539426 16591245609648
4916 -95024895 3679681253772
10435 -96937557 12926340581153
-442 22169359 -68727649605727
2142 -57242228 228475531847088
5136 28447048 -4100505001794
-5412 -62817763 -68669790179671
17872 -46561976 -791456591507710
9485 26796441 9155747130831
4306 -96616634 -67377157918424
-4423 -99213751 14121819097470
13248 30938001 -367761010436572
5534 -1362670 -40462167138817
-14621 26104681 53037252708527
2325 -7093558 -36866792427754
-6507 38607916 -10228616485350
-1308 46451195 109538333867684
13684 2044910 -401832620128865
-18970 41687913 1450347102187746
12231 -2663005 -223018024846102
-10863 97606784 8705393668191
10148 -10427277 -6037355354056
-19434 74841093 2843305485105
-13566 39245193 -2503047071621
-16278 72826287 809073243996803
-20839 -14460048 1908009299061
308 -10350721 -12977552429569
364 -7039443 -145573396284262
9094 61545767 -327468852988415
19430 53475001 -3693996921362
-4508 -81900081 22502870037032
8805 -72225626 -302045074620079
7234 -40295386 14551358429807
17675 94138588 -261473042035319
-19300 -14497176 62829195281303
8547 83582683 -49266836680447
-12489 59584712 87111084101902
-8928 -72001538 254179473574835
-3523 -95806401 256003563259070
18165 -28227171 -588510428098965
3139 -24555864 -3081522163529
4335 9979159 -15766735918899
3670 11969900 -22504612666471
8102 -95769010 -712976713530990
6113 -12297706 -38745487772732
11978 944270 -215315173932921
-15195 45101073 8133571279051
-2676 -33855380 -85924667453696
10225 85288176 -7692369806566
-6851 24283712 21819990444489
-15037 -48912139 1154707349518
15468 49917819 -36683385058854
723 55015574 -131170699055143
18331 33776032 -84627661995605
-4745 -82973099 -17653079018013
-18035 -77987899 -5765668394435
-7136 60042319 -69276530701597
10774 -87746424 81297089328312
-5787 78348611 127565708563578
-4492 -54112150 -112230904402442
-18023 57749587 -8760935785080
7063 -96603037 -40358409704345
-18238 17195004 113784797626
1570 75978333 104504099465944
4861 52141567 -83597739301301
5905 -66273408 -85714371072431
15010 97683350 58759427306552
-19784 25765888 19557362653850
-17966 57124799 752668582296542
1616 -13323211 13061474452515
-7911 18851079 557973930684249
-14417 10675642 903279545745983
-13966 58978224 17987979438881
-11995 -82818871 144220303175043
-2590 -15526811 28834930352845
14380 -23091867 -110997338815401
7927 49162613 -477148318639777
-7943 -83687122 -136911694057791
-14080 84524250 145933750984164
-900 48981392 -150155806128952
10366 90061654 -1537281906828944
16300 -81626940 -767428591304554
6075 10745621 -108848469307933
-6085 48846493 399401109690429
4114 5889292 -90802672961014
7475 1184214 -631874686112397
-1198 -41834412 -46281879555466
10858 -26274174 -516995874937862
5833 -96188204 -73747806381448
-17603 15788794 75818225219400
-12133 -97363607 -11734741709603
18539 30542907 -432298976785316
1240 -57510457 -231521464603873
2306 -65549383 96447066263397
10422 -10347441 -554767693016698
-16289 -58184512 -20027805830750
-15458 77959813 -57002956363486
-6505 -36323297 -39952209383985
-14946 -27057855 21678645100478
-20847 -92489209 200349255171143
14000 31747854 -130135435508606
6093 36265940 31712174337205
15289 44696358 10191259645591
14206 95194840 -184889511675196
16236 13538227 -717344001478254
13284 -70136571 -1009773636960
16923 -6999573 -7508795362645
-8170 -96420224 27620088364306
14376 -6552327 -1143466190904874
-2089 -13347258 92343324041468
-16605 -7631389 51030893371661
1524 -25838052 -170673698184884
7347 89761654 -312524274677301
1036 89250575 -157440202933316
-19197 39357541 94134961201177
-2790 22684322 51573104693839
16551 56352329 -92265963789581
-12344 22927196 1359783724814096
1413 90219523 -126661205594455
-13496 70092754 -37213048667735
-19061 50810366 231496521750907
-18412 36594336 16055369707940
-4158 -32142714 -577871324106
-13520 58008920 37176048606518
6388 66896791 134898915016017
-16879 91843997 -51612990872631
1758 -48973742 -475795513988766
18338 -80410887 -651209184355255
5273 39397096 -215134204942064
-15648 85174357 378899420662703
7769 65333957 29157961110494
-2440 82506666 126207481388364
333 -76085336 293927416512763
5187 -21898 -249282987075606
16247 -97361531 -87964324472301
-7668 24470734 229956060821910
-441 29828644 -31057539496975
9479 -58024418 48808696761902
-7853 -11871224 34827235662632
11694 27223433 -120882917646826
-10880 -75101590 179243320228780
-5175 73342641 270768429761965
-17513 51523940 1088720503279397
11226 64119120 -130335034643934
18892 -9097023 -363681428542126
-13856 -75487448 -1344029326556
2858 30710959 -2758017917067
-6828 83697917 -189646058302322
-6348 2510252 22859318058738
-6336 -31623149 276945171719836
-16407 -89016496 58673834530363
10679 -80997536 -499829345095913
16984 9458942 -11857078536180
1340 72146425 10489510581730
-13130 74614848 1027059578712246
6868 14650082 -150378783150839
-14805 -57836939 272186081013952
16099 23556196 -187264923263803
5741 -69925500 -50626430883707
678 -33578720 18031240146460
-16068 -79005950 -33935894753902
-5070 41381605 -43973888530690
-6409 -22525081 3999566013926
-2654 -64559068 61960050383764
-13650 68877503 -24482609031553
-18092 -57308375 1389986376983580
-13218 13072740 -2065408430381
-15840 -57847763 -17134478300924
2017 -99239248 -59578235386227
-10534 -8237501 22093818079073
-3576 -21478220 197228231757130
951 -55586927 20231752829273
3071 72415679 246390774120833
-15400 30508298 95731732155224
-12206 72459335 717632533703
-4646 44031650 58658123962128
-3247 86948656 27781624185021
-3177 75927589 -152430155922444
-14280 33072235 454474154007031
-10569 -66968416 60224853477574
-12965 62067165 56896915666827
9012 -22554771 -111135970254863
-13011 54625960 47257545205669
-14820 -27576191 20305146308277
7312 83143889 -347730908779439
-16899 70548046 227920497556017
-4831 1118400 14315638463332
2877 64712382 -6166281233022
12969 -96466956 -182386573247886
6268 81424178 -122113033722414
-2043 -23956942 -15183624745279
9375 -62020651 -34392280470613
-9367 48425246 -13164273080407
-2732 19711785 -4961939934033
5538 -47827077 57272390640775
-3141 -72637179 179436536662771
-12692 3130075 670227963090024
-1827 1343930 30483917541448
-8669 52692235 591144116953624
1729 40859447 120969749256709
-19886 48308870 12486257269349
-12037 -61038075 937039696230696
-1716 81227410 33368899967387
5736 -98670116 327036071366521
-18866 33271955 169713849392784
3474 84752802 108227895397262
11732 -70665864 -29283085037850
6376 11465383 -2061046038676
-12400 -35124048 -1800379856744
-17705 -86050336 132682952157564
-1570 59140457 276543518572564
-17921 -87737997 362925873846705
-4233 29660895 425663134920357
-17198 28626606 5088795817184
-9987 -74548285 -13492402619108
-6061 -59568111 293453237450357
13777 -44183500 -18233064490535
17279 -96525698 -147192698088761
-5983 -25500702 193686944102195
-389 -60820466 106505575903944
-13874 30071820 17775846294238
14999 -30560189 -74051943505435
10545 55379055 32219892336568
-4926 44500846 6519605325144
7008 -79269166 179449654698850
5170 -25779226 -52586302485392
14459 77163968 -1233949610855993
-12265 -7980249 8573834889765
9488 48147172 -186633193541039
-8373 83547928 210032142847913
337 -44709803 32327015144884
-13855 6034457 177173867805160
2327 73086053 -88204144026580
-4504 -25313188 -8030599256016
13056 38262524 -112765125711372
10853 39566981 -2357331547745
-12582 -15413426 13880709729030
-12018 61162201 540256177722
-2178 -28095444 -55812985543344
16270 -87669650 95653896983548
-16321 -79440672 -15703345360112
-19853 -75258816 1108070185396446
12067 -6779106 -56130712260089
18605 -55314518 -8560977792860
6890 15775398 -242360487443162
6333 -26170188 -147775361794575
-17247 6457831 290209473237183
18143 -91592997 69785033196975
7525 -80505549 -760254164286061
-9278 -42649426 -43930610437790
-18610 22675854 41483847577630
18557 -54772851 -616681858466841
7112 -83458683 94534358123289
3892 -51365769 56306060881827
894 17295911 27528857466236
-47 -13925203 -23588524948665
-9649 50219438 17662096219952
-7716 34863892 -2930615655752
12497 -48737620 -1259180832176
7694 -77891794 -11877394503576
19067 39643247 -13495560453443
-3178 5701841 887226072519
9060 -94634923 148195715532775
-8602 9668076 24730665049094
-3528 -53780327 -108637755045165
14147 5201955 -1882407048473
-3145 -3423099 6187998478283
13463 -43762189 -387043089849397
-13864 -11574285 134581754389903
12965 -51660642 -116239968865530
13787 -21084791 -282094215122129
2313 57646533 8259079481693
12582 45680953 5825275140690
5346 -29613389 2038679658403
12427 -69207533 -880420304693342
-16851 -72819790 94559442040266
-17938 97035874 658668000417150
-18199 -9631370 429110811942055
-4017 8866988 5101507022968
-7525 -97146610 512525916616170
-12902 28044846 491430901927985
-15499 -54128818 34066308118484
10347 73500717 -2131676058105
10051 -37048972 -22340042616107
-15377 49694788 -624837417989
-3786 34230289 319253585820869
-1140 83227524 -157586700547586
19078 -52205356 -926046558420448
-19042 92298190 1669313267491
-323 -80045841 287122367080613
-3469 -48099819 -30936750347337
16175 23606371 1332513814926
-7615 -45605898 -55122703425701
-5787 -49798347 745820095713575
18367 -26720419 -49233748568429
377 95849883 618185053164064
18172 6659488 -505393170810510
15452 -40872082 -5223258744230
-5442 -62934008 -25264029400957
6594 48575976 25551565626454
-8350 -28537606 85576985517648
3422 9402824 -2044992483890
1090 11545046 -1083633130880
-1208 -17314823 -22062185214657
18923 -33239134 -682138967932939
6335 75076823 -6820105379815
11463 62315463 -343083464591775
190 -19977756 -30593773199210
-1247 -10681368 52926889665834
-4082 -85893294 -129788305275567
17919 88970000 -1564390965107791
11367 -11364768 -275513293339570
6075 1057858 -218722555657992
-2873 36153032 -53389442651176
9681 -31321877 -64368292310627
10605 71467661 21770828191807
-16929 91785651 1303741556569273
-9712 31341165 90989208558637
8195 31397844 -108264979102062
-14778 80496530 682892851159652
-10687 56311858 56200316614397
6834 -29078801 -143371110819689
-13014 10389621 252459268006
-5005 -16430638 302094397577152
-2064 -91228499 -41322492947054
2416 -72054019 1233763920223
13070 -51334662 -8811308277157
6940 -36466256 -22134558099310
-17194 -40893106 6251830576775
-6863 -49755010 -9585548100878
-3378 71254469 232200732373754
-17911 70182964 8322282313288
9165 -20714005 -271774709768558
-10698 -79501584 947071823421724
-15775 -71567977 1492842974003113
11492 -93089982 -119379803250810
-10584 -2648842 1282238987880
19220 53594086 -354309233927947
8428 70265129 3233952977818
6004 73839820 55629034924692
-13326 -53465651 37269188657621
4 -92801919 127789228176764
12083 -64343031 -486469909214494
9172 27458231 -13795557733224
-1639 -79047241 -65562745910351
-15030 -89109649 -77295672675412
-16048 -74039522 695377746079328
7713 55797681 -14679324409755
-17212 697405 21050134512462
2671 -20989841 1672198243169
-485 -20856255 94403518402863
3122 21862165 19188681635712
475 38105589 -54013846138222
-12148 -83381291 17491131927541
2615 23122886 -359934671260948
-14517 -45149493 1348982151459093
-8290 -4659064 38372185916701
15599 -41776622 -749037711465
-16210 -39604798 40907366455246
-9576 -25429934 68606180293902
19538 -81262966 -339242133374726
-7375 24273760 -8598269946587
-8834 63437525 98333424141151
-3482 97547742 46160157139062
-18661 67773399 248938361348309
4520 -63592433 -95523518999049
11788 -31235774 -3488392507744
19480 -56200508 -8563778572740
-18784 70042459 7848719439548
-14811 79936927 766752227807016
5960 -26477549 -77484582967096
-5778 -35172853 -13708785851833
-14816 82921228 72813166575802
-4440 -66099675 -162173027736256
15172 48211419 -331548363412881
-6405 96240943 -381199230333843
-1335 -10787989 4554992517714
13327 -48834647 -260552993035744
10827 -65807536 -306365938358413
11871 93464343 -478070341299923
1674 76349438 -723028008759479
-14914 7271423 452015093411703
-14883 89316581 25721700788374
2873 23854762 -8431831333196
-582 -29552883 -151352641196956
-7807 66748288 98660912489325
-3511 -72120269 -245729222693831
-4728 -90638358 -279640740358679
-18671 36225849 9873875280194
1764 -36862272 153561579792464
-294 -96186580 166464465232710
-4069 75035580 -47203899005944
-2816 -89586754 -262669778301967
-15240 -17029228 553004850244
-2363 55649136 65893524605097
-5204 -98420615 -115780781722072
-20049 60103390 40881685025430
14611 11770967 -4832301970775
-20915 70320479 433923635116206
-18392 -23602209 749139110781549
-6989 -95996791 64530639617053
-988 -30599492 -48865497092844
-17106 -13964564 46190408324834
7794 35514968 -31728340470845
-4573 42044456 -8591321230580
7263 -32441455 -7062227455865
-4174 78442428 345037164554627
17234 -52726546 -1193552228244599
18198 29410139 -459500377237
-2673 -1813536 77582945572874
-8086 -37642802 13498437894444
11058 87521190 126986767508732
-11528 20920790 554465011733119
2767 -84782674 -78308918953132
-6801 78862640 -189252524701263
15644 -23343635 -70230221783174
6216 6891523 -384727281975131
-9296 -16198817 96862431685649
-6658 -55232352 -21713635150346
-14469 -48702335 546062109994811
333 33989095 51566698650935
-17762 9770368 72494329138791
14752 -76260613 -1010004575232666
3509 9407877 -66667631465271
10281 -68816655 -67537240953411
-17523 16822872 89749095497935
-18564 -32016241 333003794634885
-11029 56698016 267032754858773
884 -85555326 132344273258447
14912 7636977 -9094064379096
6293 69156737 89073320324612
2544 -63372448 -1785909014334
-730 75327549 108548874062262
14943 -15440506 -17229269742554
3586 -82232026 -25065066708113
17576 49409300 -141523750994829
3485 44365023 -7164471468163
-13200 7189186 443440038070200
-18178 38418539 94700035322724
-20303 -61984201 424118936626165
-9905 -66241195 38639041529923
-18329 33883339 621453421607
-606 20829975 59276956397840
11557 68363543 -68163726589719
-19906 82558041 26892164839888
5362 -97254664 251464114046216
-4022 61316168 138512955673582
-14128 -84970497 299968866987857
1125 74614582 -211237316146626
4473 58803660 -210908767357861
10887 56706864 64768302916715
-18361 21413645 454250710021475
-6752 -19421373 474210288459247
-13606 -3454065 49295278042153
6405 53316500 -20136233353310
18819 -41337700 -689429603065022
-10807 42228296 -27589273951874
18249 52884028 -71734880872901
9462 7052267 -231237507788038
19052 15676273 -618963960438568
-11035 90124922 -27742935833226
3385 -26715388 -7448219255575
2345 91126150 268073299657416
-13475 66378854 19188852181464
-7369 76307133 685180980318269
17189 -67981535 -314273527207900
478 -38737667 5894357743577
14451 94109143 -1930776692454167
5274 -76692039 168286523363363
-17111 -33012831 155842162160243
-11377 -38087762 579032841694516
-377 38722682 112987226375977
625 16100872 -22057117750862
4621 21534808 -148401451935751
-5912 -98470727 -232139025079923
-10356 -57868538 32325547001642
-1083 90698716 -665571579333578
-20438 -17770196 308684076921815
16929 -53078253 -32094265491135
-11973 30703489 405942006191069
10363 21258255 10235981848617
-14366 78425930 40571055687765
-12371 35959514 493716133440244
4902 -14215505 -579802273032988
13510 -38408538 -144936497608872
-201 -48007001 40479571114939
-15561 -10925235 157618384106190
-11577 6317161 233146672200946
1877 -44815531 82390809569037
10008 -17820258 -22782531139458
-17710 27239999 -965315655110
-11683 18062994 47762467867281
-13304 -76135730 60420327837476
-4576 -26510495 441382859768542
-17734 -81066966 646558529608962
-14482 30024876 1298657037826954
-5563 -66868122 464773302486022
-17875 -77415830 165004746407880
4219 32575260 -43402241355184
-622 -74936721 111064287881975
-2896 14045420 62620554407043
-14939 2465067 676915031138009
-17690 59620205 9310524061611
-11454 -5291497 276967126471411
7496 30061801 -323911993453903
-574 -56836136 -172383402579646
-8217 23441728 101502944677522
5855 33522678 -809997049035400
-13669 83288573 -87231525633950
-9276 18751282 -4672413099236
-8742 -15929921 14572989724899
13617 243340 -1677045799971
-1495 19146965 25737584270965
6097 13602551 -52132064474672
16116 -84095438 -859022656596717
19010 28200889 -147823831711167
14715 -51344702 -86161092988364
15734 77198464 -788198852462998
9079 -52908177 -60781859669245
-5083 -70276111 -199235454056837
12688 734130 -99362857378320
1489 -96850095 -106777737291423
8523 43603260 -35205728686000
2882 -5164005 -61985368923428
-14549 -59074749 141888203471961
-1561 24051511 97852530207871
17795 59471719 -797408868103395
11809 -30086909 -102872240903666
-19776 56272528 259379270772546
-4560 28940577 211310971854065
-10517 -64026379 546137138379503
17594 74511184 -16684240055829
5850 58293742 -284597120067842
16089 9151564 -28511622976349
-20060 -50465018 36780169967810
16840 21657457 -527973437317953
-826 -9555150 17540560240719
-424 -51094548 6724882059888
-16046 -33545796 70037162659464
-14608 -78622987 -60218321223498
-245 -7327663 -15319199132378
-583 -14955968 61989571914042
3156 -76342368 -232281292893274
-9678 5712092 23488800828044
-17226 86561065 14097406270752
-5783 93322801 405187455646716
-14503 -29269205 252837360235649
6985 82281323 4310531944363
17981 -31752251 3882822118143
-3365 -19540704 -4704319530676
16282 59978901 -111171146046809
12237 -66628050 -242597935695976
-6357 5233923 13947162182876
-11365 89314944 137069702687426
13046 -23009539 -254749773566937
2654 -14191016 -83370475702414
11589 -37213895 -115846634098557
3736 -21042839 -150176620358621
-20400 2526093 1389980452453127
17491 1912566 -172462101636714
15223 94756465 -48965256704221
-8618 -10784041 487098750827525
-4021 -29307312 -25510312205902
7374 -56944792 -134725903655566
-5152 -71868623 462938540551173
430 13848851 20506233752581
8919 81429832 -282914896934588
-2386 -81805434 -161026557009117
-8053 -61329733 938243527156365
-16195 -38939040 71994161329698
-459 56886493 -266089538674473
-1465 -3270994 383922098577
-6522 -26768282 259979097946140
2556 76840503 75677445726803
1508 7686825 -181206583233087
-12918 -25250034 122854169563224
17716 -74203619 -212710584870137
-3965 -24639145 -1517373789599
-15538 71253519 398863467147449
-5265 53450612 -119591094929900
13966 1119491 -8123850415082
13840 -23461345 -802309520088379
-20971 -46115965 124472002322149
-2966 -18421729 2602678912013
-887 -77757658 -287111185915147
-4109 69581240 -7356815419721
-15724 54568738 23564042646796
-1512 -35305231 53588106687323
7238 98021657 48410310455236
-2856 32555699 -38452205863503
-2839 -28633567 -17546808309838
19472 -92675490 -364638733647608
-17556 85948697 -92690954468291
-12389 30882186 135474335544628
-11739 70661986 447158042934420
13843 92455254 -92973452681438
-16566 -94191432 158286270625511
-17077 -40985250 319196441071834
-2133 37442681 -29234794646765
4899 -23489711 -723499943446
16117 -57037541 -480643988566915
-19006 98467385 395310926944674
-10412 -49864736 232893152935184
-14571 -92225200 155693203076835
-15789 57890290 698630761121024
-20278 -75433108 42879031693259
-19017 77576358 -50652196681156
-2973 53563949 -242541450795297
7452 79577561 -388261186262321
-12746 14619699 1422403173986
2570 31119899 -81977306034293
-17663 -6272288 437659023118785
13021 -67512594 15875538326788
-2392 -65531607 193935648740458
-4858 47964790 -6487005289488
-6902 90755261 -43006249279163
-4338 -18156273 39836579470433
14289 72520327 -93782996975907
-1175 -26929286 45331524944781
-12168 96410851 1550953736896729
13111 -57116560 -60510384104937
14201 -56780705 -153164382222615
-8430 -56496028 13163582660002
-13354 -25445928 57828691971972
-9009 43635707 -23493306344784
-13225 7057932 46491110053189
-11749 68558736 814627918967102
4557 15110112 -26217749469685
-4931 41485414 -61210646880944
18082 67335434 -32420215343878
-9813 26753842 300355616240448
-8741 -73165151 -1923631205617
15345 11623175 -517839391704743
17359 -2957971 -547319944719383
11714 -48125869 -16284542194796
17273 -12675654 -484684391057751
7547 -20205866 -13145182036574
3915 81148116 189665887939718
12288 -35578807 -239486846885394
-19089 5112354 1617332248948421
-15806 82134379 8520721017182
8611 -42914507 8487393038667
5715 19817432 -63926126876924
9540 27772925 -75740089847273
-215 56994272 5129328864155
-15016 -32542907 1955441127632
-7351 63751181 -23936093624793
14887 -65975909 -326533217602192
15878 60457896 -217617096221846
-2300 -53850340 57571514059722
-7247 -16370121 5435068691856
-15586 -36533156 -3587740420434
-12787 63517071 69198819103383
-14247 54985055 16177277264413
-15180 -19613853 1008537954845842
3125 67544006 46692047893012
-14560 14157531 -3019739895715
-1054 -75729317 376448010364713
-7538 80308975 -66080631884603
7134 -64932614 94624320455424
-5842 58786550 -132548906906648
-2506 21123281 131015635924733
-14608 -28773813 51491959032579
7611 -90082809 91498081843160
14663 -49206323 -296969560760667
-3850 -83446035 -21034631147602
-19974 12773074 723282451494478
8345 -74785577 -33891189708141
806 -41976707 60128196341914
9583 57588925 -47498385018654
-19231 -91933269 1382272011536579
11661 -35625587 -656253701878289
-20565 -80912810 242812232680309
-19940 5590311 1053975249379834
12266 67813170 -140367667152418
4649 91682630 -83873120292863
11522 25417244 5385329666034
-909 -12491215 1360797381867
4419 58277354 -96845968545817
8529 -13112295 -731792843625923
2880 -11255548 -55091185214686
-14950 -65354684 427291941161872
18225 51032370 -381269076236835
16981 -54265837 -149459881977911
5351 -45620642 8501802008634
9112 -56393085 -658198725812862
18543 26616324 -88172717666402
-6505 34055534 -5279579758330
-3667 -9973902 34269015152858
17829 14031562 -272905383268206
2759 75512153 -36087235212990
17020 86952839 -40643005449390
7449 -69133155 -190127607779116
13251 20994537 -200415891867809
-4874 -79359837 -338267389089779
-7770 15155909 419006821405468
13215 -68617562 -100937365051658
-18570 34431066 1117211216603744
-289 -17089495 -1708331836825
-18471 -68192390 6899342586434
8710 -25756029 -152114482193776
-7608 4995780 160494899046
9001 -91640334 99786777507548
-8249 -43189721 71595351832686
-5935 7511664 1264601761941
10747 81474483 100177290554737
-10809 80723867 935768295810413
-4224 -13510537 91613423733355
5891 -96705673 114184317805771
14899 -70505579 -635261906622
-11071 -23787744 78997991812208
16248 74977966 -1271527719448827
6075 41988152 54877731291397
1618 74314782 234764879621282
10209 81194936 -12560747380205
-5455 -55167665 825724518568969
1413 -62098338 211133148811240
-9479 -51443537 90045523498591
-11621 76036594 -9045377007509
-11172 49171421 72638306830013
-15916 -910985 746816032495204
-12750 20629887 467580549996876
2990 95528669 -944704357349246
10819 68778843 -31514557821055
-17863 -13131105 159369539226312
4073 -39262984 -80924691025
-19720 -96977340 223047714459842
-729 -94194082 307354376648131
-8579 24900645 455858289015872
3934 -49372988 -15486569913491
13979 -24380897 -461019873830106
15432 62912763 -123091386101649
-1334 -15727027 -38249419702844
2350 15564313 -103416027328320
5927 -92949565 113314335394337
-3895 -33283849 113058608520303
-17089 -63114381 110646046279077
-18877 -59625645 -31385446845336
-17084 -21533643 19264663083667
13946 -51017697 -422773071638548
6861 -87302956 -633675559696277
-11805 -28905787 357349794244903
15423 57896397 -22746527277241
-15932 -52382798 -8424812952409
-3978 -95349800 408730575318784
16519 -30002099 -307003153679402
3223 -32011506 -311711371505412
-551 94939828 -159165475259511
6372 92465850 -230202072915304
-3817 -91039000 -331137550926647
-5534 -59965063 -34834077893520
-12120 71686591 883035947366248
2156 90210465 18929887825019
-10077 -64135653 159113979248889
-3691 72283982 171073616585021
-8117 79621506 1445364278791226
-8984 99503689 335788363083180
-8962 -16762151 74076790751106
-3843 -59199444 -32644280779064
-403 65217654 6444568942345
-2994 -41540351 277060729599555
-20170 54496166 11209441665324
1585 -30795542 31011295159023
-18213 26215203 861992189328434
-3255 -56322397 295941841940013
15288 77265398 -1195680175179543
4415 -13579414 -387096503088910
-11203 -31593034 105090023990415
-6432 -69685999 327607497433672
9887 -38827473 36422704817297
6964 -61425104 55233238183442
662 50889696 285348171933947
-13612 12586262 503581295201366
17778 -52029626 -169095506270232
4159 17294336 3584444684104
-18951 -86926620 54624135926495
10868 -73877127 -789942461933186
17604 -3461888 -265735790147176
-9016 -59842546 44395112499576
12956 17656719 -171799506185518
-17578 82552674 616754382254780
-8647 -26327324 19186979607383
4548 27049746 -47218940970272
16046 -50080567 -131570433284466
2166 73534000 -50776173552654
6005 -45602523 -291590378631901
-19975 -77751695 279907888290589
5402 27055200 -531073151268144
-12083 -41938197 7897287297019
1071 -30574134 11539993011409
-16802 -54436171 1571962910041899
-8705 60170294 414445798879052
10281 69267978 -54259442626475
17279 -62671112 26912772660354
9115 -27924311 -154567933447693
814 -34117428 111209856981495
3488 45285095 44373286421644
15586 99672203 111005362538846
-15062 -87514720 215510437954749
6512 7282007 -114251519040151
15337 740751 -455248857381533
16956 -84684979 47792820659094
-14271 -93876759 28905380217846
10876 -88281892 123128623362324
14193 1196340 -435072137857910
16949 62804154 -14385036638592
1434 -612129 -24992897933316
-15890 -58756318 -35135232783290
1135 -12161761 -11993800407985
-17064 -92035952 162854036765438
-14967 -49084419 1465479080383791
5107 4818991 -19130658362241
7649 38117556 -13240030877299
-16189 -70948585 423729428808039
3140 8186965 -227062887206860
-1146 -44002290 -5271983469003
-13108 -10304649 301656019460453
12103 72744777 -2918325475963
7135 44730091 8733094402799
4242 28845541 -86158723755685
9524 22310241 -382270181448646
-1794 22417325 -31971975501026
-12392 87463128 251797200698372
1486 -52940460 -3351840473916
-16549 -22385318 1111753756468792
-11203 33424311 12305936701157
7319 -92317287 -45224317626677
3486 5980324 -3133424282799
-5668 33811442 467737735062268
-12819 -25309814 231642030599039
14175 -46448802 -22563827558836
-20094 -42264071 293188526018057
-638 -76118408 339849922923740
-1647 -67624317 -125309901398547
17768 -37820783 1683802093775
5406 6722415 -208027298531799
2157 82453671 -32809923056663
-14868 -51387349 -1916953890380
13445 73965009 55531253027143
-19649 81173464 4319973067845
-19063 77135103 32483886758517
-20103 21418015 221973373986045
4464 -92024940 126787286646613
9885 98681785 24064726649679
-11626 42809596 803416304885426
10246 -40365616 -6326511580430
13726 67135651 -3526614320604
-7474 -188363 517615445175631
-4798 80457827 593029551322845
-8644 16810237 692484917496603
-614 43017773 -182521480324786
-1328 -65810361 292199503923341
3535 11703272 -21267954471539
14267 72977111 -35333138058974
-14740 26075671 8956483518866
-6989 41989952 -301253314908
-16995 66059412 -39261290680576
2012 8380149 -208222190896469
-7425 -56838502 -15458976333440
-8527 89796867 -86201006654979
-3102 96689999 171300635147228
-9405 56644069 13092861011802
-8550 -64266576 14260445852530
14872 10476464 -282182156490018
-18577 -37256719 28412302781683
6968 7782547 -136405208589961
-10866 2454005 296371908798346
-6426 12529053 58923333626934
-14433 -72925210 4527239694573
16026 62546927 29641646265784
-5334 79212492 -170904983887718
9812 1107649 -30031130265903
-12319 -35777915 -814448526187
15913 16839475 -4374768556547
12896 94963692 -1152320188927510
-2624 -5283528 4108079025542
-13491 -16191968 707699965943009
-10330 -41061810 -332856862666
-18972 67603159 112247571201104
-13024 -42173486 -16168803899516
13841 44688477 -631234571602559
-1254 -12801813 26688203418582
16264 97677391 -1699282515527
-1575 -97848797 -71493055760146
14551 94843265 -953973850110177
15803 18010238 -724847795547593
-6148 38538873 119011774078273
-10675 55179044 83951174386288
6719 -11119692 -490661153594407
13593 65157961 -149726204240641
-19352 -32436781 1705273110769668
-18371 4383952 841248156428390
4494 78772686 228708903924078
-2216 96901557 795246709528994
10131 -52534705 -650539054425245
-8025 -85003654 368361658864715
13194 -47346950 8557628211152
11641 -77553072 -683962418417616
9436 40673119 -25712909050610
-17573 33956407 84244724296297
-1658 77472490 -116013242783575
-5210 -84339987 -55564083565479
7614 -1395270 -2714232642120
-9755 -38378719 258598280358547
-19476 -718981 543992679228389
8565 -48193535 -1123244352168303
17970 -58604874 -313294544033107
14448 -46588215 -423454621494517
16730 57760883 -829737183189334
15364 -71874099 -420389057043125
-6518 93568844 1242646642707014
11850 98649005 -185531407173115
-12028 -14447196 624777164015690
10577 1020825 -41962970094051
718 64346615 42141424638829
-5829 9327867 254571083320099
-10330 49664525 42982248035802
-18850 64587264 301665930916146
4753 -13908464 -500954847280526
-18487 32933026 359989498590863
10651 -85772669 21996072808580
-14604 -39188638 1143164067790988
12848 81577302 -7744102924352
-12837 40637553 -24272570298511
-11074 11958241 699109963061939
-2559 -4741719 603861718797
6770 48723320 -341021978976522
-6413 29561736 181824700227491
2913 -24619839 -71893409935180
-11878 -53105868 121126103088395
-7743 416376 134790156163322
-3615 8502535 112535700061504
3147 -66843108 -56352068833692
-13003 -24208295 126831366882243
1634 -84596338 76496020637744
9575 -68516206 94624330660371
-10531 -56119304 -5531778494057
8629 58969582 -185767171381026
973 -11405704 -6521633720702
5634 -77978111 -7905530798778
-286 -286 -286
