1000
6566 8558 -1338 7727 1008 5984 6570 -8400 -4879 -4532 -4068 -5355 -8667 196 -6679 -6092 -391 8128 2709 5988 4726 4112 -4126 1419 8041 7631 -7307 9894 -9932 -6267 -3341 5239 6090 5404 2345 4775 -7234 923 -2276 3059 -4790 -3985 8946 1335 -8615 8087 -4164 -8544 -9887 2984 -6066 2952 3194 1619 -8100 -9895 -4932 4419 7417 -7568 -2332 2827 988 -4869 1142 -3314 -7578 8920 -7083 6534 4621 -8370 4724 3406 -1351 -5636 -7662 -6756 5195 -185 -4105 -5462 8399 7356 -6302 2116 -7508 1432 -3061 6202 9215 -952 -2542 -9734 -9928 -8183 -1158 -9735 -3044 1682 -2806 -7603 4688 3748 7206 8079 -2342 801 -879 597 -6592 -1417 -69 2319 -7848 7245 7501 2456 5731 6940 -424 -4096 -8452 -1965 3754 429 -9252 2538 -6457 7269 -7720 2187 6415 -1483 -5731 1927 6158 -3236 -2040 -4481 -3147 2299 -9059 1704 -902 9883 9170 4284 -3586 4576 4238 7952 1180 -1034 2937 -3165 -3884 517 9655 -2774 2859 -3888 -4841 737 -4543 -8340 1220 -505 309 -9056 -1371 5000 -3683 -5072 9701 409 -8477 -4549 9178 -8620 -2518 7159 -5087 -2053 501 -1829 9796 7001 -5630 3751 -6215 3773 382 -1461 1691 -2977 5221 -1559 -3482 6221 -5316 9275 -6755 2258 7609 -4891 167 5810 -2192 -486 -9751 -4483 -3301 -3829 7193 -4080 1305 -5700 -9127 -1853 -7434 5561 -8159 -9871 5719 2274 -1560 -8860 -1107 -5961 -1757 -6355 3693 -9057 -9218 9031 -8248 -1089 -319 6368 -9057 4792 153 7945 -4496 -1744 483 438 1809 5886 9877 9067 -3350 8645 9278 -8864 7077 6450 -2457 3121 2061 -9784 8664 3566 -5704 2767 -9949 -7055 -1083 8717 25 5261 5185 -8823 -8213 -8244 8801 5797 4888 3919 -5206 203 1346 3808 7863 4438 -4795 -8164 3371 -7478 -2986 -5311 2234 -3595 3568 -7146 9837 -4532 -670 3705 -1651 2224 6380 -2634 -3224 -9409 -6130 172 -4234 6053 6305 7101 -4614 9881 -1309 9053 1429 6575 -1538 -7056 -4207 5874 -1184 7730 -5117 1059 -1032 -6690 -3587 -5246 -6378 -5893 766 -1754 -5973 149 8447 -8257 -8229 3006 6976 -6474 -5812 5981 -6549 -4891 -1739 1827 -4418 3939 1264 5114 -2745 -3325 -247 5085 -868 2076 5151 767 -7786 -4921 4200 -1093 2664 -1204 4376 -8121 -9830 -9642 1361 3795 -262 -2764 3332 -7106 -4158 5723 6844 -4195 1197 -882 -8365 328 2975 -1127 4371 -8894 -9499 -1598 2327 -622 1234 -5808 -6846 6989 -8258 -6952 7103 8608 9746 8133 -6429 -8650 -158 -2392 -2969 -3681 9232 -4254 7653 9862 1101 -7822 9411 1704 5112 -3306 -8962 8441 -9942 9896 6458 740 -6428 -8801 1183 -9976 7393 -2370 -166 -8061 -1425 -389 2363 -2660 -2478 5194 2855 2497 2121 9913 -1820 5289 -8456 -8220 5676 -3974 -5683 -2714 534 5082 1565 -1117 3352 -5433 8202 -2685 -6180 5081 5224 3887 9986 7410 -7604 -6758 -975 -1870 -7979 -7848 -8482 -3174 603 2948 3023 -7087 6853 -8594 -3585 -2878 -506 5164 -7889 8513 9712 2929 3366 -9646 9878 -1906 3294 -6593 68 6686 7054 -5302 7298 -9251 -8899 -3334 -6354 7727 8755 -6759 9625 7513 -1676 -3811 -1140 -9739 3529 -1856 -9494 -6938 1280 2122 9891 -8360 -2667 5816 5621 9281 -67 8022 -4511 -2169 6666 -7328 -8584 -1519 2607 7324 5838 7124 -6751 -4187 5971 2518 7410 1542 -7756 -4958 4752 8343 -3129 4845 6535 -880 -2319 -1034 -7097 9503 440 8200 -4316 -2108 5095 -900 7197 -861 815 -9311 -7002 6866 -1389 -2410 -9985 -3928 4797 1727 3418 -5906 -8341 -4795 -6239 2626 -1970 1628 -894 7986 -7433 6077 4929 -3540 6123 -388 -9934 1475 -7417 284 -1832 -6819 2503 -7091 8987 6469 6172 7559 973 3655 -7795 58 -4786 9681 -4941 420 2873 -4892 -5905 -9593 -3945 -2239 5404 8715 -3518 6598 4175 2624 5035 6888 8548 6447 6593 6201 -7005 -6826 -831 9521 -6900 -6224 6585 -6345 3876 -6430 8286 -3852 25 1378 132 -3290 -2687 -1841 -2335 3882 -4087 6897 5176 -3321 9092 5105 111 -6089 -170 -7562 -4006 6809 6177 5175 -7651 -2565 6416 3886 866 -9954 3940 7037 5810 6151 -6917 9024 5178 -4491 6484 4601 5721 222 6070 -9724 1519 -7126 4880 7753 -6017 -249 2491 -433 -2269 4707 -2277 5012 -8956 -3852 9043 7473 6450 1705 -6618 -1136 -659 -5865 514 2625 -5538 1568 -3660 2774 -8486 1346 8769 7965 -5151 3394 4810 -1845 -6002 9405 5695 -4414 -937 -514 -9989 6212 8325 9226 -7644 -7986 -7457 5437 3350 -6236 9008 -8437 -6559 2002 -1977 3889 594 -3297 -6362 3454 8803 3200 -3441 -9040 5354 681 6136 -3794 6537 8928 -3458 -8300 9196 9479 15 -7749 -2196 2425 934 -2305 7514 -6227 -9679 -6207 5034 -9179 5537 -8163 -4257 -5589 -6051 558 9259 -4479 -6787 5885 9034 655 -363 5618 9430 8209 924 5679 1064 1830 2735 -3829 -1505 -1834 -7948 -1286 2546 -3579 -4220 8816 4162 3599 9331 1454 -8669 7372 9095 5761 4640 6442 -3483 -2521 506 -9351 1623 8640 -1549 -2852 -6223 -2716 5309 2597 -2398 -7142 -8015 9798 4158 690 -581 4372 2469 2807 -8471 -1893 5700 1279 -252 5980 9674 -3562 -2161 3287 -4525 2641 -2721 -4363 3448 4091 5542 -2871 4732 -904 5706 8974 3615 2721 7628 -7145 -4332 -2302 8194 6415 4904 2004 3568 -1467 3224 -7519 -4170 7731 2847 1466 2143 -739 -8219 6739 -6283 -9278 7082 -69 -2458 -5069 -1079 -3162 1128 -5238 4424 133 -3766 -9940 3498 -9183 817 6701 3670 4232 -1779 -4898 6278 -964 8769 6766 -6550 -4855 -6563 7104 9149 5014 5144 3547 7752 -4292 67 -9742 -7251 -567 -3782 -6184 242 -7523 -2410 -8820 -536 9829 -2687 6546 856 -1819 9045 -472 -9142 -7285 4863 6150 8619 8188 3892 -3631 7822 -5488 -4446 199 -707 -2965 -7498 6113 -8494 -3878 -1514 4301 -5976 -3264 -1866 380 6447 1955 -5213 4094 9939 8698 -6326 -7649 -9516 -9047 7591 6075 7444 -2226 3059 8379 -676 -2811 -1828 4174 5836 -2900 8248 4392 3608 7405 3 8796 -3144 6149 704 2546 -2014 -177 -5856 -9183 7137 9489 3053 3522 -1371 1282 -8451 -4518 8907 1446 9283 -957 9412 -7169 
-14298 -35412481 193533978848833
3157 -17324854 -9980770468163
3701 -70042419 33482719916383
14718 59689685 56152579626788
-15750 -23260645 82911999984623
14969 13385587 -929552106291647
17423 -89351748 -540229218754076
8352 2260804 -206524680897828
12474 -44986002 -283157596145736
-98 83373586 389480660998745
1919 -14738979 -8756383017342
3693 -15621494 -1295766748731
-14120 -33677545 846507483972450
13887 10302333 -116102721857203
-19759 43320972 110416557223445
10165 -44345137 14041255987177
-14769 35051389 -2592021790573
-3166 94638377 414950264631666
6222 90491229 153915147567689
-4943 -29868029 160269782728354
2536 37987200 91403758736180
-19477 -73207537 84705441928065
10502 94283261 136022299520293
-16683 38812079 130730851079267
-13952 -33809108 468081120492198
864 -66043635 -40951290342881
11556 11613489 -128534339002559
-6045 6028783 78036152014358
19100 14298419 100718030643
-17296 -94753895 352738685405565
17203 -39800956 2511342325129
7409 -91026050 48495098601429
5743 -57878889 -408271229814727
-5482 -99960149 -102760301796789
16940 13770643 -98700894147631
-16525 -99043776 3978595430749
18581 -17702168 -56545357578847
13774 -40599677 -176551912757647
9589 -27545624 2975639653352
14656 -93010559 6502650410332
5354 -15909113 2212730821265
5625 -41118112 -78802772898504
-89 15777273 34163705514381
-9959 33373320 13460882202835
1763 54913773 86731349215399
16144 99248627 -289414065139145
2767 -6278507 -235094130643728
5577 94968091 -28676912291809
3434 -30341943 -372100443640256
6303 -53011509 26969340101237
16411 -37629001 -303962907336604
12350 -41415076 -95562014824072
15660 50264377 -28848348768127
-18264 10597526 134613357314132
207 -35185417 -11501453003172
344 -48785543 231932289941729
2142 85711687 -1069550704952769
337 -65365131 -268906450494003
-17192 -30686115 318101646538
-10480 -2570307 6186062491071
1272 55547719 -263249811154444
-16545 -41977855 753267744098548
5897 56728648 -419037741600709
4011 -63200072 44670618103657
-1341 -30899999 27130457781324
18497 -86329538 -164793648227687
-4779 55130067 209353460525979
17293 -28830334 -2643474519212
-18530 -45095968 352905772206332
-3461 -95011926 -16237490551588
15284 86838998 -260645721569270
13959 -1852000 -663583206465896
8434 -13347004 -149382579695535
-19412 -79626773 767293097074358
-10540 42861097 217169042983291
-9500 99215510 -88861970578425
10683 84307249 -635439606965859
7280 -14322006 -30975942384273
-16748 -44926367 639950357922158
10230 -69351284 30084532568490
-8801 -61118794 -45706146118014
7821 44440151 -73606738877713
-2699 73608957 344605804109726
-4231 -28656673 47463266067025
-19013 -27972974 -2307637290218
-16044 -74631179 55241294370911
-14740 51865485 333974236565297
9089 14897744 -2892563062655
-7795 75741695 -2785086911163
-12931 -56441349 163227661195077
4827 -53067045 47344517925199
-6391 79485522 -152610503532696
-12944 85588112 658170399080878
-531 -42471570 238510068684353
-17673 29729512 339938809836018
-2649 18208993 156123767779731
-1759 89129705 70045983081711
8365 13685031 -388767846410804
-4945 70622905 -225498398112459
15208 -28648995 4228601456697
-5367 -20865225 52165886052049
19721 67870291 -1505744778897911
-13390 8057613 382193142511516
9869 3641345 -58280629786401
10200 27212220 -790490688201778
4155 69055993 -497172555156395
-18402 -64122475 742784483068718
15110 54916204 -235507719038080
-13200 74643750 157476878062941
-2722 51388140 60378722938317
-18532 90813486 -33781710979780
19694 68489895 -761687948923543
4436 23730604 -95403986578034
-10952 90874033 -7547284016552
677 -93522631 -362703756861891
16870 -20102093 -313938726504778
-17439 -7210358 103540923843925
-17465 -69518784 221375367670650
18588 -59203964 -259674031631230
12086 67143687 -395188398714661
2674 34559883 -82170147667273
9307 -68747704 -118427995438629
-16117 43458158 509324325016144
3378 -59406511 656019092716
3072 -15626294 -250580251284057
-4081 29617109 -27366844980885
-11001 18879809 460139746764855
-1406 80846199 192522108106679
16093 -70942681 -173995123505539
-11250 -71449667 -8095477819338
14693 39264690 -384080786015596
16495 54020977 -47442906689079
7315 10098257 -446699270821595
-20823 12227190 1184529444056157
-15330 26349160 10041006486284
9307 -21265587 3116843897992
189 -53289727 2662039030655
-10834 -33902133 454082876953156
-4099 6353797 3949829971374
15976 -18325049 -272999358452903
15836 -49133684 -662400968662382
-3461 42839064 -136816027136432
8520 -2395282 -263618681625150
-534 -27342307 -64750436970179
8250 -57249420 -474934678137586
6202 -40765978 -123889367741328
5737 95553193 -1296296601619609
3769 -8540471 -171139602446559
1724 -92345616 61093730572988
12014 -39925844 -11592543559408
-10236 -34109055 234047853794633
12107 6110749 -104470048586841
-4417 79775149 275940253964037
-16204 78755644 147383854913066
-4631 56419229 103975321733627
6341 77437041 -70741303652345
-2007 89666758 111007303641738
-15818 -1031843 9399524914923
4913 -54896765 87386877256593
14699 3745597 -411099782410091
15062 48216879 -4592218741408
-9921 84209304 386661043820365
6558 91771945 216990090982053
521 65173758 -274802073447756
-19260 28915909 197331913492439
9678 -14044312 -520262914311542
12822 -91584658 47067163878500
-8669 -54310790 31370716612683
1229 70204004 33173666151888
-17995 -88311890 -16588605452633
4170 66981100 34721771195552
-19397 71153703 54945396223379
11560 -807973 -60398226365547
17595 22702616 -57886189368671
-9000 -62379256 -26676727585860
-12657 -91046586 -61012594923514
-12411 -82747296 27245049309136
-13913 18167167 7263901694361
-10735 50913838 7805560329120
1147 -28758609 -15124294388717
9711 96441659 -358856546417423
9334 -66054146 31846372132544
3430 -43426152 -141984682110434
-12625 -43946116 355545554062484
-5950 -3744706 187887315866188
-16235 -55009072 150210505501129
-16008 85686042 -80205301517566
7244 -11473187 -59345572191435
17244 14117370 -444712324312110
16458 -75266563 -1192452802682232
19374 39059458 -1480794684838442
-18822 -88680466 243392236854130
16502 -32859851 -2058202310702
-6117 61294107 77689035273702
17165 97092765 20669547904095
10251 66963060 -236990757701619
-6949 -98331455 491657243398823
-17659 16256349 286841061111533
6025 98839144 -781413743255276
16998 7366497 -1217859522544463
-8445 48558165 73137231186158
-5580 -1652808 174876944311874
-9622 8674142 208845670354740
-10165 -14692376 30451956028215
5056 65584274 39490337148644
-15612 36268176 623563594339560
2314 67679686 -411114535073566
4467 -74683601 -452299724684439
1525 -74164973 71554416812642
-1904 79749346 288748935391982
-910 -96430783 48708883511313
4209 -99877188 99964385720313
15750 82883057 -200182481448924
10729 81455340 -30613703356078
10038 59162722 80829851117314
-9781 45922454 51626921060605
-1749 54403623 127175924661876
-2230 81662897 43019801940144
-10965 1891474 11346499589964
-10823 -74121165 191106762912517
-8610 34123696 185532442249854
1559 20358146 3481265118067
9711 65804675 -241359640867363
15417 -20912071 -1380941019474747
9003 -34578358 -116054968599463
-1304 -56288320 -227448238671134
-16236 70911007 672010783300234
13775 67488506 -220742496810749
19032 1472848 -687017608385133
-18140 93324295 -4641528920620
16899 45839080 -1467043078998424
-16893 -12308313 329276658002612
15630 -44010183 -300400114027801
4715 -18133443 -196448088104530
18698 49478752 -60162953821416
17725 -24747213 -571512778979055
-2354 -51719604 87491981572602
-9361 37063393 31929597421695
-2807 22950365 -2788795398107
-10992 -16929317 -1816418655822
15354 -22058951 -22030267040337
15945 29766869 -176816048155221
17875 -23767266 -306852632265317
4542 53716498 -3920226907856
12166 69207945 -1130038310425567
-5000 -62596346 121803454936770
5022 81366348 -96418372916320
-5293 69152503 103719557091032
-18396 -39626768 661790948941892
9633 75061354 -402208775315679
-14642 76395455 400593267894724
17119 -26356053 -91552270207827
-11610 66978855 721710453215171
10443 46038135 40564465229455
-3802 17195829 -3743533232287
6862 -95196256 -102563146356294
-9551 34699783 29311966932699
17056 59768656 24743286817946
-16273 -91408764 -21491550814123
18308 96531928 -46727329436018
19353 79221152 14735888926135
4562 -9636717 -6045858069051
-12860 -71502244 46504436213701
4090 18052458 207365154430
4724 60078636 145443633293130
11306 -5689373 -155901901864946
15998 38240548 7353168813093
16355 -93539143 -118419891880805
-14394 32185843 278727183657295
-7808 91364234 339746469180999
-1 47225610 -1645944134551
-18124 46318592 74189456276176
7884 51670112 -166679102495682
9189 -23399716 -125495229414438
7297 -72009420 -31159341100774
517 -66489041 -518868440245
16614 -29888654 -312298049710365
4114 -52013140 -133655457007412
2813 32660102 -31451376767542
-7538 12256680 57426335432807
-17360 1717584 88236706378479
17833 -59493334 -62024296807842
-2423 -44078343 -28418722654653
-8613 21479665 -1130327388619
-3754 -43270696 293184068460646
5984 -94113726 -16111066883154
15444 69399704 -1067906677893697
18604 -21144912 -1321201872385505
-6130 54587300 -12235828062998
-853 20508113 -34026061238499
344 3865645 3001470928165
3061 -64598817 264525149485373
2775 37326637 -5989616930919
19314 -70276961 -20202249996478
-14046 23789912 274868431488019
7655 -47794331 -241222244669997
-342 -79354042 197123012294704
-12069 5609593 124445778141611
-115 -55788828 -75175475877621
-19933 81865059 20752516720161
-16259 -11902216 55929108396631
7757 32773079 -7674610732593
-18179 19086069 910500890772521
-10993 26449838 99522871667010
1872 -20853887 10912722262662
7368 47812026 -230655632164183
-8665 -37443958 -9909542236644
13919 -90190688 -117049276308580
-5793 41894346 -6102362827409
-19590 11937934 3785714549028
12903 -7212777 -490038653993717
10916 -29351022 -56676712906006
-16334 -84325843 -33523425488824
15461 -2492122 -306532335005705
9863 95345206 31876169083761
10529 -63182094 -91564086400964
-16106 93991607 102617835773646
-851 -71760996 322891287127172
990 18469506 29929033810672
-18567 88153133 406032539154244
-12362 -61052136 287779515144646
11348 -64662234 -345481686359566
9593 -73501422 -37214768685894
-20197 62432342 119239367930440
15961 -55796828 -152574967549044
-6372 33593357 41471657421367
7282 17138863 -316238919312132
-9024 -60084207 -22823975990150
13742 40051846 -299152163521220
6861 -16454233 -8678829531828
8569 -29125515 -282824752422767
-15044 21725032 459270672417216
1431 91715294 629457924426590
-17646 14900960 442441945721464
-18305 18271780 178441736325409
-4056 -76476200 452592187077540
5267 8454477 -435056163064801
6441 82957903 145146063163510
-13775 5154354 46374456323812
8732 -69712476 -112273664977490
-9171 -40114418 -16946576261786
1778 59778785 -92165627151447
-14529 4875360 101627115091239
5317 -4454967 -46911919701133
13057 -6756704 -3574744124836
-7548 22036151 124166376203247
7521 -53831610 63322535846864
-14806 13806780 317041173926
6530 -61280631 -22976473104803
12179 98470633 -54358255348361
-18056 82739523 -72957557970534
-11243 -43001243 23378196135741
-9787 -36207773 250612222912738
-16525 -2849656 30623950189241
1257 41378391 -34264169970449
9235 33570576 -1142356946451379
-4525 90651560 -132149093748591
11899 46982553 -72924695883708
9772 -59873706 -289543981899100
7011 -47939759 -68675038580615
-20035 93069015 87502755127835
-18440 -22245506 392596702660356
-17169 64882221 13364063790458
-13733 94353589 -6575659297023
9776 56456061 44427426178643
11798 67780005 -38879783217943
18469 21421763 -21903099486935
10233 -8782389 -326346459824626
-16028 3865499 1026575096380708
18695 -63400098 20368826535866
-9046 -98946867 1661634704388032
5854 85946857 -338372206404437
-2423 -60343923 216194999509852
-2889 6445179 22822178865008
-428 -57894524 -241539203696311
-16261 -89961107 53434347141971
5264 -67404096 83949753414254
-19685 29101171 47273244185013
6496 41235402 -356119005996511
-2432 -28920815 174475442536147
-3278 54968611 -6804624612825
-16982 76958639 95271564092434
12998 38865357 -60869926663274
9534 75851477 20219630969728
-19833 -71026673 253723276620171
2766 -26672485 -44908437586645
-7276 89979031 754486099692745
16678 -86753226 -181044637990774
1303 35038312 -124627571158514
7352 67689826 -234010422432126
-6719 6329415 69411358119011
-19382 98893689 560945628557123
-11307 14982012 75503358523146
796 -44900748 -9478146464162
-1987 5470800 -2322924655294
18418 7693366 -686888374694216
-9801 92804661 9304194048566
-7467 11824645 307092072333360
-6794 -66131672 465749375989358
9088 58087039 -87652277183819
-10108 76681910 -18576287344157
680 -29160782 45392184743310
-6224 66765803 -94433046791675
-10750 -15953067 181213271681672
-14112 58490999 80204224580941
-10798 8423938 638863265055246
-12250 65084968 494291907867458
13645 59734851 -362943099125257
6858 -41650866 -5565164060568
3238 -99497226 -253890752973214
-12547 86056128 194816380963073
15687 -92547002 -13978893391868
11235 63059861 -1033192283297
2102 -98327063 427145102843870
2257 -50320397 43158692645091
8157 15257995 -595939820271755
-1819 30217586 -81429362672874
2308 -65051394 53218579235441
7994 -923694 -724033933822
19236 40110124 -428338825229249
-11105 98152202 -77817509582285
-14218 -19700712 380919426538258
12132 -29651384 -26506357137588
-4040 93703350 38950644368982
4386 -63381443 -3945594459334
18832 -70328228 -5822064975426
-15681 1938573 187672418930899
-18305 63412048 3645053994899
-17155 10824377 13284670452732
10617 -56242096 -449523167916891
-1427 50787804 12527997012488
15278 19993549 1551634321607
11667 11579756 -11998330938891
2210 29066497 -197322083789
7353 98896661 -48164662558142
-8290 57645605 -51220577323182
-17059 -92603395 131514032930365
-18157 1262053 481107043085783
16616 -21156678 -227381283784984
-4105 -45220773 153912315291355
-20002 21594921 187881668832403
-9521 54887003 114448399886926
19044 -90230352 -883296787067876
17071 -41323919 2010055697571
-812 82655958 334060781456813
9547 -61241595 -18697324615461
-9678 30806950 587398479500767
5101 -74982494 168164945993536
-12428 -67074437 112054389239777
15805 -43941318 -1036657671027
-8888 -40456902 104645629663328
-9867 -95168107 -102798728894257
13719 47851797 -12308215349309
13810 68073735 -85700631485554
-808 -20914718 -27263426976632
-2875 28037456 -33636153116275
-3496 -25478884 -2554873090517
-12256 -91062125 -130560867179939
-12286 74011464 737888841435034
17453 68972664 15413325556130
-11633 -20925398 139846028832607
13852 44753166 -90460915811158
4319 -65028743 -194232252356229
-14962 -93232489 190881186318453
12989 66857011 -94119856925695
7029 -53599769 -412697498048991
8552 10692815 -116286585192309
-10835 -94000798 86932738705105
3882 88268185 -50025655124284
-15851 -77936174 43279913486322
-5958 -69268802 227069484080147
13898 69005669 -856163147640398
18652 62452502 -69060021059265
-9340 57745623 -2868700708929
14968 62616440 -354086223669346
2949 26973716 -163359140552361
13961 64061309 -37438151464851
13072 -53683395 139715567372
15817 3485363 -269135120653343
-16461 -15565598 344252187970233
-3074 24190111 29116997087631
12751 -9765685 -11933879811105
-2715 39183314 -52638878283289
-5839 25113371 50477231640230
-10597 -31871468 212053687358728
-11244 42486913 -35883742205241
6855 76397062 -711800263932865
7851 49083022 -224004883300663
4605 25517644 -94122138916663
11015 31461014 -60615084287103
-15612 14681157 12959452245526
10406 -29464388 -11948388446435
-447 -20730152 58219775036256
-11756 -70280195 185395126097452
-19663 71755179 90802399779929
1294 24937466 29124115022287
16629 -53999965 -119130742212171
-11074 6581418 375149410752060
18051 99408669 -282011773895165
5765 70008026 -5716349747595
-12831 -89638522 670730596580415
1593 -80578342 106734905377469
11177 58889576 51506856415330
-6270 -69841909 -4932161959251
-7037 69604103 -125594736994145
3153 10199062 160971345173
18762 -79282260 -63959530135973
-11130 10433121 301392822156797
7814 33141887 23635708949745
5392 -90085180 -329228625033237
12751 -87668079 -490384038454499
-18391 -93445095 281570513226744
4543 -42967696 -243162743215681
-5225 35291786 -4369416560574
-5972 38006240 -6143314735535
12953 25174039 -11096261146497
5865 71025875 -55353996932309
-4052 52150190 -154216510595698
17914 98272937 56076599551915
1201 33148053 24806797789361
7961 -12835208 -8881965052945
-4194 61666059 299783848979638
12063 -21367797 -135734894748935
18471 81122469 -823381596170904
15500 46786944 -29336626482590
-12888 -5500323 350524255998604
-18843 54438445 3658547094321
17448 -52126831 725994425673
-15941 -90802554 41333214614747
3595 17011053 -41941930996859
-14956 50862026 -7966153261672
-8444 -89745461 104647272095457
15121 -59551876 11968415764614
-4500 -91340689 -197770820277896
15213 35664054 -28403906213160
4248 26127705 -117484983041628
2419 93642811 -548138831310347
4818 9141578 -102668603596100
7263 11923801 -47745726581950
-9909 -58780448 55624355370812
17985 12354802 -667297500750537
4203 64857157 -37130350757465
-13709 -81913461 36576148762601
-16303 17328874 43342626810572
4535 64266054 130541890801250
-700 76620760 544583173527582
8061 62067076 -225327620010370
13891 61626148 -1965619020098914
-15793 -27631258 694893224644372
800 97931009 -287048735089
4161 -23731804 4479041440485
16698 36749910 -4856485625672
-1408 -67303979 227405105589720
11872 75665422 -608317344633360
10706 -38367237 -12032537135835
15320 -18444121 -116145305716775
16273 -89328322 -26925694655433
5838 -34883174 -41633872567301
-20374 49638135 194718875166414
16925 -28014700 -560026444833758
-8222 83886508 257640640446556
13928 -46832713 -1109858441970761
15162 -35928528 -608805407507706
-10536 -39132213 -13018933589299
-16531 -41975618 531680634167877
-2358 -66045473 -163485041734099
-6917 22133594 80420410726490
4771 -47817402 -34367036053030
-11378 88678060 51792351148116
-13037 -26649359 372613896941799
-12697 35527090 22544975413708
-8792 39431586 11757602923428
16590 45037427 10359654451812
-8924 16217006 74572169280393
4470 -53297051 -533542583436042
-7933 -85474636 -50930704587339
10808 96970941 112250635557280
-3093 30491012 -56261034092219
-14770 -37193291 -19053223969195
17424 -58642781 -93701353543716
11952 -3599989 -95953782115350
-13739 1522327 140109220597056
7339 -37838523 -486018988852521
-13160 -83281557 185585525778134
-8965 53483151 10907897352773
77 23559209 -30871178029665
-12778 88002776 504809792215
-7725 -18912391 757081597648338
9601 -77090355 -774709275439439
-11078 33060697 179450482470485
-10186 78749439 -87274648317884
3786 82829982 -322863061450854
-347 29834905 -6635723206972
-17944 47338905 -3096665481019
5371 68627166 7489177519661
-8499 -29860006 242646823016363
6643 42769848 -13535490706998
11348 -46604221 12114842973221
-2293 -11877639 -2331132295185
-12435 31920177 155898065011885
15585 -49749748 -27146644820756
3186 -63964383 60704029755519
8052 -14936522 -121193546040
16845 -33507872 -7565648226250
5052 -41740498 -152586106117492
18853 -24077419 -71278831385315
-14425 -31049649 605297866312132
-4381 -67402469 152986627863230
-18395 -42514168 956197825555156
-12278 -7060802 408371608251
17477 -2464896 -65373344118668
1753 21588474 -96501361410960
-3043 -94166272 -169416446919763
-16288 -33312329 277797084129092
-4085 75535258 509940621181766
15947 -40484967 -15198111364195
8173 -87079249 182925010401860
-7183 46853454 226715468002691
-8562 -25951243 -2814376493996
-4032 -93868440 110375113604282
-15272 -69644080 1338395786775058
11025 59617057 -246040877994725
19036 -99799191 -80691973685419
-6731 22667763 23453518145429
1143 -81292092 -602888705520250
-15068 15814424 78621289669983
10782 -28824813 -216689670646610
-5561 -67108198 -181557246373017
17352 67631964 -294626387814376
4416 -76843578 90004845780470
12761 -19088241 -533032310464117
-13028 24498 5704786862420
-18473 -52180075 358274863337473
11954 -83315199 -49759310571374
5746 74054947 25904695730555
345 58400092 338337158345042
3109 -1053277 -27273035501103
-17941 -93262280 59255596357342
-3758 -79433418 -147488216971371
3513 -74381762 -187210920220705
18842 67389132 -826555979524946
-3800 -18889370 -13012863624718
-17522 -43515783 306322824046542
10292 17084447 -74783098713889
-14793 -17599344 97531622750536
-6583 -26172729 295291241952229
6693 49641036 -172610732602844
-14197 -32692160 962652024052021
-2915 84324347 31055961839311
8250 -94420408 3422085315281
-18516 -60571485 -11185752461765
-13763 24663096 472783454364698
7796 88793672 113488815518370
-9570 89835464 -136245154545766
-13043 49774230 -20169453280917
-16927 -31582621 49364346861013
-12076 -68742570 -30962001403904
18589 55440000 -378469973940532
-5434 86262168 -381186482366580
4134 -6413147 -12703234665848
9697 83014597 -124111659856188
17904 -9793263 -24698071838686
-13781 53330384 4151417458895
5997 -85872568 293830002824341
16633 -13100199 -17928026171793
-11408 96169830 1074674066405750
3898 72091197 -319823609986803
1271 98355295 128870026072005
4153 -17073814 -107639682248938
-5720 58797110 228706746801124
2599 -36353834 3783819983116
1694 14188892 -3255167005088
-14844 45123562 260211364116104
-13026 18515620 2370421166902
-9124 -39367512 12010047142850
-18846 -92939568 461157835451334
3237 -16489225 -29925857982895
876 -61813361 -76739541832235
14092 92665150 14406379644792
8613 61467541 -55987161635493
953 39097760 44606731172934
9986 -60520502 -17649673859828
-16612 13020020 962561031052430
8517 21599377 3874170708009
-11020 97662104 -56329987591418
-1592 29607347 -88222664569908
13209 -67189778 -26812976919803
4032 -76893572 23098736759834
15951 -43594451 -296755307100114
-18206 91969687 -25804299441986
8092 -22416356 -164294856612028
18812 94123992 -616363369511232
11716 29062867 13926061217132
11723 -52668247 -31658940177389
15274 5354035 -113649325115507
-15768 -60866294 165355725585236
-1742 -58861553 -75848156356165
6393 22702946 -46799453736872
1391 -36213101 187979819667373
-14408 97923813 -20608573772241
-6682 -47289740 122132580740489
-7026 -38921365 -17391455615911
-5956 -35047731 385545362674212
-2467 89905179 -50321355883086
14212 -3846206 -2259573708112
-20071 57299994 -29752412319514
-16313 30697841 1151795610239750
-3961 42950532 -41836589693352
-8 81623761 -65590444452725
5615 64574008 -422832983881393
-5811 3729765 75194650783408
-6538 -91767114 44097990669737
17327 13818334 -334604481902103
5506 86592546 119876185475370
-19735 19587911 930686917192565
17451 16376706 -307297135702480
1204 -19235935 15082368479355
-10419 75856376 -3643152518325
-19378 -20557550 32944607113781
17693 -91945047 -243963899115391
-18245 -74997090 184644184591410
-12642 6918165 510535317345076
-19824 66349551 884613024213450
-4382 85202366 755251138424392
-2768 -2624008 1301907286935
19406 -73110439 -3023917267414
17624 13597917 -5546665630245
17717 -67813475 -371467124703539
-9704 58108003 -2009767575510
14571 27860986 -18413960182095
-7746 7624398 592852168505798
-3086 -77719846 55330475004397
-1815 47423687 269484288070259
3020 -25402873 2578520092076
-13838 61698263 298611589801114
-13810 41296140 -8135927722630
13531 45892105 -28531294868067
-16863 80274104 138225739530332
-7666 81903647 -177567684680683
-12115 91777730 343002860564608
-7860 -50873392 283125593363
4700 4559448 -65167392810385
16520 88781255 24189961263880
5101 -87386798 -509977075195752
-16629 -19793140 128407959691943
-18788 99427433 77186520951549
-18316 12788027 347305825713419
-6712 60906928 -178461806204
-19540 44921750 198061097055026
5692 11733696 -285763941706128
17978 18836561 -144265518665518
-8846 -3853406 36411386334250
9627 27167766 -119657264673928
8191 99523092 -17093897328610
9470 17008801 -594417194197609
-16572 -13692938 514141466576799
-10837 -39531913 449448297677
-20534 -45110552 951944961296566
-8544 11538193 158926811344700
-4648 52687823 224286736273705
7820 -39486754 -14313690748508
-11838 47961780 -37267070585908
16030 71301535 -144294832437614
-7227 -25135568 206154866908787
5005 78820090 -22998018430244
-1220 78121320 100699456016870
-803 33623620 -156010305301963
-11732 48587316 444389123948996
-12910 58593280 202222444892310
19429 11626294 -21756936933175
-8129 -46560874 56457440063503
-15222 41580037 114963933967587
-4624 -45196778 237368300013939
9181 -48694218 1755122300380
15560 -80610728 -1351295440537790
-5850 2141246 89563184538228
6340 -28012318 12670509446772
12051 28552069 -395435977361137
7696 81998695 -51967611266197
-14470 -72552463 -7784803572839
-16407 62223446 9416350943730
7341 24170628 -843036577878034
14226 -22652019 -51771376088357
-12763 13589101 29929542231543
12119 95757398 75931428775186
-8306 -47166656 18457608106995
10527 -18362846 -183691980085574
-8829 86602223 141088234356704
-11048 -98280510 -7923495696364
-12307 -32752217 400448889392168
10707 -34755960 -350650073218993
16323 26491319 -264076430862167
12825 -29746147 -53569934909567
-6377 -77606962 811523455043805
8907 88948548 -1072847248052353
5196 -85651981 70905270402671
-12988 39542289 498118712227692
673 40632301 -198239641599387
18267 -35601265 -4579504194051
-14393 21122806 15927748042348
17285 -47640194 -46812770335338
14503 -54910070 -38570032524638
19582 99324538 -685236345751864
-14378 33483475 -13648763328522
16899 16494338 -453278705805009
-15689 -66923061 253014695578804
-20259 -87810726 4544572820909
2691 -79847440 -479468348962468
-14401 -53221415 -40744606899455
-9098 -93161315 531142273008075
-2637 48712316 -42005159007112
12950 65589626 -469030469356968
18201 58511801 -43853025795997
-13820 3900148 297695329746289
9707 -78227668 -1440123058639495
-2266 20477275 5527861408224
5506 -66220346 80690149188201
2440 -79219807 425830804902811
-9885 -68251298 -6519438404774
1020 -40896216 119855363008
-20054 -20666272 726953063410576
-15300 62144603 855465000134520
-11134 88276627 -165630200744394
-11907 36715441 27369570234698
9395 32909336 -229871946077791
-11058 -23410745 41739564642784
-5990 -78699537 652105695251975
13861 -73745566 -1194685809380148
-1925 71749090 5465530693481
4219 -64884747 -42368300470530
-10149 -80284379 -12907965220587
-7449 -45251718 118259392940914
-12685 62673179 -13246524083381
2704 -73655056 106580617843256
500 74241601 62547617925183
7353 55938219 30692813744660
-15018 79302 628501539187043
-4013 -87520422 -87581010545408
10139 -22332627 -41538561767900
-6829 73863020 548969336960995
-13988 32664435 6046916458162
9382 19926871 6731509473343
3345 39271083 25586230850637
15201 87616294 -258900815996963
10050 19344465 -736599548068085
-14536 64643047 202255220930200
433 10054257 -86017140556519
2351 -64684105 -137226035740633
-9478 -24543779 507783314828651
-8598 -20621569 321668983301
4941 -4384813 -1367233103793
11975 -10183292 -4156402855796
-17548 61506758 1255599556699902
-12499 -6011490 149181626893536
17528 81919774 -2047523493222252
-8151 -33354403 111230054054917
9748 -24288545 -110820229437851
-4395 -60168774 666545001351764
6559 -63067620 10213963005737
-12174 13669138 2024853371268
-17878 -35568554 12993049342766
18118 -63659849 9810754856137
6653 51296977 4758501018211
-9526 51468749 793115242041399
-13957 -85221878 617743283720200
1396 9277999 -98188620951304
9250 -52475112 -19703024716453
9663 93968719 -47598781401703
-17545 38968206 193185179852
4713 -76171688 -40476590272724
18389 53432200 -251661723482787
5696 25515010 -283079025873926
9705 91369962 -1213286064865137
-6242 62395981 -144492546599438
-8351 94448042 -194830146209383
4946 -50139202 25894615583622
13527 -68624522 -1164417144394215
-2262 -3692633 723358618397
-6402 -1289729 335682427801254
-7857 -60450313 -1775148331866
18434 -29458466 -164044929011380
-19167 -60497401 607442846955629
6240 2900119 -66777936423936
-19285 -9328891 5857274109695
6507 37689802 -3798516548574
18439 51318638 -94615046323836
9106 19824698 -159706061426936
-16671 -7017778 46205714930299
16830 87417383 -1547351667172806
-12130 50055679 86276301488548
-10105 -4518578 762153832891850
-18511 -61724071 -26949874482901
-18986 -69885674 41782297426926
-11478 -41784053 116842798395527
12334 92666346 78814121062716
-15370 -30778219 510719488982723
-7272 -86883411 360322727806016
3898 -77015583 9712415091253
-17721 75954473 85118110143699
9016 57140866 -6664012480954
-16393 -92577230 103360223251952
9145 -20524640 -177075812590593
-12204 -22547454 1060538344791480
-13204 -42254766 1175638394148182
6242 -72544238 128364965286082
-9068 85764561 64623517170118
-680 85094741 497907354632138
-3161 -69184365 356177966778089
-3872 -28196685 14187468566833
-7498 -16231361 119080768210777
7406 27888370 5489384618730
10382 -19240587 -466327190531491
-20378 32273003 455307940556632
9862 -13105561 -253995392338720
723 -46702790 -110509618177473
2355 -7368556 -6345138218710
-8236 -83613001 180484166351821
-20036 -25643633 11530163003033
659 92264327 -96269286508981
1726 92647065 -484954271600124
14912 87014989 -338520046701633
3120 89544500 -907347887957708
8608 -92780849 -201922064850
-12102 -69366907 14486861763684
7119 -37525010 -378692801635027
-2152 1387750 700444979568
4175 4835120 -118703027325342
-5992 3807464 61195219494136
14879 24291382 -18051028617091
-4468 -41788785 95246623140458
-6277 32470925 45827648366463
2115 -21032157 -391009054008498
992 38301097 -38990689056967
1905 -14522865 -24451616398223
-3474 -76156458 56169541508262
6114 20774162 -60966884261
-14423 57029017 18795740030203
5708 -36410379 -98860845589183
-7009 38338738 75209904167250
-10997 -19979261 14480622099965
554 19439686 13720008749334
2786 -24686710 -58790723313852
15464 60543938 15722836460496
3481 -16773156 5327011347743
-19344 -24238343 86485261613240
-19615 -61866839 13601977304797
-20253 41338260 769758546197
6338 -68697151 -517063187391071
18499 -15267951 -330304433964456
-10675 -44135812 158103089035638
-4784 -52814745 -15429114508392
-672 81482667 53064601219223
18283 -62089995 -602838631132282
-691 96824475 -84622839972783
-3808 -19831812 758468028638
955 -20775003 25942548031583
-9758 15868185 221951553988321
18800 -88786556 -104521930094881
-1338 -68702727 104756575827122
17606 -35336261 -59992663826826
17746 -71671541 -325741024426944
-2308 -16578303 -9919473631698
-19180 -51832460 41296958907572
-8827 -57716082 414229370531087
6924 89722338 65321464715993
-20495 -89376145 1219016897728649
-13400 -1854424 7176727959199
-10092 78342360 -3085342121066
-15822 30250329 797657291284336
13280 11420996 -45752573832112
7435 -93408197 102428980710585
4064 20078442 -290256079652448
19163 -87738726 -52663155071311
-12276 -76573443 322784609139216
-11690 -90052410 -6313941224626
7379 46009795 -288011396826849
-2082 32479802 -24880653347007
-13230 -88810431 -77736761450255
-3592 -47638269 56253043152733
-18572 48176333 249451982397448
16857 -61009714 -143925624570262
2426 -23229910 -38337901818468
-9579 -80255551 304388981958820
-9647 -70422233 275326324313772
-5233 -812372 254089127128698
-10982 -23458494 2581285595678
-9187 -43867863 671123731748988
7515 97904298 11098351450592
-18068 17591461 54970055005719
-1231 98321481 61319074389661
-8282 -30789757 93627209003223
-10163 -57002025 91503694353053
-7056 61661365 214558845138184
7897 68904297 -491617531285657
-19052 11036971 458798856977822
7218 80637168 1172488171082
19483 57397963 -44425795343683
-12974 -97760075 1015108467632045
17326 -28243100 -2599070923738
12836 -59483681 -674538300893463
-936 -936 -936
