1000
-9014 3826 5249 8289 8846 -1723 -828 -7492 -1550 -4086 404 1004 6927 -1860 4192 277 4875 396 -1681 -8325 -5686 4375 -3151 2709 1579 7556 1056 5015 7725 -5276 -8570 -3501 2527 9852 1561 9974 -6559 -7811 1231 -8727 9502 -6668 -9785 -1759 1204 -739 3948 -4782 8636 446 1982 -4523 749 -1161 -8896 -9528 8048 -9135 -7848 -4095 5495 9414 6907 5322 -4615 -8577 1871 -3786 3106 -2276 4273 1960 -8297 -877 5354 -9663 6176 -4322 -6213 -1970 8731 9964 -1684 -3952 7779 2776 -4907 -7089 6965 -6520 -5794 8851 -7027 -6833 -8788 -644 6334 7390 -7658 -6786 -9666 -5865 -2429 1629 -3478 2538 -5092 3371 5322 -5656 -600 5881 -134 -2474 6112 -5708 -144 -8128 -8545 -8633 872 -1592 2140 9346 9983 -3745 -2909 -7443 -8614 5147 4247 -6355 -6450 8675 982 127 -2630 -2664 -1444 -4490 2631 -4639 -2677 -3619 -5152 8170 2929 -9659 3313 8630 -8682 -2987 1813 7900 -6710 5753 2318 2787 5879 -3706 9235 3244 -6579 -1953 -7697 1596 7694 1714 1498 -9559 2427 -5868 730 -229 -4212 -9243 -2031 -6833 -8990 -2471 1314 -3660 2553 -8362 -2928 -8035 4552 7667 -3858 1295 -516 3232 -8263 -2617 4459 -5994 -9983 -3258 4381 3766 6441 8096 -1326 -5484 8883 9305 -6454 -5641 -1661 -7745 -6203 -8007 30 -3913 2800 -6993 4988 -3786 2548 -9262 -7776 6076 5704 6441 -680 -9737 -1322 -1105 -3325 8804 4240 -7862 2616 4555 8487 -7425 -7818 1867 8491 -8667 -6717 6612 -3022 -3647 -3530 6254 -772 9044 8707 2988 -243 -134 -8939 -4491 3762 3344 -4417 671 -8557 -4380 1883 9190 -3753 -7642 -8466 -1872 7757 -789 6871 -1929 -995 -6640 -5206 275 -1800 -5282 1192 -9402 4104 2094 -4851 -3072 5360 -8278 6842 -1156 -5368 -6441 -639 -1509 7171 7049 2801 -1939 -290 2245 -3642 4044 -9302 9930 -7296 -4354 -5898 -7852 2743 4150 695 -2617 -3211 -196 1283 -2362 -7113 6503 -2850 -2893 2051 -7424 -4916 -6960 -7790 -5711 -9649 8661 -624 1081 -7524 5445 -7339 -7629 8082 9071 1934 2267 9795 7971 1037 3449 -7232 -4031 3996 -7495 -8250 8979 9600 -2354 3089 73 -2233 -8555 -390 7808 1377 8881 -9492 -4307 7585 6958 -2987 9431 2971 6256 6918 7064 1795 786 -8951 1754 3273 -4025 -8535 -1715 7011 4069 6864 8879 7719 8154 8608 -978 -9429 -1915 1527 4046 8716 -7700 7671 -1067 -5064 -3053 3644 7615 8105 9421 1850 -9464 -2345 -2535 6703 -38 3495 6463 4811 -8471 -8181 1248 -8851 -9753 -8226 3109 -9927 -830 508 -830 7551 9772 3654 7894 7909 -4645 -2696 -2846 -7391 -2889 3051 -5147 -4173 7131 -9640 -2734 1413 -5361 -746 6658 -4919 -3705 8021 -3180 -9149 -5582 -2426 6729 8980 9439 -6715 2935 9725 9170 2935 -437 3524 6382 -7269 7561 -9742 6889 9494 935 4323 -6207 5619 5431 -6591 7744 -7610 -2218 -7431 -9119 491 -5434 8961 2004 1621 349 9294 -7045 -6302 -6323 8969 297 1853 -9007 7927 -2035 -1442 2589 -6907 2819 3512 360 -3582 -8860 5423 -3669 3085 -8270 391 -5254 -7458 2418 -9075 8890 8706 5878 1425 1869 -745 -6357 8693 -2690 -273 -7899 -9129 -5882 5837 -8639 4370 -2373 -4619 -7564 -8295 -9370 7017 5043 7373 2873 -9500 9181 8100 768 -7040 -2754 8361 6387 -8497 6232 -1188 -2408 -3478 3501 4094 -7042 -6393 5967 -1437 8768 8268 -7723 4310 6918 -7127 -1276 8255 -2785 -7925 -1924 -7228 4485 -3404 4932 6590 -9895 -2846 8331 6731 4421 -3063 -9010 2884 -2888 -1674 7111 5925 -1955 4009 3363 7541 -8862 -5907 -717 -9303 6111 -890 -3751 5874 -3345 -9488 -4136 -6398 4641 -6268 1334 3435 8795 -2376 -8523 -2535 -8062 -8465 5713 -9047 1310 -5327 7307 -3233 9310 2778 -9122 -7480 -6854 3732 5610 7896 -8508 1122 -602 8112 6666 3567 4186 6486 9076 -2737 7737 -4392 7072 3749 3094 -7808 -9223 330 8812 6866 631 2574 -3551 5455 4006 5181 -7797 -9133 -3891 4217 -6596 2329 9425 -5941 -1756 -3460 -2960 538 -2423 -1284 1837 9307 -2190 5576 -8364 1662 -4395 -8815 -2487 -7331 -4426 -8521 8025 -6753 -8865 -556 -7294 2994 4312 -3304 1189 96 9492 -5917 5930 9907 -8058 -9036 2807 -2172 -402 -9663 -4573 8506 -4975 -890 -3315 5268 -9812 -5657 9526 -5532 -4961 6253 -6934 -1067 -9243 4077 -1417 9347 7188 -8215 -2934 49 -173 -7224 4326 6802 -7622 634 -6884 -2783 4819 -6520 9857 6414 8129 -3102 -5046 8430 -6699 114 8153 6397 -4049 -8340 2579 9787 -7867 -5779 -3042 -7842 797 -6296 -5458 -64 -679 -7386 -3630 266 -1698 1955 -6937 7980 2151 -5671 4798 1042 -8475 3308 -1158 1055 6717 8196 -9078 2551 -9614 3230 -331 9213 6535 -2225 6010 2611 -754 -6993 27 -7768 9695 -3027 8591 2967 875 -4449 4550 -790 565 8102 5206 956 -6523 4502 9989 2211 -3136 9705 8113 4134 8869 -4785 4151 7926 -8889 8138 -9838 -6107 -1557 -6875 3670 7816 -8633 1970 7634 4449 9213 9622 1233 -5940 -742 -7916 -9602 -7238 -7087 -3026 -1930 4260 -249 4899 9776 -6710 2137 8332 6144 -8304 -8862 5687 -837 -7660 -9116 -477 -2473 7797 -582 -5933 -4832 -2415 -7768 -6200 1434 4345 2403 -7649 7587 -6656 -5427 7128 2334 5360 7322 3205 -7533 3218 -7610 -7520 -4360 -1343 5098 -4411 5971 -9143 -1353 -1077 5170 4696 3411 4386 1816 -3441 603 4011 7828 -9734 -7216 2456 -4644 5577 9541 6649 -7796 -3394 -3909 -2823 4577 -2204 -7820 4845 456 -517 7516 -862 3792 8540 -8823 -8536 9956 -5617 1324 9637 8720 -5497 8941 -9688 9846 -517 274 -3787 5300 -2901 -9196 -7016 6039 -1529 -7352 -3314 -4759 7952 2797 2984 320 -2854 9628 8082 -5043 -5173 -573 1908 -5119 8810 8189 8600 8945 -2983 -9204 1230 -8994 -8589 1140 8687 654 4688 -1531 -7310 6677 582 -7321 -2002 -4863 4231 7276 -6105 -9020 2339 -2941 -8954 1683 -9081 -1690 6628 -9207 5537 5796 -7759 -5470 3713 5355 -211 -1104 7564 -7144 -9486 -2234 7817 8467 -695 7337 -4142 -8202 4336 -2304 4980 5359 8792 -9680 7355 2108 -5439 2726 5354 -4937 5838 -1095 8659 -800 -6122 -2977 3371 3330 
-2399 40056346 307511962064467
969 4497320 -15064642384997
-7544 24103850 70247633793088
19308 24148044 2542406981958
-8306 4923534 245853743939380
16050 -57302015 -119056010873145
13748 61445250 -263660760963068
17576 -46327026 -93296019379254
17535 -37713106 -37274103110005
-3118 77668083 618347084351032
7616 80309375 -421439401422744
-20092 -85602564 137551951102277
4127 -14252340 -14480778291020
-17845 75468784 -81168104994657
-16342 33699643 602243850809881
-6255 -30982803 189818003018729
-3627 -88456003 -210448399681181
-1375 48061374 -182969278049918
19283 89634552 -520214748679977
17841 53738932 -122897834447035
19679 -50638172 -8454200443173
5900 2873169 -22038541345094
-4521 -29086456 66176340123905
-8318 -90479266 5648928856192
-12243 2993951 459691491891349
-9422 23329732 9599098441442
2380 -48643371 146613626296613
-6521 -34359913 -29137512953669
-12777 5501821 225363252983203
-8924 34581861 124189199248762
-10119 85609244 589561223480707
-10454 58681192 814168131475446
4299 -53679098 101891937405399
-200 -68424205 250100867747695
-3651 69700067 221845540143889
2895 -99437011 51192770513926
16253 76401208 -257100087079804
-7180 23811467 110746763078766
13473 10770210 -11826703446226
-6836 -625612 47642085146936
-5419 -23196870 106034693379532
-5085 -6991769 117397675162493
-1066 66027024 -26774002204905
17881 6869292 -736940112107718
18283 99102225 932470026843
14649 19095497 -214738559942791
-1942 67523300 -65806903534038
19348 -5304377 -82420466343923
-11963 90452938 1172020162506957
-20671 -72115280 103007317564149
-10602 94959685 -151801171794108
-11450 -96687277 -33740681503145
-148 -17172660 -97650111855280
-12099 -88634752 1349600811129490
-3044 81849735 -136579475080117
-17081 -64948937 360923266790035
-1720 10421211 55122160754621
-11088 -27669221 26157208651534
5741 -30541037 -18946673027091
12132 1070249 -15692709360941
-17362 -30639472 1222849811755796
-20302 83136556 1153338847117633
18774 61222020 6257731768287
16593 -36917490 -40524177051413
3675 -98402541 84787224380197
6549 -91208170 134739038683662
3244 -88886811 -77607961342571
14445 57203539 -1351312660942587
16301 -13262979 -640171430042648
-18953 -65371219 -5825119354330
-19465 80705824 382033394490877
18407 98100283 -46098444376417
-9127 -28286433 4180290498379
-10757 -57963267 252459106246533
16423 21160467 -92765323653343
13867 74014852 -250662094417399
-5674 10506587 -3050059644456
9321 79365709 77065743658483
-20262 -39580701 353722111644981
-18029 42237336 3499722776490
16488 45515155 -992306577990984
2383 -97121864 -552673815079726
5098 39327981 -252127823376552
8678 79826655 -54746337002759
4355 95595886 360937601994546
-3681 -83287817 -80431021790697
3235 -92090219 482040364460599
65 59679655 95125658946581
17787 -74440646 -131580950259898
-5722 -95606441 18990969954825
-14982 89868173 -84463874684691
15078 76526017 -358865356600331
7223 37467599 5417539238853
13894 30629339 -55723826651557
9641 85002051 -55354722124840
-14628 25289314 40310332947544
13648 -32957710 -78381481088468
-14443 -23337057 337367410082989
-7551 35160123 -8094206339843
-6597 73497768 852298872249053
-19273 -16295737 94555651048873
-7860 -71752478 357532976565510
-18353 -99783361 452130587670905
10407 45584400 -85271995598922
-15583 -63485356 386693452457216
-5936 72502821 -14615507173089
-3012 46719082 53519470688854
1593 19841256 -54507873051673
-14787 -41331388 148202443578019
9897 -61112932 -238701276780037
14255 50693443 -74700610812525
19616 -65647859 -165898545708624
-15221 -20686882 187394662353939
11761 91975801 154046438507099
17179 7603093 -16783168877891
-8112 85618229 239564652272878
10355 58932572 -143653768401173
9416 -50107792 26592007821852
10559 47628002 -218490389466605
-17626 -8734838 1333895370653168
-19643 35078169 54736418737058
-7380 87052281 -22622433163530
-12202 -78958662 403438989950746
-1524 59510215 -35288088222598
-1612 82196168 86571345063640
-5020 -60282573 12870665316591
16653 -22427474 -21267117117705
5367 -92276779 36327173742247
18691 -22566963 -191399086818222
-393 -24845574 -146983274020112
-5621 76964927 325143082305008
-1253 -56174892 30852328461521
-13574 68936489 17429770554848
-7378 3476002 191127464833594
-18081 -63009794 1126154372324121
18458 -48948564 -915202066229090
17884 92387502 99155473314164
15691 -18591350 -859028458377745
13065 -47586105 -31816771345119
3321 -3042949 -34206869086340
-399 14460192 10770781197227
-19462 -25729531 8556932211182
-1511 -92866637 -739152562258464
-4860 -18546259 7234835791910
-3222 -68660813 -96766670317305
17727 -62341090 -1903824365447425
-2729 26838548 -22636917637180
15522 -61370975 -612088474092531
-170 -51638914 97061319379037
-19783 -84732436 -28057278220334
-190 -67982834 -85007137778440
-17865 14340958 794793257160250
15816 -31336320 -312812173668988
15601 -57015396 -98125682949919
-2722 -10425399 102130419155058
10867 40494942 -7040974438102
15923 60798773 -513437470481840
-19867 64691556 480459179734733
10125 -74902087 1497993333599
-6850 -76698774 -139686977365419
-15683 -99146404 -25607934240934
11369 -15552324 -168779091482767
12649 17697754 -17519586125824
-2781 -14452816 14511222896348
-718 -73982423 -112545250762585
-5243 79882434 374440131541448
-15962 -1626857 155076655474784
12586 10714573 -364867396417360
-9440 -50595192 47812364612408
-11578 5899031 558557937307222
17466 20561816 -1066358174617200
5433 40396873 -164742264351925
8797 -71730855 -96629969279953
-12044 -55628787 148876461962711
-11208 69270402 -13083987271126
-5388 34732257 272775671130037
-7813 43749246 42461160222152
10288 -72121606 44944474059568
-11556 -49973199 -18515607463849
-19138 -76310066 1341340897693620
5644 -98243157 5219746071132
16033 49781621 -537597582827228
16548 -90848704 97882119599723
9554 -76329488 4105173142750
10654 -15759708 -206413413651022
-9018 5430173 242960390431608
-18089 -26169049 726983076273929
-11722 53743263 678611267263226
2824 9960727 -7004247672243
-4078 -9646777 61746169578422
7950 -85270778 44369234908152
-11754 -63734129 -8118922249244
14754 -47404165 2977662689694
-6387 99127421 19746398678210
833 71554425 -25628985096571
12732 33057130 -802277080106799
-10656 50147560 561649477573522
-3667 43394398 231495026164994
-13216 83373716 -40256520005606
17521 87059600 -2283679359002
-10474 27239478 11323540409178
-6424 54242102 -15186760380188
15617 -13158378 -20722575184988
9166 53985146 -451373456482352
6572 -31844324 -381442075810043
11645 -78241542 -231522901828998
1451 -75502455 -768501462305533
-19178 -33317555 185657174601925
17086 54236582 -396378093946434
-8548 34317367 244205996882094
-4839 -55546037 -51006597977569
-17762 -33872455 -581150389214
17177 40649775 -745121970672525
-20678 47262509 4434868609364
16826 -30821114 -1038539014232350
7361 -86022449 145333053633041
16378 -89596931 -44660719666892
-12277 -39087462 102952556178753
15302 -40295828 -964026622359222
-15214 34826865 6890375047623
17073 -29772657 -465677912259
-4339 13622558 70956976156405
18161 6743536 -69612849969698
12931 79490196 -165702676916360
12165 -28506277 -323128307990775
10207 46230060 -214116405541375
-18552 53833791 1225506334591101
4705 -26566824 -174605645123632
-16967 54633015 999000940029125
-14170 -11508539 -796952314330
11018 -41224158 -42173963091136
11364 82070377 19079889677794
-12313 -87080672 125134857021888
-17167 -7580208 1008787133259
6151 12020120 -14274423986594
-14570 -59244267 151147563014711
6474 -59761361 -101886551996056
9869 -3219483 -210783521268406
-2351 -58053147 -177707925060292
-15571 -97877306 -47461271339553
16865 -47056797 -345820560951593
-3739 8567515 -1662562370528
10500 74258863 -1011771183762371
-8452 -11870499 139182701131445
7825 -2369638 -905856967680
15602 -5766232 -622755328536980
-11522 -21034519 55239437092472
17623 -98235478 -369327322668119
-16481 -66830825 -27201408936045
10419 -80868197 -1054030075193193
16860 4318178 -544613085376231
-17424 -71967177 789529572904016
7093 4880352 -72661615423428
18517 -90488227 -795986073351009
-12945 -32482573 239554286308997
-10939 43202382 38350206046556
2745 -22288875 -58574205232337
17016 -30720710 -250012855218840
-20387 74019347 70220044481021
2465 34783708 60043591379380
-16766 88860266 381369959808564
-11414 71145170 42805414196496
-4791 -34402575 -10788898090296
-12847 84208021 184445042608030
7850 89061010 37888469297643
18715 68635314 -18371247530179
-20424 -33865649 27829854188088
-5283 70291110 -111544518510647
15022 -12236496 -88629193612254
15631 41793228 -279219991816492
-13071 -41011420 99500352157501
-4917 -41941999 -4571302627672
-5660 82320088 -30269757043104
812 50141583 -396506719007013
15021 -19333767 -628887656221554
-17715 62503922 482583796962794
2278 -93276416 -51665450514820
19249 35660160 -416023173413906
-12844 -96241261 108074636228195
-2827 -3415281 29932663475812
-10771 41446687 55995305678349
-1679 95537592 -602801479379361
15633 44642658 10086623294124
-4659 10246220 55349903853200
10649 -1416263 -538495783601
-2923 -80588089 -206604923399951
-18447 -70361148 328643865952838
12884 -50509172 -310192555255827
13191 -50924249 -48137456844781
-9031 -17140580 178708684406431
14170 14568092 -452896609742759
-10162 93092070 -13169278634436
12915 55290631 -22232937850571
-7186 22873938 -7089456502896
9852 47426183 2757609484168
-13646 90795162 124535226383345
-3075 -63030512 375175903353112
-6029 80709682 495865205896937
-2207 85976012 -19666960313444
-19773 49206190 210820574135393
-416 -56175366 -158185926797242
-1304 53380963 -73927083218357
8711 81793528 18441760663031
-421 -46137384 3958805789128
926 -5256220 -5984595953657
14288 29607311 5430431508999
3242 70405541 204582443675738
9508 64430221 -35207673846297
-6955 22322328 16917409343118
19019 -27151715 -887998569892449
-8990 33690531 234141961770713
7340 67639050 -5256327240238
-17986 -2190081 564049983970228
18084 85096426 3967442709923
7090 66219368 -63159707819570
-16660 64502988 311188579617194
-15754 -37926417 622591187083429
17569 54909045 -4520038244151
-19556 -95869460 252132269142133
5439 8512981 -2000885041476
-15216 89047742 447235157771674
10347 -61645746 -143953423540824
-1578 23316093 -11626391175538
5204 74462847 -141011409193621
-16584 -30751259 120678866746744
-4627 41873012 -9087488947295
-12503 -86808220 3497586828561
-4282 60508735 -40908610780857
5022 -16509962 -360014745115302
-16009 -10230155 745069509668268
17834 -17676604 -517136266393180
-20749 43927388 157048095794445
-16913 87817332 -51947484594310
-15902 -25587029 51294240470156
-9895 50230058 -15964359973860
4490 -73238118 -469131940393956
19488 47372830 -309178430596844
3561 71913189 -695070762747709
-15755 -56137452 37282366755810
11990 18576117 -7781502282425
-16638 87188851 -28109400486347
16590 93261733 -172878155339700
-6421 -98432105 -376611795394463
5157 -47277452 -873325663114920
357 -44866488 257055123776748
9279 -94708888 -90377926008108
-3321 23754748 -21109632741210
-12720 -45814802 19285579599372
11920 -85409499 -36718659248233
11382 -72961755 11399133731762
-17173 -93193990 52110039129247
-15142 -28053427 19370198889852
-4712 81148330 -163902717118144
19110 14511461 -1564899711759767
1668 -97802262 35055655184748
-14052 -86503039 401628338798
-12172 19034907 304085951888084
4553 -27662590 -31862018066678
3312 -41448916 1534568193662
16045 -62304790 -28903202381183
3618 -82489033 362239418815561
8477 99027695 -772335906106793
-14479 22950967 124608945653573
-8373 -591439 30425425042018
7581 90868407 -785263858192960
-1109 -69742751 468381659941741
10768 91274162 -1375637796320957
3661 21306499 -360356585116219
15816 33977119 -16496356702025
-11389 99559298 -87940401441998
-16751 -12086736 12438775461148
-2706 72461429 -220671074550352
8346 8154352 -58990875502104
15095 -93070857 -945615051891405
-15791 93180704 -10370801121107
9595 -38361929 -266243093850647
-1502 55597469 39649998317335
17934 67132671 -42905196810131
12622 20782150 6939602535230
4776 -93267336 197918027091106
13898 10651352 -710130601831733
7137 69746694 -49398192700268
-13337 51238439 26928396521923
10258 -72111480 84467371353004
-4830 -57591186 798106521321476
9566 30281383 -46287759439029
-9879 95040101 -66511041325673
7506 5936167 -61253612009695
18371 15413985 -1830826849688694
12880 -72985462 21735017736042
4409 -56481024 72097754748289
7171 77399357 -260764625268455
13664 65269239 -1518410148759092
11096 -27225424 -391634369498876
6546 -26754294 -165427576192131
-6690 19740986 424437409980769
6218 -7099614 -113981972222142
-11365 44274684 341431449400
-2215 -52512928 -192670780771985
8341 -51223227 -120552576975273
13062 44548550 647125627501
15982 33882739 -76007010941018
-5568 82984847 -287049104190568
-9110 -78468576 1146164094163252
15111 56635349 -19563475828671
15149 95738691 63611992981411
-145 31080952 -132710565457914
12478 -68358091 34456678706668
-2736 25074910 125416690598997
3314 90639517 262898114485191
-1730 87213490 828806055456364
8547 -47170404 6321363193977
-2529 -54092311 62980002591961
-14880 74524867 832856052125135
2803 64211683 79601724185062
4807 -53774990 4391818556618
-19288 93233159 447318140510284
-14413 -34824993 309463608110217
-2339 62368428 179358528730077
-4725 -37492437 -17399206706707
9488 37928191 -57995622830382
-20334 -98427322 -8567440279710
-20038 28796640 5904975146650
-19208 32706584 2129934030928
11791 -51492004 -129183953191740
-12701 39754097 -247415068947
2607 83624802 126914890046419
10012 17301980 -97798957173
-15069 762255 823730849499
10439 92111707 -77515747002995
19390 -48506352 -12189849956056
-4575 43833573 -77046108028209
-14130 -29185658 30934534436214
6120 -40080905 -57389838264076
-2486 -23985215 -3136395251942
-14641 90479371 510973410664589
-2648 47956396 -30947991619450
-2192 -38498799 11551072281802
789 -70032109 207377254842323
17011 55937175 4342262784411
-16927 -26384962 130288205124203
-11110 72733581 499106279231848
256 -26863195 -130317702706049
14208 59271636 11983928868051
3753 26061289 -171208427008242
-15910 93265884 54283200979494
10518 -65465853 67597742086156
1434 62958220 -307756007761535
-20419 61659018 472522876590388
10530 -4139109 -8374495671019
13867 76009413 3102202849977
-2140 97878725 -253116114716528
-11496 95176049 -97448360948749
9179 -70411013 19812932250891
-1092 32461231 59810681997971
6321 10305548 -277924962769769
4210 -19033613 5856171126013
-4619 -83403974 -53998696813074
7070 -56189473 -11730701716675
-8580 -5659553 23501985443437
6803 64767044 -34512266777043
-14301 -80840655 535301200476001
-1654 38398322 -112402856722330
2022 20845330 -5364003983322
3626 -76352005 -240551743834828
14267 -1151111 -266464679685923
13139 -37255891 -99632207866958
6584 3935747 -18235878634087
12822 38346785 -1476681530777249
4736 -11497155 -90335759241134
-7621 -77798758 884479889105359
-17391 -68900632 557927497533847
5798 90168822 74304437737182
-17298 -60054321 706913890165732
18745 -64737969 -1846944118319481
2895 -34232116 25658958355007
-378 65804771 244079504824076
-18545 39063817 193514210799395
7730 -1562519 -154475633926533
14614 18376403 -185598044862110
8978 98813892 24162186913502
14727 -75878349 -151438657565995
12556 29780320 -612902464211925
-13567 70990356 -58036485134953
14883 16650392 2947224569036
3138 -40189032 -574273967319437
-9520 -73618456 -69244471328910
-14504 -80877980 -42941104682939
3898 82511093 86962769534248
-16715 -51653883 967188084826511
-3241 -91184851 166910535986761
-12813 -57482519 601401042757691
-12765 76696739 -48483967085915
10859 -92465620 77645938650559
-16481 -84081333 702205900659133
-10746 -75581749 -86674554218048
15837 -14311794 -610059542727289
15426 58703412 -14099904844342
-9617 -96471678 208955645505056
1204 31619664 5049017702237
5709 -40376087 -47220758025131
-5209 -78950612 -201157057093138
-1585 20237750 -57837331020888
-7528 -7959087 107678576653150
-16367 -79359575 -15128980900679
-9375 69401550 116704874685674
-15131 45322730 637208384948156
12879 49388508 2743144400822
12859 -61614327 -21237378468464
11465 76826352 -568803127056804
-16796 60291224 72781888874531
-17855 28883370 177682811175032
17909 -57798217 -965694502427105
5585 -78898856 -172338755922784
10440 33908550 21223133572411
-3187 75269558 731336227554021
2683 20948050 -176755812520323
-7834 -32603983 22386789481014
-12953 -11946509 684834383867929
18033 60861603 -296916370120793
3413 32883365 -241595536046281
10892 14782016 -23998286255194
-5353 97596054 352218058953035
14105 -54641379 -12095288847921
19137 57138648 -203246568143068
-20225 86441197 190309388087937
-2527 -21520254 -55633626280425
18080 -5952984 -332488984026176
-1125 -92637422 -38232919653987
-4099 -61643526 14615606192136
-6205 -78290326 -126452070740338
-7514 3105605 11776105148594
-5819 13563938 41386474049616
-8820 34204057 46725069922020
-6597 35639841 149095056381282
-2971 -99719623 561995529852699
-2068 -29223437 -31379674624327
-13225 34020277 27828894921414
10219 -77484885 83418731324869
-14960 -98253066 -18417643039150
13557 20365461 -159259270588837
-10480 28642681 -1670153151890
6585 65351985 -418819604104568
13106 -96489163 118341701637465
14531 54401923 -248714401825695
7624 60237200 -266518663299008
19412 -65022 -5521116115518
-15951 48638351 -3753008267478
6213 18752569 -29842274338584
16849 -95951175 102854814381437
13342 25675384 -273621899898122
10964 86654217 119984962575992
-19878 -75837940 606884836652132
-5278 -99884653 -355194508311825
5964 -68522746 -338893310039020
-11204 -10338407 242752783605221
5928 31953545 -130359226185422
18170 -78570011 26168685792163
-9162 46193583 10508253874349
-19837 -28735105 413864601802443
-9729 -511919 28777698721981
9201 41443994 -895649249902734
3539 -54154847 7131125597785
-2488 -82540119 300720992692289
-16123 62225970 178140186506948
6461 -30277892 192042492218
11462 31089099 -911620282486585
13911 -24014820 -168920581348508
-2604 65790755 11095767264529
-1884 -75084644 -60228072843626
-8833 58806993 -11172406705449
-18297 -58366766 195232510217001
11476 72588438 -807975996909108
3682 44601288 2455563043534
-9716 -42604481 36884753258378
7341 -12801595 -735503485969845
-14335 -76000788 926199755988636
16759 97452154 16613834003228
-13260 62992760 611232813319044
-17960 -16833867 592336292533160
-9758 85754134 188018547888940
-15499 67926215 129107790161867
3167 -80641272 257335847984793
13525 1942122 -158928659162509
9475 57833301 67366276019727
-3926 24605743 205543003316635
-12844 -8587568 31817054347822
720 929569 -8443497455785
-1228 -10292600 25688440923781
-16295 69603474 -26679353078322
-11519 36746704 74374759565688
15802 67376252 -79271294890619
16864 88311776 -293645377623714
16849 -78085698 -491904967711301
8224 82182014 12437438956078
-8975 -9082361 19437793461432
-7997 27906965 520013871446071
-2438 -15472867 -8299941948781
-19827 -24477590 59504790039051
9170 79142761 34256508382785
-10621 -54953810 385567672692024
15065 -38031058 -318630996348161
-995 27637528 26682861809251
2928 52732725 -367804296625568
11610 -500875 -650750556951295
-20181 -42539125 28638649554459
797 -17423439 863230945475
-4382 96591493 389236194621793
10846 9421634 -48473216411540
-442 -2435511 -997996062112
-15221 87491823 -34136561346451
3155 -90937462 258390411071593
-4334 -14131609 -6381537051844
5666 -47234741 -18663288593746
17604 -80353868 -2199694856714984
3503 43249274 5681472413617
1424 52937947 2093089975804
-10863 2888139 144854135618691
17892 66365999 -159373976039009
-7216 77756684 1044123784692803
11019 -22900520 -705076112208447
-11130 -87118491 26841754755713
-18730 -79729351 931589073258616
-7426 23067454 2708529612942
15888 -68822391 -140479820086425
-3969 60715084 306159557302847
-1930 -96100987 -52738954466326
-18360 -13175530 84471200280788
2651 -20124639 12839754503933
15457 61867501 -157453394565589
13103 -51038791 -375542488181576
10141 46585076 -604378776136401
7564 88309864 190514435484896
-2366 -8043942 13793343188560
17827 -47496155 -46804641242529
1561 87865107 285645389593033
-3962 -6395648 34260710247124
10031 -53268404 28681819747837
-9684 -14801397 321702974044528
11833 -30612370 -6824977549580
-3322 35953393 202731144711105
-14098 61122952 77244765833950
17217 95961777 -783858744238513
7884 55439098 2133530249360
17934 -15150543 -247638020565093
1323 -54779297 59905556539262
-11214 -40603827 -716008756787
18325 91485990 76172701103237
-10683 -71002259 -13106431287453
-16442 14502871 41438084460859
-10116 -84513959 235446122995196
3215 66623181 -31795872013147
7919 -80987460 -525706976556
-1828 -15450477 10560837571691
18367 48867831 7158500458553
-19121 -78485424 133137896055216
-16979 27628656 24425227851253
-4082 44845991 -64940335202961
-20159 -49851465 330697698741320
12457 64281018 -101413208670783
-18759 56193464 183422423464809
5608 -30256867 -131192076641786
183 70491629 11127075494369
-12720 76543945 -910759307287
-13597 -72392849 73572050715195
1943 -44564024 -99667040672523
18224 -125537 -1412169034082185
18834 -84206755 -49231337488364
-7533 -16496108 17736978859014
-5932 77683079 817575625972318
3417 80214320 272708701722183
-16418 -54479840 752547133086402
12145 78118844 -7953591615031
-9907 -29187078 -5761385996011
17114 85932729 -86000574569987
-12319 9770132 210667073858820
-13402 -22560610 351936533469840
-12616 -99828307 -20947569562896
-5003 -38908718 26294359698788
-11139 47348087 -4825923789024
-5152 -11505449 100480279081334
15562 -58282346 -457973125898388
11388 71365516 -742020121776640
-7159 -60200053 112496588055185
-72 2454287 -11473925966577
1186 -19071293 -19023859899072
16118 49702924 -42870258912342
10643 89949676 41528406926951
-11120 50929882 -1406917666232
13373 74830799 9386284786795
7637 -40160099 -283869727105461
2339 6744631 1083806068049
-17420 -15077207 36997612426089
2509 75500592 103297617601072
-20540 70250334 403750473729334
2254 -76461582 4936740026253
13787 50698986 -243326212949537
13342 23558712 -447529385517908
11985 -24069872 -241683587170802
-3935 -2125689 4814237199421
-18707 85078526 397685064972036
4987 28728001 -213093308492457
15334 28890128 -219661386617631
9450 -19673104 -47202144051426
-4495 77108429 -26173331684318
-8692 -38954417 177032474233571
-3531 88887170 69063806678167
12765 64845389 -57853894028005
7071 -21260563 -13028100690217
12449 14868598 -153195877199794
-1237 36888627 -170547688708707
17781 83002195 -1001355370303671
-15068 -81790138 1376822503703757
-11922 -47544327 364941692195544
-20303 29097197 177615298109239
2807 47107631 143304365529705
18734 80748040 -46229924247455
-6042 8005977 2842358290877
12663 94282948 -576250283553626
19056 64346615 -500368912531806
3729 -86851315 -5751729905961
5352 59793458 63925844880378
17318 6564635 -811086232583
-14433 34438005 151559781146652
17007 -10988819 -1480940105434363
-949 69300478 408379612382046
-3584 -47876669 31544849913665
19479 99100521 -38421384221695
-1182 347040 23746182718782
11584 36323000 -11097099100473
-10607 32241032 3146175412909
18707 -41318529 -469056097429351
-740 33004790 -5474847119222
-3573 -73124654 -58752758465128
18300 -30694371 -178673840157464
-18356 55854219 910613453061828
13294 -11107590 -36661028304568
-1705 43220923 -32542628236650
9496 95534684 -6879421365088
-5683 -12362153 35205718692056
8173 -81934584 54250311438451
-20254 -52405450 -12379312289589
-18722 59267507 1290948025945147
-15948 97500570 540929515700678
-18788 81656424 91638927144144
-4860 -87662726 47413749061458
181 -96896292 13550014687667
-13348 -83937188 1874968211878
-4131 65898963 29289611322419
-6144 18812952 34987634094467
-19946 85777190 253957283707336
-9851 54533675 213530302446772
-91 -35467075 112128758003199
18929 57122240 -7922918542456
15239 -16200077 -100904800138111
-16349 31695625 103161434426767
15128 20902603 -49190014035770
11078 -62980690 -290935009665147
10989 -65517915 -132473547744899
-12590 -45401417 264591571057178
-5680 -66763708 398213952158873
10385 -69236581 -465705725732729
-9490 87929567 165631985786106
-9726 76243 13393897444698
-2580 98284711 32366049097363
-4860 39341314 -82853286395828
765 71013915 -130180213633525
-19538 61678739 184488047691520
-19326 46648077 11670646891142
16072 -35085471 -941546941782132
8136 16132206 -2454799912252
7987 -37104225 -56260789020818
-19264 66630663 67448721978152
3321 -96596016 15583429189484
18229 -84914048 -4691304617829
2742 -90907932 180946857923515
-10169 -69950584 -46749076278555
-13365 27944439 20943982336414
-11439 65851405 168483460636495
12001 -73891836 -956045902316511
-11650 -63969885 354498201376431
18971 1616084 -523886138687
12551 20941992 -626375169394059
-1105 -33531570 -4872659463637
-14587 79790390 196842338793612
-14673 -34233807 49405644999927
-1614 69825457 75233503725549
19252 -84852092 -10848078173946
15510 -64016393 22557844171473
13062 -40234634 -60528545202716
1122 -35565120 -170557227228362
11610 -74142482 -805398529644768
256 -77882182 194868033710052
1326 -68645333 -207860755150102
-13429 28811538 99174370894966
-2729 34866434 26511564761560
13211 -95750248 -925971240621962
-17262 23471994 36580287264974
3822 -69061444 46648685249150
-6940 20379972 111175568127270
18864 -44858421 -3706794779054
-4350 74003786 -213158558062942
3783 25434981 13087895267108
17833 58628409 2887750801243
-6191 32753413 -19567292690017
-19493 65111974 130976860807533
12670 -2681582 -105589250824608
8660 53863568 32482389317119
-19333 -28354575 400854112059367
-5521 82617414 437369210196389
-10829 67607774 -2791384638500
-7898 -27224240 1632530578708
12912 43309386 -191061580925228
14140 21140462 -420136793782112
-1058 -71011305 -23217698570771
-2496 74107859 -49518133524926
2815 10183878 -73307122296692
-5750 -8098315 59380449620086
-17399 11576485 88980628380403
7271 -48006575 -385661403590717
-9619 38715950 107505647129916
16766 -38813110 -20224558310500
8375 -82194884 -939086313873591
-18990 -41065162 -1601997155638
8195 92304841 -63346130513605
3223 81050157 22866778942100
-4892 -84172297 38257683999418
-17046 11029000 267900529193320
-8289 -75260832 -126561398240955
-10961 55227335 99716708516606
-5277 -41772428 73855917594057
-8044 -36485520 139098071093720
-17608 -15034484 2880095230852
-6802 30219981 4437510607635
5801 -53736162 99424187297082
12984 -55728836 -99478442834346
-18945 68946298 801183127283519
-11194 48415088 -13134310825310
7539 91267013 220717993326263
12196 -93292027 -189347681857403
11307 59478911 74762356399503
5232 59252964 -491091684984839
-8976 -30884473 42706434508594
-2345 91299686 -314163203127847
13934 28359236 -11336633801833
4305 85598806 -1954366628607
-2734 -65277831 110843279210664
-11474 3091348 1973137463909
4584 83723323 -42281253300671
17383 -26318258 -70568812132633
-3340 58805235 62764396966358
13292 -6978037 -358672053925029
8039 96301440 511589942540
-19860 20225145 393699970088662
-17973 -44730813 1632202226231498
-16319 -34636390 207181203073113
13709 -54347867 -120953114528566
-12217 83614595 322783740935337
-18389 94643118 47351036106774
-18840 85328385 98703006159555
2081 -1255952 -10599562091519
-16300 -16577817 3547531928279
18249 -88889436 -836292227889631
2561 61511494 21729536916146
-3302 46375155 -103335475148363
11441 89828267 5177581229713
-18092 50444123 246113475305831
6627 -86965708 -106886803243631
-1638 -96023663 493111342586624
16344 80864715 22743775577838
-12618 47999476 14413274350573
11149 -12923928 -127488780251231
1630 1614416 -8618392406082
5348 -18065478 -317617376499671
-12497 -54289120 -31636531273494
6715 43049351 21061373726019
-6916 4747148 11125570016964
-10797 -92648140 -138730786123507
-458 -64695558 -142398191385460
-3931 -64227328 427324217020018
14939 -43780510 -74372110808840
-10045 -78591302 -109404715996364
-17388 41773258 1113866628319765
-9030 -548330 213513308212716
-7651 32073144 141453603043898
-16203 93939406 79932514258032
-9219 33882441 -10597667733926
-10040 -11839824 50385657553280
16910 81279852 18718589671640
7260 17178856 3119266043440
-2051 -60188910 245658698820994
3842 -74149111 -194664922513075
-18702 -20312697 10354785141089
12938 14378794 -702988243998528
-16834 -84857755 102321926662984
-19647 -94754412 351081832748788
12094 -1663202 -23697487362099
16711 -65050910 -120727789737921
7478 79484044 61336599347504
-20269 -38666041 202985440619659
-9898 23866843 258563793141238
-6786 24940823 21602727990385
-18378 -80151814 -49913961987512
-18753 -36017192 136702719674040
-14385 13702056 1206963820311295
-15210 -13763723 28234839094203
8674 -63861084 -765515498538256
16160 -34175711 14207427419803
-20465 90512096 301464130643371
15694 16675992 -553799644512376
5392 -98093408 -1323033729549351
13002 50934994 -4227173307140
3060 9359688 -46658535277918
-14313 -7203735 436480375278133
18803 -51645858 -843846368390103
-7313 6736036 94123686632750
-5524 99407184 -233392945552006
-8409 78119234 -122083985307088
-10476 66984147 28481705915193
-778 76767153 46216731482611
-2673 40715399 -61899668315921
18410 -54828051 -79198824259170
-9822 -41826786 181956888900758
2638 45271766 22755922323997
-4251 -9100937 43553943473503
-9432 53720563 227889743970276
-17130 -67389426 112388950888520
13719 73609678 3439594986180
-1279 75082340 28100662868241
2501 -20880973 2144237286351
-3147 29515422 14173656610797
-15056 -67576483 826726601414368
10920 38654161 -217512560581901
18381 25526622 -587959115121036
-9710 -26924239 288303227601840
12279 -82567908 -278584688433477
7494 29269916 -191260619105012
-14377 89333525 117771670240732
-3951 -82566592 339266021080764
-13952 45432466 339697116957565
-10478 40403951 61615031893261
-14834 8377866 942203185356350
7522 -46912114 -652987658401318
17251 -31686691 -150876309093369
-11429 -26230653 -3244694141857
15802 -33138072 -206401329644808
-4242 27932172 39248090103354
9146 58297375 -15943843087575
12412 43274723 5585533320446
14917 -33426069 -44453650365666
-456 5888400 -6675249732494
7346 86420136 56927256564000
-13507 -39496949 686694870780882
-6455 -18791839 342353207551480
9571 -99245904 -255008083753759
8637 99581258 -801007908765662
18387 -83276990 -51172475903698
4819 88378611 -260210962760802
7118 39255146 -960834370696664
-16581 23934174 952965195102664
-12385 63719341 27323212464283
-20205 61364510 380443584364454
-10046 -82766708 48657477535584
-19946 29856640 21492898272412
-13323 -18266741 833924338111185
2538 -52612719 178172275408712
6299 78856761 -24336763774002
9645 -63429849 -4430242337812
7606 -43856706 -182312714504214
12689 97504270 22015438738149
-19848 -69059397 -759379317746
-9907 25057639 22497762343609
-5239 -98156754 -109984501759557
6250 -26573144 -4629485653964
17891 64216794 -376249896863153
19086 46789836 -91487426324173
4587 85175276 274219146078592
-14399 -53762165 432816550899337
8902 -46464773 -95369333884341
-4789 78910235 25414769437702
11527 -98005750 -606923467608393
4087 -61087482 -120704318651171
15664 54430724 5603620564693
-18527 71945035 1025896650174346
9495 -29732136 15099618498801
5586 -94625963 23024039120301
14303 73451195 -363631883871217
-14692 60004946 92036300762588
14245 19128513 -61734806077991
-1527 -36969315 -257034489271717
11808 57726490 16100394167722
17283 91072674 -530613398989742
-16286 57769674 3444096118756
-4657 -43428447 -47304861767737
1672 -29709721 -129287897720553
-7767 -23349899 24098536872313
-17317 18345965 66176313529708
13445 -16645987 -216965647935843
8666 -58639200 -85664493712843
19177 51978638 -646578025186363
-522 -522 -522
