1000
3529 3152 -4898 -8020 2558 -4720 -3653 -1323 2341 2048 7897 -4812 -1030 -4989 1253 5328 -9239 5308 4066 9857 1800 -1123 -945 223 1672 9325 -982 -3187 -8538 -3040 -9452 9758 -3549 3156 -1963 7708 3833 5929 -8719 6247 1547 8205 9489 -5467 5381 -4372 9169 7240 3279 2983 1649 -606 -3619 3756 8915 6299 -5022 -5551 2079 -8900 -4137 -9468 5240 -5927 -3889 9536 6853 89 -8307 -5682 3252 4195 1399 8380 -8149 7783 9631 8727 1771 -3487 9261 -3790 -9041 6491 2106 -1354 1128 -432 -272 -7448 -9151 2716 8055 -1822 -6057 -8869 442 -3837 -4100 -9966 308 3066 7504 3069 7428 2233 -4342 5306 5795 -6760 9041 -212 4838 -3135 5748 8149 4985 -3969 6973 5403 -9298 9524 -5454 6054 5457 -219 -9191 -3760 -4779 -1652 -294 3005 -6309 6584 -9604 -5234 -4397 -6263 -4900 7337 -1213 4459 6388 7208 -6495 6000 -804 -2396 301 -6747 -4123 7777 9156 -5245 -9291 -5783 8912 -4926 5653 -9967 -5019 -7930 -2701 6766 6989 -1703 -8538 -5953 -5269 855 3156 7197 891 -6950 1399 1682 2541 7403 -7169 7439 -2389 2387 8656 9393 -9079 -1769 -7538 -6713 -5158 -4123 9125 9468 716 -2217 7021 -9787 4083 9686 -5282 -453 2451 3139 6628 -6050 -1254 -2586 512 2958 8571 1323 -913 5906 7560 -670 4074 -2678 8915 1139 9148 2697 -1958 8889 5234 -3373 -7712 6242 5468 -9474 -3722 988 8436 2857 -5248 -1423 4769 8640 -2635 -4916 -3482 9529 -8376 9587 -3542 9821 6817 6214 -882 -1714 -4971 4913 7541 -3671 -5497 -3091 -2354 -4787 1910 -3639 -1961 4230 413 8647 -4506 -6898 6624 7764 3828 -4084 -6252 -4965 -1035 7809 4453 -8497 1216 -4114 9599 861 -7967 8742 5104 -3756 -3421 -3334 -9331 8866 -8647 2770 4268 6838 -9428 -7204 7825 -9054 746 4198 -7826 -6113 -1713 2504 -900 -1707 -1092 8223 -4098 -9378 -5369 -4816 -9800 5141 5521 3344 9483 9872 -5073 9852 591 -9836 5188 8359 -3130 -3897 -4476 7082 245 3220 1263 -7134 -224 -4639 4518 991 -1825 2849 9244 -6144 -4129 -9260 4074 -3178 6891 -7953 2586 -7976 7354 -4098 -9161 4924 1173 -7057 2403 -6624 -7856 -331 -4935 -7204 -2901 -4207 -3099 -9414 -8817 4070 9930 7883 -9514 4941 -4431 -9136 -719 -88 -2707 -871 -5602 -3960 2441 -2483 9961 5051 4301 4117 3163 4522 4221 2426 -6937 675 4451 -2991 8447 9851 9080 -9805 -1045 4613 1305 -5111 3471 8884 7058 598 3052 6460 779 72 5923 5798 -6729 7168 -9059 -5411 212 8976 3410 -1483 -7409 -9709 -3631 6569 -674 2355 5968 3674 127 3131 -7975 9594 3179 -658 -6726 479 2658 4932 7223 1859 7546 4058 -7932 -7546 6517 5821 -417 6761 -3189 9052 -651 -8068 3724 -9562 -2231 -7983 -9770 -3731 -807 -5805 289 -9470 -1741 1740 -3480 1137 7467 -6144 -3519 7821 6591 2989 5318 -7755 6224 6201 -4138 5492 -9131 -5126 8888 6681 5926 670 -9485 -7361 -2267 7053 -3152 -6756 -4856 2710 3320 -6929 -7127 -5297 -62 -8760 7605 4252 2364 2369 8500 8831 -1875 8122 -1635 9959 -1266 9000 -2747 9351 4789 -3820 8483 3638 3007 -3374 1113 9980 -5921 1911 -3924 1273 4898 2400 -4862 2170 5466 3986 8186 -5802 9612 -4176 9406 -634 7328 -6630 9127 4494 2357 9301 -4511 5367 -3037 -9116 4119 5746 8168 6418 3354 760 -7256 -3356 4754 -6664 -2565 -9711 -9048 3283 -7849 -7234 -4769 -4315 -1677 -2183 4733 -1363 -1015 2772 5823 -5727 -8130 -991 9624 6720 6459 9711 3681 -1787 -9079 9959 886 -1185 2984 -9246 -6324 1469 -2466 8071 2473 -5384 7401 -3695 -3134 -7214 2809 9125 -2975 -7029 -7051 1941 4139 -8127 735 8533 -1843 4399 -3121 62 -5076 7216 7855 -3186 7704 -8564 6636 -9299 3932 1852 5942 134 -784 522 -7620 6687 -7731 423 7089 4110 -5834 -4853 8627 9819 -4434 -3074 -1965 6770 5015 -9808 -5847 2941 -3536 5654 4025 -1953 -7546 -5026 -4112 -6660 6463 6684 9289 5172 4167 1103 -4930 -5853 -3188 4493 2691 -7252 -7420 1909 -4062 -6357 7478 25 923 7915 -6314 -609 8448 -6584 -977 9520 3872 -4900 1655 8343 -2059 -4024 9457 -4691 6881 7730 -2075 9026 361 -2684 -3668 -660 -2953 -3643 -5723 -282 -3910 1060 -2622 -2110 8998 8249 -7558 -1021 8256 1591 1372 772 -7783 4265 -6507 -5307 -4342 815 1527 718 305 -2851 2222 5252 1828 -8955 1494 -1535 8053 -93 2694 1130 2614 8234 -3370 -9354 5063 9385 -9528 3446 -8522 -8518 -8008 -6768 8659 -8410 -3720 6550 7790 6458 4302 -403 -4832 8910 -402 -3221 2827 -5681 7613 -4569 -3328 -2973 -3412 -1010 1783 463 -4324 3989 5887 -8399 8676 -6593 3190 -3409 -5020 9037 -1255 8028 9343 1674 -7834 -4548 -958 3505 -4239 6394 -9965 -4955 7230 7452 9937 -2715 8236 -7446 8311 4090 2913 4300 -7298 -9695 -243 -1417 -3797 6442 -7592 -1232 -3936 -433 -2654 4707 -7102 -6724 8041 1189 -5216 -8831 4175 4037 -9476 -3064 352 3521 -4821 3544 1757 -4973 -3251 -2390 7842 -5929 -2564 -3131 4993 5412 -8915 7855 1474 -9319 -8692 -5139 5899 -5136 -9549 3418 -1584 8063 -7271 -6555 -1902 3508 -8796 -3993 -7858 -2129 -9088 -3781 2323 -7417 -7038 7914 7211 -4230 2870 4210 -1928 3277 -8660 -9507 -4029 -7382 -5778 -9757 1883 -4998 8828 2205 -5723 -4916 6893 1538 -729 3645 79 -9059 -4372 -3941 -5641 -8787 -7449 -5490 -8041 9082 7815 -2896 -7137 9076 -562 6170 -7458 -1010 8615 -5999 -5524 2638 4555 7514 3267 -4989 -3258 1770 -3559 -2278 -7030 -1180 -3612 -9472 -4313 5417 -852 -9684 -9114 5901 6687 4937 6153 -1282 6958 1896 -6544 2287 1354 4846 -4413 -9374 -6297 4122 -6705 8147 -5643 -7186 9196 9383 -8605 5485 1399 975 -1171 -4226 4028 5997 -396 -1699 7286 -7418 6676 -7848 -3368 4284 -6621 -3698 6945 9791 -5236 -2965 -4612 -6036 -7148 7594 -4441 -8220 -5023 -5914 -7390 6781 -4718 -3251 6044 -6317 -752 3023 6010 1888 -5065 -5019 8765 -3848 98 8477 -7969 661 7744 7782 -70 7721 -8116 3218 3711 -7262 3992 9709 3886 -6656 8360 8953 -6942 -3756 -9555 3994 -7366 -4763 
-8605 55359296 -31728245613641
-261 -68273398 28275889859900
-5023 52288493 -13237349187806
-15780 -80551509 17668355095220
-16005 66647915 -19258413167619
17507 -20869257 -130574618291995
-15931 20616552 248983412380927
15192 33275216 15795063619134
-4883 54177959 -64120824829683
-11182 24216946 375885844135431
10423 -77533075 4747865836059
-7699 29980429 21389834660079
15528 69498010 -20465926412158
746 86746918 -117931183330574
6323 60642066 88858783909455
-15763 48205708 182461123087484
11166 64350918 15964740406096
-17969 21390123 905007677340927
-569 13160976 3392825385029
-7769 76505543 -54408666222602
1731 -93686201 -298229130474019
17193 -42861124 304524779838
1760 -99036558 -282092026629540
14729 -90818705 -42126885649781
14339 -74645964 4544015624779
-858 -55296871 55674600101810
17015 72520002 -288219875579433
-876 -94661470 -151500273466942
-3710 -84308404 358786223081086
12233 -4684349 -574336850172831
-3288 36691412 126061410804838
7219 30227588 5899792400477
12602 52110831 25038207390709
9380 -1218476 -783013599667234
5785 21004688 -58748088500473
10697 42438544 -313482181999416
15165 82299376 7050522827645
-17685 -72910691 -44837552979269
-18272 36525925 386007136788657
13875 -33892520 -399990019389854
8204 -45659749 -137019029865508
15843 5911296 -131246707245386
1592 3538822 -17361617193936
-17712 66298764 27304642763771
2006 -43078735 -9953219940354
-164 -3119490 -12037002435179
-14326 3567661 325717349731348
-19352 -40976675 13793829406092
-602 -27279142 -29021376542076
19255 -53979203 -119071571468265
-16158 93629617 -56534150597412
4252 -4451457 -60266593587679
-3383 -73633260 321719279628
7422 52457404 -115825118953038
-2119 -71013625 378736049029071
4727 -5682403 -20467934834943
2934 -23067824 -32474486334244
13893 -47738625 -527969484497654
3015 -29524993 -42587247410611
-3357 -67142600 84843185619231
-7718 -71156439 87075111949512
13460 70978070 -203853974004433
587 -50687422 -478448989636190
13008 -84488476 -165431064162778
734 -47213573 -142564902257916
-19841 -9539399 1144045907683
18047 -45644331 -731950301105469
-11656 26095328 21637449998164
-9007 68681321 -16113781017037
-1617 15820156 -7044380668889
-18730 70360739 31718965988411
1907 -51200152 -61066628997268
-20168 -53095338 329013557852926
-15872 -90490464 240545454284650
-7195 21078512 187054721033890
-13471 -32085699 122556446398367
-16715 81001164 -15142093956159
19438 72628994 -123272499418308
-13838 -88691593 27530830255794
-1295 -70070069 -396677342176394
7928 -18841850 -18914337654195
1470 -68512410 71101681271948
-993 -53536629 7886030469423
-1459 -48168481 107557382906671
3219 -49412918 -52380678841102
16044 33207417 -33445748727707
-7774 -23482141 93114699384709
14621 -57006665 -384298396050987
-9439 -72638243 456327646805727
-17744 -13940326 236124406978097
-5520 -72862131 -2207921419690
-3784 -93872015 132008238848061
-18490 69218499 30721550908305
-6628 -64847770 -51309290327648
4770 -91256552 328782637047574
16650 60931012 -96881466895578
-9589 39057172 30538268105804
7925 2091409 -92685443032924
-17386 -38311307 162220563984192
-5274 20005928 -11670723434814
19365 -52106448 6093763935050
19142 44836322 -50335256473492
-6696 -76571725 -192424631361716
-3211 -53892689 -120379100431442
13816 -75080666 -100959349179548
1080 85764784 91107923498030
10952 51141384 -56973594951936
-17231 -81881619 42722493340163
-8894 -73838833 348697086279837
-18574 -10698454 738302952616648
9682 94829171 -65829027140510
-8485 8331713 637728490728545
-288 -96740131 -122220206833494
-16713 33046751 1460539462989
-9672 81746103 -155043127615432
-5693 -64995528 15081365977853
18921 -55802870 11971250680313
2303 61069285 -107814834128541
-11477 -26181016 -657764742419
-9594 -84965818 -137957763906661
4866 -20872404 -50507552187930
-1103 -13622458 -46895642957927
11379 16617255 -576179707321368
-9215 -6632043 96890510919551
-16023 -62875083 20229456051027
3632 -87760646 161851840609853
14876 -13519467 -55762310426290
-14956 38917208 57698213776954
-5054 56206206 -47381399910544
8098 -99336913 -568425017818028
1808 -18395812 -1928826570051
17179 -2012228 -56943130079632
11877 -16785462 -5419394636886
-5809 53798853 792580190586099
18839 72924893 -613395119215186
-19608 69481530 167588457892641
203 -80669450 -306630118432691
2435 12578849 10014686242141
1447 -79467651 -1776313115877
-17528 -3961475 93407208091018
-18618 -47158400 19341162736608
-14982 47564809 146896560102451
1162 -19758085 -91646858558249
-3211 84767626 -112613997328186
-18049 -84846639 -70845477142572
1300 66212911 -118486508639778
-16178 -83576666 321808772371064
-1139 4919020 11750818167282
-13265 -25212932 -4264129142290
13639 -38424943 -347145571861161
3008 55524798 -694222055061063
5091 47201729 -198822404723700
-10930 27626595 72473839328002
-8858 85460939 -42611932299569
-18774 54571868 364382050250020
12746 -23869567 -1032690184212656
10238 -59669384 -505549268781387
-17982 -84480969 -35764130683672
17865 -53746030 -408434053958398
-16970 -47197044 1546259206964535
-2196 73328170 -480220702212662
11284 -68871962 -429409267493236
-13640 89249205 -9899004110753
-1139 60390298 931527373410
-11375 10286725 198432013000329
2351 82911871 -252523509793091
-2106 -90558068 -579753479623993
15929 -51872978 31769749418844
16749 -61664189 52243431427973
8033 31065639 -84297597041587
-934 -45551692 -298983306588310
-4045 99757975 947726943516410
-20115 -37321912 1248795323490069
-5334 44570771 -6837238805484
11776 54719964 -357051692916315
-16863 71829972 4453681384086
2013 -19300418 20302650943178
-15143 -14594741 22264649689592
-202 -4989585 -12530820518704
7598 -68111715 -346165025741763
-8954 75202451 546744004055556
-4490 38150907 57425470794055
-9166 39252420 28152205592644
-10973 -5493166 651459182428405
4802 -59681912 37234843921918
739 86470452 -28599228696931
6847 70424070 -11319326751748
17658 74549550 -289053218627088
-8228 -51641331 -20442638064516
-5133 22179065 288569379523087
3899 47495841 -51457933430650
-5125 -95318722 199826356533865
5460 67679579 -67787073115845
18620 5460980 -419680674592787
-13890 31065961 443841192391731
-6073 -23743288 17713341671180
-18471 -94438745 226592670725739
15215 -97292619 -1089342649749459
2609 -28202126 16206333647345
1910 25420564 -43601663821464
19455 87154757 -140389138040762
-3609 -6520353 5884924083014
11205 83443542 -166271594422208
-15710 89587657 726340047784635
6704 -80091994 3546829569945
34 33756823 16151657896814
-2802 52785181 -117740812381852
-3680 81133076 -321554412985412
-6011 -21590541 376911671019781
-5054 -91892707 -78763918585825
15794 68259629 -211815792831532
-15341 -7484978 585929349926202
-15381 -93736300 35245006409015
-4327 -51366811 261596852241685
-10662 9593042 195364483745541
6429 -60312475 35634217212651
16787 -99134864 -288792368942901
-8508 17877025 108266331975545
11860 24052705 -45429501571623
-2527 91306751 -342297267472703
3567 -35880911 4110898444856
5877 -99185817 141261230725146
16313 19853629 -589963003335934
-16221 76616560 468407152808075
-15011 -46408836 3280917123752
4635 -6302550 -79329811660732
902 -72325452 -33298968995473
-1983 -88900419 -101305775341045
-3364 -48631768 185781760789096
-8019 44953963 -24837543710903
-12709 19092425 95621325142175
-13173 48306754 5611244299462
-17514 -8134383 178765357397015
-1032 -95351379 57364753913218
15103 -91306490 55043646935568
-945 -89357737 -478123358786183
13774 73668381 -367872102482652
2215 -28715415 866808419088
-6864 5735691 9051642291956
-10718 16925188 416202463690797
-5638 -43787000 369352583775366
-18122 37418658 384621784943290
-6650 -3202960 3368955882340
4327 10403476 -40631835820795
6447 85488942 23435908658822
-13280 14531283 -2353524570996
15995 -77098856 -70457615130298
-8013 73727300 -20664770008705
8972 -34067738 -341326263148948
-6270 -36598816 55258692606537
-18572 -56076947 101315057202975
-5718 58748899 -13137507547964
18132 39962934 -89083963416048
-14633 -77910553 52411242433519
-13166 -63233460 -48600142966281
-18219 -62283118 953680110449911
16214 -66422629 -328681028838699
-2796 -16564274 15924389520669
-9127 54374044 29570060975000
-13150 -23048194 479082543642538
-11610 -87914786 -166207837172564
-6201 -72176313 -29138362502525
-13088 72186326 -17565826481580
10059 -20572179 -358831187272069
-19049 87537249 858855035249345
-10439 -50130207 12711431748183
-17818 35880503 89763838286262
-12852 -96613693 307861264004924
1474 91369107 -240856626157610
3814 94715800 87065502073033
7934 86771768 4811373718730
8378 -95191055 -1501827105907121
-12862 34800362 416002155532234
11148 -76108260 -40744898472920
-3234 -71522072 -39201431015178
17933 -75503141 -141553740419
-2984 -59993153 540543552180120
-2542 27299879 -11463329668515
8113 -54453396 -121362124725341
7533 88855577 -104195997180360
-9117 -18602994 79279497855464
-2833 -19342363 -17217762803331
11965 99538098 -524225549533519
8215 -87108945 9157624328845
7232 3681017 -100775367145812
12688 80197407 -1197869676180351
-7155 29845480 98562373143906
1437 97670491 210804276427035
-7325 62574604 1013789909300894
15951 93595453 -279986284227239
-8498 -26554753 18818383150282
-4272 67336027 -86820270752307
6784 78380741 82446664019776
17374 -76562375 -316446678519031
-17027 -75581210 66166860013636
-4553 -18806576 247178921910762
-19212 -94809607 260024373939564
8439 -23797278 -306188361482134
923 -18811489 -259313473244717
-10083 -35371717 -24238848619139
-602 -45135733 40963783120564
-17058 -58676073 37683494067635
-6899 -31356066 -12022739388210
-2711 -29283607 154065983247209
-3700 -46500553 108068779907656
8746 93784945 60174270330627
-19032 73635151 1693646768167934
5073 -97397078 245418446336886
-12935 75889666 63645088578820
12133 -44430292 -997030409760132
-15833 34308186 1569667422808475
127 -41793048 52142059512787
-5427 83172575 2712668794921
14121 -98133358 -1567975973967634
8604 58858990 -190036709809104
-5521 86021227 -73047670139811
18977 -63400651 -69679460546878
-1928 -67296071 -156590014151415
-4236 -89678618 -194227889052001
19026 62085752 -993441485826473
18444 63159151 -78158485913808
-17 4185475 87282246609
-16038 -17262862 589186967982180
9463 -2007890 -254446522849273
-6658 -27291036 73098111263870
-18887 61161183 54683098404955
16973 -81057137 22168139716969
-11725 -48816059 109174512362703
8867 45861118 -124664580097500
19214 -47003407 -486717323016481
7376 95814994 -210897027079084
-18735 44749022 35231811777298
15083 -7980437 -53759113846457
-7572 -138088 278143451484610
-20435 43018692 108237686854744
1535 69502947 66859529011119
7093 -57649739 9554654471348
-18946 73736444 -11722738564254
-1248 28962849 -60269817250426
4882 -57758046 54069731645906
2506 2239435 -1963436411533
-11676 -14294779 11682915143594
14152 -73051301 -688407417634698
14765 -43658688 -702043445285
898 49608250 -61889981019228
76 53348383 -473905563344639
3455 -8479403 2698371105855
14791 -69825973 -371998403185451
17059 43983063 13795620634481
-19915 17270056 638915921604717
-19724 -62066618 26652382344876
-601 -95423050 66099545141174
13327 72897774 -52987591190557
13309 49070537 -366578475340337
7141 58227925 20709883934056
-4329 89846784 -143757602625916
-11356 87915686 -20758014577554
4425 38428408 888227069079
14951 27029352 -96095772125986
-4612 -31785254 5587767585286
9111 69115556 -389259734386501
-8451 45709376 93938419364829
-6373 67891696 -19863726514376
-1539 30044649 -114532646103672
-4410 90017120 140537529116380
-7907 -87525193 -1949015887867
-3041 -2964433 39396235924949
4611 -9766992 -462918869987
-11744 13201708 41799989819424
5317 -34819489 -11158919868958
-4373 -81500301 364230508886919
-1370 -22071081 98868233351030
-10417 -25362786 421847724327187
16517 43330445 -1186429381788375
8166 65637579 -165834028318072
-17996 40765856 140154530963493
4513 -45587965 4688879712841
-17134 83589999 544058087378769
17841 -46437002 -153332131139555
17904 20187530 -481787854483382
-7901 2637787 416380554249821
13347 61205973 -53497128610213
-791 49588923 -29166219194124
19122 -52688524 -115764339614866
1270 -93571432 47880380693343
-12735 84732759 498387447071681
-2354 99688621 -369376294464834
13396 6728207 -101212134005516
-5302 -3696640 78520111407584
12238 1522578 -170217688053164
18044 -203670 -15439686037998
-5157 66172258 228468635741564
15517 -63560529 -602951683390603
-5964 -25391343 152365294226365
3358 -77042403 113064725683962
9309 -66504052 -728514275207423
14308 15024058 -538338144998880
-15249 36597678 4041928774705
10049 61268779 8313205227439
5925 66506533 50286062659206
-10535 26875769 226953643861870
4481 29117971 -3216807215091
10230 -18651569 -452390989384357
13268 59540071 -8371306013727
11982 -5376174 -90930236518388
-12930 16064718 222921318061380
17940 -33186956 -32346326214974
-6974 -67995878 -25778673778099
19087 32464345 -10820423436295
3091 70997586 -131665520114653
-4034 30946062 -16520494770244
11583 -33122673 -211545346020934
-11927 16275374 149903740324908
2711 16641116 -3980249693460
-2683 9463300 435829190085
16256 -52230669 970980783601
3710 40617358 66416658859530
-14743 -31322875 100441254748419
13684 42912561 -408167196444340
12103 -72094906 -23249914157465
-15295 8324578 43222521368736
2941 3838748 -11440686773984
-2064 56436148 -297743278519
-18561 -27137195 257406356372707
4661 49957851 -174694953607399
5773 50431093 -416782095970809
-1525 7103347 104169879782390
-7536 81226341 -48061105383940
3689 -91715952 239456054238216
14384 49913417 -47800817562266
209 31152346 -212450266455205
-14400 -37543450 -8039260579718
-14186 45926148 1595034305528
5266 -82204163 -49754494679474
3914 -81805963 91848005057664
16917 89970091 -149454956911275
-20580 17885973 87819921056675
-18665 -5308203 410170169559429
3908 59774251 152853935844644
-17257 -40562051 36610134595450
14303 -22368391 364108881889
1787 -18457816 -5272258299792
-5360 -78844272 -190144922349946
14234 -55130638 -44835954162540
-15784 26143369 83121020987861
-4890 -99086289 -440270076593553
17029 -90913868 -1379390476985683
3641 -37436934 3497329739034
13635 11715971 496635867095
-6771 36856162 11662178039079
-10620 58486047 1046073038956855
-17873 61497018 -25291724641246
-7266 -43020392 199281765223744
2196 49097756 167609025644986
-11928 -6664290 350065981747976
-10401 -67857860 180663344108661
-19790 -13130257 24550088532729
19241 81648030 42118351334244
-3133 99495500 -29139531393217
-18554 56902833 730067650570307
10078 2401804 -1607320008671
2058 58159343 16458345430055
-12084 -21931572 27934836586510
-7962 -30914284 285147369836690
10792 -88098415 -40748708911986
-2283 -34045510 11327455496094
3714 -15385431 2519225186384
-12101 53446680 27057435580762
-4843 4665180 5370780824049
-14188 -93049778 310760458129524
4146 -34938452 17099895525146
13645 8668187 -554557464455651
1939 -33593715 -86623598613378
7641 1595192 -71381251090681
3833 62681522 -75075413121084
-1064 12037939 26399561267055
5609 -87463691 8319109786979
-15515 -28322597 150540800783641
-9051 -62885240 60863445741854
2708 53653898 -109593902903080
2623 -79251659 32007869638257
-11183 50152696 500273675511548
3083 61603428 -12072061196900
6067 -59237349 57741278972435
-2052 82033854 278259776411745
-12931 15544253 105179344841799
16248 26543717 -108315407320425
4376 -49840826 24070591597751
-16804 90554106 677165967356891
6649 -33702903 -108186011307827
-4620 4361788 62221459982274
-18231 -27282612 68512349215400
-14063 88074191 99796754470207
-16799 99097931 61067236818410
-5807 55876660 63313512241632
19446 67816026 -25531761430876
-1701 71936660 -177493282188562
-18698 -47323792 296359365112
19254 5067445 -1452521933346122
3057 -10837985 -78654859451259
16473 -76582108 30173672646301
14442 84097272 3212898533218
-7546 -10640077 36172088121559
-6162 -86123512 282061482646659
-4156 -295883 113071946920664
16283 60069656 -27178875312512
13224 -28333181 -137874452849982
-3923 20767115 -14969816395841
375 -60321123 -507849953068096
8156 -95918222 -116286678907100
1627 49423689 -11406245424544
-8794 2705342 463915656790
-650 90403873 962083693232
-4322 73182435 -168009830065223
-949 -33670445 -105521101706192
-3246 -91732856 10822505814441
4285 1343499 -33931767658866
-9238 -47770224 1035805381603606
-20942 35429585 4221263894114
-11218 -90635712 392247013195010
-3911 52562930 65337986627962
-356 -74963317 15440021775372
-13213 -6192743 902969428088005
-20538 48625440 634188935952238
-9308 55307841 155981099275496
3448 -78575422 97121751102688
-18191 39987057 351051857183695
3001 41812796 46218040484255
11593 -47562794 858918591463
-1949 73514846 -331246540280799
18124 33875210 -323191423033973
5694 -21672250 8073757802948
2911 48805393 89097471685643
14531 -39342929 -171120483264463
17210 83073927 -545662184064374
-17817 19000356 2165576205581
14922 -66230167 -141763268520722
11590 -53462234 -13655208909270
-121 64349304 4743960220931
19072 31277410 -137791885102576
-7703 30195790 55816904418152
3998 -29818845 -58711246990062
15191 36714103 -1215091558168627
14947 74725893 -951004710432895
6183 -19679504 -2557069949400
12489 -58020971 -265770989022913
18408 38242254 -680578457251802
-8087 -20169138 284783818336589
6765 78035741 160883989971155
4325 92285698 -31225474331585
19655 -37868891 -286735744925659
8965 -8061322 -479607439105840
-18966 -8829191 133107703793577
1609 25427575 -158643085991455
9481 -19591548 -83295155828260
-3312 18576060 10164903271772
256 -45225551 40827246441920
8165 -65363571 -119875842393461
-11562 79264643 -85485185681898
14225 -27549579 -347629585759825
-7916 34045627 659656388320546
-16951 48218655 557732149847566
-8669 -59548558 -9462430696316
15988 1276828 -254780134801988
-12856 43402439 374338941835818
1457 -87435725 172549437242673
-14740 -81992967 24334429354080
-10036 -57600100 850474236529856
14216 44905227 1149056241466
-13035 6500913 258019023231
1181 -45644838 -122297798137401
-11550 -73969056 208579999830812
16990 -22853830 -192937595230126
-17402 -9010472 246250203033366
-11245 -93714099 -52633176765443
744 -27716729 -24965578410626
-1287 -43174384 134223985590076
19291 79735485 -31074535766297
-50 8830976 13695617276012
6055 -88426033 65858435388426
1628 77313154 106403696076027
-1864 44477417 215575054058137
14750 20253748 -503692172045102
5063 -28013267 -35762737503673
17011 56377276 -507335839967459
-9044 78971029 -143953424044994
16546 -67435120 -44969305023221
3219 99772373 476466846886778
14670 -87752482 21353565581488
-3445 -821696 37595652307901
-15120 -4477190 162351351994
16549 -21227245 4742488022553
-8944 -34760597 11578522978311
-1335 -39554373 -127221707881102
-19467 -87279795 19691726123684
-17626 -27432640 188361562445388
-14286 -69131624 190922406545514
8581 -23683736 -104274443717854
-3108 -51951294 -33740794139644
-10268 -88758064 30343487030868
13534 -73213512 5366048670906
-11017 51076473 34873742713939
4858 -26597886 -3169167128500
-15464 69767726 745539609576948
-17908 -9194839 5490338115841
1427 -74689736 -682825295267415
11998 99134452 32315591721138
-17693 -47722784 45443335415339
-19659 -23601827 13594657164773
13089 -34874203 -82984476489221
15585 -67359644 27209944165949
13663 -53697038 21915516839349
-16353 -38339209 191950180234525
16100 -76856638 2526272330464
16947 44023387 -285459353037057
-2341 -68168209 -325256285984823
15212 65053370 -245434914649443
2031 -4955860 -158075272242
-10676 93346419 -113738485332989
-1498 57608248 -92990091999491
-5900 -27766762 943023262758
13551 81674471 -51079343883357
19480 20559756 -90055591358385
17131 37222627 12644621616965
8443 61793071 57906104628651
-16615 -62350091 249502756204871
13639 -48443794 -519747843916408
-8533 69124070 21485840772658
-5307 44698799 395441966661889
434 50597151 22213262456838
18303 66893204 -572531296914402
18235 -99734201 -312208093675341
12002 -29261322 -18232566923057
-990 15525070 -2860187474976
3989 -29987883 6338160790571
11599 -2528821 -404988649755339
9577 -79831838 25193694275472
5067 -94511536 -723313579294220
-14845 45787614 395561047337756
19038 97374911 -6090140765217
19215 -70159524 -502963648480511
-8554 -25850806 302661308210990
7184 -61212921 317645148254
-4524 84000894 -24198241605860
562 -59769261 -459282854235119
-19408 -97111108 56768474227203
-8203 26851876 897114647862
11651 94273789 -256995260702204
-7221 -83545183 9311173230199
-11951 -44039431 283976887890953
-17313 93174458 251960987442597
-1978 45669404 -126846662450
-14605 -21453772 202872874710560
-8537 -50077853 657181699475910
-9368 10935687 37045078486414
-3992 61293832 85182253958470
-8591 -58358960 226054921009523
-16262 -38514248 355394906637014
3372 4715668 -60032776669648
-4633 -45336971 141337540269839
14736 -94951737 -129259725243173
-5465 11352832 8656061434131
-19258 -5895680 1074168636274354
-19509 -93174129 136580541631265
-11320 48997144 -46674270837298
-13846 88006490 788229109232085
-11323 -25130149 173608775680915
366 -33687590 -56900856500948
-13566 -65023789 356548661995626
-16734 -25935161 104792459755303
6898 -81929183 18543407947212
-13159 -26777807 201099054034489
-12577 1558542 94518977833815
2162 -57592903 -25371794333561
15538 -29694458 -92894076987336
-18147 -98335405 203378105663161
-19101 28183547 624289251581582
11450 -35502957 -75454020606671
-7843 -36132735 6983556502147
-16388 -60611423 -52611754902528
7084 -41303578 475579640904
-6238 -38506362 41575567507100
16550 -13344333 -317252498814735
7412 55675122 19515794622309
5814 8798877 -17979385005286
-6466 -80353412 256800559335713
-4292 97358630 196219685072566
5259 70823985 188476791767969
5407 6518422 -215535400871723
-14095 39230114 641445947831159
13892 93207876 -73787894869180
8585 15385516 -411815403259609
10892 -29234031 -124080935419222
-9321 72997622 545619602274033
-4796 33741897 -20422257977301
-12655 70598818 20551427655876
-78 -5823266 -22600169474392
-19106 14539116 989531640346488
-17885 17110217 556844337938571
17903 -1539982 -706665872833687
-2564 -83206719 -123076278550573
17145 36583165 -686168553046676
15076 -35576686 12346778983512
14468 -19704924 -311975034476545
-15346 -63927177 22906960792916
-10543 -15422035 50525444667887
4262 59656449 62263499277709
13879 -88469343 29769681969682
121 87780409 3376471797794
-19788 -38151316 372019296927278
-17264 97761531 -14674925016274
-9319 59756338 142523645808535
-12923 -83557903 -62608752222809
9303 -25630922 -301283964849645
10752 -21137443 -62135614849073
-20292 49962652 114037576671351
-14294 28671197 187349089974511
1695 -23288790 -30617591746468
9495 11723717 -289508720303922
-15183 66802479 -56176103483509
6572 96483522 -592987630818951
13895 -78569992 -125894336885018
1001 94546528 405954340405207
-1386 70921920 -16007245354606
623 -27693713 107365521363489
11793 3760076 -2666501947817
7263 -86870287 -109692403294847
-20574 -98473369 22664507498577
1717 -26686154 -393380181904
-9278 -46092808 1478877111414
-8466 60356862 67991166579480
-8796 90633421 542861382797888
12903 -69679553 -31784912691919
4820 -76104735 -298776761185202
-11676 -38329948 312263854170674
13069 46792253 -283573794547018
6360 96341291 87679853748743
19298 -46530225 -725455680814
15851 -33773206 -216436664217420
11331 89897499 -25956093724785
-3424 -55416555 -10604382954769
-7187 -46374920 -30665273902733
-16837 -78160874 -76961709147603
17720 -96703988 -189676091083580
2109 -93406283 38127391330759
-7030 63236665 -41824447441687
-17336 41480708 128797110061062
10792 81855500 -238199335325836
-15908 -65314906 74914783532378
2477 6496132 -31837576909586
-18735 48027938 277303045334869
-4808 -29217070 237283153231082
12653 -31813791 11439919387605
-6033 -26689726 -11022838077741
-14576 67766075 25299396870648
1850 -21729880 -69359927722396
6569 9746100 -146024590450856
-10173 -70946772 -11919969885330
0 43978502 -213975662203684
-10143 -27981488 53976617833120
17418 13239162 -1083851407567
7323 -93142276 -678855103423702
-2607 47570449 22864360357209
6150 64319194 -630650940413450
-15507 -31722637 36818430614133
-945 25147265 19985806462094
-4363 59567244 262570148433796
2812 60786098 -210397951463060
-5043 -30117070 -20868629906590
-11969 -59756228 133080283271418
-5591 -46740163 -14494124100693
13365 17924757 -37630230631937
15683 -53813962 41236528158778
12239 12099273 -101368209219712
-14837 94311448 -73981209149327
-10121 29908504 1788266828392
5600 77253930 -225037837098302
11809 -63759689 -52343359714157
-16856 63554660 791898779183414
17448 85857950 -21885235171528
10415 -42122469 -52153058513725
-4768 -17448417 102033549665184
15547 1299740 -872968005173104
12636 47380984 7714174340254
-14425 2949611 5499417884523
-10412 -43375834 81648946490170
12072 39242247 -161021706659801
14516 -29558788 -5443978731315
-12070 68928561 752143173685890
-8690 29906392 -5937422605622
-1081 -6993639 6285180990455
6797 -13466780 -157806497579508
10865 64354730 -191074935999521
-141 8079488 21512052591691
2446 -11293927 -3920035427605
-7226 63760772 -17939511723449
-4784 50377173 696162180870237
13540 49243977 -44213022890857
8125 -557739 -116392093263898
10893 40316195 4475690393677
-18682 -89671931 -54176562493953
-1237 -15431061 28194109160660
7041 -45309594 -1140978013514
-16754 -6963245 399468148406200
-1877 -18382882 -30681784919242
-5363 96329753 481041249415663
-9509 -52975291 -13502909970223
-18316 64008617 -6315776693938
-8065 -32613393 481894294388
-8140 22924611 308019573223970
14188 16896939 -14578820077175
10711 -50766723 -53798994019729
18371 9809319 -143097052324627
-15560 -32695346 88846775494934
-18826 46320964 106670884268769
14804 10231157 -742569374577134
16558 86468929 -304595200746840
14521 95721280 -364835983736087
-7354 -31348589 82935420015873
-17850 46323035 -3100466730497
9444 44843321 -469234196095260
5600 -15806401 -215636719477862
-5753 -37358810 30960335671727
-1491 28531511 277202885586395
-1681 84367153 28475150257257
-373 -60984295 -50862730834007
-10740 -91142371 -137712974110631
-20040 -45811656 7478588638658
-4295 66979831 333330149460519
-7659 70475597 -10796674166405
16075 -43695413 -927450224698827
-20191 9313843 121806832329145
230 91629879 -119252319050651
-10297 62622009 52758307265267
12144 38313871 -30487659328234
-8619 29671892 16607370031844
-640 85027617 74098695118981
-11904 -73017790 -87683769101171
-19667 -25797128 29853460383393
2589 91407259 -111353177989325
-16414 -48956159 437375374217784
-11524 -69253952 117247323665349
16598 64650632 -127573222491422
9489 -90048689 56582543110140
9481 -44372415 -107994604662858
9206 19419448 -147594094581954
-9882 -8806988 39746152231734
19823 80636275 -267926501401977
-18232 -57333245 281450888161311
-17777 -84149663 2298608315183
10505 -69157535 -681641617026557
-9138 -26102674 567777599218543
-364 51592937 -139506172077272
-7889 55690658 68753168132944
10815 33044177 -475124590938583
8105 -86288642 -283114357584626
7879 -59609190 -83622222538787
15493 -61439041 -425421603526529
-3157 21378053 -3032238420595
-6284 -49278222 416164225214532
-3705 37489311 291829170995125
6586 27846528 -14950619081948
11385 94648763 -1760930244578771
4218 -88815830 -567934631878342
9813 54169447 -105332348825962
4653 53135015 43438570768105
-19538 8375551 244330992171886
-13077 6314538 36107840666282
5318 -33621732 -87068714628100
7518 68074105 -1150028065835827
13626 -19921865 -1198194303606786
-4352 -16982018 -3917006747886
-2052 25747662 3212433258591
-2576 -29178726 230245070377376
-11686 -79310073 9140078774987
-7495 7629720 95993910710240
-6564 -54584568 325874034652339
13240 7921804 -12302047706494
-12025 -61502758 70974025141114
13819 -85747918 51425779850199
-8800 51301994 -77292319937578
5187 75611109 -15889890523239
-16784 13926139 542759036282067
14170 -89247965 -131213632410909
11531 -6228028 -129392148619329
17774 70974191 -236240466074428
-7916 -31984766 57356721569512
-14627 70166784 61884247107715
3415 79818212 -43122532301250
-10742 -18974195 468624736477366
9415 -51301612 -227852276859307
-17247 -59272241 1205657191961545
16272 74067273 -1420354994991087
16493 -79997259 13524033916838
12049 -71312859 -280811538632954
-20035 45997666 142637257228253
-14771 88743205 -41443423346437
10516 94578622 22297660421042
15746 19557188 -30301787832134
-6021 27812983 454276406542437
-1093 -51398424 350715177363826
8896 -79950752 -526938701858830
-3218 36805236 -90784822711396
13270 72441618 -245619626062226
-19202 50765124 211157481143958
17841 10764279 -137082718290631
-3332 -41527043 -4745096670116
-8547 -4324818 215430690368259
4302 66079913 29336741498739
4878 58415858 9599020251744
-12463 71215237 1169473115974709
17335 7783093 -29174326394444
7631 65006920 -494832063285264
7309 2126772 -77173852292755
1632 40934727 -395112986778910
2978 4864455 -40467976827544
-1576 -48245497 363333963273403
6839 -66254675 -35066131664472
-16282 43031280 1080379454289774
-10873 62664369 6089282602167
-9831 -5695406 4624312225516
18804 28456435 -7432860567379
-7335 56252076 334067686336031
-13227 -9401494 127026134055061
-18183 51106674 361310943737912
-12814 50471577 82139777001846
18888 -92480137 -412367038116472
4391 -56070105 16678052144384
-6072 -77669501 -26679634387541
14987 -69921550 -45301857279795
11793 -69392991 86684077564629
-4955 -47954670 363918928175507
-12378 39242608 3084187344015
11819 -2072386 -213297611269
-14754 93340357 306823613972978
8962 -12865937 -15579469878554
10550 -28475095 -532935589727290
6773 -67696849 -82639152368881
15986 -24970944 -850282872223334
5082 -1074554 -112236832088506
-11499 -59460540 628614532218711
1778 -51858744 -296795968130010
-10085 -89332429 346653692289685
16937 -11943206 -329651707652248
-32 87349530 272853515195664
-10774 -82079655 -105727622094317
-3288 -18196196 6181693017466
2835 -33668032 29467367589080
11330 26874849 -683750881297035
-18635 -80494894 143487881246758
-9336 -21261822 48654145337970
-12891 -48826415 87562457351689
18472 -73052455 -57492764715568
-10497 5069786 300016475680142
9521 58893978 -17813370837332
7272 50615562 -35955518683284
4938 -85392294 19239792961142
11009 86224397 79397435703919
6200 56295152 -30942904709880
-7532 -49800369 196967000164961
16231 51599775 -187327807205093
-4145 17130007 110586005724833
16444 1693420 -1217656821002530
11067 69568841 -713423178327066
9237 -5327244 -105101150458020
-4028 -10033760 69869678834230
-4706 69479989 -173759744272859
-14820 12920643 51036976639585
-9153 -35036744 52481661740242
-194 18686554 -70908417224760
-9998 84362242 -32172179636484
5533 5594000 -943522496527
-9439 20610474 64486409465046
-13335 7127816 10345265237341
-10360 -73635793 1222714483006
-14511 93066859 -29044115498987
16182 31830377 -702757830676974
8343 64533350 65626363917006
13944 -68864989 -291047788355694
15308 -81558417 -97502386599663
1968 -8590808 -98494724323973
-10468 62955885 199410737916604
-6051 48044262 9491077209524
3712 -76152577 48349898124586
597 -98651856 -453516843757604
30 73269993 -730645466595342
-2113 67519501 -25388310034399
16740 -73979399 -280546240705767
-8270 -14201167 8109247981045
-19456 -31141207 502853563402962
-13069 22012677 285275696950797
-6306 70435002 -51699572117175
-5639 -19120296 100649605931258
-4494 82588969 581759594447055
2976 10701510 -15093691528632
-7596 58332386 606947441168162
-5077 93428371 758677103422897
-2701 -96069532 -420213746959570
3045 -10055816 -6472665481196
-1303 21734326 -47407201148577
-498 -498 -498
