100 100
97 69 400 57 460 355 115 81 76 215 77 280 270 92 35 91 270 81 85 175 18 33 60 340 455 2 310 65 58 93 480 58 290 82 120 47 220 385 69 13 77 58 155 30 64 400 270 7 345 310 41 56 31 215 295 67 79 430 325 65 31 470 315 16 405 500 41 130 69 435 135 61 1 46 5 44 25 435 55 31 7 205 65 49 66 49 410 70 25 375 460 255 74 47 44 60 91 36 17 65 
10 160 10 77 165 68 27 115 27 19 2 125 61 95 485 52 25 7 27 365 190 310 335 380 245 20 50 60 170 195 34 76 435 350 105 82 275 8 4 18 470 37 39 215 68 74 18 190 43 40 50 55 44 95 295 8 70 355 330 67 8 52 79 200 40 305 41 175 285 85 110 4 53 450 175 45 315 235 225 170 79 285 85 7 74 355 9 270 315 24 14 255 41 220 82 15 495 88 23 75 
4 425 71 455 42 465 390 8 285 125 445 490 240 305 88 17 37 98 460 190 315 285 3 425 87 41 280 40 375 85 96 410 120 205 80 96 5 275 60 28 26 36 75 27 390 64 47 125 480 20 39 62 62 470 15 95 45 58 95 82 98 205 12 270 185 72 87 75 41 490 65 78 42 70 25 59 45 5 55 86 160 150 15 12 1 500 480 78 5 395 40 65 54 30 175 60 78 54 60 335 
72 370 310 40 65 485 260 79 21 80 70 425 61 25 23 375 490 360 175 12 345 46 34 99 62 1 48 35 69 470 15 83 69 30 370 400 475 180 130 220 60 74 490 135 69 165 7 77 22 81 86 5 360 18 75 30 23 200 38 455 4 2 245 2 50 69 355 94 170 210 63 125 65 340 55 145 81 5 270 88 71 240 83 17 72 80 35 350 170 43 140 6 105 17 94 67 35 255 42 55 
265 73 350 20 115 56 68 75 60 82 38 40 35 340 335 5 67 11 395 430 405 11 23 55 35 55 240 375 15 495 64 175 49 160 14 415 90 280 55 475 315 160 14 12 4 260 36 91 90 145 16 90 75 275 6 35 430 49 350 15 290 170 80 2 420 320 335 14 1 44 490 7 60 310 74 255 270 185 380 460 39 135 200 15 40 89 30 350 94 415 385 315 65 335 165 85 58 50 18 7 
180 295 35 235 390 65 59 175 56 50 225 71 22 225 190 435 220 60 90 285 335 11 80 7 13 305 200 34 36 145 21 290 58 90 425 23 245 310 59 99 25 7 95 280 78 86 280 30 150 21 97 110 61 365 260 5 63 52 11 4 405 4 3 210 77 74 85 5 92 95 235 130 44 245 55 95 110 295 155 70 170 79 145 15 500 93 2 42 4 12 38 75 2 50 44 15 4 10 37 35 
65 345 80 440 55 215 175 73 500 82 430 74 45 77 15 46 25 340 17 130 25 420 69 29 55 375 215 170 200 62 230 290 5 445 410 125 365 475 32 13 65 100 47 35 285 59 92 225 90 59 53 70 66 55 42 165 98 30 50 295 390 435 180 31 105 325 43 125 150 6 98 32 185 56 36 145 39 185 10 10 60 490 455 98 215 130 19 340 325 75 10 65 65 230 460 110 250 76 54 500 
130 78 67 95 425 38 41 120 10 465 15 190 60 415 500 10 68 82 435 64 45 100 65 50 26 10 385 135 81 155 80 48 110 190 68 100 100 7 430 77 440 26 65 76 4 68 76 45 39 27 73 67 330 335 97 22 86 475 35 57 80 12 56 3 145 79 420 61 80 220 32 87 58 38 360 215 82 97 495 36 475 64 145 215 5 32 495 240 430 225 46 32 400 120 345 17 74 310 480 3 
52 55 170 100 45 380 415 64 365 480 32 205 90 35 26 380 17 75 245 73 150 5 195 290 6 455 37 66 15 430 9 400 280 485 240 97 99 295 240 73 99 78 29 15 91 93 275 68 8 1 63 35 57 8 490 435 67 20 445 69 270 325 230 81 15 425 98 4 115 150 435 11 53 220 20 25 470 310 96 170 325 310 1 440 165 17 53 255 70 85 405 77 135 71 360 270 15 93 59 470 
96 120 150 9 205 34 125 15 21 78 75 37 370 35 215 99 56 21 265 100 305 74 120 93 185 58 180 77 15 420 5 210 335 36 76 91 84 50 240 115 500 1 270 200 165 44 99 480 83 38 89 4 285 190 37 450 97 56 290 93 36 215 170 260 35 58 55 16 405 235 98 275 375 27 305 385 255 93 175 13 63 385 335 490 415 155 52 300 390 125 24 460 370 100 22 460 49 140 425 37 
335 70 35 145 110 87 7 64 95 58 90 62 73 300 200 225 75 470 52 69 105 3 215 52 25 1 67 485 27 35 120 66 55 445 100 82 65 450 10 175 28 86 115 415 3 4 230 455 325 73 100 435 24 130 280 92 205 110 75 265 395 63 84 185 45 64 4 265 15 34 170 90 485 53 465 1 280 34 270 355 92 395 415 145 8 56 215 240 85 19 105 36 66 240 60 92 210 190 35 26 
91 64 6 5 455 320 175 395 465 14 490 60 230 65 435 205 6 14 10 340 17 430 20 455 180 415 5 85 385 300 27 95 370 480 430 26 305 195 240 56 43 165 95 87 470 33 3 430 17 455 15 43 105 47 405 44 80 150 450 78 80 4 315 88 22 39 76 68 415 60 30 100 240 82 175 55 40 370 440 455 195 190 78 43 34 20 380 42 25 99 385 43 33 23 240 17 44 415 370 110 
16 55 99 160 59 51 56 2 43 35 20 47 60 25 4 230 220 235 5 28 31 415 480 48 23 140 110 23 19 55 60 60 17 89 350 37 12 5 210 220 230 335 165 19 4 470 50 340 17 480 370 490 15 99 135 460 20 80 350 26 350 470 130 205 23 430 145 45 35 73 36 85 83 63 78 130 84 140 12 68 465 58 390 61 44 205 64 48 22 51 86 85 185 105 77 59 65 330 360 5 
80 46 105 13 290 67 415 69 74 39 76 275 130 32 92 405 35 99 43 410 335 435 255 285 230 82 240 355 460 305 7 340 105 210 225 385 325 65 60 89 175 415 260 30 350 48 6 385 490 10 72 260 75 55 355 50 60 300 35 375 345 125 34 260 24 290 48 16 140 485 75 250 32 69 13 135 440 90 315 72 235 41 125 385 17 40 120 135 67 18 98 13 46 68 25 35 70 215 24 140 
265 125 280 115 255 350 11 125 66 61 15 300 21 77 170 86 41 80 475 46 260 78 180 410 27 80 440 95 465 24 14 375 355 44 4 7 95 4 28 90 48 24 53 465 295 420 42 270 23 29 330 465 465 210 14 40 94 105 50 315 450 155 1 30 61 40 30 160 40 370 220 475 58 350 420 115 46 82 86 94 53 62 73 290 43 32 25 23 62 470 56 130 25 18 45 70 145 81 72 25 
80 5 38 26 69 89 80 160 485 99 285 230 255 300 400 225 75 18 51 410 155 90 360 2 8 370 395 36 57 56 32 5 295 82 25 80 455 475 175 27 105 340 59 450 44 19 27 145 4 8 255 160 87 340 92 440 290 10 91 400 16 15 460 77 59 34 10 335 97 81 31 385 63 45 250 125 17 125 395 445 440 325 58 48 320 30 65 58 115 61 120 285 235 96 5 460 475 375 31 490 
195 375 135 255 65 400 56 210 365 7 18 235 89 260 6 80 340 175 195 175 4 90 84 325 21 57 99 12 83 12 83 78 49 58 175 70 240 415 34 445 89 99 225 185 460 15 300 52 260 84 285 15 13 25 78 47 31 235 34 90 87 10 445 36 445 10 84 255 70 325 20 99 270 155 205 97 56 37 320 355 330 58 5 32 325 97 84 56 29 9 120 405 90 95 340 225 81 470 95 390 
480 61 195 58 16 73 78 19 300 60 115 5 225 14 285 34 79 33 445 21 81 56 64 195 84 43 9 99 66 11 8 88 45 69 180 35 10 66 77 255 60 52 65 59 385 235 55 325 360 34 20 190 170 46 70 75 95 85 60 80 330 360 185 86 360 495 120 385 19 85 375 57 495 9 49 80 23 320 20 20 47 27 330 145 20 360 25 69 75 365 25 130 64 340 26 355 63 51 190 76 
55 86 71 480 61 47 80 185 74 175 60 430 140 235 450 55 96 32 345 30 480 60 2 280 10 185 125 500 335 29 80 155 85 85 255 53 440 75 340 82 30 95 6 130 85 310 38 16 72 285 80 86 35 30 19 99 100 110 79 265 43 415 170 480 88 45 72 99 82 340 20 86 170 68 290 435 67 385 13 8 70 96 365 88 215 4 495 335 96 6 52 145 90 440 4 8 11 290 200 285 
95 30 225 78 250 305 99 445 210 23 64 60 35 260 440 270 40 60 220 24 86 11 81 43 35 310 355 450 195 460 69 84 90 6 165 66 31 205 47 440 295 85 16 71 18 145 64 2 10 87 385 345 27 355 38 150 380 88 300 2 64 96 11 330 25 375 62 74 63 435 34 80 26 44 30 94 295 67 170 58 240 21 190 72 39 345 230 23 92 405 62 240 73 30 70 95 470 385 64 2 
79 40 85 6 75 250 61 480 20 41 45 37 58 81 99 225 99 54 84 25 340 370 53 405 16 15 300 20 95 230 94 97 63 70 375 295 115 260 165 66 210 235 61 135 49 1 60 405 64 36 325 45 55 79 280 50 475 22 22 260 50 415 195 96 340 180 375 20 42 170 10 14 450 25 375 470 20 93 100 150 355 430 31 205 80 85 105 125 31 22 135 155 11 130 120 67 51 355 360 1 
77 245 215 425 30 170 190 58 59 350 83 93 405 73 285 435 50 35 95 110 210 83 25 18 17 39 460 47 44 31 65 385 255 36 8 55 420 75 270 11 25 61 275 80 27 45 62 130 225 110 30 56 270 325 71 80 125 70 40 445 53 145 160 250 55 460 220 73 54 45 190 11 37 83 67 19 465 42 270 78 390 485 21 365 250 92 105 355 45 185 34 22 150 135 325 90 45 47 245 290 
99 87 310 145 49 1 490 375 48 65 74 38 200 105 90 125 410 235 410 99 100 95 235 190 450 400 64 195 185 62 200 33 15 500 330 65 89 29 500 64 90 80 270 65 47 280 84 220 120 74 54 94 54 31 18 89 45 62 500 120 60 150 400 50 220 205 205 43 5 7 56 95 490 27 34 5 340 28 48 230 24 210 51 64 55 95 57 360 270 64 82 425 39 170 64 70 140 9 16 86 
440 39 300 66 120 100 67 325 295 89 63 55 270 245 295 375 81 320 120 36 340 2 315 45 370 295 34 27 87 72 480 70 89 62 185 165 86 250 260 105 71 315 42 370 18 185 78 39 475 46 270 33 275 485 88 96 215 14 93 74 84 145 480 490 370 205 265 495 7 14 115 35 94 66 33 21 165 10 24 84 120 81 30 62 225 325 375 495 395 60 25 73 28 44 390 350 61 5 50 335 
175 440 10 50 105 39 64 365 85 325 45 54 195 165 39 44 125 91 100 25 57 410 80 455 47 375 51 450 400 450 92 96 270 16 34 15 4 100 52 34 94 110 275 300 265 380 68 190 60 225 36 74 69 77 10 61 340 320 18 6 82 220 280 440 5 27 94 450 32 195 43 215 90 74 94 35 235 14 68 235 265 37 90 420 300 435 110 5 19 66 380 3 140 110 30 66 48 68 55 87 
80 100 355 145 96 225 465 30 45 11 420 45 73 5 200 76 245 490 280 24 1 59 43 160 14 71 56 82 66 325 290 60 41 87 67 19 77 100 250 490 340 28 470 35 88 45 88 22 255 4 70 150 445 51 46 485 475 320 5 4 340 53 52 100 73 28 415 425 115 20 72 36 31 15 25 415 32 35 6 65 285 91 425 250 67 160 94 380 190 10 55 285 67 93 16 41 495 68 56 79 
175 62 10 51 355 81 380 175 71 420 395 55 425 450 355 45 95 94 115 59 95 87 68 55 5 44 33 78 475 93 82 40 46 205 200 450 75 475 310 31 30 480 385 90 395 420 52 7 50 60 485 26 71 155 87 240 465 81 4 90 13 24 67 18 14 340 75 21 74 56 94 11 190 205 56 31 72 190 115 440 40 125 86 370 29 16 450 76 255 42 55 350 405 390 86 40 91 16 300 295 
325 34 84 30 445 385 495 55 30 70 9 88 385 20 60 175 76 200 68 260 62 95 290 21 340 115 72 93 52 330 5 455 20 23 41 5 11 430 360 460 22 32 490 70 91 45 180 35 315 57 86 80 110 185 70 300 310 62 81 295 69 210 55 335 71 48 76 78 15 170 80 500 25 100 43 255 395 78 460 130 86 430 455 370 425 350 185 14 20 350 53 75 240 69 245 425 215 140 410 37 
160 360 200 140 490 26 99 15 54 400 320 53 455 370 375 200 190 105 87 20 48 370 160 370 98 340 290 53 56 38 135 71 74 79 18 230 255 455 15 90 25 63 26 10 88 32 25 15 170 61 30 40 365 31 74 87 57 255 360 71 115 56 85 91 410 54 16 20 70 335 160 130 25 94 130 51 100 32 145 255 35 51 435 15 365 495 340 275 140 61 295 95 63 41 100 50 430 57 47 245 
55 410 15 79 43 420 140 105 78 205 390 23 470 4 240 25 26 475 485 145 365 475 125 72 255 175 275 60 29 55 55 130 300 385 18 15 48 31 470 380 34 10 325 450 290 30 145 210 41 345 380 95 40 13 480 480 89 165 470 80 485 42 15 85 23 11 68 27 90 260 2 390 52 47 235 51 40 36 75 81 355 59 98 225 63 305 7 19 87 81 230 84 52 46 4 33 155 170 86 100 
360 465 10 295 44 49 265 30 66 95 310 37 92 130 435 305 48 100 140 290 210 85 440 355 46 260 47 430 73 400 230 360 145 90 395 42 92 59 18 330 5 37 43 425 25 70 365 175 495 90 61 155 495 75 390 5 49 295 195 235 220 85 63 71 230 18 66 305 90 52 135 320 41 120 59 47 160 33 20 76 1 60 135 30 335 15 94 16 460 35 14 320 14 240 245 325 45 170 130 260 
28 495 135 135 21 99 420 84 46 29 77 110 230 435 51 15 50 150 34 47 43 13 110 230 68 15 36 405 375 61 255 500 16 315 24 455 465 67 60 71 6 83 36 50 365 45 13 2 345 205 30 63 70 175 430 40 460 365 240 24 220 25 12 135 7 130 290 355 64 35 89 190 13 33 24 70 445 16 250 48 96 155 105 190 97 480 57 8 89 430 380 100 8 25 3 35 61 65 275 490 
47 12 69 22 46 265 26 425 270 26 22 24 15 225 55 315 230 64 53 30 490 49 93 71 480 200 30 37 225 28 485 330 42 365 175 10 270 48 150 20 77 20 350 340 24 88 135 50 150 195 74 18 82 240 19 36 75 29 200 17 96 20 75 65 65 425 315 47 225 35 78 7 230 400 40 8 415 70 65 365 180 29 370 305 15 10 460 30 81 240 205 89 475 485 72 50 84 325 195 340 
145 45 39 385 6 75 495 27 15 245 93 35 5 10 8 26 245 91 90 295 58 445 410 300 85 45 9 235 400 30 310 235 95 84 155 455 175 52 83 455 50 235 28 80 75 215 80 49 180 145 460 39 235 380 66 405 58 365 160 97 490 43 290 77 34 31 405 18 85 25 32 305 80 160 455 8 395 44 245 485 295 18 340 5 88 65 80 37 35 225 20 475 160 135 180 350 365 470 245 25 
88 94 91 415 160 205 225 28 12 440 98 305 78 335 55 4 58 12 90 58 10 35 325 90 3 66 6 60 83 455 66 65 45 42 410 40 450 210 420 130 8 1 80 460 20 54 315 72 66 19 4 21 84 45 28 30 185 225 270 480 455 470 370 380 17 335 115 330 26 105 190 35 82 485 52 23 76 13 9 300 94 91 46 50 330 370 100 47 89 93 93 3 49 72 335 2 160 99 135 57 
38 71 290 93 28 500 300 175 49 495 13 59 95 13 81 73 6 330 380 320 430 74 8 95 78 20 96 96 32 10 475 56 60 475 18 320 69 255 16 43 70 92 97 79 6 4 80 21 125 370 95 325 235 95 3 105 345 69 460 1 495 93 93 15 4 15 65 485 85 99 12 320 285 120 135 68 92 425 120 93 28 440 56 165 48 410 82 200 85 52 64 30 27 76 435 255 260 58 78 9 
77 71 50 89 17 27 290 145 405 100 455 31 275 70 250 95 425 3 20 67 44 410 5 27 65 445 350 150 485 8 150 65 77 165 71 31 495 4 245 175 145 475 73 94 455 480 455 96 500 99 45 305 37 285 415 44 245 50 115 73 435 325 125 10 5 17 420 470 295 170 20 235 77 29 55 35 85 76 300 245 7 495 8 57 13 385 280 370 91 235 110 52 22 395 390 455 280 10 49 425 
42 270 450 480 8 420 49 160 205 53 12 405 65 415 11 140 64 155 490 415 60 195 1 195 390 145 145 80 66 60 475 44 480 73 75 5 115 285 54 29 52 29 55 6 40 335 85 18 5 165 72 91 375 28 80 53 305 45 315 87 190 27 3 415 83 48 10 49 74 78 180 69 11 45 44 44 150 145 5 20 365 99 385 62 360 51 330 98 89 430 26 7 9 150 94 9 96 11 120 260 
66 70 285 91 90 315 185 320 10 375 215 9 95 54 100 22 185 150 370 67 200 95 30 15 10 195 59 60 75 235 37 59 205 68 49 31 490 5 125 37 14 55 390 125 24 63 110 10 330 365 485 12 75 265 470 115 300 45 470 65 74 445 25 230 300 85 180 42 53 375 205 57 450 240 18 70 60 90 2 72 435 455 37 74 75 365 25 33 35 85 405 260 66 365 36 385 85 155 3 300 
275 74 45 65 435 32 97 360 95 69 170 10 410 36 170 205 47 370 81 64 14 380 75 140 57 130 110 58 295 295 355 245 300 32 130 340 215 38 450 46 24 440 60 51 36 340 21 31 61 71 295 15 13 135 25 68 6 160 155 66 39 51 240 77 13 80 20 40 95 455 51 86 62 7 12 8 12 98 335 6 385 425 405 19 3 100 54 480 47 5 43 98 490 41 50 255 445 170 15 115 
48 45 490 11 18 26 170 140 95 22 305 65 93 350 13 49 375 185 17 45 60 375 91 230 105 81 29 53 72 15 91 410 59 39 90 105 85 180 28 320 41 105 58 77 15 19 35 115 105 350 15 105 450 380 170 23 375 2 85 68 485 99 380 53 19 420 34 385 95 25 27 165 13 325 400 92 25 160 18 10 490 415 32 475 335 34 475 470 5 88 445 69 175 2 155 410 445 110 7 240 
89 175 41 35 340 155 8 450 455 170 255 345 495 245 180 225 365 350 49 125 37 98 80 87 36 425 10 28 62 56 370 40 14 75 400 365 70 345 295 40 64 43 65 11 250 11 420 92 365 115 40 350 125 105 320 56 165 385 85 79 275 340 115 82 45 300 71 31 90 78 34 40 37 95 285 230 36 430 81 86 110 60 240 100 81 68 79 335 445 27 445 385 190 68 85 490 66 96 19 170 
42 26 6 195 140 160 47 58 72 5 82 28 80 83 49 30 63 26 19 38 57 48 58 195 9 7 14 240 455 99 35 290 51 9 61 77 415 380 100 355 365 20 430 195 480 24 170 215 11 350 31 45 315 4 65 19 28 68 52 270 125 94 57 24 255 160 35 165 81 93 25 160 10 51 335 6 76 12 98 450 58 87 155 335 240 26 460 13 235 105 295 20 130 29 340 100 155 310 280 40 
24 6 48 375 22 5 165 310 85 48 67 41 435 50 155 88 480 440 97 145 94 420 200 215 425 250 61 300 34 24 400 140 375 400 175 31 22 57 5 67 420 395 20 13 2 38 58 46 80 345 435 105 5 3 83 420 175 31 105 355 465 445 4 63 140 240 200 145 25 70 430 105 48 65 66 4 28 30 60 92 41 95 100 88 345 270 93 67 205 54 27 180 200 36 260 71 75 8 425 49 
70 58 69 77 10 160 175 20 260 36 55 11 455 79 18 450 93 10 82 340 460 210 475 70 5 415 9 40 28 3 365 435 40 70 2 45 76 39 5 81 415 98 13 105 60 17 390 80 145 31 35 435 80 17 420 91 99 365 88 96 455 11 305 100 1 315 430 94 73 50 27 485 51 3 33 100 385 80 395 37 250 185 48 85 75 70 58 95 170 405 79 20 360 295 470 91 410 275 245 73 
47 99 45 76 365 56 2 180 81 44 175 220 280 385 65 59 50 440 225 98 205 59 97 275 205 35 45 15 77 480 52 35 455 67 83 275 275 23 70 25 180 65 260 435 65 30 200 235 390 370 60 87 190 10 460 99 17 17 3 47 275 15 24 45 65 62 25 435 49 73 295 88 89 24 190 415 98 140 20 92 81 19 31 34 53 40 79 240 310 460 3 67 37 455 215 155 38 465 67 69 
290 86 15 42 475 480 16 54 54 49 30 145 77 150 65 1 57 88 315 74 45 325 270 5 425 395 150 65 49 60 83 175 25 270 45 72 425 41 92 19 10 13 495 46 40 180 52 145 47 45 71 71 65 6 13 41 40 91 75 480 190 65 63 255 65 47 125 19 12 67 335 19 86 46 275 155 250 425 98 3 64 270 295 42 60 18 97 5 64 165 485 200 43 56 89 220 72 340 130 78 
305 98 27 60 500 10 110 34 100 25 78 225 13 95 235 80 75 59 17 83 55 55 455 25 67 30 57 70 395 23 99 405 70 470 7 56 475 56 290 100 295 66 365 20 4 390 55 5 225 10 75 340 90 51 490 56 290 27 2 335 125 99 19 130 45 230 155 70 96 56 16 230 210 7 290 72 83 8 265 300 70 31 98 255 330 465 100 100 77 60 295 200 165 90 220 21 365 57 73 40 
445 500 80 69 320 255 205 490 165 105 40 410 17 80 270 135 400 445 410 150 110 60 315 49 410 21 260 305 33 135 345 83 270 16 25 59 405 14 9 97 12 110 255 400 60 89 435 49 260 25 84 66 215 58 53 49 5 89 465 235 55 9 59 84 56 31 265 35 28 15 90 78 24 26 35 285 185 300 215 320 92 380 42 300 42 41 450 32 100 40 59 100 81 74 53 190 195 105 125 250 
38 49 87 55 29 160 75 425 270 40 195 175 96 11 17 95 25 10 460 190 26 88 78 55 30 220 55 24 15 74 35 23 10 77 475 495 55 19 165 57 200 280 220 49 100 49 475 87 47 495 64 19 475 56 125 225 42 250 265 34 445 145 305 98 31 80 35 315 25 210 57 38 98 17 210 170 85 140 91 240 345 80 27 81 45 66 475 8 335 74 500 95 43 74 25 78 45 325 28 7 
145 110 19 22 400 24 58 470 70 350 20 395 160 220 32 78 60 430 465 215 485 200 12 8 29 93 10 370 490 420 230 265 28 30 15 170 39 32 13 265 55 79 125 37 35 270 135 80 340 21 40 285 45 6 220 79 74 110 38 290 31 48 93 82 30 37 45 23 55 130 97 240 105 39 4 27 265 97 75 25 10 70 210 59 90 365 63 450 98 320 73 38 480 170 10 205 435 360 325 205 
48 190 97 95 85 165 285 45 265 265 390 315 160 120 415 67 20 47 11 205 23 310 52 205 11 150 385 100 35 4 255 91 53 69 74 450 92 73 85 340 295 155 6 70 91 475 415 80 24 73 455 60 270 51 35 160 57 365 88 410 64 81 16 84 435 205 57 44 69 48 265 160 285 9 80 435 46 495 79 40 97 60 60 190 96 275 105 79 40 37 160 30 60 195 43 390 23 51 410 49 
39 260 62 110 190 14 72 350 380 195 15 1 380 53 26 340 465 52 23 67 27 12 20 55 460 70 285 46 20 405 310 220 170 290 420 29 255 66 60 30 130 170 78 74 52 220 39 94 215 73 170 320 49 93 76 3 320 365 67 28 33 255 160 33 85 75 90 83 35 100 58 55 15 465 175 25 335 2 380 70 92 78 50 64 140 6 19 26 110 425 165 56 90 21 200 385 91 11 320 21 
30 295 330 24 97 100 2 66 265 340 330 46 8 15 16 430 93 295 36 96 68 215 400 485 305 335 85 65 37 310 70 160 68 90 32 40 77 41 69 50 19 12 26 13 30 22 205 355 370 100 85 34 135 18 7 26 355 10 370 185 105 105 7 415 280 66 14 25 410 35 305 140 270 255 48 70 45 340 445 355 16 21 67 425 37 93 245 365 38 215 130 285 15 90 100 485 85 235 95 37 
72 66 46 435 49 10 98 90 6 135 86 40 150 69 115 445 55 64 230 62 415 87 14 91 350 160 52 53 325 92 30 60 40 245 30 255 370 85 150 87 315 82 185 15 11 230 80 465 25 48 15 91 9 350 490 88 260 93 8 475 82 59 495 8 9 395 95 65 37 60 7 390 74 63 50 440 87 95 90 52 410 280 355 205 15 24 275 405 265 100 355 53 62 4 82 495 20 50 330 395 
93 5 25 165 7 295 205 62 32 470 38 280 5 290 38 335 9 445 13 220 235 40 430 100 335 90 255 255 40 41 75 150 83 10 56 15 38 6 440 285 21 13 125 60 135 5 13 450 70 240 485 480 410 9 145 350 87 255 60 125 465 38 67 85 32 86 415 315 330 105 70 325 51 165 78 43 21 110 420 295 94 200 160 85 300 43 460 2 440 42 78 23 57 37 305 46 70 365 355 60 
33 50 335 270 285 73 385 180 69 40 15 72 100 445 10 380 1 435 165 93 380 86 215 185 145 39 37 385 65 360 145 225 355 72 55 495 70 85 145 40 74 32 37 81 72 145 100 54 60 35 28 105 2 77 350 75 6 340 300 225 46 85 47 310 500 45 210 21 170 300 64 425 53 65 110 445 22 1 115 80 385 10 89 92 72 110 64 6 325 14 72 98 40 470 33 67 17 82 220 78 
15 93 230 425 77 32 16 130 89 22 31 44 205 36 155 395 100 430 285 405 1 125 93 325 85 185 430 9 4 20 310 77 23 36 10 200 180 225 17 475 295 51 495 74 420 230 180 335 71 11 5 300 355 87 200 30 420 340 500 275 185 8 205 255 310 5 71 94 86 245 70 50 20 165 90 90 41 245 4 78 15 79 190 410 33 370 60 5 92 205 63 250 45 38 105 25 495 31 215 36 
57 225 37 35 355 225 27 290 70 265 50 98 74 280 86 60 50 55 245 15 265 120 87 205 79 22 200 10 340 145 50 29 475 93 36 35 96 405 450 310 335 43 365 270 74 465 19 88 20 50 165 35 4 375 4 380 115 40 40 310 60 360 245 11 52 475 370 11 225 370 21 9 13 410 385 21 60 98 20 81 315 73 41 58 240 260 280 430 59 32 32 465 6 88 97 60 420 470 400 370 
205 88 44 86 24 55 120 295 410 52 300 48 87 1 400 290 37 245 31 69 130 48 24 350 385 99 415 390 80 14 45 100 160 310 40 280 98 35 60 89 54 175 370 58 460 34 15 270 490 97 52 440 60 200 51 10 150 45 215 57 100 435 81 11 24 45 185 72 39 74 2 335 87 170 29 290 57 24 85 250 51 190 33 95 87 61 71 50 250 245 99 64 41 99 23 40 89 490 15 76 
24 205 10 320 440 330 48 44 25 450 420 305 20 125 415 21 7 30 98 15 18 495 480 215 90 29 92 84 59 355 46 225 310 16 77 48 1 5 4 400 280 65 42 110 440 370 41 320 8 40 85 490 365 64 490 80 495 170 42 4 370 21 235 93 89 185 420 67 47 13 33 72 430 160 440 64 270 64 30 71 85 39 115 68 125 45 105 43 315 120 435 55 53 280 5 17 90 25 215 47 
40 260 23 195 470 26 22 220 46 275 33 99 200 335 185 375 88 150 67 55 3 29 125 500 135 465 155 245 220 205 500 195 45 40 225 270 53 85 7 105 305 190 475 56 37 490 12 92 350 65 275 245 335 51 75 11 73 78 175 71 13 90 50 29 4 400 130 5 430 250 335 480 12 74 265 30 95 70 71 345 70 100 56 250 30 40 395 365 445 59 27 86 55 84 10 96 71 35 88 45 
430 15 34 150 8 16 10 325 56 70 290 175 15 77 20 475 70 5 270 51 97 31 91 28 13 40 285 405 190 44 105 4 105 175 4 66 455 46 52 70 365 94 185 25 39 175 380 65 69 115 315 72 1 335 85 235 155 76 5 56 305 380 18 67 71 485 79 470 420 27 105 15 190 21 99 77 85 51 97 250 170 87 340 195 20 14 9 73 89 29 27 29 270 285 14 83 25 290 46 215 
105 9 480 90 58 45 450 73 190 215 54 165 160 405 110 500 31 8 38 10 95 95 80 70 1 40 35 31 415 335 52 19 230 155 21 110 81 500 17 425 380 97 265 345 365 10 460 8 50 275 205 270 72 100 490 57 6 5 13 44 24 415 100 95 14 61 14 300 47 48 160 165 31 230 40 85 50 65 95 390 5 420 59 30 310 310 80 100 47 57 8 88 130 76 22 105 405 74 470 36 
45 45 66 84 39 90 16 415 45 97 56 370 160 130 93 335 120 450 75 20 57 160 82 265 80 97 59 43 390 4 39 57 165 390 45 65 10 350 8 450 10 97 76 74 69 280 300 120 84 77 33 45 495 17 150 370 345 10 93 55 31 135 210 1 65 430 86 180 325 74 88 380 130 78 2 175 120 41 45 300 315 14 145 37 46 305 80 84 27 430 42 450 7 40 175 340 140 80 480 210 
76 3 135 29 490 290 84 18 380 120 27 130 445 73 290 10 7 130 35 7 65 74 47 255 90 110 14 27 410 395 485 450 43 265 115 165 93 21 190 14 485 8 90 255 90 95 215 215 195 2 33 430 89 385 89 15 32 150 75 25 58 40 145 255 85 19 71 120 365 15 450 82 85 98 115 275 325 395 285 40 11 91 63 115 470 35 155 170 53 74 25 310 46 23 380 95 335 75 290 215 
60 56 245 36 80 2 85 9 190 44 40 460 265 230 130 120 360 56 375 165 165 235 495 2 36 385 240 475 89 445 27 365 280 73 165 78 20 61 13 145 380 32 460 33 67 11 40 98 38 30 380 2 25 55 465 28 91 475 45 25 90 36 145 195 86 78 3 450 11 455 340 18 365 70 83 40 60 74 480 335 105 25 30 385 35 215 87 42 465 17 8 11 135 27 180 425 120 460 15 31 
210 470 440 405 45 60 55 250 135 30 470 26 295 395 295 24 94 245 120 155 90 78 120 450 93 90 355 160 450 425 89 395 225 34 250 98 34 490 100 73 180 79 315 98 435 70 455 300 135 18 47 455 77 26 66 255 3 63 32 265 24 34 34 110 91 285 60 280 62 74 2 77 420 145 87 38 120 36 63 32 115 50 43 100 70 20 125 1 60 305 50 71 470 19 175 1 80 45 395 28 
90 53 46 460 42 240 345 450 51 95 93 35 330 110 310 100 90 41 14 300 185 230 290 85 32 50 23 71 52 30 160 33 88 365 270 91 320 140 71 450 50 490 96 89 75 470 130 400 43 96 70 430 405 230 23 155 420 345 140 95 80 175 310 310 35 70 63 80 405 105 435 50 500 40 24 345 140 94 500 31 355 365 155 355 95 88 18 84 74 50 50 225 100 94 310 35 445 425 240 500 
31 2 15 120 78 385 78 78 90 71 130 395 83 285 6 11 105 9 135 30 340 11 450 340 6 185 89 33 81 265 3 310 98 105 44 220 475 350 82 60 63 210 39 365 195 83 175 420 90 90 20 44 41 225 345 350 87 250 31 395 17 100 55 68 98 69 59 32 46 270 55 200 445 40 420 81 30 90 305 71 105 425 62 53 25 42 61 205 21 5 400 360 480 8 34 125 85 365 68 340 
2 425 215 58 480 10 350 2 330 6 13 42 415 11 435 94 335 135 9 96 260 195 37 55 400 145 80 18 260 78 50 79 72 350 100 195 91 48 475 3 93 69 265 92 10 170 60 16 79 53 39 235 455 38 22 95 340 160 100 8 45 19 84 105 435 475 72 115 440 335 495 330 315 165 15 25 65 60 92 130 100 14 57 90 86 70 320 305 270 64 130 92 55 140 85 20 36 70 33 75 
180 92 93 71 20 335 490 62 14 56 81 485 40 68 57 180 15 100 300 145 22 55 330 435 42 57 60 27 28 24 28 195 475 87 185 475 80 165 75 71 260 7 115 410 155 59 150 260 46 495 90 76 20 56 88 65 235 15 82 62 470 97 25 160 63 9 385 475 10 24 15 3 20 390 13 61 495 75 87 31 315 68 55 82 175 75 43 365 495 30 455 70 450 8 61 17 185 20 85 32 
60 99 190 250 330 185 71 80 125 75 27 470 77 275 16 93 99 25 340 455 59 13 485 185 130 73 215 325 90 100 75 79 86 160 46 76 495 66 50 35 490 94 16 38 81 30 380 455 160 345 405 300 54 160 29 455 135 98 25 96 305 250 370 66 430 415 36 65 22 47 480 75 225 14 455 440 130 485 485 8 10 84 33 290 70 54 85 55 100 75 49 265 340 37 33 91 16 90 100 5 
26 42 470 430 28 65 480 98 40 260 92 11 460 240 94 240 40 64 380 61 64 86 20 44 59 30 10 390 345 58 495 375 110 255 430 70 430 20 21 395 67 36 415 65 3 215 66 415 17 325 55 305 60 4 86 255 48 475 280 40 57 99 45 360 365 91 435 82 1 380 84 165 375 90 46 170 18 45 310 51 90 89 49 345 140 73 59 94 80 155 225 150 320 92 215 61 55 39 380 69 
60 220 22 7 20 485 56 1 77 68 68 87 97 50 68 225 295 350 20 91 140 17 52 86 465 320 62 25 75 7 42 31 380 450 430 405 37 31 70 10 485 10 89 150 50 58 170 21 94 245 155 430 28 275 80 90 56 24 455 94 170 325 200 60 53 255 215 83 5 9 71 45 19 80 320 160 94 61 79 30 385 55 31 84 12 89 45 100 320 60 90 93 90 68 140 69 59 26 88 73 
305 70 62 275 475 170 58 36 47 245 155 240 25 110 18 100 11 4 345 220 245 130 370 50 40 45 305 91 14 35 88 12 25 16 320 87 48 14 70 280 26 57 350 195 12 365 135 59 5 19 75 240 180 470 20 465 94 24 61 335 94 95 49 370 80 295 68 10 18 37 38 495 64 260 140 15 30 245 74 175 16 140 7 31 37 170 320 74 215 62 53 5 435 170 6 390 35 360 85 400 
95 72 225 30 51 410 20 97 33 75 23 465 220 56 50 205 88 55 185 9 24 240 170 78 400 305 405 380 270 340 480 97 38 8 440 16 82 230 86 36 200 37 34 450 3 470 35 125 55 370 67 215 145 4 295 360 350 165 52 55 300 145 86 71 220 85 14 5 79 99 69 75 290 270 1 220 28 435 370 45 5 74 205 375 57 99 5 415 365 56 175 250 50 160 32 79 39 225 340 16 
210 74 95 390 135 6 5 30 390 120 50 210 455 27 15 94 32 20 415 430 340 240 280 86 26 300 20 4 56 82 290 69 40 49 175 75 70 95 195 41 37 135 66 410 45 78 93 74 290 65 100 135 200 1 41 93 16 255 190 450 65 16 8 280 65 15 105 310 130 50 465 275 50 135 445 53 20 475 160 5 94 41 23 48 470 84 105 175 285 285 46 120 120 62 470 62 150 275 98 160 
270 50 125 255 24 410 22 54 75 87 12 81 97 435 65 52 145 500 90 49 145 150 30 405 265 65 200 220 14 245 135 445 65 390 310 490 71 21 40 18 81 45 80 50 470 100 20 340 280 79 220 36 200 270 31 210 56 99 7 7 86 23 105 90 77 155 77 110 23 7 31 72 8 485 28 470 14 1 27 345 115 490 96 290 65 9 86 95 130 42 205 1 87 28 65 52 24 465 12 40 
26 125 125 33 92 165 30 9 87 65 290 275 495 260 35 470 455 125 85 230 450 54 415 225 55 340 480 66 3 270 80 85 60 24 335 17 220 48 50 26 75 18 110 135 445 86 110 52 13 340 89 49 16 90 85 99 15 39 49 52 81 130 57 56 405 335 64 160 405 80 330 70 61 215 47 17 90 14 370 39 27 150 57 38 57 105 93 130 320 185 9 335 72 445 51 22 14 91 93 250 
93 40 10 445 76 42 450 345 36 290 250 32 76 26 140 495 38 1 27 340 63 225 95 2 190 91 15 83 110 23 94 450 97 395 485 93 12 18 335 88 61 5 320 345 35 40 19 345 72 75 46 360 53 61 100 33 35 5 7 210 140 23 315 73 10 335 3 91 15 87 9 440 42 67 330 34 92 490 9 175 44 16 150 10 89 72 480 360 310 63 345 91 485 97 115 270 37 52 160 45 
91 220 495 85 225 155 30 40 91 48 83 360 33 80 30 140 195 61 165 75 250 300 380 75 100 89 35 385 370 26 450 44 30 180 60 42 71 69 3 70 350 65 74 215 88 190 255 59 22 71 330 175 480 445 84 66 14 50 265 225 7 58 72 265 345 18 340 5 240 23 125 110 225 50 240 79 190 47 475 260 60 55 86 67 64 10 69 90 240 16 365 195 85 390 70 24 97 150 37 325 
2 82 15 110 79 215 50 58 96 81 50 11 405 28 395 375 48 20 455 4 21 205 30 46 340 60 95 440 39 140 95 84 93 41 155 255 18 34 230 60 470 275 245 210 10 32 500 57 64 40 62 195 340 325 16 355 180 150 185 21 39 360 100 3 17 145 5 25 35 24 15 81 45 415 410 330 76 60 7 500 95 20 340 28 35 45 370 105 445 10 54 215 430 57 210 6 28 59 195 340 
235 220 74 315 93 59 63 52 53 190 295 55 25 35 45 415 9 72 35 73 5 87 10 180 38 22 12 51 295 9 17 91 26 85 270 335 70 30 310 420 385 270 92 100 86 3 40 115 120 79 19 7 400 9 115 395 76 10 225 53 95 37 90 340 1 22 225 215 48 185 87 68 225 5 57 320 175 43 87 270 41 16 69 71 58 160 23 205 360 39 215 13 24 88 430 24 460 170 305 85 
91 59 100 90 14 495 71 275 39 280 110 290 35 330 450 92 34 32 38 120 15 43 210 92 460 475 46 48 325 71 17 270 415 36 255 445 365 135 40 46 9 445 94 20 75 110 455 51 40 270 340 40 41 21 125 145 58 175 17 55 21 30 450 40 180 62 7 84 62 36 16 33 100 85 19 13 100 4 86 255 25 125 270 400 10 500 245 72 72 455 10 125 57 235 70 39 4 66 97 27 
155 340 17 475 54 81 14 265 15 7 48 56 72 5 270 450 81 285 40 440 305 30 375 70 47 265 375 77 83 240 270 77 430 325 470 52 215 95 96 17 5 345 415 14 58 235 14 75 400 48 250 41 39 125 42 445 175 15 7 71 38 330 9 21 450 65 45 430 17 140 205 95 430 165 45 64 45 20 370 21 26 41 98 72 54 48 20 380 47 105 440 230 65 75 475 55 55 415 265 500 
97 15 28 70 68 240 58 86 57 28 85 260 500 18 59 42 14 65 52 64 67 340 145 88 100 105 350 10 290 490 50 36 370 10 22 110 335 46 67 275 195 285 215 425 96 40 460 91 33 360 375 20 140 52 89 98 40 57 31 185 59 20 435 425 115 74 160 120 70 190 225 475 2 135 330 100 105 54 410 86 360 78 49 70 455 370 485 7 100 30 22 17 370 57 29 205 61 16 70 59 
27 81 290 420 100 14 210 290 82 125 96 16 95 275 125 7 56 81 12 49 20 420 240 26 99 11 17 130 39 230 99 92 65 43 315 64 66 95 100 32 460 94 96 30 36 125 22 210 160 92 430 54 20 75 59 135 100 90 110 82 34 30 29 215 66 62 455 55 240 32 66 85 190 100 89 380 330 52 85 98 21 300 195 46 295 450 66 405 480 90 225 12 31 115 500 430 265 44 275 98 
315 225 75 24 445 97 22 79 275 36 53 48 99 480 64 270 40 55 35 300 230 75 9 79 57 35 125 470 51 69 375 56 83 320 390 15 43 75 24 495 44 290 33 55 42 80 365 390 350 60 480 195 50 8 33 23 73 470 390 1 210 410 340 320 16 355 70 325 63 27 84 55 210 92 43 470 490 355 15 9 94 19 21 59 10 34 5 83 82 40 16 37 98 110 66 305 275 86 120 385 
85 120 2 140 84 30 100 3 86 16 66 25 300 16 42 88 110 50 84 16 21 330 305 50 395 75 455 29 20 405 9 490 3 95 460 85 450 70 230 195 160 49 63 495 355 285 84 295 460 8 21 79 315 435 4 335 450 85 72 125 340 100 315 40 150 430 390 150 72 400 340 495 23 95 83 88 53 160 465 405 80 295 98 375 265 20 240 49 485 28 350 48 195 54 79 390 100 490 99 92 
25 20 330 33 415 380 86 68 90 13 125 60 490 65 97 4 100 77 62 29 62 94 70 59 4 475 330 120 56 65 66 285 38 160 125 30 60 35 495 14 25 215 10 145 55 175 50 40 415 5 135 455 490 36 325 88 440 15 83 425 300 24 445 82 28 440 305 72 42 90 65 205 47 53 68 19 340 405 120 285 98 490 65 29 395 29 71 465 90 55 155 19 81 39 15 61 77 47 265 2 
73 21 97 98 25 68 155 415 170 23 20 24 440 81 90 97 175 46 27 485 17 3 95 490 30 81 98 340 1 29 56 82 150 145 56 30 105 335 205 400 210 295 47 65 55 95 68 14 77 94 86 310 93 27 340 250 50 485 31 66 20 260 74 33 11 345 92 170 64 82 35 77 98 270 19 140 470 6 8 42 31 1 55 21 51 335 35 200 215 59 9 435 70 89 165 425 88 430 38 33 
165 82 350 195 365 20 100 59 110 73 41 20 370 53 105 42 90 240 16 310 34 92 450 100 32 18 45 63 52 1 250 11 5 50 96 59 350 59 57 100 155 305 35 155 35 10 120 73 120 13 280 175 80 70 420 470 265 35 495 395 325 215 490 28 20 66 290 500 105 12 260 41 25 72 93 50 38 54 260 225 69 145 500 430 125 155 110 66 49 93 45 315 70 28 355 495 255 70 75 385 
140 105 58 130 45 140 295 67 190 58 20 22 50 65 180 500 96 125 27 165 80 38 68 325 470 350 45 315 17 485 54 2 93 240 2 395 53 88 290 155 97 440 470 100 59 50 135 17 455 235 74 235 42 270 5 190 25 98 75 105 315 255 395 210 115 205 6 440 58 72 63 70 86 85 5 23 70 450 55 75 355 165 9 96 80 60 230 5 17 295 79 455 8 190 44 74 410 38 91 15 
500 37 260 445 125 65 57 75 3 30 160 290 180 8 445 15 93 99 50 365 450 120 185 45 485 245 325 375 150 425 59 90 260 3 59 44 1 2 135 70 15 42 315 92 225 17 460 12 51 255 84 335 295 33 19 75 88 245 180 36 39 95 15 245 265 460 10 27 28 495 5 265 90 97 77 72 69 455 50 85 290 315 84 350 96 2 9 485 77 63 485 2 405 240 71 255 31 73 440 330 
21 110 53 205 465 91 70 65 285 140 85 9 89 405 250 20 47 65 370 370 410 475 59 370 70 74 420 55 335 11 70 84 76 55 50 18 18 15 72 210 24 98 300 87 430 400 480 23 74 75 145 445 190 185 88 260 325 15 26 34 25 230 25 320 455 25 36 10 39 6 47 50 11 385 470 85 2 190 255 70 70 485 470 110 155 29 90 260 205 155 180 84 37 310 47 470 82 99 33 97 
10 190 400 93 370 38 500 230 355 65 29 305 72 135 480 19 195 48 205 100 36 73 57 245 46 265 80 35 25 91 350 230 79 66 395 25 86 375 415 275 60 30 78 38 345 450 39 97 41 255 38 415 44 190 65 215 89 320 16 140 405 75 400 82 27 65 98 41 240 330 170 15 25 370 485 250 350 55 75 25 77 1 29 290 69 48 69 50 340 2 300 50 96 45 350 54 215 130 135 98 
2 360 8 4 49 260 475 23 325 36 58 19 94 195 30 60 51 205 95 265 470 22 58 170 50 37 76 69 79 425 100 66 170 175 55 20 135 13 95 190 7 99 9 27 6 350 465 115 230 17 255 495 62 215 30 35 355 28 440 370 140 8 80 96 140 185 360 90 42 100 480 51 230 64 295 75 4 480 200 160 88 81 81 2 95 51 225 35 220 36 115 53 91 290 130 60 325 365 110 245 
285 105 375 465 16 20 225 305 56 73 315 16 19 22 95 36 220 390 170 75 190 350 310 195 380 67 31 360 49 79 265 97 10 65 225 6 50 225 16 50 215 175 155 335 420 240 365 305 365 44 30 59 40 150 230 295 395 405 49 10 30 390 260 35 75 9 435 400 57 67 24 41 65 16 78 33 200 42 110 205 92 5 395 27 465 20 38 23 86 98 5 280 215 61 15 395 21 160 68 225 
8 52 13 7 93 36 58 19 75 79 52 14 445 75 2 480 92 76 38 195 54 27 70 230 385 20 155 12 30 440 3 92 18 215 68 79 200 100 27 60 50 72 90 72 150 94 81 4 105 300 425 185 450 220 275 14 32 48 385 47 145 90 245 67 17 43 75 150 65 70 345 135 77 92 44 12 140 210 460 20 48 61 375 370 45 125 35 465 250 235 80 295 82 155 430 99 185 155 43 41 
