500
3738
2670
1068
7476
5340
8010
1602
9078
3738
6942
3738
2670
9612
2670
1068
9612
2670
4806
2670
6942
6408
7476
3738
6408
6942
4272
8544
534
534
4806
7476
6942
9612
4272
1068
6942
8010
7476
9612
9078
4272
2136
4806
6942
4806
6408
6408
8544
3738
1602
4806
8010
3204
4806
2670
5340
6942
5340
9612
4806
9612
7476
1602
6942
5340
6942
6942
5340
4272
1602
6408
2670
8010
8544
1602
1068
1068
1068
3204
7476
8544
4272
6942
9612
5874
1602
5340
5874
534
2136
7476
9078
8544
3204
7476
2670
3204
534
5874
9612
6408
7476
7476
4272
9612
5874
2136
4272
8010
534
6942
7476
1602
1602
2136
7476
2670
1068
8544
2670
4806
5340
4806
9078
8544
8544
7476
4272
5340
6408
1602
8010
6942
3204
2136
3204
8010
4272
7476
1068
5874
534
1068
2136
4806
7476
8010
5340
5874
3204
6408
3738
2670
3738
5340
4806
2136
9612
534
3738
4806
8010
7476
6408
9612
1068
534
5874
9078
1602
8010
9078
9078
1602
2136
9078
4272
3204
5874
2136
534
6942
2670
5874
1068
4272
1068
534
6408
5874
6408
4806
6942
4272
9078
1068
8010
8010
1068
2136
534
4272
3738
8544
4272
4806
5340
1068
8010
1068
5874
3738
6942
8010
4806
9078
8544
534
5874
9612
2670
9078
1602
3738
6408
3204
4272
1068
3204
7476
1602
1068
4272
8010
7476
6408
7476
3204
1068
9612
6408
2136
9078
3204
8544
3204
3738
5340
1602
6942
2670
5874
4272
8010
2136
9612
9078
6942
4272
8010
5874
1068
534
1068
9078
3204
2136
6942
6942
6408
4272
9612
6408
7476
1602
2670
3204
3738
5340
5874
6408
6408
5340
5874
1602
7476
1602
3204
8010
4272
4272
4806
8010
6408
2670
3738
7476
1068
5340
5340
5340
2136
534
8544
5340
2136
9612
8010
5340
3738
2136
8010
6942
8544
9612
4272
8544
5874
9078
5874
6942
5340
4806
5340
6408
1602
534
7476
4806
3204
3738
534
5874
3738
5340
2670
8010
534
1602
6942
6942
5340
6408
4272
9078
4806
6408
4806
3738
1602
4806
8544
1602
5340
7476
2136
5340
2670
6942
5340
2670
8010
4272
9078
3738
4272
2136
3204
3204
5874
4806
8544
1602
2670
1068
8010
6408
3204
2136
1068
9078
1068
534
534
2136
6942
3204
6942
7476
3204
8010
3204
3738
4806
8010
3204
4272
4272
9078
9612
7476
9078
9078
2670
2670
2136
5874
3738
1602
4272
6942
2670
8010
4272
6408
2670
8010
4272
5874
2136
3204
4272
2670
5340
534
9078
1068
6408
5340
5874
3738
2670
4806
8010
6408
9612
8010
6408
1602
9612
8010
4806
3738
6942
8544
6942
5874
2670
9078
4806
9612
534
9078
2136
2670
2136
8010
6408
534
6942
9612
534
534
4806
4806
8010
6408
3204
4272
1068
6942
5874
6408
3738
1602
9078
6942
8544
2670
6408
1068
534
4272
8544
3204
4272
534
7476
9612
1068
2136
7476
6942
4272
1068
9612
8010
2136
3204
3204
