200
4768
2384
2384
9536
7152
9536
2384
9536
4768
7152
4768
2384
9536
2384
2384
9536
2384
4768
2384
7152
7152
7152
4768
7152
7152
4768
9536
2384
2384
4768
9536
7152
9536
4768
2384
7152
9536
9536
9536
9536
4768
2384
4768
7152
4768
7152
7152
9536
4768
2384
4768
9536
4768
4768
4768
7152
7152
7152
9536
4768
9536
7152
2384
7152
7152
7152
7152
7152
4768
2384
7152
4768
9536
9536
2384
2384
2384
2384
4768
9536
9536
4768
7152
9536
7152
2384
7152
7152
2384
2384
9536
9536
9536
4768
9536
2384
4768
2384
7152
9536
7152
7152
9536
4768
9536
7152
2384
4768
9536
2384
7152
9536
2384
2384
2384
9536
4768
2384
9536
2384
4768
7152
4768
9536
9536
9536
7152
4768
7152
7152
2384
9536
7152
4768
2384
4768
9536
4768
9536
2384
7152
2384
2384
2384
4768
7152
9536
7152
7152
4768
7152
4768
4768
4768
7152
4768
2384
9536
2384
4768
4768
9536
7152
7152
9536
2384
2384
7152
9536
2384
9536
9536
9536
2384
2384
9536
4768
4768
7152
2384
2384
7152
2384
7152
2384
4768
2384
2384
7152
7152
7152
4768
7152
4768
9536
2384
9536
9536
2384
2384
