300
3549
2418
897
7540
5395
8060
1300
9399
3523
6825
3354
2249
9750
2262
767
9971
2275
4628
2249
6955
6656
7371
3432
6357
7215
4056
8567
286
65
4888
7748
7033
9685
4251
1040
7124
7878
7722
9750
9217
3991
1690
4524
6786
4706
6474
6422
8619
3575
1261
4758
8255
3302
4693
2574
5473
6851
5278
9698
4641
9984
7254
1261
7020
5161
6942
7098
5018
3965
1534
6552
2717
7826
8411
1625
936
611
1053
2873
7683
8554
4108
7150
9893
5980
1261
5343
5629
117
1950
7696
9412
8385
2886
7709
2431
3263
91
5707
9945
6435
7254
7644
4264
9672
5902
1716
4316
8138
221
7085
7670
1612
1404
1989
7696
2678
1066
8645
2405
4693
5447
4459
9256
8840
8372
7475
4134
5538
6253
1248
7943
6773
2795
1976
3146
8190
4420
7540
611
6006
546
1001
2028
4589
7462
8307
5395
5967
2782
6604
3575
2743
3575
5499
4927
1833
9685
78
3536
4797
7878
7384
6370
9932
858
494
5928
9126
1443
8047
9230
9100
1625
2145
9373
4277
3029
5577
1963
78
7176
2353
6097
728
4381
715
195
6396
5681
6539
4667
6760
4199
8957
897
7787
7917
832
1937
65
4043
3419
8762
4108
4641
5044
572
7956
1105
5577
3575
6903
8047
4914
9282
8723
403
5577
9763
2470
9321
1235
3614
6188
3198
4342
650
3211
7241
1313
650
4121
7865
7488
6305
7293
3120
923
9529
6448
2002
9113
3094
8866
3328
3380
5382
1235
6838
2691
5720
3900
8190
2223
9516
9399
6747
4095
8034
6110
793
208
1105
9269
3055
1807
6851
6981
6396
4212
9542
6630
7254
1300
2496
2834
3575
5408
5681
6240
6305
5512
5707
1508
7696
1157
2834
8086
4147
4420
4706
8268
6136
2236
3861
7423
988
5057
5213
