400
3549
2413
893
7541
5397
8061
1300
9392
3516
6824
3349
2238
9743
2260
766
9973
2275
4624
2247
6958
6657
7372
3425
6357
7214
4050
8565
286
53
4879
7744
7030
9681
4251
1038
7119
7879
7719
9751
9213
3989
1688
4522
6778
4696
6466
6422
8617
3565
1260
4751
8253
3300
4686
2574
5466
6849
5275
9690
4634
9987
7248
1257
7022
5160
6941
7097
5017
3959
1531
6550
2708
7817
8408
1622
930
601
1048
2862
7679
8547
4104
7142
9890
5979
1253
5336
5628
114
1940
7693
9409
8378
2877
7706
2425
3262
85
5700
9948
6431
7250
7636
4257
9664
5904
1713
4317
8128
214
7076
7660
1604
1397
1988
7691
2678
1066
8637
2394
4682
5444
4458
9258
8843
8370
7465
4127
5540
6247
1246
7939
6769
2795
1970
3144
8189
4411
7534
606
5999
539
997
2021
4585
7464
8302
5394
5958
2780
6596
3568
2736
3576
5493
4921
1831
9680
66
3525
4797
7870
7374
6372
9932
850
486
5920
9122
1435
8046
9232
9100
1616
2139
9368
4275
3021
5573
1959
77
7172
2351
6093
727
4378
707
185
6395
5670
6537
4659
6754
4198
8954
898
7786
7911
827
1932
54
4038
3420
8764
4105
4639
5037
571
7957
1102
5576
3567
6895
8046
4914
9273
8720
391
5570
9764
2461
9320
1231
3603
6188
3196
4335
650
3210
7234
1313
648
4121
7861
7484
6297
7289
3113
923
9526
6448
2001
9114
3084
8860
3319
3372
5374
1225
6837
2690
5722
3892
8183
2212
9516
9391
6742
4091
8031
6109
787
207
1105
9260
3051
1804
6845
6978
6386
4206
9538
6627
7250
1297
2489
2826
3575
5400
5671
6242
6295
5507
5696
1508
7699
1146
2833
8084
4138
4414
4698
8263
6131
2230
3852
7420
982
5049
5215
5044
1959
72
8817
5512
1735
9744
7889
5266
3590
2174
7835
7131
8442
9613
4259
8456
5698
9120
5950
6859
5417
4988
5377
6557
1408
183
7483
4672
3066
3673
321
5633
3430
5524
2500
8321
372
1525
7121
7051
5036
6418
4349
9229
4525
6628
4954
3439
1326
4569
8668
1664
5510
7628
2124
5298
2412
6697
5498
2552
8178
4163
9123
3685
4349
2050
2974
3194
5726
4690
8876
1525
2399
1056
8014
6256
3019
2026
818
9355
985
290
108
1945
6914
3330
7086
7347
3326
8019
2799
3742
4746
8235
3185
4442
3923
9269
9630
