169 34
34 89 27 131 71 65 99 109 159 123 16 146 140 158 64 113 37 135 40 21 57 121 46 5 98 122 20 108 102 26 144 17 132 13 107
54 88 157 152 142 61 97 95 126 134 149 24 104 60 2 45 82 9 51 118 105 166 125 163 73 29 143 81 41 85 53 116 129 28 72 169 162 92 4 11 83 54 58 130 90 79 31 18 69 49 138 137 127 36 147
9 84 156 119 77 55 63 124 8 68
1 96
7 78 10 133 1 52 76 47
7 148 39 151 86 154 33 44
2 75 117
2 14 7
2 139 112
2 153 155
2 43 50
1 48
4 136 106 165 12
1 23
1 110
2 91 94
3 114 164 80
1 167
1 22
2 103 42
1 93
2 19 38
3 87 141 25
4 101 161 30 66
1 62
4 160 59 6 128
1 100
2 111 168
1 150
4 67 70 115 56
1 35
1 120
2 15 32
1 34
