1000
94 44 25 70 45 30 86 11 
72 8 73 31 68 62 0 98 
4 68 21 59 61 39 37 9 
6 78 17 3 27 84 45 86 
23 37 29 87 43 91 28 36 
29 77 4 5 35 41 89 48 
60 58 73 98 42 93 33 89 
88 14 14 66 73 34 79 79 
34 2 49 27 16 44 43 80 
35 23 62 64 91 6 39 40 
75 24 73 31 72 50 35 17 
61 64 2 46 34 0 1 2 
81 9 22 43 5 73 93 2 
18 36 89 85 51 77 82 35 
88 16 0 54 60 81 30 57 
24 3 69 73 10 9 72 99 
24 70 53 68 68 0 27 82 
6 31 60 41 43 3 80 8 
72 7 19 100 54 86 77 89 
1 77 41 71 31 41 58 64 
60 74 98 69 95 64 10 5 
65 58 50 3 96 31 20 55 
86 91 48 78 56 70 20 41 
40 27 43 28 3 76 91 88 
95 21 63 95 47 69 97 67 
3 2 36 99 56 18 24 39 
13 43 31 47 43 59 83 2 
15 16 51 91 29 67 51 49 
40 70 6 33 73 9 85 89 
51 31 67 71 32 1 99 27 
27 40 74 34 91 82 15 85 
79 29 33 6 8 40 9 100 
58 57 0 32 6 87 82 54 
22 27 73 82 22 62 31 91 
59 81 98 66 66 63 93 83 
90 82 36 73 47 35 73 12 
35 85 29 33 46 21 96 9 
43 59 46 74 8 6 13 85 
49 14 10 97 11 3 90 9 
49 85 1 56 95 35 75 48 
68 28 28 1 11 30 79 63 
4 40 91 64 38 32 28 78 
100 20 71 16 82 85 77 58 
19 55 21 68 12 0 9 89 
91 46 89 76 58 41 46 52 
82 97 67 63 31 4 31 37 
12 15 10 9 3 42 3 50 
85 82 11 42 41 75 69 11 
9 61 48 58 33 78 89 7 
45 71 93 29 18 37 67 35 
23 21 85 60 8 67 2 67 
15 16 24 65 58 74 19 89 
27 18 79 1 20 37 26 77 
37 24 16 83 39 47 3 61 
74 1 39 46 38 67 98 87 
99 85 3 35 98 27 86 34 
4 21 74 14 7 3 59 62 
10 27 79 97 33 26 30 23 
54 7 91 87 46 59 69 47 
69 70 46 52 66 94 84 63 
65 51 57 18 87 13 82 5 
6 0 81 30 14 24 33 60 
37 53 36 53 2 73 85 20 
69 24 70 77 60 49 67 67 
4 92 64 86 99 55 51 43 
12 48 58 23 58 90 91 10 
9 48 47 45 63 99 28 82 
79 75 42 0 0 5 7 47 
94 7 18 83 89 25 69 66 
73 54 47 78 22 63 17 17 
25 3 61 45 45 87 85 16 
59 41 3 97 96 25 74 41 
87 71 90 60 68 87 51 41 
93 76 41 49 91 13 16 55 
51 99 65 10 98 97 7 6 
22 1 34 20 57 27 74 81 
52 23 67 30 81 60 16 87 
74 67 74 27 77 9 69 62 
47 58 77 74 48 0 13 53 
99 39 62 97 75 2 27 28 
87 82 77 95 77 64 23 71 
43 86 67 49 16 23 57 62 
20 69 35 20 52 31 19 4 
6 91 64 76 14 52 88 63 
75 45 51 75 45 47 97 66 
21 17 45 58 64 86 46 16 
39 91 37 27 49 62 98 15 
0 11 82 83 21 28 72 14 
41 16 95 48 94 18 9 90 
67 33 41 34 44 41 55 99 
33 62 68 88 83 0 62 12 
46 86 3 50 8 68 60 94 
68 61 22 10 44 78 37 72 
90 43 28 56 2 77 7 97 
47 82 17 37 78 26 30 8 
18 7 67 46 89 78 21 51 
35 49 64 52 21 68 20 23 
34 39 54 47 48 75 7 92 
73 56 75 55 45 3 29 70 
28 9 64 26 50 84 81 71 
26 74 70 73 68 92 39 79 
69 22 15 49 20 11 11 30 
15 11 44 20 76 41 18 68 
59 32 90 95 95 83 45 22 
45 81 0 90 67 52 14 9 
4 33 7 41 32 96 7 11 
71 75 63 61 97 92 5 73 
94 43 65 66 44 0 93 8 
14 79 79 66 54 99 43 36 
28 30 62 38 52 59 50 11 
26 80 91 25 97 77 38 14 
21 30 62 94 7 45 35 26 
9 20 33 75 20 51 26 87 
61 35 24 1 58 16 47 64 
65 35 4 7 32 93 41 72 
55 64 27 90 44 26 40 7 
28 24 24 60 85 74 49 18 
43 6 33 36 9 87 44 69 
40 4 18 32 69 13 90 19 
43 73 82 74 43 44 29 46 
83 76 22 51 49 74 11 21 
17 98 74 55 33 48 74 98 
92 95 100 47 56 56 3 59 
81 17 83 26 63 14 40 16 
1 60 88 47 31 72 76 56 
82 68 87 78 53 79 30 20 
92 3 82 26 60 19 14 51 
71 60 10 18 20 18 76 92 
34 35 4 17 41 75 93 11 
2 50 75 92 89 56 91 86 
58 75 17 58 73 47 91 26 
98 47 11 68 14 4 16 80 
44 57 23 89 75 76 79 96 
65 9 20 68 55 49 57 47 
49 66 2 96 98 88 0 62 
82 46 71 31 48 62 6 7 
100 36 0 93 13 79 97 94 
64 95 93 41 3 33 22 77 
64 74 10 53 21 50 61 12 
9 38 45 47 72 57 40 91 
53 65 33 44 23 92 93 2 
91 25 41 13 32 82 77 100 
37 70 26 4 72 87 18 19 
92 1 63 89 86 100 1 46 
27 73 62 58 70 71 1 78 
39 96 88 78 49 15 93 53 
89 14 76 33 21 37 37 86 
28 31 72 84 25 69 78 31 
98 64 10 57 84 0 38 76 
76 94 31 13 78 72 95 77 
40 80 19 28 84 90 1 75 
25 35 48 95 63 57 89 84 
94 32 5 46 89 98 7 12 
79 41 89 68 19 3 66 54 
96 4 5 31 76 69 24 75 
5 60 77 33 4 69 31 16 
44 7 100 71 93 98 83 1 
93 10 54 36 45 51 17 30 
8 91 43 72 31 54 59 24 
55 72 75 13 71 4 19 54 
1 87 100 32 22 24 67 99 
54 35 97 36 11 71 8 52 
52 19 36 54 69 63 58 73 
62 69 78 64 90 75 88 40 
38 95 70 97 97 47 28 24 
10 83 70 93 19 43 12 1 
47 20 69 74 64 90 79 93 
75 74 39 35 5 70 7 70 
64 44 0 4 67 29 79 84 
62 61 86 37 23 55 70 14 
21 32 47 24 75 95 14 72 
18 64 67 36 79 33 5 45 
57 2 41 35 64 25 98 70 
86 85 19 98 62 89 69 68 
85 1 71 54 10 23 2 1 
13 9 64 68 66 71 45 77 
31 59 34 84 82 42 1 44 
49 62 57 100 96 65 73 26 
69 18 16 59 5 58 55 69 
35 25 14 95 97 81 7 61 
97 78 92 67 66 0 93 59 
39 50 49 89 32 35 22 37 
82 85 93 36 75 81 50 60 
95 13 65 25 75 88 51 33 
48 15 20 6 39 15 71 27 
74 42 43 80 8 8 61 74 
63 4 22 100 85 85 85 3 
32 37 4 97 1 51 59 10 
54 78 78 50 13 93 93 46 
77 96 82 64 73 26 61 26 
82 93 47 30 91 66 65 79 
68 92 41 29 73 25 84 90 
39 38 42 34 59 44 34 30 
89 46 44 82 73 16 33 18 
10 9 41 41 24 18 26 33 
23 24 85 50 28 61 20 80 
99 6 56 69 12 48 68 5 
97 55 32 21 99 17 42 14 
50 92 34 76 78 92 97 53 
86 93 92 36 44 3 36 8 
96 72 14 44 18 15 68 5 
19 21 87 45 66 40 42 26 
1 84 53 66 80 95 99 37 
10 78 68 100 97 74 90 49 
48 9 62 46 80 87 63 47 
77 37 11 88 37 47 75 42 
45 34 80 19 47 64 28 27 
19 67 2 60 32 94 86 37 
18 13 36 37 3 30 9 51 
59 69 27 5 94 10 7 40 
12 66 18 6 8 36 16 11 
28 49 100 50 72 23 12 91 
86 96 89 82 37 77 20 67 
61 36 41 76 9 70 12 74 
95 23 36 20 43 89 98 14 
82 38 99 54 66 63 13 54 
16 56 52 40 24 23 6 68 
60 39 35 4 84 56 61 15 
13 18 6 58 2 70 54 57 
21 13 52 78 71 87 99 82 
5 6 10 99 32 5 8 35 
17 45 17 12 83 69 34 97 
28 8 7 23 73 19 11 66 
96 34 74 76 70 76 11 75 
15 40 11 100 56 36 89 11 
65 80 0 64 41 96 3 63 
35 20 85 10 55 60 25 3 
23 99 27 28 35 65 18 33 
79 25 45 93 62 43 55 96 
95 35 62 61 21 83 78 9 
11 49 68 69 48 93 66 91 
20 38 9 63 66 82 19 5 
15 40 99 78 99 29 35 87 
33 25 66 38 59 8 32 83 
70 19 51 93 5 59 4 77 
8 80 58 90 35 48 75 85 
73 18 92 94 71 80 27 2 
89 78 48 60 8 66 7 51 
90 96 13 58 28 48 48 65 
3 81 63 6 30 11 10 19 
48 25 71 44 63 71 48 98 
19 84 85 70 100 80 27 78 
39 24 56 41 35 83 49 7 
23 7 17 4 22 60 34 29 
81 39 70 29 50 41 83 53 
73 24 30 43 66 47 65 30 
94 84 12 20 67 17 49 84 
30 51 13 13 61 88 78 10 
22 90 37 74 53 77 0 97 
5 59 35 2 77 63 55 16 
46 18 70 90 17 70 85 9 
81 13 32 75 70 59 28 31 
14 73 9 70 66 49 1 93 
50 11 7 59 28 89 0 91 
41 24 39 40 36 47 88 34 
85 16 64 13 14 73 19 33 
53 70 64 7 70 58 3 42 
72 4 68 27 40 58 21 3 
41 87 61 1 72 86 78 49 
30 93 64 87 27 93 8 1 
56 83 90 77 75 43 82 34 
61 11 85 55 94 100 36 82 
92 33 92 94 53 26 57 62 
81 88 26 31 42 90 5 100 
33 39 33 42 3 13 86 89 
46 65 56 45 62 52 86 11 
32 74 0 23 45 91 20 67 
18 20 49 88 20 11 100 61 
95 27 16 12 67 58 91 96 
71 16 69 76 18 86 48 48 
78 100 8 59 74 73 71 33 
23 51 40 93 3 47 68 88 
95 67 24 50 97 69 41 66 
22 30 11 77 63 38 77 8 
61 98 52 67 94 81 83 29 
77 73 59 15 8 6 68 71 
77 2 63 96 35 1 58 39 
92 32 99 16 12 42 12 95 
44 96 19 31 36 21 93 49 
64 80 38 96 4 81 96 96 
19 9 76 28 28 9 95 21 
67 43 72 32 16 34 36 49 
88 98 59 71 32 34 84 13 
85 75 24 47 9 94 33 62 
95 28 57 21 92 97 71 59 
13 51 81 24 72 9 54 94 
63 45 67 17 85 91 31 21 
26 38 72 19 1 29 82 8 
1 38 38 56 40 90 32 39 
46 100 22 26 0 76 62 47 
79 3 39 12 96 1 34 88 
2 87 63 70 94 47 76 40 
88 36 100 81 63 24 27 89 
89 77 65 14 18 67 64 12 
70 28 89 48 71 32 18 70 
51 12 30 96 59 52 28 30 
17 28 91 69 48 11 29 78 
70 77 43 69 6 36 80 26 
21 86 41 31 29 22 62 94 
84 54 70 15 92 22 56 45 
3 17 65 37 18 5 35 78 
90 8 76 0 48 86 12 19 
72 68 83 31 24 0 23 6 
52 26 6 54 81 42 52 2 
80 1 50 93 60 34 92 94 
59 12 82 9 46 45 26 94 
5 51 98 80 86 53 98 34 
42 14 58 14 77 77 64 67 
90 92 27 86 71 90 34 11 
94 33 10 93 51 69 87 61 
57 39 15 58 29 76 49 0 
44 37 8 13 39 19 79 53 
72 51 29 42 72 34 79 45 
91 23 21 75 83 75 57 12 
80 83 48 38 10 46 13 93 
29 69 51 72 5 81 88 9 
34 51 1 17 11 100 62 67 
10 65 88 42 46 100 16 64 
45 36 66 80 14 80 82 63 
47 72 37 4 23 99 0 39 
80 85 89 99 73 44 0 11 
67 85 60 62 41 37 66 67 
14 95 47 13 97 30 10 52 
42 96 74 95 29 92 27 18 
45 27 23 42 36 67 58 25 
80 90 38 47 57 37 47 53 
22 54 31 77 16 78 90 23 
92 87 98 45 26 63 28 73 
80 84 78 18 44 50 97 5 
64 76 24 68 43 81 42 32 
1 26 46 59 37 80 33 51 
37 27 58 18 7 20 99 13 
54 21 24 83 90 1 23 72 
53 30 68 66 99 76 37 37 
27 19 79 2 23 5 99 94 
41 94 3 71 49 10 53 72 
41 67 99 80 81 42 76 16 
60 69 1 95 21 6 79 63 
29 84 95 49 21 10 18 93 
80 93 36 99 83 48 45 31 
79 50 69 41 23 100 14 2 
31 90 81 97 76 75 85 34 
2 61 86 62 23 40 38 46 
80 69 37 2 9 44 58 39 
66 24 7 97 46 29 89 88 
72 56 59 20 68 68 21 23 
68 93 75 0 31 52 5 86 
88 26 95 78 53 34 28 73 
61 31 5 2 83 94 57 99 
31 55 89 99 75 96 2 25 
37 57 3 61 33 74 67 89 
4 81 15 83 23 91 58 16 
62 8 32 86 79 58 16 70 
99 47 19 58 38 53 55 75 
87 25 84 58 13 61 99 85 
39 33 29 18 84 4 41 84 
29 59 23 88 11 70 6 35 
74 23 4 18 69 82 18 33 
85 9 75 27 25 18 37 77 
94 55 33 78 39 67 92 36 
96 76 4 55 61 69 68 92 
54 6 77 2 90 37 10 72 
58 58 80 59 36 83 73 3 
23 21 93 88 31 81 68 100 
35 62 52 82 26 56 52 23 
19 74 80 35 35 28 56 3 
48 72 20 15 9 85 1 39 
8 87 25 33 79 87 42 76 
74 10 65 60 15 39 26 65 
45 53 100 70 4 71 53 51 
75 16 41 78 36 50 65 74 
99 54 66 46 93 18 25 56 
95 97 45 69 86 51 46 47 
71 9 72 57 65 98 16 1 
3 41 45 82 95 48 82 22 
71 76 14 56 24 9 98 6 
63 69 61 54 43 48 47 95 
45 16 58 55 71 94 8 75 
17 34 57 70 11 46 71 30 
26 62 95 35 15 83 64 47 
31 79 26 45 28 38 19 28 
40 43 37 20 41 89 55 39 
62 68 50 42 53 5 88 0 
74 29 69 0 89 50 44 93 
19 72 7 11 48 45 96 78 
4 9 92 42 48 36 80 89 
100 100 30 72 51 47 18 74 
93 64 18 52 67 95 19 86 
39 68 57 93 19 83 9 62 
87 62 84 40 77 0 74 9 
81 64 12 62 87 60 69 77 
80 36 31 20 28 43 53 78 
69 52 21 19 28 37 51 88 
98 41 56 57 39 63 78 8 
70 34 15 42 3 66 78 70 
58 16 14 50 65 32 44 38 
71 44 59 91 59 4 53 31 
64 89 53 27 77 48 7 79 
48 5 32 38 53 65 3 39 
30 34 33 63 57 77 42 72 
53 96 18 0 53 39 94 79 
70 61 67 30 22 73 17 7 
37 92 46 2 70 82 51 51 
4 22 20 6 60 39 38 0 
33 12 2 16 96 19 51 50 
63 80 71 35 75 14 88 5 
58 23 96 81 54 84 71 32 
21 67 47 81 37 5 57 44 
54 3 26 34 71 78 20 60 
45 0 47 49 50 82 5 26 
78 44 31 31 46 25 20 99 
42 80 50 9 79 3 51 71 
81 20 35 88 2 73 63 7 
55 47 80 25 44 85 23 97 
47 27 32 82 68 0 73 76 
35 73 46 34 75 78 25 52 
2 84 49 53 9 33 53 17 
26 40 9 97 47 45 75 9 
68 31 58 61 38 49 5 38 
90 75 39 85 36 2 2 43 
52 87 83 73 78 69 27 36 
32 65 82 52 59 23 63 1 
16 41 67 13 6 61 78 78 
59 63 72 10 15 63 100 8 
80 29 31 83 24 95 37 55 
10 87 16 15 35 27 33 80 
53 51 94 22 39 53 12 28 
99 5 50 16 39 15 61 8 
55 11 13 99 6 58 82 89 
21 70 73 31 83 17 27 11 
56 33 92 74 47 5 33 35 
74 81 39 68 73 33 45 50 
74 66 91 85 74 48 84 57 
100 92 84 4 79 43 48 65 
100 34 22 3 90 2 3 78 
52 95 18 28 7 65 1 88 
63 22 5 20 0 37 1 90 
63 32 59 32 84 71 84 49 
77 35 83 57 8 12 70 16 
4 59 87 49 2 84 53 8 
86 76 37 43 18 87 47 53 
92 57 24 58 1 69 89 64 
29 59 17 94 49 46 81 59 
77 26 48 77 8 75 22 31 
34 37 32 9 13 57 23 21 
37 53 43 11 58 52 24 13 
99 55 25 12 95 61 84 72 
88 72 93 32 29 66 15 4 
18 8 91 54 46 81 28 12 
77 8 21 93 24 85 73 48 
50 85 100 36 92 59 32 66 
63 42 79 77 41 98 80 77 
60 97 50 87 74 45 14 97 
77 7 12 87 1 57 35 23 
91 83 24 9 18 86 16 84 
29 27 5 56 0 3 13 22 
26 96 11 89 28 93 54 54 
19 3 49 7 97 43 55 33 
67 5 26 71 75 92 8 87 
87 39 49 40 96 87 20 97 
64 84 37 63 53 89 71 49 
11 10 19 10 85 71 32 83 
7 67 78 76 19 52 70 66 
47 50 91 75 100 81 85 74 
59 83 20 18 15 30 29 11 
7 2 29 23 71 72 92 75 
29 62 26 5 5 38 96 15 
23 42 66 34 73 31 23 13 
94 73 40 55 100 82 91 57 
63 63 23 21 2 57 6 40 
73 87 5 13 4 63 2 40 
10 90 51 92 14 38 76 64 
34 62 24 31 52 82 91 85 
57 72 39 21 87 75 13 86 
72 73 89 59 83 47 10 71 
73 90 44 46 28 26 74 33 
38 29 71 88 68 98 23 28 
54 12 53 63 39 67 52 20 
32 74 11 21 78 76 49 40 
80 83 36 75 66 6 81 84 
88 33 8 43 12 58 27 92 
19 18 30 71 99 44 32 8 
75 45 100 90 52 78 79 78 
22 19 92 31 46 44 74 28 
71 27 74 92 84 99 95 13 
19 38 77 5 19 50 59 50 
39 41 59 40 12 94 100 40 
79 95 82 54 17 85 27 17 
82 68 5 86 37 81 24 42 
22 69 74 30 34 12 72 63 
70 28 30 91 59 56 33 66 
99 13 44 98 23 6 44 95 
16 45 15 76 58 78 37 18 
48 7 73 37 83 82 29 46 
17 16 4 27 85 51 28 7 
76 12 94 52 61 72 9 19 
40 2 37 87 93 38 53 82 
36 91 87 61 15 11 40 60 
90 36 47 22 64 25 34 77 
32 96 4 31 53 63 69 67 
87 81 93 95 5 82 54 44 
73 61 25 92 52 0 60 54 
65 55 72 6 77 81 3 43 
84 48 49 54 88 89 83 14 
12 9 8 100 40 50 9 43 
10 53 27 67 5 67 42 93 
68 74 26 68 68 68 24 81 
88 67 82 7 33 45 14 81 
95 76 33 22 87 38 51 90 
98 44 75 92 17 9 58 31 
46 39 5 90 12 40 16 17 
7 73 59 38 16 92 74 12 
25 39 2 13 26 65 47 3 
37 1 97 91 63 41 96 5 
91 0 7 79 65 76 6 11 
10 18 99 38 54 86 74 75 
14 98 58 48 77 13 75 62 
91 0 26 37 86 35 47 90 
76 90 99 49 26 60 47 35 
73 98 26 1 99 12 57 12 
34 77 4 14 77 98 1 72 
27 74 7 38 98 54 76 2 
35 80 44 70 55 68 18 39 
34 14 72 40 100 20 3 39 
54 75 98 100 40 87 18 66 
94 9 84 0 83 32 3 44 
100 73 15 19 49 11 70 25 
73 73 80 54 100 12 31 6 
88 82 79 3 3 67 24 29 
97 71 92 28 17 65 47 58 
51 73 37 35 71 19 73 7 
26 56 44 1 93 17 65 55 
75 100 93 82 63 14 20 48 
12 67 69 77 24 25 21 87 
31 30 49 30 34 23 65 69 
97 49 28 78 73 88 42 86 
75 52 100 36 31 74 10 0 
50 78 46 74 58 96 81 14 
40 42 0 80 68 78 84 60 
70 39 98 49 37 35 80 2 
36 85 16 6 93 95 42 36 
41 18 21 52 77 53 63 31 
74 0 35 15 44 11 10 31 
72 71 87 6 72 8 1 23 
67 40 32 28 47 47 73 41 
70 86 42 61 80 50 15 8 
20 80 13 56 82 87 53 41 
32 29 65 19 20 89 57 33 
79 42 93 95 39 52 86 41 
13 16 20 79 47 34 62 16 
25 70 23 7 23 4 33 38 
29 8 99 65 29 62 27 90 
18 23 51 50 15 51 87 14 
96 40 85 63 54 46 51 31 
95 64 1 100 28 75 71 4 
69 58 65 66 100 94 88 89 
23 73 97 55 36 22 10 65 
49 25 18 1 8 33 1 18 
61 7 87 40 54 64 18 23 
61 66 99 13 81 49 80 66 
53 32 16 6 59 4 4 66 
33 45 78 20 46 20 59 5 
68 19 30 31 43 70 18 47 
38 74 74 99 71 59 34 92 
79 46 22 29 77 93 31 93 
32 99 75 58 53 67 88 32 
48 71 68 63 64 28 27 77 
10 85 6 100 64 68 3 70 
89 27 28 50 61 85 33 78 
34 7 24 20 33 43 18 81 
74 97 13 80 6 15 39 47 
61 8 76 24 40 46 84 95 
45 92 72 51 73 11 51 36 
9 80 72 58 14 30 69 91 
82 48 82 17 61 88 56 77 
91 8 7 53 63 53 58 14 
57 91 78 66 41 37 35 88 
75 11 53 49 19 15 22 59 
76 96 99 68 23 18 22 35 
49 15 1 80 87 73 97 93 
18 4 8 82 79 23 21 27 
74 3 98 4 53 60 92 44 
0 46 15 70 29 21 11 83 
6 32 73 55 33 19 3 28 
80 48 11 77 46 45 50 4 
52 17 35 77 5 13 57 77 
18 5 91 73 28 72 87 1 
70 26 61 8 21 18 67 10 
70 38 52 32 66 71 42 72 
65 1 93 20 84 47 49 81 
40 44 17 42 58 88 46 34 
59 56 3 98 12 97 84 40 
76 96 49 78 77 64 76 53 
59 77 37 19 32 50 14 17 
90 66 84 43 49 55 9 66 
72 65 44 32 14 54 93 14 
20 90 49 80 27 60 51 47 
47 95 77 3 24 2 11 98 
92 17 99 78 10 42 43 53 
10 40 92 18 90 42 74 52 
31 86 89 46 38 59 9 88 
33 55 33 12 59 21 59 97 
99 58 16 19 43 38 85 63 
20 77 56 84 71 3 3 42 
78 89 35 16 89 37 57 76 
47 61 3 41 39 31 87 86 
60 29 30 69 29 36 51 85 
11 12 30 18 47 76 52 52 
50 20 81 18 68 94 63 33 
33 72 49 59 63 0 4 79 
67 64 21 20 33 5 51 31 
56 16 81 65 42 100 18 93 
76 4 0 68 49 27 57 44 
66 12 15 7 63 7 32 52 
9 37 43 93 77 20 97 48 
75 65 43 23 95 74 63 22 
94 45 27 4 36 51 15 38 
94 44 15 32 75 51 73 83 
83 43 93 5 49 29 94 60 
90 97 79 0 15 41 44 30 
12 90 2 1 91 70 64 42 
24 57 18 78 61 6 49 91 
37 36 81 32 37 29 96 59 
63 15 84 87 13 91 66 99 
77 49 12 51 21 95 32 12 
38 3 4 66 88 0 62 55 
1 99 81 67 55 30 54 25 
66 38 37 13 7 79 93 29 
55 43 83 1 12 30 33 95 
79 66 57 27 44 21 11 31 
0 10 100 80 62 72 32 18 
43 5 48 28 60 87 75 89 
41 64 88 84 17 58 27 76 
30 45 74 40 69 32 83 80 
39 51 74 23 42 86 7 26 
10 77 72 38 4 62 63 28 
20 11 79 63 74 64 37 56 
1 20 33 28 32 64 3 87 
80 71 100 30 69 65 97 77 
64 9 99 39 68 57 76 36 
6 84 81 53 83 44 74 51 
16 36 81 2 60 44 56 0 
30 8 6 41 35 68 79 72 
2 46 64 51 42 0 79 61 
26 92 10 27 84 61 21 21 
62 54 42 8 83 28 42 35 
95 33 15 23 12 87 73 87 
67 63 78 63 91 18 18 32 
84 35 100 58 74 68 37 82 
92 18 10 76 66 23 61 2 
8 97 16 12 96 68 10 23 
58 33 66 99 27 41 84 100 
87 96 43 85 42 57 81 24 
61 15 64 92 3 78 35 67 
28 40 32 5 76 25 35 6 
51 68 65 19 59 60 22 96 
47 15 18 30 64 20 65 8 
10 42 35 51 21 66 60 34 
43 80 81 80 76 16 25 20 
85 41 25 72 98 60 58 11 
11 25 74 6 29 56 52 91 
53 87 95 43 55 18 83 46 
92 71 84 20 94 49 70 63 
21 3 15 15 14 61 75 36 
84 54 65 41 2 32 80 63 
92 43 52 93 37 7 14 73 
82 15 73 92 77 26 90 100 
69 47 0 66 42 22 69 66 
81 2 83 49 62 77 15 80 
100 6 62 55 52 20 54 11 
4 87 100 0 24 67 7 84 
87 58 4 89 23 74 50 90 
16 21 47 97 65 16 24 70 
98 54 11 88 80 6 6 98 
40 62 53 15 43 8 62 68 
27 91 66 81 60 89 55 83 
7 83 0 74 86 59 6 92 
46 67 9 78 14 8 34 68 
100 32 71 9 5 47 29 19 
76 47 60 2 6 6 0 68 
61 44 15 19 86 56 33 64 
82 85 30 64 19 56 50 88 
15 2 84 82 55 85 10 44 
70 37 51 43 93 73 73 63 
82 84 49 25 21 40 65 63 
65 28 43 87 64 6 2 98 
10 95 19 6 47 68 97 99 
19 82 39 16 27 5 25 39 
79 16 29 91 15 67 10 53 
64 58 79 94 67 5 19 40 
68 55 1 57 76 68 70 95 
54 0 53 87 33 56 53 55 
48 7 2 22 43 49 30 63 
91 67 53 34 44 38 1 86 
79 82 68 19 78 45 51 88 
97 28 64 2 1 10 75 85 
38 6 76 54 61 71 23 64 
46 41 71 75 7 88 2 61 
61 82 61 64 70 19 27 49 
36 41 81 8 77 24 63 20 
41 91 57 49 81 39 51 13 
67 56 64 34 64 48 8 5 
49 8 38 51 80 5 9 17 
1 17 4 33 96 0 13 32 
78 6 100 88 9 50 70 3 
3 37 44 48 35 21 73 11 
40 41 8 29 36 6 36 80 
31 65 63 79 48 61 34 92 
54 63 49 5 30 2 17 47 
20 64 84 74 88 54 22 58 
44 70 52 2 62 98 40 30 
30 14 60 26 41 71 1 48 
71 34 4 44 96 70 43 30 
51 44 69 96 38 50 86 21 
96 1 4 15 67 65 90 31 
79 49 63 49 32 44 61 77 
74 44 68 20 26 72 96 3 
17 67 91 80 39 27 72 47 
47 49 64 40 33 14 4 87 
32 48 0 58 47 89 53 93 
27 83 6 31 71 65 16 15 
63 67 42 75 71 38 18 3 
8 94 11 98 54 68 21 82 
60 40 62 45 90 27 91 99 
4 68 45 38 51 15 41 14 
76 9 66 88 80 30 26 74 
56 56 22 41 19 20 6 13 
71 56 62 0 44 62 71 66 
48 43 20 15 53 45 13 63 
62 57 81 67 67 51 32 98 
61 73 82 0 72 100 45 8 
12 40 49 9 28 63 0 15 
5 15 90 15 45 81 80 58 
80 11 60 19 44 44 89 51 
46 48 54 95 65 82 37 81 
5 49 11 92 7 1 34 69 
77 42 99 2 10 74 90 90 
40 1 62 98 30 45 71 29 
42 95 50 59 13 83 12 35 
52 60 88 34 76 11 15 77 
72 31 26 46 29 54 27 19 
6 40 56 32 55 32 8 14 
63 3 67 40 54 65 97 59 
20 81 92 51 43 52 68 76 
64 64 67 0 29 43 55 91 
50 33 61 81 95 99 87 1 
70 2 54 83 42 27 40 84 
39 64 41 5 99 46 10 53 
56 69 97 35 16 87 53 98 
2 97 45 6 44 36 52 12 
34 37 9 100 95 2 92 19 
12 54 55 36 69 94 49 25 
28 70 43 29 98 100 48 37 
36 42 74 49 89 78 69 15 
23 37 99 42 19 52 27 87 
67 99 32 7 25 13 71 66 
6 51 93 12 100 38 73 81 
49 6 2 27 65 42 53 72 
16 34 84 52 89 20 11 62 
39 39 64 27 62 47 9 88 
32 56 68 66 0 66 54 94 
99 80 68 61 90 65 19 57 
45 30 43 70 69 30 16 89 
56 32 54 53 23 13 22 4 
89 84 1 42 99 62 55 78 
27 93 93 92 25 59 100 67 
59 90 63 41 59 63 43 4 
77 23 16 91 20 47 92 8 
13 98 78 26 5 21 45 41 
77 82 98 51 93 99 83 12 
75 70 97 93 31 98 6 47 
49 29 48 66 40 83 4 15 
43 48 5 46 44 35 76 17 
88 4 35 100 77 24 68 58 
82 22 25 72 58 88 70 48 
79 85 14 39 3 58 38 5 
85 37 15 43 10 69 84 66 
25 75 39 11 47 100 78 3 
32 42 45 42 7 73 60 60 
91 26 2 2 67 47 43 0 
13 3 37 48 29 42 13 33 
24 1 88 5 49 52 74 62 
38 19 86 6 69 89 87 89 
69 86 63 39 12 59 27 81 
93 56 2 52 86 16 31 40 
66 63 12 2 6 77 13 96 
63 2 23 28 97 24 99 21 
61 71 67 35 37 29 44 98 
32 95 21 60 35 77 79 26 
47 58 62 88 47 75 59 12 
28 19 78 48 41 57 35 62 
70 95 16 21 24 51 70 14 
33 30 99 6 33 95 65 5 
76 9 76 81 27 2 25 32 
44 17 51 54 0 56 80 26 
72 14 28 37 49 8 100 29 
77 27 13 43 33 72 14 94 
3 6 50 62 12 16 18 12 
44 43 24 36 83 26 74 34 
60 17 94 100 2 80 15 94 
95 12 13 11 3 69 23 95 
90 85 50 9 24 31 79 73 
1 41 91 29 46 37 90 6 
34 34 60 81 58 15 89 38 
60 1 59 0 71 12 85 24 
39 63 80 74 65 53 36 38 
93 2 64 9 70 55 63 28 
42 63 61 51 28 43 41 85 
10 40 21 55 19 22 16 36 
36 28 57 16 77 0 8 76 
70 5 13 68 20 80 43 40 
55 91 55 59 11 62 76 83 
49 18 98 39 46 89 42 71 
98 99 43 59 21 58 95 29 
53 91 8 10 20 80 48 4 
14 74 74 15 82 30 71 31 
46 15 6 0 44 33 6 89 
39 92 64 100 32 21 73 63 
99 95 19 9 56 7 3 9 
15 51 71 88 64 10 47 6 
60 47 83 8 93 57 100 84 
75 82 85 25 6 15 10 0 
81 22 43 20 68 67 94 74 
12 26 73 90 87 58 69 63 
53 97 1 28 64 99 82 66 
25 0 77 42 46 56 83 100 
8 21 32 57 28 41 26 14 
42 53 70 2 63 1 69 99 
23 18 58 92 92 97 98 44 
98 37 98 86 88 71 91 100 
79 31 57 43 91 15 1 54 
56 48 86 28 39 41 46 95 
78 63 93 25 66 68 35 15 
41 52 3 91 8 100 96 92 
86 20 51 66 59 93 29 87 
12 70 30 92 22 18 58 32 
45 9 19 93 82 62 3 42 
0 56 19 96 52 100 73 59 
8 16 90 21 85 21 46 83 
77 54 1 49 8 52 82 46 
89 13 99 40 21 40 48 91 
99 100 28 10 30 84 8 15 
59 90 24 49 61 36 47 39 
5 75 10 50 18 86 95 80 
67 76 71 36 66 28 42 33 
26 24 42 65 14 21 97 43 
1 98 10 7 33 41 33 16 
12 85 56 21 15 92 26 44 
85 53 13 14 81 34 95 64 
70 36 4 92 44 37 8 13 
58 44 14 82 31 53 10 82 
92 96 20 51 68 12 34 89 
4 61 34 75 21 5 51 23 
74 61 15 76 78 26 8 4 
42 90 55 14 64 64 48 40 
7 28 82 52 39 45 0 37 
51 79 17 82 88 8 49 86 
11 81 10 95 6 87 63 64 
70 43 80 16 22 81 19 27 
9 34 39 24 96 52 70 49 
100 97 67 42 95 31 36 67 
84 31 45 73 47 86 34 69 
60 44 60 57 67 61 1 64 
66 42 20 20 79 61 28 19 
18 13 85 86 47 85 83 31 
12 92 8 45 6 52 27 25 
23 25 41 33 47 65 13 8 
23 48 5 85 24 22 38 88 
37 91 2 42 89 48 35 25 
27 52 18 46 57 28 82 56 
5 53 60 76 47 47 100 57 
56 44 75 45 16 6 100 40 
92 25 92 22 25 74 25 95 
44 79 97 30 51 69 10 48 
22 15 34 52 68 57 51 95 
43 54 53 88 28 46 55 55 
13 47 44 68 80 49 53 45 
34 22 14 83 62 29 7 26 
68 24 54 48 89 35 11 65 
69 23 27 41 43 3 64 15 
10 58 73 23 41 27 33 9 
67 80 84 27 84 16 51 66 
75 83 48 50 72 36 42 97 
25 39 6 42 71 78 90 57 
87 82 3 97 5 46 17 55 
92 15 16 79 54 62 79 31 
85 15 41 28 72 90 19 51 
69 99 61 25 88 85 87 30 
16 88 5 38 82 90 2 95 
87 0 43 41 9 47 26 93 
65 39 44 58 48 9 44 56 
96 100 65 22 89 5 55 86 
24 39 66 3 3 32 97 98 
72 51 16 18 79 32 90 22 
91 78 37 51 26 86 13 96 
76 27 18 61 70 69 92 49 
70 92 19 61 58 56 38 6 
41 88 85 56 84 44 15 93 
62 28 41 4 93 38 44 3 
37 98 96 35 80 80 75 93 
79 69 93 49 62 37 23 51 
75 65 93 94 15 33 73 22 
82 4 49 87 27 19 25 89 
25 88 89 12 26 96 74 100 
9 57 51 27 59 39 3 27 
71 25 6 2 88 32 31 15 
35 56 19 15 2 41 57 92 
10 7 6 65 92 63 82 81 
84 31 95 29 75 55 99 29 
40 90 84 76 90 75 30 41 
46 100 16 27 97 95 40 37 
42 56 31 54 93 30 70 34 
17 96 80 37 58 80 74 65 
81 41 66 46 25 60 26 73 
12 57 14 37 60 49 46 85 
85 50 25 64 63 24 28 92 
7 13 46 78 34 91 4 46 
82 89 95 62 41 53 94 25 
60 0 80 86 48 84 57 46 
54 94 64 65 14 29 6 29 
94 11 93 47 67 35 22 53 
3 79 32 67 31 26 15 74 
72 87 47 33 81 60 72 16 
64 73 53 100 72 38 27 35 
20 96 84 19 83 38 38 76 
94 26 87 98 72 39 48 50 
44 8 40 61 36 51 54 23 
50 61 49 95 35 12 60 60 
47 38 54 64 21 24 87 79 
18 64 48 89 4 52 89 54 
17 91 6 76 41 87 96 96 
86 86 37 94 54 35 17 49 
39 23 38 20 25 94 86 39 
44 90 100 9 46 48 15 28 
17 2 26 9 87 17 44 25 
69 86 11 58 50 22 45 5 
76 62 58 15 26 45 43 45 
44 69 58 71 41 30 91 23 
55 36 25 45 18 14 75 27 
25 87 67 45 94 0 37 12 
46 67 3 86 0 87 87 67 
91 80 6 47 82 25 61 15 
58 99 35 36 34 66 19 98 
83 59 94 59 40 75 100 78 
41 56 67 27 74 59 69 37 
41 14 58 47 3 26 55 33 
32 5 46 52 63 85 53 14 
95 77 96 12 90 33 46 37 
85 14 57 87 96 46 9 96 
100 44 77 71 81 90 26 36 
34 0 88 45 27 45 24 23 
93 12 39 97 2 61 53 86 
89 51 6 32 29 42 12 90 
80 83 14 93 89 61 81 80 
47 23 84 46 92 2 1 84 
5 80 41 6 33 49 69 39 
96 46 85 39 37 11 54 44 
15 85 21 17 65 14 60 7 
44 94 64 59 8 17 21 81 
19 59 60 89 1 44 25 65 
13 24 62 56 38 80 5 32 
99 87 71 18 98 98 79 61 
50 69 46 15 13 94 75 26 
21 43 31 10 82 40 14 1 
21 99 70 81 22 11 14 20 
18 4 70 8 77 93 14 97 
66 1 90 48 19 72 46 100 
40 49 40 33 84 78 41 94 
36 91 56 21 48 83 11 32 
50 85 39 42 30 54 14 83 
61 97 60 93 51 20 79 25 
50 12 24 38 22 42 8 96 
81 39 38 33 89 6 6 39 
56 64 71 91 12 56 100 58 
45 42 89 4 83 0 72 23 
70 15 85 35 28 89 77 47 
36 74 72 85 4 0 44 72 
100 8 15 64 69 24 6 65 
83 13 58 94 74 70 64 95 
57 5 53 3 20 40 28 46 
81 28 99 79 17 35 73 60 
39 0 27 51 26 11 79 32 
40 56 14 19 72 78 58 48 
89 94 81 90 23 73 76 0 
46 22 81 64 26 19 74 98 
2 46 84 89 38 22 85 58 
65 49 45 69 6 72 8 53 
99 18 24 4 22 0 82 72 
23 27 23 19 51 25 84 8 
44 1 60 58 58 22 49 4 
52 99 55 61 5 49 66 72 
66 66 47 98 53 8 58 27 
55 90 43 74 74 68 85 45 
54 75 67 29 66 80 98 95 
99 68 75 50 49 13 30 31 
67 23 88 1 99 0 57 14 
7 71 45 72 42 36 49 7 
79 62 19 47 66 55 52 46 
56 10 98 25 89 44 50 45 
47 48 67 37 81 53 70 37 
