1000
30 78 38 64 46 66 79 49 
54 43 77 93 85 57 90 34 
32 5 21 81 59 59 3 2 
94 18 61 48 97 48 93 78 
41 56 66 49 95 92 27 38 
67 46 43 96 5 70 36 10 
67 99 80 85 21 21 46 18 
66 28 33 93 6 93 93 64 
27 53 54 68 39 20 66 16 
21 22 23 8 84 43 25 86 
44 22 2 33 96 45 70 94 
65 25 47 23 53 36 24 26 
18 27 25 37 27 17 68 76 
35 93 53 100 3 81 22 43 
74 17 92 18 11 75 16 34 
37 71 3 44 28 14 47 30 
98 17 19 60 78 73 71 68 
91 11 98 8 31 97 41 71 
64 48 9 81 1 90 53 34 
8 86 77 97 38 11 34 14 
76 19 60 86 58 52 85 29 
92 1 0 82 15 95 67 82 
44 33 46 86 8 2 91 22 
27 49 69 61 7 74 54 11 
18 93 25 17 1 24 95 99 
48 88 80 37 95 13 43 57 
7 64 50 29 29 89 91 70 
22 11 10 10 27 77 29 49 
14 40 44 12 92 45 16 85 
47 8 82 94 97 78 44 82 
54 30 58 95 65 51 78 0 
47 38 9 27 28 40 52 11 
54 57 3 76 14 57 46 58 
82 4 25 20 42 44 10 70 
17 34 98 15 58 69 72 83 
57 54 58 74 29 44 84 36 
56 53 29 43 32 87 17 38 
50 86 49 6 41 58 48 7 
0 33 61 39 84 0 12 10 
35 30 12 76 86 60 91 47 
27 9 23 91 93 85 5 20 
28 20 8 58 27 68 39 77 
6 0 89 71 55 28 84 9 
29 66 100 73 31 60 69 23 
39 78 25 46 54 89 93 57 
97 88 44 33 97 96 28 80 
38 73 64 68 19 20 43 65 
27 2 78 38 90 100 92 68 
58 26 55 69 29 68 53 20 
2 50 24 51 56 18 5 35 
0 50 10 48 63 5 76 32 
78 49 100 6 65 4 66 99 
25 39 57 43 65 75 36 99 
37 53 23 85 43 10 3 68 
81 26 88 38 94 89 69 23 
61 2 40 74 88 46 8 2 
22 62 84 8 37 61 21 39 
14 74 92 56 93 14 89 58 
15 77 27 69 47 45 37 27 
89 87 84 97 78 43 33 20 
72 95 42 91 71 81 88 5 
44 89 46 20 38 35 78 94 
68 47 91 23 46 78 18 78 
52 29 66 5 65 17 79 85 
87 91 6 68 52 33 9 39 
10 2 54 16 58 58 12 13 
28 2 43 45 22 94 80 71 
18 63 77 46 81 39 67 74 
16 81 30 69 50 52 89 57 
3 74 52 12 59 2 38 15 
46 44 40 87 93 82 77 89 
65 75 25 69 29 56 45 87 
60 41 66 11 23 99 99 1 
61 42 69 64 12 74 35 9 
37 61 96 1 97 41 86 90 
61 60 76 3 40 34 55 5 
4 43 29 64 35 38 36 46 
91 28 25 73 48 17 38 9 
38 95 83 66 39 85 17 65 
21 84 38 48 53 72 0 52 
88 19 41 96 100 100 100 49 
69 26 53 39 88 45 21 72 
21 25 68 53 35 32 25 91 
58 99 100 4 26 60 7 46 
37 1 31 43 64 15 1 81 
95 92 70 47 17 4 87 86 
71 86 65 31 75 19 11 38 
19 40 85 64 9 59 66 25 
92 93 81 55 70 6 74 84 
78 92 18 7 79 53 53 53 
25 34 62 61 5 58 36 99 
70 26 68 30 30 58 39 6 
47 97 98 26 14 80 51 35 
36 29 58 3 81 66 37 72 
94 66 100 66 26 96 68 51 
98 89 91 16 78 63 64 58 
93 71 30 67 86 62 23 40 
65 97 100 78 95 70 88 51 
15 70 16 15 40 74 28 70 
3 37 48 22 10 36 86 27 
98 2 38 34 15 95 59 98 
100 26 84 4 85 77 19 18 
26 49 38 57 13 2 26 23 
46 90 5 16 67 49 17 88 
11 72 40 100 4 45 33 58 
18 1 70 25 51 40 71 96 
97 72 50 51 14 84 6 11 
42 12 78 33 98 16 93 67 
94 72 44 73 7 57 73 53 
100 52 25 67 89 37 8 28 
38 31 67 11 48 81 65 20 
94 30 19 62 79 12 67 10 
59 71 53 14 15 78 99 7 
92 12 63 77 97 43 70 75 
14 32 14 90 94 6 77 13 
95 71 32 47 84 92 70 7 
98 36 18 60 89 84 66 79 
47 21 67 64 67 100 2 87 
58 91 82 40 13 38 54 1 
66 62 13 97 14 2 76 54 
80 20 91 16 60 49 33 18 
56 93 68 76 57 37 60 42 
9 46 98 66 43 71 81 43 
43 14 92 67 81 86 52 79 
1 0 16 100 21 22 91 6 
33 13 70 57 6 50 98 9 
62 9 100 66 2 15 58 16 
23 95 22 0 54 29 34 74 
37 55 79 91 2 54 25 70 
42 41 89 44 94 17 77 55 
13 19 28 97 68 80 2 57 
71 72 97 1 85 50 30 48 
55 0 14 63 4 78 92 42 
61 66 59 34 54 18 28 28 
68 9 85 51 29 62 19 10 
91 98 9 39 72 38 38 68 
28 31 91 82 61 37 92 58 
11 6 3 86 48 84 73 28 
74 92 95 52 7 79 78 82 
79 98 72 90 17 57 50 26 
61 56 5 63 43 26 79 10 
70 36 24 39 57 19 2 72 
24 6 24 40 38 15 82 28 
22 4 70 74 35 3 86 76 
33 10 34 4 4 63 44 5 
35 52 14 0 67 65 62 17 
11 92 34 88 67 41 40 32 
83 97 50 25 46 60 53 34 
15 35 5 83 56 34 0 46 
84 71 36 24 98 69 24 14 
20 20 79 18 85 96 81 6 
38 30 63 1 23 82 44 8 
19 60 100 95 25 35 28 34 
18 68 81 90 23 80 25 6 
64 13 68 67 80 56 85 40 
49 67 22 92 82 2 20 30 
64 54 9 81 96 94 80 59 
26 12 20 55 35 54 81 24 
40 82 60 96 5 11 70 89 
41 17 51 35 21 5 92 33 
63 41 63 74 33 3 86 42 
3 50 20 14 55 39 86 69 
25 58 71 36 9 62 76 2 
72 7 40 98 46 69 30 91 
41 24 13 10 29 12 18 82 
51 100 85 39 36 18 83 82 
48 36 89 31 53 28 11 34 
71 38 91 100 26 3 76 14 
75 40 72 66 89 33 94 26 
93 64 59 49 8 32 61 4 
85 11 59 41 1 86 6 37 
54 79 56 47 69 84 22 50 
72 44 16 11 65 87 75 35 
47 62 27 95 50 90 77 52 
70 41 76 69 47 79 97 37 
74 25 85 80 74 92 52 45 
58 56 78 59 50 77 52 15 
87 49 63 54 16 73 73 81 
9 25 38 40 36 64 65 91 
70 71 61 37 95 52 14 22 
18 11 26 97 19 40 98 43 
45 31 23 21 20 14 40 21 
4 51 0 30 68 15 15 19 
27 44 0 64 5 17 29 96 
12 5 72 15 46 26 61 1 
91 6 77 16 24 46 58 53 
72 27 67 91 14 28 21 18 
46 42 64 67 39 20 82 48 
28 45 13 80 67 73 30 93 
53 78 65 53 68 16 87 14 
9 7 14 25 47 77 82 18 
17 14 80 9 48 0 49 33 
90 11 54 83 0 60 22 19 
27 23 100 32 9 81 6 78 
53 86 100 32 57 44 44 94 
81 42 91 8 59 10 80 89 
91 74 67 8 58 27 5 6 
6 21 34 65 3 89 52 96 
52 89 36 87 72 8 15 17 
6 18 82 29 37 39 57 77 
84 54 54 2 22 67 37 6 
2 94 32 94 65 39 69 90 
37 62 37 30 62 99 37 62 
1 43 35 9 86 59 49 74 
59 74 0 86 58 22 62 69 
32 10 89 88 100 66 4 63 
20 25 20 90 97 11 60 78 
14 78 78 53 50 89 84 32 
6 10 62 60 30 69 5 21 
10 33 19 61 8 1 64 4 
94 70 82 72 100 51 95 76 
52 17 9 76 64 91 87 84 
84 69 32 48 37 22 32 2 
97 91 41 56 15 40 97 52 
14 56 52 39 61 64 28 51 
18 29 40 89 76 28 95 41 
54 91 95 27 33 63 22 10 
97 65 71 26 85 33 33 15 
99 37 18 73 13 34 79 20 
71 69 56 24 47 89 97 4 
94 16 50 8 58 14 31 17 
80 5 34 60 43 100 46 77 
79 59 12 42 27 85 17 81 
9 97 4 40 31 38 37 46 
22 28 84 46 71 77 43 52 
59 100 14 13 29 28 63 55 
63 67 10 72 77 0 59 34 
28 78 27 64 34 72 10 82 
16 29 0 4 52 11 58 96 
1 6 29 80 75 37 16 40 
92 93 81 1 96 54 16 52 
75 77 61 33 3 4 11 59 
72 89 9 92 73 39 66 32 
21 77 84 17 17 79 90 36 
76 22 94 2 57 72 83 78 
2 27 24 4 1 74 10 79 
35 5 9 69 52 89 51 84 
59 25 76 89 38 15 50 70 
25 61 14 85 61 47 21 11 
72 43 98 64 73 10 48 36 
71 81 35 22 77 19 90 88 
98 94 98 66 78 46 67 32 
37 43 10 40 27 41 90 47 
67 78 12 58 86 98 19 90 
60 4 47 24 29 87 79 33 
49 90 44 27 20 34 60 97 
11 17 5 62 84 56 84 43 
76 26 54 32 89 85 22 44 
9 16 68 3 69 95 92 50 
10 95 31 30 74 34 8 51 
22 40 19 64 55 92 52 14 
18 78 32 72 50 46 91 8 
95 87 89 53 8 36 35 78 
68 100 3 73 93 33 43 45 
46 86 50 24 77 88 1 7 
28 71 51 80 25 45 50 61 
84 67 7 95 50 59 55 66 
93 33 27 7 97 84 98 10 
51 35 46 70 41 46 29 39 
87 76 78 53 59 65 86 26 
63 71 39 79 86 46 48 69 
31 47 29 45 62 53 2 51 
19 84 89 34 63 97 0 80 
83 95 18 28 23 1 94 32 
85 81 23 65 92 76 59 89 
93 89 8 14 44 96 58 6 
20 98 87 40 29 71 1 100 
5 100 11 100 56 99 97 84 
10 95 33 94 49 22 78 51 
82 0 34 57 41 7 69 70 
37 87 71 6 47 31 5 38 
99 24 72 76 82 22 22 7 
25 26 44 87 100 28 46 91 
25 48 70 15 44 93 20 16 
25 36 85 74 78 17 40 52 
31 93 57 64 83 32 44 33 
77 20 66 63 59 78 5 4 
12 82 2 88 16 62 35 23 
63 72 26 56 21 64 45 82 
76 31 75 66 81 53 63 74 
32 36 70 41 0 38 66 47 
24 75 95 4 37 20 93 11 
69 97 0 48 43 89 34 67 
84 84 91 26 54 15 86 8 
34 8 13 20 88 23 52 100 
59 6 8 65 61 93 80 84 
90 53 78 80 92 35 87 42 
70 87 47 42 17 32 29 65 
30 27 34 59 28 81 64 61 
27 88 14 55 66 92 28 1 
8 38 84 48 56 38 50 81 
53 12 59 16 98 70 37 83 
47 10 48 11 97 81 40 48 
87 59 5 69 77 25 28 99 
84 70 26 86 13 10 7 97 
28 96 79 3 1 31 25 33 
66 98 62 29 94 1 94 58 
20 39 66 11 59 64 3 3 
64 49 2 85 52 74 48 14 
93 64 50 41 59 25 50 69 
7 99 26 13 5 88 32 72 
11 67 80 92 5 52 64 80 
16 14 43 7 0 64 32 97 
98 43 6 87 42 81 34 18 
40 16 88 79 7 32 85 67 
39 3 82 77 82 3 18 14 
13 95 66 54 54 76 87 75 
71 61 37 47 81 47 37 62 
31 20 93 84 23 85 73 5 
73 57 26 76 38 68 35 97 
67 61 56 35 2 62 72 84 
67 87 22 99 94 25 57 23 
10 97 80 35 51 31 46 85 
12 38 97 24 35 79 93 5 
74 69 76 85 51 84 47 49 
75 80 93 2 42 12 24 29 
36 82 8 43 89 41 48 99 
57 98 74 33 15 41 60 98 
45 5 0 31 48 42 4 17 
55 65 67 65 94 93 56 90 
98 80 77 25 75 95 89 81 
83 99 16 72 86 17 24 72 
74 48 87 11 31 60 96 78 
60 78 86 3 33 85 30 66 
6 90 41 27 20 43 53 43 
37 56 57 64 61 16 10 92 
2 10 95 100 70 33 29 40 
65 25 97 63 56 42 34 25 
56 5 2 16 10 50 44 61 
85 64 36 100 50 56 25 5 
83 100 30 89 55 29 13 77 
51 83 94 49 30 78 21 76 
93 22 97 81 53 48 92 65 
65 54 52 75 85 60 77 7 
58 95 4 5 84 1 46 3 
85 95 70 9 52 21 90 96 
18 20 93 54 71 84 66 11 
48 72 44 91 22 12 4 89 
93 8 56 85 63 97 20 81 
41 62 0 81 89 40 35 66 
34 12 4 55 40 42 75 42 
54 41 51 71 0 85 31 20 
59 15 74 25 37 90 31 77 
77 54 86 70 35 89 18 13 
52 54 26 25 70 53 1 84 
67 33 26 100 19 86 45 23 
32 24 64 85 62 61 14 19 
94 78 78 21 24 95 43 54 
3 53 69 28 99 94 73 79 
54 87 65 27 33 92 50 62 
84 4 81 43 97 99 1 26 
98 60 97 89 55 99 57 27 
3 33 80 45 57 27 14 24 
69 60 100 88 32 80 38 25 
3 12 89 84 79 84 23 82 
91 100 19 84 83 88 44 80 
9 25 77 52 75 96 8 64 
61 36 32 62 46 26 28 38 
85 53 61 20 52 60 100 32 
9 42 2 49 15 54 28 33 
54 50 79 31 67 23 6 36 
27 73 64 62 79 47 2 9 
44 7 80 4 90 31 4 16 
11 28 82 7 43 8 80 59 
16 39 63 90 35 8 96 7 
91 11 0 66 88 87 40 94 
54 77 9 8 87 3 12 65 
8 4 91 96 99 34 5 1 
9 89 17 61 88 50 36 41 
18 82 59 81 84 42 93 61 
37 97 10 12 45 75 82 83 
64 37 61 71 95 80 49 44 
38 50 10 48 61 35 4 97 
37 70 8 6 66 36 57 36 
19 87 45 67 76 70 25 1 
13 96 29 35 39 99 65 82 
23 32 97 68 18 79 42 0 
15 5 32 41 6 2 72 63 
65 79 60 98 81 12 64 17 
62 12 41 68 21 76 41 75 
25 100 97 0 77 9 79 97 
63 41 2 53 4 19 1 46 
93 95 97 39 23 1 79 46 
67 79 97 6 22 38 3 68 
62 80 30 4 59 5 8 35 
65 2 79 84 37 40 26 20 
44 39 32 28 13 34 66 53 
67 80 36 91 82 51 60 83 
31 41 54 33 41 72 82 47 
7 88 96 61 87 92 6 17 
58 9 15 77 54 94 45 98 
40 4 27 17 97 43 2 84 
67 85 96 23 41 23 61 57 
97 86 54 100 22 28 43 54 
4 1 45 10 63 24 94 63 
31 59 95 18 92 81 66 8 
93 73 1 51 48 62 16 68 
51 30 90 52 90 20 28 0 
65 25 50 91 81 89 75 91 
72 89 71 1 63 84 9 37 
56 72 80 32 25 17 33 13 
27 40 50 85 71 12 13 59 
93 49 91 54 9 47 60 6 
62 47 8 53 37 83 96 45 
5 31 74 92 68 29 82 0 
20 95 55 91 36 50 98 89 
36 2 93 81 50 35 75 3 
37 9 100 17 5 60 62 22 
7 4 55 50 42 75 67 62 
32 0 0 53 44 59 34 97 
12 64 22 80 88 36 94 77 
53 3 3 63 41 46 86 42 
47 79 69 46 42 83 51 52 
12 17 100 71 12 70 78 68 
93 22 94 11 28 39 22 71 
91 28 21 11 32 2 39 7 
84 39 21 34 63 71 85 28 
68 21 28 73 77 100 93 44 
16 66 6 98 42 71 32 55 
77 62 34 29 59 95 66 34 
77 80 59 27 18 95 53 53 
17 42 5 93 26 28 13 100 
42 27 76 87 54 11 32 67 
9 57 82 58 2 62 78 16 
1 92 3 100 59 29 73 54 
83 63 3 77 71 76 4 21 
60 11 48 58 33 79 37 88 
63 40 36 49 2 43 25 1 
92 41 19 13 2 7 52 62 
51 91 80 54 11 95 15 83 
51 52 94 36 30 88 71 12 
70 17 60 81 15 55 34 8 
59 21 56 14 41 84 30 54 
27 43 32 100 78 64 49 34 
73 92 84 72 57 3 66 74 
33 42 77 92 87 74 64 30 
88 25 29 23 96 16 7 78 
75 6 60 96 19 91 20 96 
61 62 25 15 79 76 92 78 
56 43 13 38 15 59 57 28 
52 86 29 41 23 2 92 3 
44 26 18 7 51 46 39 92 
99 11 74 98 21 43 100 97 
40 93 12 28 57 33 59 66 
2 29 98 6 32 91 16 74 
53 98 77 98 51 41 23 87 
54 100 2 78 72 97 94 97 
53 7 28 42 97 34 60 22 
93 84 66 84 91 43 77 97 
42 88 8 53 77 77 42 35 
18 79 22 52 5 13 40 94 
89 32 52 97 23 60 33 91 
37 81 20 70 11 38 72 76 
90 19 34 70 18 76 28 1 
98 95 70 89 32 86 100 69 
3 30 46 96 76 80 88 84 
30 32 22 69 15 60 16 31 
66 16 21 2 95 79 78 21 
70 88 80 91 66 44 9 96 
74 5 89 17 13 79 75 84 
45 58 94 54 10 69 90 21 
25 84 43 13 70 59 63 28 
35 69 47 2 39 59 85 66 
55 37 74 31 81 62 14 98 
49 99 94 21 71 86 93 76 
24 91 70 57 9 24 55 11 
13 70 9 57 54 99 14 84 
66 5 30 43 84 43 75 88 
56 56 73 52 91 48 33 91 
16 12 70 82 93 31 72 39 
85 96 44 42 1 36 66 92 
90 98 79 40 0 32 0 66 
14 83 41 36 16 39 42 0 
24 28 43 23 50 57 6 55 
78 74 97 30 98 42 28 84 
46 62 26 61 89 66 42 8 
28 95 75 47 80 12 48 83 
6 82 74 45 49 77 46 94 
96 76 50 69 7 13 89 37 
16 12 62 61 65 74 39 63 
79 74 19 98 24 29 75 24 
62 42 54 82 57 92 66 39 
27 26 78 94 86 98 21 53 
29 47 26 26 33 72 91 21 
40 17 78 14 31 95 20 54 
92 99 1 21 42 0 49 85 
66 33 65 35 39 30 100 60 
53 41 90 29 52 78 69 66 
24 61 70 78 87 26 89 64 
85 77 87 83 64 100 83 98 
80 76 11 78 55 33 83 55 
37 22 94 89 70 6 81 99 
41 58 30 49 65 76 63 90 
50 93 37 12 89 49 54 0 
100 33 64 6 23 4 2 83 
82 76 72 74 31 9 88 73 
70 0 100 7 32 73 53 83 
15 73 37 88 51 91 73 42 
36 76 28 63 13 65 90 58 
84 93 38 81 59 60 54 76 
37 49 56 85 71 99 91 94 
34 94 37 31 12 69 92 31 
76 57 89 56 12 81 37 98 
86 84 98 84 53 45 14 65 
8 7 9 53 85 49 55 73 
92 58 88 57 94 48 54 50 
55 26 99 79 44 24 53 73 
27 71 60 72 98 15 65 94 
99 77 72 43 61 96 58 60 
34 98 10 12 78 20 84 88 
88 65 26 8 66 50 19 82 
74 61 0 27 1 79 52 24 
66 21 36 89 15 59 69 26 
43 9 15 65 45 63 12 77 
1 41 90 53 86 18 49 12 
48 87 32 42 46 57 79 21 
67 63 69 17 69 21 98 53 
69 11 70 81 9 63 76 70 
85 96 39 7 16 9 2 18 
80 72 53 14 95 64 83 5 
55 94 35 5 32 23 13 33 
61 5 79 20 19 12 81 13 
71 17 37 75 12 24 4 34 
94 9 7 23 21 19 59 78 
91 80 79 73 48 65 64 93 
7 34 59 70 99 41 44 9 
84 48 79 95 46 73 16 43 
54 82 37 59 20 46 17 36 
19 44 91 71 87 37 4 89 
16 40 33 60 84 46 27 62 
23 96 44 72 93 2 44 14 
9 52 36 17 63 22 9 85 
46 89 20 100 80 86 95 47 
40 95 76 40 76 60 52 92 
75 47 74 89 92 34 77 16 
85 16 45 59 2 63 92 31 
61 30 43 35 10 93 45 68 
56 75 63 98 70 69 20 30 
49 51 22 9 15 81 58 17 
5 55 86 75 59 27 88 67 
62 69 5 48 51 2 70 92 
15 50 81 4 4 57 99 65 
36 93 12 27 1 64 18 17 
80 46 46 98 10 63 68 99 
95 30 52 47 43 28 25 2 
69 6 73 87 26 100 38 84 
63 73 59 69 73 32 27 21 
2 6 95 43 18 48 68 3 
26 66 65 91 39 57 61 65 
69 11 10 96 28 60 63 90 
40 42 13 6 11 64 13 69 
30 29 7 61 85 70 24 57 
47 14 30 66 36 76 19 64 
5 5 45 65 32 12 4 9 
53 74 65 51 90 82 62 91 
10 31 28 14 65 20 98 2 
46 88 10 46 24 47 14 70 
65 44 7 64 21 22 73 19 
74 31 75 39 13 85 35 41 
34 83 15 29 38 75 57 85 
62 83 12 64 59 92 12 6 
77 74 29 34 14 37 88 6 
85 28 65 11 2 99 36 50 
7 28 44 10 49 61 54 29 
66 79 67 23 4 95 79 19 
72 31 51 28 93 10 38 73 
35 12 72 74 1 50 1 83 
63 75 8 12 6 84 89 32 
79 9 9 44 0 64 95 73 
79 97 10 93 48 46 70 66 
37 83 16 42 97 33 88 11 
89 40 27 20 2 35 81 10 
53 24 27 39 48 51 85 33 
48 75 43 60 41 9 58 77 
98 14 13 20 24 100 81 22 
56 32 76 99 100 84 40 53 
74 53 68 46 53 9 12 93 
26 97 21 13 25 67 47 48 
25 59 68 63 43 21 86 51 
63 12 27 7 27 59 11 31 
20 61 96 76 50 54 92 97 
11 73 89 28 18 42 34 81 
39 1 51 66 83 89 67 41 
74 10 2 52 78 26 45 57 
30 40 50 20 39 68 33 52 
75 31 44 29 91 90 49 15 
24 62 46 43 14 12 51 38 
23 91 83 50 11 81 6 67 
44 85 2 77 60 42 49 42 
88 55 31 37 51 76 3 8 
67 60 84 39 73 94 61 32 
56 43 81 15 51 93 39 49 
39 67 83 83 42 3 13 84 
22 21 3 13 17 0 99 86 
82 42 21 2 71 0 59 98 
35 54 13 41 44 89 96 74 
30 84 74 72 97 1 6 38 
100 0 3 41 21 36 28 10 
90 21 48 2 18 16 15 95 
93 28 34 74 32 32 55 91 
7 35 98 61 16 67 94 58 
56 50 75 98 85 2 38 93 
39 95 35 59 30 43 35 6 
84 84 37 29 13 10 87 20 
54 61 38 36 84 19 52 77 
88 83 54 82 95 63 48 26 
40 65 56 27 38 70 5 62 
64 10 98 64 61 44 25 57 
3 97 99 8 45 84 42 16 
43 17 5 62 15 79 63 31 
19 20 46 60 78 28 3 13 
29 60 58 59 10 7 88 54 
15 96 66 59 59 19 24 10 
40 73 39 93 20 29 94 1 
89 99 15 90 35 81 14 50 
7 33 82 54 5 3 40 19 
76 89 87 58 47 62 62 32 
16 2 69 49 40 18 34 22 
40 90 94 28 26 87 9 53 
62 13 45 71 37 94 49 30 
15 38 20 70 79 45 17 80 
60 88 11 76 28 42 75 20 
91 92 10 22 95 98 22 10 
89 37 46 67 35 11 39 14 
32 7 32 84 12 80 35 79 
52 10 75 33 70 89 29 26 
25 36 89 98 92 83 20 9 
7 29 0 81 98 14 67 48 
65 7 81 34 39 36 4 90 
91 44 55 25 65 10 18 20 
44 65 14 83 64 73 58 75 
16 21 59 74 80 18 28 16 
46 28 65 46 44 89 57 6 
9 44 9 52 41 44 60 65 
93 92 60 92 92 85 97 46 
31 24 66 83 18 63 27 67 
45 57 66 97 92 94 56 23 
98 40 12 63 49 20 47 80 
100 70 28 14 41 4 98 83 
29 42 89 71 13 80 84 74 
90 35 85 51 100 81 33 14 
29 7 36 76 83 52 57 66 
78 93 46 15 46 22 2 49 
11 50 1 9 24 80 79 5 
81 75 94 31 24 18 7 77 
74 47 24 48 39 62 93 48 
58 2 49 85 55 81 58 16 
96 15 27 21 68 11 95 50 
82 94 39 9 78 50 27 91 
94 72 99 9 9 52 87 66 
65 34 88 80 46 78 69 30 
4 94 16 93 51 99 58 82 
28 99 15 58 12 96 43 34 
55 16 60 76 39 96 12 78 
45 84 84 43 64 84 39 51 
75 19 64 46 51 69 48 92 
36 61 16 55 8 94 44 96 
3 64 98 77 13 51 8 87 
45 64 82 27 92 87 11 97 
36 97 62 4 32 31 82 46 
7 64 28 54 77 60 68 4 
17 57 58 92 66 27 57 62 
91 33 72 80 65 32 10 1 
23 0 42 13 92 65 12 48 
7 88 44 92 4 46 63 38 
1 83 11 10 93 27 80 64 
39 80 70 24 40 17 68 66 
89 78 93 65 76 46 19 99 
0 78 47 6 36 82 45 83 
56 59 36 92 28 79 88 70 
66 88 92 78 30 37 12 10 
51 17 23 80 67 37 64 26 
38 100 54 19 21 96 2 12 
64 15 20 29 93 20 37 39 
46 41 3 98 63 95 51 100 
91 8 10 37 65 34 100 16 
17 66 15 3 29 22 92 9 
36 63 32 39 3 79 47 53 
34 17 53 93 14 66 14 72 
7 35 46 97 55 47 12 18 
8 44 76 40 62 16 92 84 
53 55 15 81 67 75 21 87 
55 92 80 52 43 37 94 6 
29 96 3 56 87 61 50 72 
46 7 10 31 27 34 48 19 
73 71 62 84 7 55 99 23 
63 84 45 99 6 51 19 74 
15 1 99 99 83 79 48 48 
4 27 0 92 66 32 99 18 
5 23 50 10 81 29 45 100 
96 13 4 23 92 3 12 31 
43 87 23 38 30 91 51 91 
75 7 13 77 19 62 55 32 
81 78 76 25 87 5 34 65 
90 70 12 70 80 49 81 74 
63 6 6 15 4 26 57 7 
6 35 61 20 48 59 5 17 
57 51 85 7 91 4 89 48 
9 8 22 94 86 99 89 7 
35 55 82 78 11 50 71 82 
82 74 13 72 87 89 59 70 
26 77 63 94 93 78 18 71 
85 80 17 88 9 6 98 77 
99 48 23 38 80 40 31 85 
40 40 88 86 60 98 7 75 
3 47 18 89 33 97 64 9 
85 60 46 0 38 98 81 92 
33 95 91 5 12 6 37 23 
69 18 65 15 66 8 11 20 
28 50 6 90 31 30 52 8 
87 65 21 44 54 62 72 7 
43 53 37 31 86 59 4 34 
43 41 65 17 16 96 30 64 
51 26 13 5 88 31 29 22 
14 36 66 80 87 14 29 21 
96 78 76 52 97 63 92 42 
81 96 8 5 90 70 8 96 
67 82 8 47 49 30 97 83 
1 24 94 68 78 61 9 16 
26 71 53 48 44 54 68 94 
40 60 1 50 40 35 2 46 
11 93 27 16 24 68 79 81 
25 60 84 36 17 14 83 11 
26 82 21 34 89 28 20 83 
36 16 93 86 5 62 34 41 
90 96 3 92 78 65 43 63 
61 23 34 8 10 27 43 24 
79 59 26 50 0 14 50 13 
98 9 9 36 40 40 54 33 
7 78 87 35 50 25 74 5 
55 48 27 83 70 31 99 44 
52 70 18 24 73 31 63 69 
22 14 96 35 30 29 12 21 
57 14 100 83 55 7 5 46 
17 72 95 66 74 3 99 97 
67 65 54 57 69 60 80 62 
77 98 73 19 11 49 52 47 
87 49 34 64 96 58 13 39 
86 96 7 25 63 26 71 46 
77 47 71 62 39 49 34 59 
40 57 70 79 84 51 9 50 
99 18 3 64 25 25 27 86 
30 42 54 58 100 27 68 90 
46 71 80 59 78 88 21 50 
84 91 90 41 81 39 51 69 
91 81 70 81 16 62 43 53 
47 31 15 17 77 42 65 34 
17 57 21 99 48 10 37 25 
50 85 40 88 9 67 29 6 
29 53 76 82 86 26 27 45 
71 95 22 12 89 35 24 94 
13 21 31 85 92 28 80 28 
39 30 90 5 4 85 16 62 
13 2 16 66 91 46 46 94 
54 40 89 31 69 30 55 23 
86 28 90 15 74 97 11 24 
77 88 19 89 23 88 51 96 
27 86 72 97 19 36 86 18 
45 35 86 62 52 35 89 24 
11 82 30 1 21 48 96 32 
36 27 36 65 71 31 99 60 
50 92 88 95 61 67 98 83 
30 63 52 22 37 4 43 42 
35 2 24 97 49 49 77 70 
75 53 82 31 22 25 28 18 
48 27 36 96 16 92 7 6 
29 62 1 66 15 61 50 87 
21 2 88 88 35 0 64 69 
32 93 56 12 67 29 60 15 
21 70 11 14 0 71 66 87 
86 62 57 16 27 48 67 32 
56 7 83 13 89 39 57 0 
2 93 21 66 16 2 11 42 
0 69 77 82 42 47 1 39 
91 8 89 32 88 81 99 77 
6 22 73 37 13 23 50 77 
11 21 90 79 52 41 83 85 
11 0 59 57 58 95 25 66 
40 73 12 70 62 21 37 99 
37 14 9 87 1 8 15 27 
95 7 95 69 97 1 19 21 
81 31 91 60 63 64 78 34 
21 96 86 45 33 69 6 60 
49 33 13 26 91 12 100 10 
82 27 74 37 57 61 9 45 
60 10 51 35 76 77 26 86 
38 82 47 4 26 8 7 90 
73 35 45 52 35 20 88 45 
49 9 15 39 5 63 100 37 
95 94 81 25 35 85 66 9 
22 43 8 24 28 0 74 83 
20 22 12 14 15 87 76 24 
93 100 16 97 44 79 96 59 
93 12 77 14 95 42 73 39 
53 58 59 39 75 24 52 46 
45 95 50 0 25 59 12 86 
35 66 83 85 68 97 89 50 
62 14 49 91 24 32 34 84 
72 40 49 39 22 34 77 77 
46 93 96 65 87 48 54 71 
3 22 69 66 5 35 89 38 
43 36 90 57 13 36 76 4 
26 77 0 61 49 59 85 79 
18 88 71 39 11 98 83 66 
49 53 57 64 100 12 49 51 
5 44 43 82 50 0 82 1 
100 64 57 19 58 2 29 22 
5 64 21 62 85 45 23 60 
91 17 64 100 54 30 66 43 
85 64 20 3 6 75 55 97 
34 22 50 5 90 53 72 0 
11 87 54 79 29 45 24 48 
21 17 7 89 76 57 59 20 
90 48 82 82 46 91 35 23 
33 93 37 71 37 76 28 60 
12 94 84 73 31 54 2 51 
7 70 71 68 5 48 81 7 
74 28 34 59 83 70 40 97 
6 78 61 44 35 0 57 89 
72 80 56 13 35 72 36 98 
37 51 76 72 12 26 45 58 
64 17 13 66 58 0 86 93 
83 48 73 12 49 86 95 25 
88 78 86 39 50 9 14 0 
51 86 10 50 17 58 37 61 
53 68 21 85 48 23 16 94 
10 68 85 54 10 95 13 0 
1 8 95 80 15 36 61 84 
42 88 15 97 33 5 94 42 
20 98 5 56 78 86 96 68 
65 0 1 99 44 43 97 10 
2 55 73 6 91 68 15 86 
17 18 20 65 90 94 97 49 
91 32 0 97 66 41 33 18 
49 1 21 56 44 92 86 94 
23 40 0 52 78 9 46 97 
34 89 53 30 63 69 79 71 
41 68 16 4 75 52 40 45 
81 92 19 42 56 89 35 63 
0 35 21 91 82 64 94 30 
83 22 31 99 9 39 82 7 
59 5 87 31 18 58 83 28 
89 71 66 90 92 68 25 38 
0 14 89 88 5 55 100 78 
76 80 57 89 62 76 27 72 
4 45 91 78 58 15 63 41 
53 21 91 14 87 25 10 11 
61 47 5 79 58 82 39 98 
34 53 42 8 55 86 4 67 
10 22 40 2 38 67 4 74 
3 33 25 46 10 92 9 33 
21 77 42 54 83 4 12 33 
33 57 45 1 86 56 54 83 
85 68 55 24 88 30 4 77 
53 58 13 17 92 100 36 67 
53 98 7 28 95 88 79 30 
99 60 96 30 86 19 13 53 
92 14 59 78 99 61 99 14 
38 23 89 92 6 86 59 35 
89 34 61 86 24 56 25 68 
79 86 65 98 71 84 12 3 
14 5 80 91 0 5 74 19 
41 19 2 23 54 58 81 94 
11 54 43 28 100 63 50 46 
15 94 87 51 25 98 46 91 
63 34 96 97 23 24 85 82 
2 44 8 37 49 12 69 64 
33 9 89 85 97 8 38 52 
9 61 87 83 45 51 81 34 
90 75 84 99 72 80 64 12 
9 100 9 94 5 31 49 38 
83 38 1 62 100 56 94 72 
72 91 20 64 38 1 4 19 
36 82 71 44 62 33 46 74 
85 74 44 86 4 70 78 6 
94 38 88 24 39 17 54 46 
55 37 56 41 22 81 60 5 
43 79 78 66 69 0 35 6 
52 40 5 36 97 49 63 75 
83 5 5 57 6 75 49 44 
49 89 17 12 44 45 2 32 
34 44 80 81 43 87 38 80 
3 27 60 41 92 68 77 88 
60 99 32 49 31 54 88 63 
18 41 28 23 31 52 53 3 
25 1 66 88 3 87 52 83 
19 14 63 91 77 1 95 98 
87 35 41 41 96 6 44 64 
86 0 92 63 42 87 44 61 
48 50 19 2 19 13 28 53 
37 94 30 91 56 63 36 87 
1 57 1 56 51 27 48 96 
28 19 82 5 9 95 80 43 
29 93 68 97 29 90 94 86 
90 72 18 92 1 51 40 42 
100 46 28 22 67 77 76 97 
97 0 30 13 17 75 8 41 
88 23 9 68 18 72 72 14 
15 35 82 19 40 2 14 34 
61 8 1 13 49 78 71 29 
29 69 47 39 53 92 47 39 
12 37 32 30 66 11 10 56 
38 37 33 28 89 87 46 73 
93 1 27 13 12 69 58 15 
16 10 22 65 94 78 62 7 
56 48 36 14 4 48 82 5 
81 13 73 37 14 17 96 74 
47 11 36 42 91 8 14 1 
27 17 75 40 34 89 95 70 
22 44 90 11 16 29 83 70 
77 52 28 47 36 13 59 69 
16 47 35 33 61 3 48 48 
17 25 32 78 86 39 54 11 
39 25 10 87 18 81 42 72 
9 33 17 17 71 89 1 4 
9 9 67 12 49 100 87 92 
42 19 33 97 7 3 42 100 
74 65 73 24 75 7 24 0 
28 43 0 92 82 98 87 7 
90 15 83 61 68 36 73 12 
21 20 4 0 59 30 62 41 
8 17 79 92 74 14 71 8 
10 93 62 56 38 58 44 61 
47 78 87 65 4 14 20 73 
25 39 3 58 87 75 87 70 
31 7 26 78 15 9 82 44 
55 58 39 59 21 26 38 51 
43 57 63 68 80 33 96 27 
89 68 35 42 36 40 44 33 
0 1 43 83 83 42 2 82 
80 53 16 28 55 71 9 71 
68 46 28 88 14 87 70 53 
100 47 51 24 53 86 14 15 
77 83 29 31 76 69 49 7 
91 43 34 4 97 82 86 91 
72 40 53 73 24 73 30 4 
40 42 34 36 65 62 99 63 
8 43 84 55 72 4 56 31 
74 22 66 51 87 0 37 2 
82 42 32 60 84 54 50 84 
29 89 58 64 3 22 98 63 
20 68 1 18 35 88 73 93 
85 39 89 42 33 32 22 18 
30 90 33 25 78 54 3 37 
6 5 78 47 91 76 91 94 
73 91 6 8 28 22 10 18 
76 53 68 66 42 97 91 77 
44 19 75 62 45 100 58 50 
93 80 0 14 85 28 14 1 
0 24 51 48 12 59 75 81 
11 63 45 42 78 65 3 9 
2 32 47 70 31 20 49 90 
89 86 80 59 100 48 49 72 
95 8 52 89 51 50 28 72 
70 83 25 26 81 29 85 37 
84 95 28 27 83 78 29 94 
90 63 9 29 35 13 75 61 
95 52 97 79 18 100 45 14 
89 1 36 30 80 28 83 96 
68 28 58 49 53 46 83 73 
47 99 91 35 14 93 49 51 
60 82 4 41 31 45 15 99 
45 21 52 45 94 3 26 65 
40 35 10 30 15 16 61 100 
93 18 11 16 9 31 10 38 
36 55 60 13 25 60 19 73 
39 43 27 75 40 18 29 92 
60 12 28 13 78 38 42 71 
95 97 15 22 100 84 6 4 
84 4 81 100 61 4 21 15 
28 28 87 77 83 82 0 71 
98 89 99 24 82 45 65 16 
4 14 19 65 70 21 66 55 
94 73 92 63 6 70 98 79 
70 46 5 74 8 72 94 29 
74 47 89 2 97 63 80 41 
82 70 31 10 29 2 30 3 
16 30 82 99 12 6 70 75 
83 77 72 84 81 73 88 83 
11 97 25 13 4 12 54 38 
34 85 2 15 99 82 89 19 
60 40 32 4 95 53 78 98 
58 77 35 3 98 1 85 19 
30 81 18 38 41 59 46 38 
24 88 93 53 57 73 26 45 
30 10 59 37 43 42 86 3 
58 100 99 64 33 1 26 97 
62 71 37 94 70 72 96 90 
43 86 31 7 65 3 6 7 
90 78 4 49 86 31 76 48 
43 73 79 0 56 91 78 42 
20 87 93 45 24 26 72 51 
4 67 16 5 81 75 37 5 
9 35 97 85 27 84 55 35 
9 92 67 73 85 16 3 57 
28 10 68 97 53 72 36 9 
79 26 11 18 39 2 60 7 
22 12 52 16 6 51 14 93 
93 91 41 6 21 32 11 64 
85 35 12 56 37 24 46 37 
