1000
11 21 24 37 52 44 91 52 
47 9 1 50 26 26 68 6 
11 37 94 91 74 11 40 6 
57 74 67 1 77 59 89 72 
99 95 58 43 60 21 89 82 
46 66 28 58 93 43 93 73 
55 45 1 32 5 65 11 17 
52 45 40 92 1 94 73 64 
38 62 90 63 83 14 92 35 
18 77 35 46 88 14 89 77 
9 55 1 8 27 97 21 84 
96 23 95 14 55 48 89 73 
83 51 95 27 14 91 77 17 
74 71 91 71 65 70 75 91 
58 60 3 18 32 1 82 91 
38 14 16 57 75 22 62 58 
23 78 43 17 8 11 67 47 
36 9 17 27 100 93 54 91 
85 4 42 66 74 99 69 28 
54 13 9 98 45 71 71 70 
91 55 86 34 29 82 28 96 
12 30 80 56 34 59 1 11 
23 60 56 58 99 91 14 88 
87 43 53 72 5 16 60 67 
99 21 60 78 15 60 42 10 
3 29 16 78 49 82 5 41 
56 8 55 93 46 98 17 59 
64 50 54 55 87 22 68 87 
29 24 25 83 40 94 40 94 
49 1 60 29 41 82 47 48 
89 76 32 12 38 12 5 26 
48 27 51 85 26 69 55 32 
92 100 33 87 92 40 93 69 
41 54 52 80 21 55 35 90 
80 17 47 38 23 25 20 57 
52 50 86 62 17 32 80 8 
96 37 66 68 38 87 73 32 
72 71 28 96 20 37 57 72 
8 91 19 40 54 16 75 50 
24 61 89 18 58 99 23 74 
28 83 27 72 13 82 63 38 
13 24 6 87 92 50 20 10 
11 72 45 39 27 22 51 73 
99 34 36 35 80 77 19 93 
87 79 7 2 82 70 44 17 
51 16 66 73 16 67 20 51 
55 98 19 27 60 55 76 60 
88 93 54 64 7 1 56 10 
27 37 33 24 7 59 29 21 
9 36 27 36 78 35 80 87 
65 80 76 87 97 95 82 86 
87 59 1 81 87 64 24 69 
24 24 51 84 5 20 53 15 
94 2 91 14 14 32 42 20 
6 56 43 55 33 70 74 5 
40 72 66 8 35 42 56 67 
75 33 41 97 46 11 18 21 
6 87 24 92 84 92 37 71 
84 30 62 43 79 74 84 2 
74 50 48 59 47 54 7 49 
5 84 40 53 51 34 94 24 
33 54 50 95 40 34 48 46 
62 54 87 25 14 29 27 22 
33 18 29 84 32 4 99 54 
25 84 47 24 84 41 70 2 
0 39 1 53 95 19 85 82 
20 15 31 7 46 72 46 47 
26 82 12 89 70 69 33 16 
79 12 82 74 18 24 76 14 
4 96 59 65 19 50 40 71 
48 98 28 20 76 46 5 24 
15 28 85 69 84 3 71 65 
18 51 93 82 83 82 77 5 
84 35 24 51 36 19 67 33 
10 10 95 16 61 76 31 3 
95 81 16 13 11 86 19 8 
86 17 13 84 66 20 41 62 
53 68 46 32 83 40 83 25 
54 2 27 100 44 28 11 14 
40 14 43 6 53 36 34 10 
57 55 82 66 50 2 3 59 
39 49 73 5 34 60 56 1 
71 95 17 64 0 59 12 67 
5 3 33 64 9 71 60 1 
39 29 41 72 85 83 56 0 
6 25 86 23 76 19 3 24 
59 47 2 26 57 44 15 7 
17 57 5 39 81 76 0 94 
84 9 45 69 95 64 90 89 
39 50 44 12 42 97 65 86 
53 85 88 20 44 92 59 85 
34 60 94 47 54 0 38 25 
24 5 73 96 76 22 87 20 
69 17 89 87 11 88 50 39 
80 54 94 88 71 63 49 66 
24 42 91 29 21 46 39 27 
13 72 14 63 10 96 88 39 
64 50 66 71 20 56 9 21 
45 73 32 73 97 27 79 5 
71 99 71 8 42 4 77 70 
93 50 94 61 85 16 11 24 
69 31 15 96 7 23 37 10 
44 62 65 26 37 99 42 94 
3 28 15 80 51 93 31 30 
90 68 4 31 96 76 13 96 
31 30 32 68 9 54 18 27 
70 39 9 21 76 87 86 16 
100 95 26 26 64 82 36 34 
44 87 74 100 89 51 97 33 
24 46 5 24 8 53 34 79 
95 57 11 30 66 99 61 46 
14 71 91 78 52 5 98 93 
63 76 8 88 51 18 32 78 
73 43 37 57 4 91 27 66 
16 60 33 78 64 39 61 52 
23 21 46 35 63 54 16 66 
25 25 75 48 35 60 43 80 
14 81 15 73 72 7 93 85 
22 74 27 88 9 63 1 86 
35 40 100 61 32 31 12 43 
67 51 2 28 84 46 39 57 
1 82 88 2 98 23 10 61 
33 45 85 4 0 71 17 57 
77 65 48 48 5 62 81 86 
51 56 19 59 56 8 89 62 
80 68 94 8 21 65 6 25 
86 43 39 40 80 38 11 64 
24 39 9 12 67 100 22 89 
6 93 85 57 29 13 83 93 
73 96 75 92 12 98 76 50 
9 87 95 100 73 56 45 42 
75 49 36 100 11 0 39 60 
54 10 88 87 46 20 15 12 
98 30 31 1 89 94 33 99 
93 59 49 33 28 47 98 56 
32 5 36 23 26 62 33 52 
72 56 67 64 25 63 75 68 
66 93 29 17 45 16 89 67 
96 34 43 72 82 82 33 2 
70 98 42 50 76 71 51 99 
79 7 100 61 51 22 45 44 
44 33 54 48 63 97 95 23 
3 32 38 81 88 98 12 29 
65 99 11 78 82 43 34 35 
39 38 15 87 5 42 87 78 
68 2 20 5 38 1 11 1 
39 85 26 24 100 38 43 7 
81 34 74 84 78 45 26 22 
41 86 60 26 7 90 45 85 
71 18 0 6 10 85 75 54 
87 28 77 31 88 91 62 93 
21 88 7 97 88 0 45 54 
8 40 88 6 66 63 41 45 
12 99 67 90 60 6 54 25 
100 79 86 19 83 96 59 35 
26 100 10 75 76 10 23 42 
74 51 57 7 13 18 70 36 
38 82 85 75 64 15 7 69 
66 92 90 13 85 67 35 25 
38 9 82 100 90 75 21 37 
48 25 28 31 49 5 31 21 
63 36 5 46 30 35 71 93 
22 62 74 39 60 21 98 33 
38 83 0 64 60 84 27 6 
98 79 23 58 65 68 8 4 
51 95 99 75 60 16 88 90 
34 93 62 69 83 35 97 43 
20 36 94 29 96 62 18 40 
33 100 50 96 98 37 44 36 
89 73 19 56 21 1 85 38 
70 28 50 81 43 50 53 51 
73 33 96 98 75 31 100 64 
67 26 91 79 22 50 35 51 
93 9 58 35 44 58 81 52 
46 31 72 85 83 59 71 39 
96 99 3 83 92 90 6 60 
61 79 51 52 39 10 59 20 
7 94 4 12 1 21 25 52 
70 91 27 20 92 11 59 1 
57 36 61 3 63 88 39 20 
37 100 5 91 18 88 91 96 
13 23 36 75 65 30 68 49 
59 17 99 79 46 58 76 30 
6 94 87 87 94 33 20 20 
18 84 71 56 4 32 1 13 
29 94 1 54 39 41 24 78 
81 47 44 96 52 65 32 27 
70 30 90 84 18 41 86 12 
6 41 20 60 86 68 24 39 
67 10 62 32 65 79 76 26 
59 13 2 5 19 84 60 86 
30 14 28 73 37 25 58 100 
82 75 90 76 35 10 78 52 
57 4 41 58 95 96 12 66 
62 43 51 51 3 30 10 98 
44 80 16 54 58 99 20 19 
25 18 24 72 45 70 77 7 
19 96 29 82 90 66 25 59 
56 68 68 16 38 7 69 100 
42 92 58 85 14 78 95 14 
20 34 33 75 89 73 76 18 
75 52 53 24 35 35 5 20 
72 74 7 4 67 6 43 17 
37 8 16 48 41 92 9 67 
51 22 4 76 42 49 79 19 
36 42 90 83 0 49 72 65 
27 30 61 75 11 71 50 99 
60 18 68 82 70 47 77 5 
22 54 58 30 69 9 89 67 
63 55 98 73 35 75 56 36 
21 42 84 95 66 35 100 26 
34 84 17 94 22 40 52 61 
13 70 77 11 38 68 9 33 
5 71 22 1 85 94 1 56 
20 73 24 11 93 99 24 92 
62 33 74 56 48 26 53 55 
63 39 78 90 11 12 55 20 
1 88 97 62 34 97 68 1 
38 87 61 21 4 60 85 59 
67 71 53 53 60 95 33 55 
78 48 44 11 55 0 94 69 
56 59 37 39 40 90 80 99 
44 68 58 77 70 15 48 95 
76 84 7 60 27 61 80 61 
57 7 74 35 74 37 98 80 
72 72 22 46 85 70 63 67 
45 74 54 94 70 81 22 89 
49 59 94 86 78 3 41 71 
64 46 67 17 10 43 29 15 
37 64 70 76 97 1 1 44 
27 5 41 56 51 67 41 26 
56 1 37 25 87 47 94 76 
28 98 83 92 21 4 48 92 
54 75 79 95 31 7 46 94 
93 33 69 71 86 49 20 80 
67 68 29 41 9 63 9 60 
67 16 61 26 44 18 25 79 
47 46 39 46 15 54 16 64 
56 41 30 0 30 64 36 3 
64 31 56 58 56 10 28 29 
26 7 48 53 35 26 57 47 
25 60 40 34 51 43 67 98 
52 6 58 75 95 39 23 73 
32 32 53 25 31 3 53 44 
3 92 37 26 74 22 93 71 
51 36 64 80 17 66 17 64 
58 23 11 66 59 60 83 22 
11 84 9 5 51 0 90 80 
90 62 31 53 74 28 22 49 
29 41 68 33 88 47 44 4 
68 70 39 26 65 97 63 17 
68 36 77 95 36 40 28 81 
17 14 73 60 40 29 50 29 
53 50 97 17 72 96 92 54 
63 57 98 82 26 42 48 89 
70 94 21 20 73 85 21 51 
82 25 61 41 29 39 78 43 
78 70 43 66 46 53 28 93 
44 92 3 90 4 10 74 49 
88 43 7 92 4 91 53 14 
79 98 12 33 94 47 31 63 
44 19 85 7 71 55 93 86 
44 55 3 59 19 38 11 40 
78 40 98 11 72 98 92 16 
32 11 9 9 67 74 7 22 
93 41 70 48 24 0 60 95 
34 49 8 5 70 54 60 38 
74 91 44 83 68 23 15 24 
41 0 73 7 90 63 63 20 
77 72 6 4 49 50 21 51 
1 62 32 12 21 64 82 10 
6 5 94 7 38 61 31 54 
87 86 82 69 31 89 66 65 
4 47 52 95 3 11 9 100 
9 90 76 1 80 96 99 56 
46 75 58 36 87 92 65 46 
14 3 12 15 32 83 40 67 
83 18 24 26 68 48 8 93 
39 34 81 72 53 68 29 4 
2 35 48 18 40 43 45 25 
33 10 51 3 79 87 87 36 
16 53 50 84 6 12 52 53 
91 32 56 34 37 33 53 73 
90 44 57 45 95 4 16 2 
24 54 10 44 80 0 31 58 
86 73 23 0 48 51 56 42 
2 77 13 23 66 12 54 64 
99 21 57 97 26 90 68 22 
54 31 80 100 73 26 80 18 
65 64 99 11 49 36 91 67 
59 67 27 49 80 79 18 21 
72 7 32 94 100 59 25 76 
4 13 62 16 21 79 15 15 
42 30 93 88 8 51 83 28 
64 94 84 57 95 1 23 85 
45 17 6 56 82 49 58 78 
64 25 36 6 33 42 1 89 
73 7 59 63 69 95 78 77 
89 51 90 68 78 86 33 40 
73 34 94 9 57 44 51 81 
1 77 92 63 34 3 75 61 
58 9 15 22 45 1 42 81 
35 87 61 41 32 86 83 3 
52 74 82 64 88 93 46 1 
1 62 34 19 7 72 43 35 
49 51 67 6 20 46 41 19 
54 22 14 26 13 21 82 53 
30 92 80 88 27 82 69 27 
47 15 6 16 42 29 87 45 
1 31 11 90 59 22 15 93 
64 66 15 56 56 94 86 86 
50 45 54 70 80 52 57 91 
68 84 27 36 72 74 19 5 
37 63 66 35 53 66 42 76 
39 72 97 73 48 8 86 87 
49 57 42 8 60 48 71 84 
11 55 20 93 43 27 83 74 
7 59 65 48 44 51 73 100 
85 89 67 24 73 21 29 23 
45 96 43 36 59 54 88 16 
58 29 36 19 20 53 85 1 
56 93 24 2 30 58 61 75 
66 49 94 95 93 68 6 44 
15 67 18 65 62 1 25 24 
58 29 83 14 50 15 0 60 
34 26 79 89 70 75 5 55 
90 41 78 56 69 21 70 7 
48 24 43 51 94 13 9 93 
36 52 83 17 44 21 65 31 
22 35 41 58 89 83 62 21 
81 89 74 42 51 3 27 55 
50 58 11 19 68 95 18 11 
28 53 6 58 38 96 95 98 
55 95 57 86 95 3 2 51 
86 37 66 75 32 1 86 48 
43 4 69 12 20 97 31 81 
93 99 57 55 81 1 95 91 
89 100 9 23 61 99 25 1 
72 1 1 29 69 90 72 35 
78 11 35 100 31 70 88 54 
71 41 37 1 54 82 91 33 
99 76 99 85 1 69 15 64 
77 72 50 8 77 89 7 14 
85 61 63 44 100 67 4 84 
9 36 31 79 86 9 6 29 
43 26 10 77 3 53 56 36 
2 36 76 81 64 44 96 81 
70 23 12 33 39 53 94 29 
81 100 52 31 43 66 61 13 
86 2 69 14 82 100 57 55 
53 82 14 95 49 83 9 11 
46 63 15 100 8 20 19 90 
56 64 27 69 100 6 15 44 
76 25 62 44 64 59 59 38 
33 96 91 51 38 55 44 25 
73 79 1 15 73 67 58 1 
25 43 16 2 15 50 12 62 
88 95 27 52 59 57 5 54 
43 94 12 85 41 72 16 72 
63 37 89 77 46 47 32 39 
69 8 30 31 70 30 38 53 
94 37 88 29 18 40 85 11 
51 19 31 83 26 41 88 77 
89 10 17 80 75 37 50 100 
30 36 41 35 96 72 32 6 
37 40 0 72 78 78 22 66 
39 75 34 91 77 46 86 40 
2 1 50 83 76 49 99 96 
19 43 85 53 61 22 1 34 
12 47 84 49 91 35 45 87 
51 0 2 91 47 16 13 78 
70 25 72 93 87 3 6 13 
63 13 6 0 20 71 63 47 
72 19 10 98 79 50 36 11 
25 71 60 38 39 12 91 82 
51 26 63 51 46 6 60 32 
30 68 95 94 21 86 26 85 
90 27 13 39 69 2 67 12 
60 41 18 91 40 2 1 58 
14 55 38 54 60 99 68 83 
63 75 63 49 4 23 72 85 
33 78 67 61 36 7 82 65 
25 42 24 40 24 18 58 83 
43 93 2 52 55 37 89 97 
24 79 17 55 32 47 27 21 
42 67 89 13 44 19 33 34 
87 97 53 5 16 81 52 19 
17 17 97 49 2 54 24 86 
32 82 60 3 7 74 27 40 
61 54 92 98 78 60 0 9 
82 12 40 95 10 55 34 80 
29 65 80 66 83 80 88 69 
61 6 28 63 16 56 51 78 
73 3 7 24 97 68 89 33 
63 50 89 11 8 80 15 23 
14 2 78 47 17 18 72 52 
18 21 53 30 63 88 80 100 
55 64 44 65 54 41 23 97 
97 18 25 36 72 8 46 97 
37 24 32 58 68 30 29 10 
4 73 61 46 27 69 23 57 
86 5 11 9 91 39 27 62 
44 60 47 5 34 35 6 86 
34 73 51 77 72 97 58 41 
24 37 78 61 99 24 65 42 
13 54 73 43 1 14 80 69 
70 1 33 8 58 39 77 33 
62 25 17 77 1 82 90 83 
55 5 17 30 29 78 3 76 
52 3 7 68 81 51 55 77 
87 30 20 84 33 17 96 52 
5 99 35 56 80 38 51 42 
43 81 16 13 70 96 36 51 
69 12 96 16 97 49 42 7 
16 33 90 65 90 66 54 0 
23 12 11 94 52 16 95 86 
19 34 97 63 93 3 56 82 
82 99 40 96 73 36 94 22 
73 83 18 29 19 6 76 36 
64 19 12 9 88 90 68 88 
15 63 26 62 84 63 7 23 
5 12 76 54 58 2 90 27 
38 10 74 36 99 41 9 99 
85 29 48 75 20 17 62 76 
46 62 12 83 30 96 40 47 
13 56 31 55 9 42 30 4 
71 25 53 85 68 80 72 77 
80 8 50 64 69 73 83 23 
3 52 39 32 63 50 55 58 
75 82 52 50 47 76 45 33 
21 35 40 71 25 36 83 79 
28 23 7 72 63 67 1 29 
31 98 81 40 10 71 54 87 
48 4 87 19 53 34 63 11 
11 45 5 92 30 67 78 96 
22 45 96 45 7 91 37 64 
47 33 58 72 41 0 36 50 
64 24 95 15 76 53 30 6 
2 48 49 2 87 59 39 79 
36 53 74 79 65 10 81 76 
83 43 8 57 46 88 21 47 
2 2 4 19 43 7 98 53 
7 44 38 80 47 1 61 34 
49 30 28 20 27 22 27 42 
39 3 98 90 71 45 25 44 
73 5 1 34 30 28 31 26 
61 55 39 70 82 80 14 88 
84 43 81 9 25 52 95 37 
29 29 81 13 35 22 99 11 
72 0 48 12 85 89 2 7 
57 41 49 0 77 16 51 16 
99 31 8 19 49 42 94 60 
28 1 73 52 81 7 43 97 
71 98 40 28 71 17 70 44 
30 59 56 43 68 58 15 90 
80 39 99 33 48 78 100 93 
76 71 78 8 84 29 17 82 
62 43 28 85 67 44 54 56 
55 17 93 22 86 55 65 45 
10 77 4 82 37 82 44 41 
89 77 99 9 37 67 90 60 
6 93 96 60 69 8 8 49 
30 68 25 78 69 45 78 66 
34 5 28 96 9 40 45 90 
9 87 3 33 92 61 28 56 
51 90 49 73 32 43 39 10 
94 45 79 0 6 70 81 94 
62 37 100 90 56 63 24 72 
61 46 4 35 44 83 32 92 
98 40 83 60 81 96 93 13 
6 13 52 93 26 3 6 74 
93 71 71 48 79 60 58 21 
55 14 43 68 92 27 72 25 
82 56 59 40 51 59 33 63 
41 28 8 38 71 45 64 82 
71 26 9 2 66 33 89 1 
3 57 74 53 8 19 32 3 
65 27 1 7 66 70 87 22 
81 18 50 7 46 65 35 20 
47 73 48 38 42 47 34 8 
41 93 29 55 79 93 4 51 
91 90 98 76 0 18 23 71 
65 92 95 3 38 15 84 94 
40 99 17 29 62 76 52 59 
80 48 58 29 80 43 33 53 
43 94 16 24 49 61 85 42 
21 24 36 24 61 5 67 44 
17 53 59 77 17 63 78 60 
91 73 80 38 41 81 53 28 
65 96 92 61 80 12 80 57 
67 72 43 11 73 85 38 7 
52 52 98 82 14 23 88 2 
11 29 76 23 83 77 80 45 
80 14 74 100 76 89 96 70 
53 76 7 19 89 72 93 2 
38 56 41 48 30 75 41 6 
20 50 93 100 7 95 85 46 
65 56 56 52 38 65 27 49 
74 50 66 27 88 100 66 28 
4 66 85 89 69 34 85 9 
13 33 47 22 6 53 63 59 
82 0 6 65 8 37 42 29 
59 81 58 61 93 42 37 47 
63 2 58 72 24 66 93 27 
66 4 87 38 45 13 82 42 
32 50 71 0 88 38 8 51 
85 39 73 72 7 3 45 94 
4 64 17 40 90 60 6 99 
68 84 77 31 36 19 84 4 
7 56 27 16 13 22 47 22 
71 54 49 23 78 55 35 83 
27 38 50 9 15 67 88 8 
98 98 68 77 95 76 74 90 
75 68 18 44 97 26 79 81 
31 45 51 91 96 13 57 28 
94 18 33 0 72 21 46 93 
92 37 14 52 56 69 81 63 
84 91 83 75 0 66 92 44 
28 57 61 39 75 81 45 53 
50 63 38 51 76 21 48 31 
88 20 40 2 75 62 34 18 
61 60 11 84 3 18 35 24 
20 74 86 96 71 62 39 47 
39 76 38 41 54 54 49 97 
22 76 94 42 57 83 53 20 
97 48 91 87 7 21 34 62 
83 17 47 29 62 68 10 44 
17 65 92 77 60 57 17 97 
14 87 58 100 54 3 51 59 
34 33 7 59 36 59 82 39 
16 68 42 3 19 68 93 53 
65 96 14 78 35 92 35 15 
55 94 63 33 86 68 15 66 
76 45 88 40 50 71 37 5 
99 47 28 87 73 29 10 79 
4 69 29 91 30 77 93 100 
32 79 11 41 73 92 70 53 
46 57 92 86 56 84 37 97 
88 11 57 80 98 10 24 46 
93 10 89 33 6 80 47 25 
40 94 46 20 98 27 60 49 
18 91 17 44 85 98 6 70 
87 22 28 38 47 6 96 22 
0 2 28 8 24 27 87 77 
18 100 24 25 99 67 2 100 
97 36 100 94 77 23 21 12 
41 17 91 1 31 72 84 67 
28 74 63 83 79 0 91 61 
74 1 41 62 35 88 9 51 
95 91 78 22 71 69 22 20 
75 30 78 21 70 72 60 73 
36 47 81 50 68 46 1 17 
10 32 34 58 5 76 74 66 
61 54 93 46 51 78 13 1 
12 8 27 3 40 64 46 85 
95 73 74 41 37 14 17 75 
94 0 71 69 2 35 93 88 
3 15 26 28 37 88 8 77 
30 70 23 42 0 52 4 14 
51 60 54 42 61 42 21 43 
43 33 86 67 27 81 61 97 
45 56 70 88 50 62 69 41 
59 40 85 66 73 84 100 94 
76 64 14 60 67 20 75 80 
42 46 58 17 91 96 14 38 
86 9 32 84 92 2 82 98 
23 48 62 77 53 1 31 21 
26 64 79 97 46 12 34 20 
52 39 99 10 15 5 36 86 
24 10 76 64 90 21 0 63 
41 86 3 78 73 56 25 0 
84 20 57 74 84 3 24 58 
21 11 24 26 40 23 88 14 
95 16 20 38 10 76 36 18 
52 32 96 15 26 22 36 40 
29 71 22 7 24 24 26 77 
35 29 77 17 89 4 91 34 
57 94 34 70 16 82 28 25 
24 86 64 92 81 11 73 55 
93 74 48 64 49 84 74 76 
56 36 42 45 94 31 0 56 
84 75 28 96 60 28 93 76 
59 41 3 99 70 49 99 24 
33 14 20 73 13 69 39 43 
70 77 47 87 64 7 22 64 
98 87 35 57 56 21 70 10 
52 6 88 36 5 64 0 52 
57 75 45 31 54 13 53 84 
54 31 78 26 54 11 23 63 
9 7 75 90 79 45 99 50 
62 59 30 47 62 47 94 23 
51 83 77 24 7 54 85 94 
57 99 11 37 10 18 10 51 
74 17 27 2 76 11 21 47 
94 23 11 96 82 78 87 88 
22 51 33 77 36 34 100 31 
58 41 77 83 58 49 28 73 
2 34 50 76 22 56 5 12 
46 55 9 8 77 62 65 58 
97 66 77 37 82 66 22 78 
12 49 72 8 28 74 10 40 
26 60 47 67 54 59 80 52 
13 18 10 18 40 78 29 64 
23 85 66 17 9 9 0 100 
32 64 36 50 32 10 47 31 
60 51 94 16 16 23 22 27 
7 8 44 11 21 81 61 85 
60 10 90 18 80 23 47 81 
96 20 92 3 26 87 22 93 
7 58 73 32 29 50 43 40 
55 87 35 35 90 71 64 55 
60 59 72 46 41 70 62 7 
23 24 8 79 8 1 89 32 
49 2 21 31 74 94 67 93 
99 48 77 96 45 70 40 54 
86 52 95 47 9 43 32 83 
61 27 23 45 5 10 77 18 
97 39 34 49 100 23 54 38 
86 73 99 1 12 11 42 57 
98 78 65 60 56 64 34 79 
28 9 80 34 41 85 84 97 
62 14 68 48 52 67 52 28 
44 40 54 25 84 26 46 78 
78 27 65 70 75 14 71 58 
55 3 73 96 88 42 18 26 
23 92 43 71 47 23 68 68 
5 100 37 61 1 34 72 72 
73 7 59 2 3 32 19 52 
100 10 59 19 34 44 83 87 
17 97 94 51 57 23 66 93 
74 92 26 16 38 50 41 73 
20 71 71 0 68 6 14 8 
80 20 40 64 29 20 37 39 
9 64 67 67 3 50 42 70 
80 42 58 85 28 99 11 31 
69 24 41 87 77 72 23 4 
13 81 66 51 72 18 46 45 
5 21 28 82 10 75 35 81 
75 23 3 41 83 3 24 78 
34 87 72 46 91 92 8 67 
49 1 12 1 97 17 11 47 
55 26 80 35 56 21 15 74 
78 29 6 0 98 96 10 33 
83 77 67 90 69 86 51 21 
43 37 77 74 16 23 18 30 
85 26 74 79 29 13 65 19 
90 44 47 5 56 10 15 56 
83 48 9 99 11 96 64 88 
42 75 37 38 100 84 97 21 
81 60 19 42 79 24 79 48 
48 58 7 7 39 1 1 72 
56 84 93 59 30 82 48 50 
76 66 83 22 92 82 73 14 
82 87 27 23 8 58 58 41 
74 43 97 77 87 20 90 86 
80 100 91 52 88 77 78 82 
39 1 76 85 37 61 77 45 
66 29 8 14 27 100 64 90 
89 2 87 3 77 93 42 90 
47 65 16 44 25 82 80 90 
81 82 78 7 71 86 48 52 
38 52 16 72 96 39 43 67 
35 16 33 77 96 12 45 50 
10 93 93 73 9 71 73 87 
86 29 16 58 94 3 99 25 
10 84 98 53 94 22 78 28 
96 89 90 18 81 99 51 38 
70 14 25 87 5 4 21 2 
19 43 8 79 2 56 6 69 
9 33 9 43 1 32 53 37 
20 29 0 10 84 57 3 13 
86 65 74 25 38 36 92 12 
35 43 22 5 25 76 1 31 
36 3 72 5 89 47 33 79 
70 86 27 8 48 16 64 80 
45 42 85 55 16 73 17 50 
46 99 96 98 98 4 38 2 
75 94 41 75 14 47 16 80 
46 69 9 32 55 75 66 57 
92 72 90 2 76 68 54 52 
91 67 64 9 48 63 87 1 
52 87 68 83 70 44 100 88 
94 63 58 86 36 16 78 45 
18 14 81 5 29 20 87 37 
34 42 11 81 55 22 32 71 
47 45 35 33 13 62 36 7 
3 30 88 72 39 1 42 10 
96 19 54 76 84 73 53 84 
13 18 96 41 9 4 85 17 
85 100 6 38 70 24 62 69 
71 18 65 53 21 50 6 28 
65 1 61 1 26 46 33 65 
80 20 19 26 22 52 55 49 
54 32 37 79 82 25 20 32 
81 9 15 49 60 84 54 20 
61 72 98 50 66 26 24 33 
52 89 59 71 100 51 74 86 
16 56 2 78 72 99 8 94 
45 20 50 50 45 33 78 88 
95 26 10 40 10 21 70 0 
33 26 32 55 66 82 62 72 
19 57 1 49 19 17 23 68 
13 41 14 80 85 51 50 67 
2 18 97 74 86 74 33 32 
4 97 68 93 33 78 78 59 
7 31 1 58 23 58 39 8 
32 79 47 56 52 82 91 72 
79 98 99 63 8 36 35 60 
14 28 80 55 70 72 85 93 
44 82 64 17 71 65 25 81 
44 86 25 19 8 4 29 45 
39 14 28 1 79 42 7 9 
70 49 47 40 99 86 38 5 
3 8 63 49 36 35 56 5 
19 82 37 100 7 48 93 98 
3 10 50 100 26 90 24 84 
18 91 13 51 44 85 67 20 
21 89 27 5 21 22 16 29 
26 91 1 7 11 31 29 38 
1 9 36 7 13 21 92 65 
18 79 77 72 19 56 50 60 
98 29 57 59 78 22 34 60 
59 90 7 27 63 28 20 89 
0 93 75 94 21 22 27 85 
42 55 55 12 76 60 81 49 
14 64 50 27 7 33 7 42 
46 88 84 78 7 82 75 55 
37 71 89 18 69 55 34 93 
71 100 45 56 100 74 32 10 
92 49 14 8 18 93 80 35 
11 49 30 54 28 71 3 81 
68 4 22 87 39 63 72 89 
95 46 28 24 43 67 86 43 
56 25 45 39 48 62 15 94 
3 5 29 63 2 65 39 74 
10 30 77 88 12 66 31 47 
2 34 40 66 42 44 5 74 
61 99 47 67 17 51 34 54 
92 45 91 62 95 57 36 50 
83 77 81 17 79 43 39 13 
65 49 18 91 71 21 6 34 
12 10 19 11 90 52 81 51 
3 84 54 17 20 8 31 28 
48 58 7 65 26 16 41 46 
63 76 81 66 21 34 29 91 
89 6 67 66 69 46 71 89 
83 84 100 31 13 79 75 24 
47 91 49 26 93 98 26 12 
11 0 17 36 35 99 18 40 
27 2 69 10 57 82 79 4 
27 36 30 67 53 57 89 27 
24 16 6 36 14 59 11 29 
55 99 87 32 33 12 22 26 
97 42 29 17 100 22 6 73 
30 28 8 21 70 9 41 32 
2 64 96 11 55 47 18 8 
45 100 100 37 15 65 55 70 
92 75 27 43 50 35 57 88 
50 58 75 18 13 37 72 58 
11 66 66 57 14 9 64 56 
25 47 5 63 84 81 41 13 
93 6 100 48 18 42 2 96 
1 86 53 19 79 6 83 58 
62 99 53 12 81 32 68 29 
89 23 75 34 9 24 27 19 
80 43 91 36 14 46 57 36 
14 60 58 65 41 0 47 63 
17 9 12 69 9 23 30 84 
94 47 77 77 71 6 10 58 
93 42 64 67 25 16 1 46 
99 92 37 14 77 16 53 91 
13 18 58 80 19 79 61 58 
84 12 14 56 36 64 98 40 
80 71 77 86 100 16 45 16 
2 78 12 84 88 85 90 71 
2 84 47 19 0 94 38 19 
3 52 70 59 54 84 64 75 
7 38 96 86 94 47 94 61 
65 9 17 69 100 78 94 23 
36 53 29 90 77 74 67 28 
97 94 22 38 18 71 35 27 
34 62 100 48 84 73 29 75 
97 14 20 83 6 89 40 96 
80 17 30 20 35 32 22 13 
30 82 95 44 20 19 52 44 
99 89 74 1 35 87 65 26 
98 71 61 98 61 56 23 87 
76 41 42 7 70 21 55 15 
31 72 32 45 2 31 90 19 
40 98 40 79 46 30 33 53 
36 67 74 44 22 7 24 59 
28 97 93 77 58 11 85 47 
75 18 79 48 87 49 53 35 
45 8 29 33 42 41 94 11 
0 98 50 31 26 71 99 59 
90 24 70 85 2 47 14 39 
15 28 87 85 71 32 39 62 
28 24 93 59 74 39 15 36 
22 39 87 75 84 42 7 44 
35 20 94 16 51 68 100 91 
62 75 75 0 85 61 43 11 
91 25 10 26 72 1 4 68 
68 21 36 17 33 93 96 13 
31 18 57 62 48 71 47 40 
88 10 29 87 13 38 57 5 
93 35 63 65 9 64 43 40 
45 42 99 4 20 43 87 17 
57 20 20 6 42 36 23 50 
66 24 50 46 25 52 81 0 
96 59 74 73 61 20 5 67 
85 3 38 17 59 57 36 63 
9 50 75 14 91 62 43 14 
53 18 97 18 59 42 70 79 
45 38 64 63 43 99 42 26 
81 70 97 28 65 42 78 54 
36 8 65 35 18 66 68 12 
22 47 10 48 58 50 23 31 
92 90 61 21 8 27 5 44 
5 44 2 51 45 78 7 6 
90 11 55 42 12 12 94 66 
9 19 70 64 82 90 81 97 
72 19 30 29 29 51 40 79 
99 80 89 14 62 41 34 38 
99 86 60 35 65 20 44 68 
79 95 51 44 92 59 27 77 
21 67 15 28 40 16 64 64 
31 39 61 30 49 33 89 96 
86 58 84 92 66 93 93 2 
68 19 11 26 56 25 19 92 
84 11 67 84 49 6 42 83 
100 64 53 69 19 15 97 87 
63 62 20 79 74 29 15 68 
46 71 80 61 40 16 96 8 
19 93 64 86 3 41 58 14 
56 0 73 85 14 68 88 9 
6 5 8 27 40 28 65 53 
28 9 45 24 82 36 63 49 
73 15 69 20 38 36 44 75 
45 63 33 86 17 49 77 27 
29 59 58 46 85 19 43 71 
70 79 8 16 100 14 90 93 
10 3 4 74 78 62 86 53 
67 86 47 3 8 19 50 24 
63 68 96 54 9 39 41 0 
24 37 79 6 87 73 84 14 
46 49 27 29 41 78 66 100 
16 57 17 68 65 72 99 94 
40 28 81 30 18 78 4 47 
9 80 52 52 90 51 17 65 
0 85 73 51 15 84 0 60 
97 94 85 26 84 93 93 11 
9 39 50 22 19 54 41 60 
59 14 97 85 95 10 23 63 
75 62 39 55 71 14 87 23 
94 4 10 8 49 60 77 41 
46 17 58 29 86 91 74 93 
16 93 40 40 82 66 85 38 
85 43 81 82 37 35 83 33 
55 11 38 97 44 71 41 70 
21 5 65 49 79 46 26 12 
84 93 34 29 2 33 89 53 
77 50 19 88 68 29 64 39 
70 79 36 29 21 60 30 9 
86 73 42 17 43 14 87 22 
84 0 36 48 23 39 0 38 
82 43 41 79 26 78 19 38 
44 87 70 4 99 81 98 95 
46 72 16 38 61 68 34 8 
85 79 94 11 52 4 91 58 
83 49 23 59 15 63 0 64 
34 61 6 7 11 57 26 46 
83 32 29 81 16 68 87 50 
88 34 93 55 33 42 49 93 
56 55 74 13 24 98 70 79 
8 63 59 23 41 82 62 24 
55 50 60 98 79 11 48 26 
15 87 31 93 58 79 61 58 
55 13 56 13 11 71 32 17 
59 29 8 65 68 78 30 56 
94 76 65 56 41 45 59 93 
53 95 50 61 22 23 60 81 
15 84 18 71 99 92 100 97 
24 53 38 6 64 26 96 80 
97 38 3 5 28 28 71 24 
67 18 82 71 64 60 76 28 
65 24 19 43 65 0 29 100 
67 2 57 89 12 62 39 79 
68 64 38 89 35 0 26 94 
18 87 22 78 75 45 70 84 
80 94 59 73 58 66 28 18 
53 88 94 0 91 52 15 11 
27 14 14 77 87 42 0 7 
17 16 22 54 64 20 9 54 
30 100 49 31 9 31 4 88 
84 18 56 29 81 15 98 75 
73 47 0 45 18 58 5 42 
22 88 52 57 23 93 97 68 
14 62 62 16 30 39 71 4 
80 44 52 57 62 34 49 17 
17 35 86 85 57 96 70 2 
95 22 46 22 34 22 49 85 
4 83 100 98 4 72 27 1 
62 81 2 78 5 13 99 92 
55 28 100 29 67 39 64 82 
37 88 48 32 100 73 5 68 
60 29 95 77 99 43 90 51 
37 15 23 15 90 35 14 15 
94 94 38 32 22 49 43 55 
54 29 14 84 13 25 8 4 
84 98 59 49 76 19 56 61 
91 65 79 8 30 76 91 86 
40 40 50 64 64 86 6 98 
86 20 70 50 96 18 41 6 
87 73 60 12 19 63 29 30 
56 93 99 13 1 99 47 60 
18 56 75 13 25 43 5 100 
63 8 9 0 47 48 61 55 
2 72 9 14 62 42 56 61 
69 66 33 35 28 35 13 43 
32 35 3 100 82 32 90 50 
81 30 54 28 19 58 94 35 
52 90 44 63 87 83 28 65 
5 69 47 20 57 12 49 58 
31 63 75 92 59 82 78 49 
43 88 98 44 32 99 86 89 
62 2 19 62 30 71 66 62 
27 71 50 79 78 50 84 50 
56 14 33 74 4 90 14 62 
13 4 5 43 97 0 97 94 
98 94 10 60 49 92 5 50 
54 56 98 58 49 39 25 63 
50 100 84 31 25 9 18 63 
3 87 95 26 17 71 34 72 
49 73 59 6 87 46 68 14 
62 50 55 8 76 94 93 0 
30 21 61 94 16 66 9 72 
75 5 34 43 4 26 40 73 
78 67 17 52 22 74 31 66 
4 15 76 70 17 97 87 92 
19 60 58 98 25 92 39 68 
60 21 7 100 95 4 64 62 
59 39 62 56 41 80 19 69 
35 32 21 46 19 98 51 98 
23 54 36 18 27 74 99 3 
96 78 47 88 14 81 80 94 
87 84 82 80 92 57 78 30 
2 77 61 66 64 7 58 5 
4 42 51 77 72 90 77 91 
23 31 75 43 4 74 40 81 
65 68 95 55 30 5 26 32 
22 89 61 15 80 86 92 99 
5 3 30 55 81 34 83 59 
87 86 82 34 86 15 63 84 
40 65 63 43 3 45 20 71 
76 66 60 93 13 15 10 37 
32 55 64 14 9 17 53 4 
9 33 15 90 88 46 94 63 
89 95 33 41 13 15 45 8 
30 19 97 80 25 17 44 8 
3 66 15 58 46 45 33 63 
5 26 62 56 31 77 77 67 
1 53 17 52 83 3 41 16 
54 33 12 48 62 89 41 48 
36 100 93 26 40 62 83 80 
32 77 76 80 47 42 54 79 
32 79 17 11 40 87 67 12 
59 15 57 91 89 21 68 93 
66 67 63 72 30 100 45 88 
73 30 65 64 63 33 78 9 
57 16 54 52 94 14 33 2 
67 39 65 100 49 7 77 83 
15 5 58 19 71 86 11 0 
19 53 64 43 61 53 5 22 
27 22 1 49 73 27 65 60 
49 35 91 62 81 99 10 80 
72 100 71 63 13 95 30 69 
45 67 74 38 31 21 47 100 
4 23 69 84 50 5 51 26 
28 3 76 72 90 81 52 53 
12 53 73 33 45 92 44 79 
27 10 43 49 17 38 38 23 
56 45 61 66 86 73 18 41 
13 40 75 6 46 67 88 59 
27 66 83 14 25 15 56 30 
78 43 0 66 11 94 65 94 
10 17 13 93 72 21 96 51 
17 97 79 80 53 20 67 82 
22 82 40 39 91 9 33 74 
26 74 86 71 95 8 55 58 
33 20 24 54 47 50 42 5 
69 53 50 65 15 92 63 18 
24 15 17 11 72 12 44 93 
56 92 81 45 41 83 67 18 
27 4 16 17 71 84 94 91 
4 78 79 18 30 11 67 3 
21 43 43 49 43 40 55 17 
21 3 76 2 43 82 50 65 
43 95 98 17 77 9 5 45 
54 65 88 38 81 94 35 43 
15 33 40 34 28 20 67 62 
