1000
41 69 37 13 4 4 57 67 
7 50 54 49 58 88 53 82 
54 91 77 5 92 58 22 43 
84 41 74 50 64 75 18 27 
41 88 68 77 77 27 56 97 
16 34 63 3 65 88 36 0 
64 37 31 18 45 42 55 52 
36 39 29 16 71 72 89 27 
58 63 16 90 16 29 22 49 
92 75 96 4 53 17 61 23 
69 33 18 81 1 4 92 76 
33 47 100 78 36 69 24 35 
53 80 83 91 80 31 12 14 
59 62 82 83 37 39 54 59 
7 90 41 70 0 35 16 38 
1 94 28 98 73 23 79 18 
93 89 50 69 51 30 79 15 
2 41 32 51 80 42 56 63 
65 84 1 47 12 76 6 40 
39 90 51 22 3 57 95 24 
54 55 44 94 35 18 2 1 
86 4 43 60 5 1 30 71 
47 16 44 35 14 85 53 18 
21 23 98 15 2 27 2 22 
71 89 55 45 13 26 85 85 
31 19 98 60 91 79 51 18 
88 92 67 79 71 79 56 85 
99 72 16 39 47 49 62 44 
100 96 88 5 47 68 65 78 
76 69 3 100 65 21 59 31 
72 15 81 77 66 21 34 49 
85 86 43 82 86 2 36 81 
74 56 66 21 25 25 98 97 
22 96 13 49 98 69 69 15 
32 92 17 42 60 53 67 37 
88 72 5 96 46 97 17 42 
3 37 6 63 64 94 78 1 
29 34 96 49 53 42 97 16 
6 15 66 25 88 90 12 30 
58 82 14 83 22 17 3 100 
63 76 45 47 85 19 37 33 
99 3 42 93 13 57 24 73 
65 8 100 2 44 25 19 34 
49 25 50 99 36 62 23 84 
83 53 61 19 44 37 20 28 
7 9 93 37 78 83 42 94 
84 76 45 96 87 20 34 68 
66 53 66 73 16 75 61 54 
59 30 6 59 96 10 7 35 
44 87 68 92 77 66 84 50 
61 49 27 91 99 67 54 41 
83 96 29 37 28 31 0 45 
39 50 92 76 72 65 50 39 
39 19 38 14 88 13 4 45 
22 68 100 64 43 84 66 69 
40 21 16 38 70 17 51 84 
82 54 78 70 11 90 46 86 
29 47 96 28 47 94 88 75 
33 94 90 63 66 35 82 43 
48 1 64 17 97 1 16 12 
59 89 7 30 74 36 76 98 
19 37 65 2 28 50 58 75 
55 94 29 16 49 0 44 28 
8 59 69 70 12 77 63 78 
84 87 20 27 1 34 81 59 
88 24 88 41 59 58 20 1 
99 18 30 99 77 78 76 58 
45 7 77 31 33 87 14 90 
70 17 47 27 53 77 57 75 
71 82 62 64 79 84 51 95 
74 89 100 75 25 51 53 29 
39 68 91 100 13 51 1 32 
75 39 76 95 12 90 51 44 
46 63 36 54 61 62 71 47 
58 18 26 91 35 6 54 38 
67 9 83 1 47 93 50 54 
9 29 78 3 47 63 26 13 
34 11 40 6 91 90 56 3 
46 46 29 57 14 78 23 45 
1 8 78 88 85 36 78 68 
91 46 42 37 51 24 94 41 
63 76 39 56 97 50 65 78 
72 41 77 90 100 21 71 95 
77 74 22 45 30 42 46 46 
77 31 39 45 66 75 44 97 
54 94 36 53 87 36 95 39 
100 84 34 63 17 99 36 28 
88 7 35 81 62 47 41 95 
79 8 3 62 87 14 43 79 
74 7 98 92 39 90 29 69 
59 97 11 83 46 9 8 31 
82 25 23 27 90 55 51 48 
99 46 22 9 98 10 52 3 
38 68 78 10 65 29 11 24 
17 14 68 75 17 70 66 81 
57 15 35 27 1 76 86 72 
14 90 76 9 17 47 31 2 
88 51 67 29 88 93 98 57 
41 10 56 96 78 83 23 30 
51 75 98 96 42 18 79 27 
98 91 91 15 6 84 11 57 
49 74 4 2 49 67 70 100 
47 75 30 9 79 33 18 60 
29 69 42 0 7 36 95 38 
87 59 57 95 39 19 80 39 
92 75 64 70 49 92 7 39 
31 57 93 76 93 33 37 74 
98 49 5 57 86 0 56 82 
55 77 70 93 71 74 62 71 
9 76 79 71 95 74 43 18 
82 47 69 79 7 28 48 35 
5 95 51 5 7 43 50 16 
90 3 74 21 73 40 91 39 
26 58 44 61 22 45 29 97 
8 64 72 48 16 81 37 33 
66 35 61 7 93 36 13 10 
79 43 13 13 19 83 1 75 
16 55 89 94 16 57 95 65 
50 88 43 19 73 23 74 43 
89 19 92 88 18 82 87 69 
46 20 15 96 53 95 95 100 
99 58 24 30 3 43 26 21 
1 23 50 64 89 4 16 20 
87 10 96 81 33 90 76 81 
42 70 1 4 84 46 43 21 
54 22 44 71 67 66 30 35 
85 66 63 89 69 92 7 47 
31 5 0 68 75 28 47 27 
91 80 41 14 43 14 63 17 
34 18 74 73 11 61 29 46 
51 89 67 91 91 49 55 10 
81 62 51 58 26 45 2 48 
5 10 24 51 25 0 6 92 
18 28 27 29 72 74 53 80 
75 64 52 24 35 60 90 87 
98 82 15 75 25 93 52 5 
16 26 79 69 62 44 95 97 
51 35 84 55 60 25 72 31 
60 53 45 16 9 20 4 28 
87 90 41 40 40 5 98 19 
23 86 17 94 79 18 15 37 
6 28 15 42 15 58 31 7 
81 41 100 42 35 4 11 17 
46 46 66 80 99 6 1 14 
11 5 97 90 45 10 99 71 
10 86 58 22 30 53 40 43 
9 49 53 32 10 69 97 90 
62 44 96 76 58 36 64 10 
6 9 62 19 21 0 1 92 
27 66 10 23 82 83 58 88 
42 73 19 4 48 53 2 11 
21 45 77 70 84 65 92 33 
93 6 5 54 46 24 63 13 
94 44 18 17 83 94 6 9 
78 15 20 52 25 27 57 90 
92 95 78 61 72 83 97 94 
13 63 39 59 53 19 62 27 
36 9 43 51 49 59 85 98 
53 22 29 3 92 77 4 74 
24 74 4 100 41 67 20 84 
1 85 21 6 12 71 26 13 
55 66 36 9 76 94 75 86 
92 63 53 16 5 29 63 59 
89 84 87 94 59 82 42 79 
86 73 25 61 43 70 69 32 
88 91 87 61 81 18 17 70 
35 31 82 44 57 16 58 58 
55 24 72 18 36 14 93 15 
99 85 30 60 30 68 76 1 
64 25 51 2 60 50 45 61 
25 12 98 81 7 99 69 29 
53 79 98 59 57 10 27 20 
73 77 59 76 1 52 50 40 
84 26 63 32 15 56 73 18 
83 69 41 74 96 51 49 80 
5 51 74 49 38 76 30 86 
61 20 57 87 24 67 78 22 
42 5 83 1 16 52 38 57 
20 45 75 58 5 72 23 29 
97 54 33 76 26 25 15 80 
72 77 58 77 75 74 97 85 
88 10 38 52 23 88 20 0 
75 7 5 41 83 3 54 65 
83 54 42 22 53 54 77 12 
15 57 81 98 10 70 51 43 
39 73 98 86 54 17 83 4 
73 7 77 94 26 75 14 24 
63 74 1 63 0 12 14 89 
52 22 2 33 84 80 14 90 
29 87 20 11 70 60 58 60 
50 67 33 7 95 91 88 68 
94 1 65 25 9 17 15 72 
62 80 62 69 28 9 62 14 
12 90 21 45 19 46 79 4 
53 3 62 93 39 8 27 31 
36 40 5 6 93 59 87 2 
31 42 51 45 17 25 66 99 
40 13 83 0 4 51 23 47 
96 34 15 100 96 22 36 61 
96 13 85 52 42 5 20 12 
47 73 33 47 84 83 12 21 
85 3 60 68 33 43 5 39 
9 41 84 30 20 11 12 100 
48 58 59 16 59 79 8 50 
13 20 30 81 85 86 87 85 
25 93 96 40 55 59 5 36 
49 78 54 35 92 71 23 81 
27 51 56 87 44 55 80 69 
44 71 77 10 100 32 58 59 
10 63 26 62 99 8 57 38 
25 48 95 55 12 47 56 46 
77 88 76 4 12 42 78 48 
58 14 20 42 78 20 59 32 
24 26 52 35 92 50 71 49 
98 14 8 16 82 48 9 62 
46 47 88 45 63 17 21 90 
46 43 5 56 75 49 11 21 
50 2 89 14 82 92 87 24 
31 11 18 58 73 77 68 41 
93 68 80 75 13 47 53 3 
79 26 23 23 71 35 90 35 
0 66 59 50 51 23 17 16 
95 5 43 96 0 10 31 33 
24 73 48 7 1 35 24 12 
98 56 11 29 63 51 22 18 
3 84 67 40 93 93 65 10 
9 50 13 37 86 10 10 19 
33 92 44 86 88 25 35 58 
19 78 100 29 51 5 10 6 
64 66 37 55 16 11 76 14 
32 58 68 24 79 14 62 75 
13 40 49 43 70 1 68 80 
79 69 99 86 36 97 20 78 
42 1 50 39 89 76 86 3 
29 87 86 84 39 67 13 25 
96 46 65 98 39 16 85 75 
93 5 79 46 7 22 3 38 
99 57 17 47 92 75 8 55 
65 25 26 36 55 21 89 44 
29 81 34 54 61 91 22 75 
24 47 91 84 30 16 52 86 
83 28 53 88 17 35 96 64 
89 12 39 85 95 62 100 3 
70 13 77 3 58 60 55 64 
34 30 36 52 98 56 26 65 
3 7 8 86 45 79 95 76 
62 90 84 50 10 90 97 47 
9 80 32 4 48 87 24 96 
84 2 71 23 96 61 39 79 
23 10 69 56 10 76 91 27 
26 51 25 96 59 36 47 17 
96 67 38 83 9 41 11 0 
56 43 86 0 67 55 52 80 
21 39 71 79 62 6 60 10 
71 26 27 88 15 50 47 18 
68 74 9 98 44 7 77 44 
14 0 92 6 79 11 11 96 
83 61 78 60 3 13 98 28 
84 20 37 56 27 9 80 90 
85 71 57 1 68 25 82 49 
38 33 66 51 80 32 97 98 
15 83 69 77 59 71 97 21 
58 11 47 71 85 91 55 1 
2 65 41 7 3 94 2 56 
83 98 54 48 83 76 53 62 
100 16 83 96 34 91 100 1 
5 24 78 57 27 71 93 4 
57 84 89 3 52 73 80 10 
96 43 58 32 51 84 27 25 
32 19 50 77 45 5 82 56 
4 27 37 64 86 68 7 70 
40 97 60 30 100 31 55 34 
3 50 30 23 73 18 53 77 
43 35 14 66 99 52 88 66 
44 11 22 72 22 89 81 32 
82 59 70 23 65 72 62 83 
76 55 7 11 50 12 71 56 
36 45 35 92 3 60 36 50 
61 55 66 89 41 99 5 9 
79 59 11 76 90 58 93 72 
48 49 24 80 57 10 30 68 
82 73 29 72 14 5 48 68 
73 31 54 24 65 74 98 50 
68 18 21 58 59 32 25 88 
0 15 85 59 1 67 13 18 
21 56 70 45 80 76 0 40 
10 57 11 55 96 18 56 93 
76 16 51 40 61 30 28 9 
98 26 56 7 26 82 93 35 
12 22 61 22 50 34 18 96 
80 89 89 68 20 67 81 6 
2 71 52 51 35 37 73 69 
80 48 68 10 30 23 83 38 
69 73 94 40 86 10 28 28 
19 83 55 52 28 43 91 17 
63 83 26 27 69 55 38 52 
38 38 12 32 77 0 53 97 
56 32 39 68 60 27 91 11 
46 21 73 3 90 11 86 62 
55 76 53 33 25 56 82 91 
37 68 53 98 96 1 68 92 
48 7 73 59 77 57 24 34 
58 90 47 95 33 90 0 97 
60 27 2 75 16 2 10 70 
99 13 1 12 35 9 19 49 
21 15 25 43 72 100 19 71 
93 62 93 76 12 58 24 11 
30 1 64 39 74 8 93 46 
93 26 66 33 77 75 79 73 
7 51 54 69 86 2 80 1 
54 39 84 69 80 53 7 43 
71 13 54 68 27 7 85 5 
71 54 25 47 71 17 72 32 
53 17 64 89 77 1 27 93 
84 50 53 5 6 49 82 23 
27 70 43 90 79 72 56 63 
35 52 20 30 95 67 93 85 
46 32 53 29 91 77 30 28 
87 45 76 11 10 32 64 9 
88 51 81 25 74 14 0 61 
9 82 63 97 18 84 70 9 
95 45 62 31 58 82 56 54 
19 38 44 30 78 89 56 55 
2 46 26 78 55 67 100 75 
24 76 20 35 77 98 4 47 
75 71 5 69 76 82 45 70 
29 0 54 10 9 29 19 99 
41 21 71 8 25 100 24 27 
42 30 32 54 50 64 76 5 
52 19 48 66 98 81 18 89 
83 10 11 66 37 6 21 51 
21 46 13 46 99 67 17 77 
53 96 59 41 13 3 42 79 
43 9 96 64 79 8 73 91 
98 78 88 27 50 34 93 73 
18 27 51 46 44 60 27 71 
11 40 68 77 1 83 78 39 
66 59 66 52 62 97 74 90 
3 75 2 39 77 46 54 100 
12 74 80 62 44 47 12 79 
78 79 85 78 19 89 85 61 
43 5 61 38 72 93 62 2 
0 35 37 12 83 81 40 44 
19 98 26 93 89 64 43 7 
3 55 43 50 24 38 46 4 
82 18 27 37 11 78 82 24 
23 44 17 21 8 38 10 38 
81 2 95 2 61 11 76 24 
75 76 2 12 76 55 1 93 
90 4 99 69 93 37 94 93 
65 30 85 15 50 58 28 57 
78 85 66 59 51 41 7 100 
72 81 10 50 2 63 41 99 
48 34 73 11 21 3 74 17 
42 40 38 67 22 4 18 0 
18 79 60 32 50 74 17 27 
22 43 66 70 61 3 66 67 
89 25 5 91 75 90 92 19 
0 31 37 76 84 64 37 23 
11 97 14 11 45 96 76 37 
81 57 56 87 94 93 92 10 
78 38 14 28 26 8 39 42 
44 50 82 45 57 81 87 89 
66 60 42 94 16 6 27 50 
84 68 19 94 76 51 51 25 
35 42 24 13 66 32 9 41 
41 88 41 77 9 31 53 56 
92 35 45 66 14 68 40 70 
61 65 80 64 94 55 63 96 
51 74 10 31 46 46 49 19 
12 5 5 58 92 40 17 61 
7 79 24 7 70 12 78 73 
98 16 21 94 11 10 36 9 
59 19 50 99 94 49 78 58 
72 63 18 92 18 86 97 68 
64 80 71 100 88 86 97 50 
77 83 33 48 90 11 55 62 
47 22 28 27 33 14 70 11 
13 39 56 56 71 2 94 63 
47 19 55 23 64 17 100 27 
83 68 72 17 40 68 85 83 
37 8 62 51 100 64 57 57 
58 99 14 94 51 72 100 90 
71 89 41 73 32 40 44 47 
78 94 77 52 67 19 66 88 
32 7 29 47 9 46 92 10 
55 5 82 30 7 99 10 13 
6 77 23 37 16 22 77 97 
74 90 81 93 62 14 39 74 
81 4 43 59 96 15 3 39 
87 92 70 1 57 41 84 84 
42 76 67 23 93 4 21 38 
95 10 82 59 26 62 18 96 
47 7 11 96 96 83 89 4 
45 76 42 7 17 29 80 90 
54 24 58 81 95 97 88 25 
13 23 40 79 56 91 48 99 
34 29 68 2 9 63 0 88 
98 91 65 67 23 34 62 13 
79 75 6 64 4 85 10 55 
27 32 94 76 37 89 92 45 
42 68 44 78 26 64 82 71 
74 33 5 94 68 52 33 40 
28 20 2 64 26 93 38 53 
30 59 81 74 14 23 30 93 
45 85 85 64 47 22 25 53 
36 51 76 48 97 73 47 18 
52 72 4 40 52 56 55 81 
7 49 28 34 1 60 14 40 
51 4 0 41 34 30 98 95 
0 98 30 90 43 82 61 18 
100 35 37 35 41 20 70 96 
15 31 6 46 32 34 30 48 
72 73 98 75 3 58 68 14 
52 6 79 81 27 81 90 58 
22 46 41 38 10 66 92 40 
50 52 7 26 92 30 73 76 
33 67 7 25 6 20 35 6 
14 66 7 49 82 80 53 97 
57 44 99 71 38 84 73 50 
93 32 51 18 98 65 35 59 
1 55 86 88 56 92 12 71 
7 66 46 41 77 60 64 42 
65 90 70 80 32 35 62 75 
13 28 83 83 67 72 43 71 
57 1 27 84 56 64 56 85 
63 43 16 87 34 39 20 97 
89 93 99 82 93 33 62 17 
61 91 43 91 63 25 22 42 
86 29 88 0 35 99 3 89 
5 31 53 24 99 76 35 32 
7 46 61 30 17 69 42 84 
55 97 50 98 68 96 58 63 
17 6 95 0 96 50 89 87 
36 42 2 14 94 97 74 59 
84 30 56 31 84 92 92 97 
46 18 73 52 6 46 53 68 
77 31 71 40 63 5 19 19 
87 31 52 77 4 69 81 33 
94 76 0 87 18 52 46 5 
12 21 10 23 29 35 84 88 
12 42 18 30 77 14 50 6 
17 27 32 1 83 7 12 95 
2 23 15 83 9 98 13 36 
34 96 40 40 86 54 78 100 
29 4 47 9 31 50 99 35 
11 35 98 22 89 32 64 74 
63 80 9 73 100 89 59 94 
72 12 52 19 49 31 17 91 
13 30 24 33 47 50 13 25 
59 99 45 69 32 20 30 34 
63 6 58 40 33 21 8 82 
40 5 93 12 0 72 39 11 
49 42 36 55 75 94 81 86 
1 67 84 64 28 77 53 45 
40 1 42 93 51 80 10 51 
40 3 56 96 70 77 98 61 
11 96 42 55 18 29 39 73 
25 56 75 14 69 69 54 63 
12 40 25 72 41 79 81 10 
71 12 66 14 31 92 73 2 
41 57 50 54 70 50 93 50 
42 28 97 91 23 45 22 16 
22 27 69 35 9 44 89 45 
36 29 39 39 92 19 7 30 
66 3 62 1 82 23 89 82 
88 6 20 39 78 51 68 7 
75 79 52 1 37 99 88 46 
13 78 38 38 60 43 8 29 
14 57 78 0 47 22 11 18 
67 84 97 84 74 27 45 75 
7 24 71 13 78 10 48 94 
48 15 64 45 78 60 54 78 
46 6 63 50 17 91 6 6 
92 90 9 65 61 70 73 16 
50 53 100 94 50 80 20 14 
59 80 48 93 24 77 40 25 
82 12 76 31 59 25 27 13 
86 0 30 3 41 52 85 3 
24 94 80 19 50 88 77 91 
14 48 56 45 26 66 60 75 
24 24 87 99 86 54 75 61 
17 68 69 88 48 37 74 87 
27 87 37 84 15 68 44 86 
17 23 30 23 19 58 72 58 
34 39 33 60 28 93 94 16 
28 96 62 66 97 50 8 17 
98 88 13 68 48 62 28 55 
47 47 32 46 93 7 80 53 
96 20 90 13 59 64 100 100 
35 9 81 36 90 87 20 71 
49 12 92 69 51 57 30 5 
51 90 92 13 42 53 32 41 
3 57 15 93 43 92 27 89 
81 88 43 22 77 56 71 51 
12 43 79 15 45 84 92 29 
48 89 93 81 51 45 40 67 
96 67 81 62 5 85 15 50 
100 97 15 39 9 44 71 10 
11 34 49 8 5 90 39 69 
61 16 62 38 3 58 36 84 
25 76 1 70 18 80 82 81 
87 71 61 73 58 70 13 6 
77 15 94 17 12 91 5 46 
53 19 54 37 30 56 64 93 
21 16 74 52 0 59 48 100 
1 39 98 49 7 94 81 29 
27 75 82 18 62 71 8 66 
56 38 57 21 90 60 77 8 
54 9 5 64 31 47 46 4 
6 13 86 76 96 17 69 62 
8 12 71 23 59 1 22 45 
42 99 70 11 59 52 28 76 
100 26 97 65 32 61 89 63 
39 80 84 54 11 70 24 62 
16 63 44 89 91 55 89 26 
74 21 50 92 66 34 4 25 
15 28 42 42 12 85 87 89 
13 27 41 66 70 15 59 74 
4 61 12 60 79 54 6 9 
90 51 89 75 81 4 15 16 
82 20 25 39 85 51 2 78 
6 79 94 11 67 39 98 91 
40 78 65 48 76 95 87 96 
19 18 6 18 47 75 43 60 
82 47 6 96 19 10 76 25 
41 80 14 35 98 86 6 20 
49 93 57 4 36 58 70 22 
87 5 25 30 70 13 32 33 
9 6 77 38 91 44 85 49 
100 42 26 8 85 58 29 18 
20 64 52 45 40 98 70 46 
18 9 14 25 95 18 66 0 
24 11 19 3 39 56 39 34 
44 1 22 20 85 49 20 71 
28 65 81 52 40 13 98 86 
2 13 48 62 10 34 54 37 
5 0 15 20 20 4 45 42 
66 73 61 15 35 32 87 46 
44 51 71 99 98 63 3 96 
74 61 26 56 99 100 41 56 
44 38 44 19 46 52 46 73 
34 97 49 78 49 22 74 37 
76 64 57 89 15 37 17 53 
37 73 81 98 87 20 79 52 
42 100 51 30 77 6 19 94 
25 63 65 74 48 61 75 87 
40 90 15 47 3 86 6 24 
92 85 34 66 91 15 80 90 
24 14 98 52 68 74 8 11 
28 34 84 72 77 10 19 75 
35 31 74 60 86 23 65 16 
60 49 35 71 33 35 1 6 
27 55 69 13 77 17 90 88 
16 87 81 15 40 66 15 86 
16 85 14 4 33 71 60 16 
53 50 60 95 98 61 47 59 
82 87 35 38 19 58 13 57 
36 68 35 70 30 24 72 76 
86 8 55 91 9 88 27 3 
38 46 53 57 65 92 98 51 
17 38 56 57 47 17 33 83 
62 24 36 17 72 51 30 71 
12 98 85 62 98 95 25 96 
83 99 65 35 58 47 40 65 
84 16 49 95 48 98 44 58 
81 51 8 84 53 46 97 42 
67 18 54 89 40 63 87 98 
9 19 10 12 7 37 7 1 
21 10 80 45 23 12 98 32 
46 9 66 39 20 97 93 68 
9 93 79 56 36 95 64 21 
83 18 22 30 16 28 28 38 
1 79 27 59 58 0 65 53 
10 75 75 0 19 91 45 25 
77 2 4 100 64 0 60 14 
50 74 82 42 78 5 29 25 
48 90 35 17 29 46 76 99 
88 77 59 41 87 88 8 7 
0 72 91 39 93 8 83 68 
95 77 15 1 95 49 55 20 
8 10 26 16 96 25 71 77 
10 86 70 88 41 66 51 83 
58 70 16 82 85 0 90 75 
35 60 12 24 79 9 42 75 
44 26 77 67 26 6 58 82 
13 27 1 11 20 33 19 34 
56 80 62 71 37 76 53 15 
66 59 18 2 47 37 74 15 
44 22 47 53 83 92 67 52 
34 51 40 12 74 52 32 71 
74 24 11 72 8 68 1 53 
56 97 80 24 36 46 14 80 
89 55 30 34 70 28 35 56 
73 10 8 47 61 94 96 23 
3 74 32 67 67 0 0 40 
23 16 21 1 24 83 100 21 
61 59 50 0 1 67 25 14 
1 86 65 85 12 12 38 40 
35 36 74 8 26 71 2 10 
78 56 36 12 36 93 3 57 
19 52 4 56 33 15 25 44 
58 30 97 78 3 45 73 98 
33 30 0 7 81 74 72 24 
23 95 5 40 40 94 23 60 
80 83 32 4 96 68 38 85 
98 46 73 59 80 32 21 53 
1 91 73 80 40 35 76 56 
88 11 57 32 57 0 18 31 
52 3 89 4 33 41 23 88 
6 24 32 88 32 93 4 72 
51 43 30 39 92 57 11 23 
17 99 21 74 11 82 45 85 
86 65 81 100 66 88 33 4 
87 76 54 67 26 19 41 46 
55 97 85 14 50 30 21 8 
14 80 60 52 100 47 74 94 
99 21 58 8 17 41 14 11 
74 40 74 100 42 28 7 75 
74 22 40 82 29 68 6 51 
40 62 83 48 26 57 17 32 
25 85 15 85 55 34 45 12 
74 90 12 54 52 58 93 83 
21 66 89 66 80 45 93 80 
43 49 82 35 75 48 82 16 
13 3 53 67 65 81 86 20 
98 70 43 4 16 60 25 13 
18 58 26 50 91 56 15 51 
43 92 83 24 0 55 83 5 
61 92 61 46 92 8 5 58 
16 23 15 3 27 15 62 45 
19 50 59 78 9 80 25 90 
98 91 15 41 22 27 41 37 
50 54 43 0 93 57 30 61 
5 5 88 33 96 66 27 99 
32 45 15 86 87 60 87 99 
53 49 1 69 57 23 70 20 
10 1 11 52 95 41 46 78 
84 70 55 3 68 78 74 41 
69 80 10 18 33 27 19 10 
3 9 75 37 69 87 67 94 
16 25 36 4 22 3 54 77 
50 8 20 88 32 72 20 89 
74 49 61 94 60 13 87 78 
86 51 80 46 59 43 31 6 
47 99 26 18 91 13 10 87 
47 14 76 9 58 16 81 18 
32 98 52 13 86 39 86 98 
43 28 29 34 94 76 26 77 
35 58 97 12 80 12 11 61 
36 0 24 29 63 18 53 89 
27 7 19 87 39 97 93 79 
94 12 25 14 61 18 59 24 
19 32 51 22 49 14 38 89 
47 11 76 55 95 17 98 34 
47 10 58 67 9 71 92 10 
65 65 52 94 41 52 22 5 
45 9 63 50 28 97 4 100 
45 94 100 70 60 58 74 35 
59 91 38 42 51 85 19 56 
59 67 47 5 42 18 41 69 
85 57 11 59 15 99 56 80 
70 14 24 88 46 38 62 75 
19 86 79 56 90 8 0 65 
86 31 18 71 24 49 35 79 
5 68 81 14 56 33 29 93 
7 14 88 26 25 4 97 59 
92 3 64 54 95 12 54 91 
23 62 69 73 2 28 2 67 
67 37 43 32 1 29 53 46 
50 72 63 31 71 35 58 60 
29 29 10 8 100 74 81 11 
54 55 74 10 42 52 58 28 
84 71 67 98 15 20 10 7 
76 51 31 54 58 52 18 8 
67 76 52 31 43 20 42 99 
21 31 70 70 47 95 39 57 
18 13 92 83 2 83 86 11 
99 34 22 78 9 15 74 31 
9 49 28 21 14 6 72 72 
56 44 21 22 18 33 11 61 
93 24 91 22 94 12 16 91 
59 27 73 35 2 89 95 41 
72 69 65 27 35 17 84 46 
30 56 34 73 8 45 17 27 
45 3 44 48 34 85 29 83 
46 69 13 80 2 2 42 43 
96 98 66 16 41 82 15 87 
2 25 40 90 74 65 83 26 
4 23 22 58 35 6 57 89 
67 91 17 83 68 9 61 12 
47 63 68 29 10 25 91 24 
71 25 48 55 46 97 59 40 
98 1 18 27 30 16 68 84 
9 37 28 59 100 37 26 43 
0 15 29 10 47 37 57 87 
74 70 27 46 24 28 98 32 
36 49 74 3 24 19 93 40 
13 75 39 56 100 55 87 39 
18 80 28 61 20 65 6 55 
47 3 44 44 94 27 0 97 
82 92 91 86 95 63 83 94 
9 68 45 69 39 87 52 36 
55 26 100 95 68 64 53 9 
83 46 7 48 80 54 55 31 
60 9 92 52 53 68 8 58 
35 43 63 11 98 5 84 90 
69 65 22 37 32 26 52 1 
56 82 32 92 89 2 34 2 
67 14 88 68 49 50 30 38 
52 4 63 66 65 98 83 87 
43 55 64 50 65 99 45 26 
47 29 31 53 76 21 20 42 
73 9 94 5 2 66 17 82 
77 96 100 22 99 100 34 71 
84 98 39 94 4 86 52 34 
25 16 78 13 13 96 73 3 
55 35 34 96 34 77 63 51 
54 43 93 25 89 92 65 61 
50 94 48 57 51 20 44 75 
98 1 37 4 50 46 31 74 
10 60 64 24 85 19 30 85 
91 7 59 24 59 6 38 6 
59 44 10 23 26 90 29 88 
21 27 88 43 37 62 36 97 
45 47 22 25 61 35 12 4 
76 94 52 66 10 39 56 20 
89 36 67 59 93 10 95 83 
33 55 24 31 22 70 89 99 
34 83 32 91 42 44 76 91 
38 3 22 94 99 24 89 80 
31 41 61 95 53 43 70 56 
94 60 86 100 51 83 5 56 
89 91 23 44 31 54 65 81 
36 49 12 52 74 83 76 25 
54 33 34 40 81 12 45 99 
76 33 8 3 52 94 100 74 
33 5 84 75 47 34 62 23 
16 43 33 23 33 83 9 51 
83 35 43 3 12 2 12 75 
73 30 74 93 33 98 33 13 
84 48 38 94 77 82 12 20 
54 93 92 6 22 77 100 83 
54 51 23 9 5 75 85 74 
4 0 23 61 33 41 93 5 
60 27 35 5 36 93 39 39 
10 72 84 90 53 17 21 63 
98 11 97 75 63 35 24 39 
33 39 17 54 37 13 53 23 
5 74 95 98 5 48 20 54 
100 70 60 16 4 42 25 42 
40 0 65 80 3 11 26 39 
82 3 42 4 65 96 42 66 
16 33 39 15 13 46 56 13 
5 18 80 1 3 7 6 85 
16 38 24 83 12 23 72 14 
83 3 79 65 84 4 90 88 
33 68 96 42 58 88 77 75 
59 51 9 46 69 87 30 76 
25 64 49 84 48 88 75 28 
70 3 90 90 15 57 89 32 
77 9 7 35 32 78 10 82 
37 26 37 15 19 74 9 94 
81 58 41 47 54 58 18 53 
77 30 81 82 16 76 99 20 
71 41 96 8 87 65 89 95 
66 64 5 92 84 57 69 13 
70 31 23 86 52 34 99 30 
11 65 58 87 96 18 88 24 
69 96 88 86 70 40 10 30 
32 52 43 83 42 61 77 89 
64 14 91 88 25 69 44 35 
99 48 45 62 6 2 94 87 
77 58 14 43 73 37 45 2 
45 67 48 51 25 2 5 13 
98 61 100 50 57 55 8 86 
30 27 86 11 84 25 1 66 
32 3 45 38 91 26 66 71 
8 81 52 80 58 44 12 64 
75 24 0 97 93 50 47 50 
16 98 83 39 16 36 94 56 
17 50 56 42 10 45 98 65 
27 37 46 48 50 16 0 4 
87 3 76 87 76 1 50 71 
8 92 49 7 2 77 69 7 
91 62 71 6 16 32 13 89 
59 98 32 28 96 53 66 96 
31 69 78 78 11 59 0 94 
78 9 61 8 9 49 75 5 
48 100 72 27 90 17 2 67 
90 68 45 48 19 73 66 44 
39 46 78 48 3 9 28 55 
93 39 36 20 71 69 53 1 
61 30 47 6 77 54 16 83 
15 13 16 49 90 44 96 90 
95 88 80 65 7 41 61 3 
57 12 18 21 95 87 36 98 
55 27 77 60 89 96 44 75 
41 31 36 56 95 77 6 24 
19 11 54 3 54 58 52 59 
25 85 89 61 89 74 74 94 
4 28 17 94 96 6 46 9 
44 88 24 23 69 94 72 89 
87 77 78 55 10 64 78 3 
68 74 36 91 64 98 60 76 
6 81 88 54 54 74 56 22 
21 47 1 35 73 83 57 21 
28 16 12 1 46 55 11 28 
63 33 37 97 96 1 26 47 
19 48 46 17 18 0 75 87 
94 34 60 27 76 45 63 81 
55 45 13 56 69 93 74 19 
60 27 80 64 34 60 48 10 
39 47 24 12 71 99 18 85 
29 51 71 10 94 44 36 72 
13 100 11 3 87 71 100 52 
11 18 80 58 45 49 68 26 
54 17 12 82 88 97 98 80 
85 94 50 36 11 59 72 32 
50 20 78 6 3 62 14 51 
0 54 65 69 49 32 24 96 
46 7 97 1 62 2 36 0 
64 34 38 36 18 90 99 41 
0 69 90 57 74 76 38 11 
48 97 86 35 3 46 60 76 
70 85 85 53 13 61 99 57 
2 97 53 85 0 79 63 5 
12 77 68 42 7 29 64 45 
1 56 39 46 34 97 71 75 
63 32 58 95 72 28 82 4 
56 74 7 54 99 36 99 28 
55 73 31 94 46 96 11 73 
95 94 55 5 59 8 96 7 
86 83 75 81 21 2 65 81 
94 91 78 65 54 67 1 26 
97 23 25 61 48 53 30 79 
87 92 53 39 20 32 78 73 
14 93 76 63 17 55 12 80 
30 16 36 91 41 93 64 83 
75 10 83 64 43 11 61 5 
43 30 48 29 70 76 11 33 
35 95 5 75 82 68 93 28 
28 74 50 45 85 57 5 49 
46 82 6 32 2 79 51 7 
19 88 23 85 62 75 75 77 
52 78 69 11 67 77 50 27 
66 77 22 98 35 50 49 98 
97 8 20 87 67 33 92 1 
86 68 22 87 84 73 98 96 
57 17 80 76 44 58 48 21 
97 89 13 95 43 92 95 45 
55 13 79 36 8 69 18 24 
13 19 33 72 72 40 74 97 
69 84 69 28 6 90 23 17 
76 16 53 27 42 71 10 8 
67 68 77 74 95 63 0 36 
37 51 1 77 32 68 65 74 
61 90 59 58 49 43 11 86 
85 68 59 3 46 66 73 64 
6 87 51 10 66 41 68 66 
84 31 84 76 1 44 39 1 
68 89 8 58 70 45 68 92 
81 7 0 21 56 73 24 9 
80 76 77 75 29 75 87 35 
37 74 23 98 56 93 50 36 
36 96 6 17 40 18 44 15 
62 51 3 84 96 0 39 12 
3 34 14 41 16 44 32 43 
14 87 23 79 9 68 71 64 
0 22 18 8 23 26 48 87 
98 54 82 91 4 29 78 34 
54 36 10 24 49 26 2 69 
11 70 70 10 36 95 68 91 
41 29 77 66 56 58 53 18 
36 13 52 59 9 68 11 55 
66 83 34 20 80 50 55 30 
1 10 56 42 0 52 15 76 
13 59 71 9 76 25 21 49 
37 14 20 78 11 18 3 35 
38 4 47 70 39 48 32 15 
0 34 31 42 95 19 25 81 
10 75 92 14 90 45 82 30 
87 46 10 31 76 76 95 71 
50 85 83 84 73 64 37 0 
91 56 68 80 58 14 85 3 
14 7 100 65 15 12 28 89 
20 30 60 1 5 14 94 84 
55 26 24 31 10 82 24 84 
18 65 46 92 60 76 14 88 
33 9 55 85 32 16 39 14 
3 29 82 83 59 55 40 43 
7 89 55 89 10 23 61 1 
80 44 36 15 8 10 57 71 
83 47 66 11 92 37 26 33 
53 21 11 51 5 68 21 13 
32 72 52 61 68 66 5 41 
99 65 11 77 4 47 55 78 
77 3 87 96 83 64 87 79 
4 77 56 3 6 0 51 44 
77 17 69 17 64 41 25 34 
90 93 43 65 14 14 73 4 
53 19 20 20 90 0 16 22 
67 70 45 31 66 61 63 36 
92 36 32 70 29 14 68 77 
58 51 23 12 5 80 66 20 
99 85 94 21 21 31 62 42 
16 85 84 98 6 40 34 7 
93 57 65 5 11 23 99 43 
72 68 69 38 88 39 1 40 
52 10 22 36 43 68 69 17 
77 97 17 77 38 41 99 59 
30 62 46 98 7 33 72 34 
73 33 71 18 74 67 99 67 
87 75 90 19 60 48 13 90 
84 36 2 37 88 70 69 20 
27 8 17 94 6 61 97 62 
80 91 74 25 98 7 56 13 
60 88 29 18 89 76 65 69 
39 51 34 28 37 78 60 1 
53 11 2 43 93 0 57 34 
86 42 35 44 26 11 18 2 
80 50 35 9 2 71 67 2 
88 30 90 16 11 96 6 40 
17 7 51 26 24 87 79 69 
100 62 51 56 22 65 60 17 
54 14 3 53 28 22 84 15 
40 5 17 6 21 47 20 4 
13 64 50 26 37 77 81 72 
92 60 66 92 7 32 61 46 
86 5 7 95 31 36 52 76 
46 79 41 100 88 55 4 4 
95 99 28 12 62 32 42 71 
61 59 78 78 55 73 10 48 
94 79 58 7 74 42 78 21 
19 75 75 40 33 55 84 4 
34 54 55 37 12 3 16 4 
18 88 83 39 22 29 70 24 
57 39 91 51 83 36 60 32 
29 38 71 99 68 38 73 79 
35 29 33 61 75 42 59 7 
82 0 94 59 68 88 44 79 
41 37 90 27 13 37 74 67 
23 10 26 27 25 62 74 27 
42 91 76 4 40 79 70 6 
64 35 17 99 34 37 99 14 
86 92 18 85 51 14 28 42 
5 12 10 1 42 25 68 87 
0 4 70 83 42 40 53 94 
15 94 67 66 79 40 9 77 
83 72 44 68 15 75 28 58 
60 12 18 84 79 35 100 41 
20 71 97 68 87 54 65 76 
53 23 41 11 59 42 16 14 
25 47 1 75 92 67 17 5 
11 45 89 33 40 0 86 29 
15 52 68 36 63 12 53 84 
40 34 52 97 78 18 1 66 
0 13 39 7 37 19 49 41 
4 7 18 58 37 10 76 49 
25 31 96 16 78 25 20 13 
64 86 93 98 26 29 28 56 
82 87 84 61 73 50 39 87 
63 72 74 100 57 77 19 89 
73 79 22 13 73 65 54 55 
9 66 88 82 5 16 21 62 
13 49 74 20 99 3 17 85 
64 44 75 16 33 84 60 54 
17 2 85 33 90 9 50 79 
66 17 72 10 31 80 92 31 
25 35 24 24 91 7 74 79 
26 92 79 27 17 42 30 8 
89 5 44 48 44 57 11 40 
60 47 56 82 81 32 78 74 
61 51 66 37 71 53 90 3 
15 80 96 62 66 67 25 66 
2 59 37 12 30 20 76 42 
100 12 78 95 10 73 74 91 
16 76 52 18 15 1 17 11 
66 45 46 77 98 93 74 22 
68 55 69 39 94 45 0 30 
79 51 13 83 47 17 77 18 
24 7 23 33 18 83 5 23 
93 36 56 56 100 3 62 72 
79 40 13 86 63 85 88 68 
10 60 62 37 81 46 49 57 
64 96 55 73 28 71 95 96 
87 69 91 90 89 66 73 7 
55 92 43 50 66 68 70 3 
38 84 72 49 63 81 78 34 
45 52 28 65 34 46 91 13 
34 14 95 96 85 43 93 15 
32 74 15 52 19 0 7 58 
11 13 23 99 38 63 8 75 
52 11 67 40 96 76 52 73 
52 41 92 33 96 78 34 13 
55 25 47 35 19 51 44 75 
36 92 3 31 72 61 91 24 
16 1 3 57 37 85 24 12 
6 59 6 78 41 94 8 5 
86 63 36 10 12 48 81 38 
