20 100 5
14 2 9 5 15
1 2 194
1 4 496
1 6 185
1 7 246
1 9 295
1 10 687
1 12 986
1 14 76
1 15 654
1 16 453
1 18 371
2 4 666
2 6 646
2 7 23
2 14 300
2 16 282
2 19 641
3 7 186
3 9 313
3 10 398
3 11 178
3 13 940
3 16 408
3 19 940
4 5 266
4 6 696
4 7 813
4 8 762
4 11 622
4 12 825
4 13 851
4 14 375
4 15 720
4 16 407
4 20 449
5 6 145
5 8 921
5 10 259
5 12 437
5 13 221
5 14 744
5 15 229
5 17 965
5 18 436
6 7 258
6 8 653
6 9 901
6 11 551
6 13 11
6 15 659
6 16 960
6 17 2
6 20 285
7 8 512
7 10 935
7 12 741
7 13 365
7 17 210
7 18 191
7 19 3
8 10 593
8 18 101
8 20 295
9 10 75
9 11 862
9 13 568
9 14 169
9 16 341
9 17 625
9 20 837
10 13 403
10 16 209
10 17 445
10 18 242
10 19 977
11 12 549
11 14 893
11 15 113
11 16 401
11 17 966
11 18 643
11 19 272
11 20 697
12 13 231
12 19 961
13 16 181
13 18 581
13 19 819
13 20 717
14 15 291
14 17 368
14 20 260
15 16 935
15 17 308
15 18 473
15 20 481
16 20 131
17 18 648
17 20 108
19 20 395
