100 2000 9
29 25 72 98 13 54 99 80 33
1 3 70950
1 4 67392
1 6 86644
1 9 10062
1 10 65470
1 12 83873
1 14 34672
1 15 83190
1 18 11690
1 20 12548
1 23 70078
1 25 77469
1 30 38258
1 39 81637
1 41 44111
1 42 5287
1 43 99986
1 47 17833
1 48 31887
1 50 2278
1 57 12135
1 58 2845
1 63 83343
1 66 95128
1 67 94996
1 68 33609
1 69 38206
1 70 64654
1 71 58888
1 72 63606
1 74 63726
1 78 74273
1 80 10871
1 87 69456
1 89 37975
1 92 61125
1 93 18701
1 94 22233
1 97 57104
1 99 16088
1 100 37394
2 3 36033
2 4 54591
2 6 46360
2 7 48378
2 8 18114
2 15 66371
2 21 74876
2 24 33078
2 26 27908
2 28 62937
2 31 25214
2 32 37430
2 34 93285
2 39 10727
2 45 19791
2 47 32022
2 48 896
2 52 83107
2 54 97105
2 57 76528
2 59 96637
2 62 30513
2 63 11882
2 65 38334
2 67 39722
2 69 63076
2 71 47484
2 72 20606
2 73 64416
2 74 61616
2 76 39832
2 78 25795
2 81 98781
2 83 82682
2 85 45945
2 87 24514
2 94 15101
2 98 96069
2 99 36583
3 7 34476
3 8 14896
3 10 56485
3 12 66674
3 14 73992
3 15 49679
3 18 56584
3 25 36104
3 26 78045
3 30 26460
3 32 14865
3 35 5779
3 38 78484
3 39 22422
3 40 1588
3 41 1934
3 47 29782
3 48 91406
3 49 37562
3 51 56421
3 52 50595
3 53 47062
3 58 69805
3 62 2398
3 67 92453
3 70 75728
3 71 66226
3 74 77210
3 78 35378
3 79 65547
3 80 55430
3 86 77269
3 87 60700
3 89 48168
3 94 28538
3 96 11708
3 97 31595
3 98 58265
3 99 6062
4 8 5387
4 9 55857
4 11 66716
4 14 13362
4 15 49791
4 16 18970
4 18 61199
4 19 56531
4 21 9950
4 23 3778
4 25 96892
4 30 15762
4 36 78383
4 38 97794
4 39 66416
4 44 94718
4 47 38002
4 48 69366
4 50 40723
4 52 63708
4 53 65252
4 54 9024
4 59 59677
4 60 42695
4 61 42723
4 63 6233
4 64 70369
4 66 10052
4 67 5941
4 68 62536
4 72 94794
4 73 63089
4 74 3266
4 76 66522
4 77 87313
4 79 26819
4 80 60394
4 81 6145
4 82 46083
4 85 12131
4 88 12720
4 92 4373
4 93 69901
4 94 15350
4 95 8959
4 97 58495
4 99 29180
5 10 45059
5 11 64817
5 16 95507
5 19 18952
5 21 44923
5 23 6476
5 27 56471
5 32 88520
5 35 4805
5 36 75931
5 37 51638
5 38 17018
5 46 45323
5 47 76288
5 48 30477
5 50 61368
5 51 18986
5 53 90305
5 57 43978
5 63 51546
5 66 46811
5 67 55620
5 72 32072
5 75 47494
5 76 32770
5 79 95461
5 82 13377
5 84 35852
5 90 91048
5 91 96670
5 93 13755
5 95 39410
5 96 57068
5 97 37392
5 99 46811
6 8 66309
6 17 17037
6 22 39660
6 29 57902
6 30 69802
6 31 20959
6 34 21209
6 38 11013
6 40 59210
6 51 2255
6 54 53035
6 55 48753
6 56 95279
6 60 61254
6 63 21001
6 64 81162
6 66 45431
6 67 45681
6 69 20528
6 72 15498
6 77 75730
6 79 41123
6 80 55599
6 82 57068
6 86 24118
6 89 1740
6 90 69510
6 95 42140
6 98 56646
6 100 64466
7 8 21578
7 18 20721
7 22 54220
7 24 54796
7 26 62484
7 28 83208
7 31 24352
7 37 73493
7 38 42578
7 40 81581
7 44 45153
7 46 80229
7 47 55535
7 56 45426
7 57 34320
7 59 61275
7 60 78785
7 61 45896
7 64 49272
7 65 77950
7 70 53670
7 72 6761
7 74 56356
7 80 12147
7 81 52415
7 82 21042
7 83 7536
7 84 31882
7 85 97113
7 87 92794
7 88 6918
7 89 24486
7 93 28105
7 95 25020
7 99 7025
7 100 22893
8 13 52141
8 16 26954
8 18 92504
8 25 9609
8 27 42235
8 29 30296
8 30 31748
8 33 43228
8 34 96296
8 36 5632
8 37 87139
8 38 19458
8 39 68857
8 42 84368
8 48 25518
8 49 40622
8 50 4696
8 53 35067
8 54 63820
8 56 13602
8 61 24437
8 62 98487
8 63 37615
8 66 5545
8 71 19329
8 72 5990
8 74 39140
8 76 58318
8 79 1905
8 80 53450
8 85 96077
8 89 65861
8 95 92659
8 96 87265
9 11 45170
9 18 57342
9 20 57364
9 24 67721
9 25 75686
9 27 12452
9 28 28518
9 31 26246
9 33 92151
9 44 59987
9 45 88045
9 54 4831
9 57 90963
9 59 96728
9 60 73620
9 62 76851
9 68 77493
9 69 6715
9 70 72364
9 71 60575
9 76 8098
9 82 16291
9 84 32901
9 85 15129
9 87 29123
9 88 23262
9 91 59158
9 92 37027
9 94 29326
9 95 882
9 96 75997
9 98 2559
10 12 11014
10 14 37508
10 16 18558
10 19 59000
10 20 51320
10 21 6321
10 24 41076
10 25 78409
10 26 53571
10 27 26344
10 29 40706
10 31 13929
10 33 53345
10 36 67551
10 46 70800
10 50 19164
10 51 42145
10 61 43633
10 62 1880
10 63 70396
10 64 4805
10 66 64149
10 67 39955
10 71 27069
10 75 92919
10 76 27253
10 77 19442
10 79 40411
10 81 87022
10 82 4444
10 85 6511
10 86 16016
10 88 88519
10 90 96428
10 91 79216
10 92 77892
10 94 60191
10 95 95076
11 12 36542
11 13 2744
11 18 14227
11 20 65293
11 22 73047
11 23 79226
11 24 51233
11 26 83584
11 27 20467
11 28 24508
11 29 55837
11 32 52532
11 36 6906
11 39 68537
11 40 26907
11 41 78510
11 44 64835
11 54 67329
11 55 27277
11 56 9697
11 59 55826
11 62 78486
11 64 14338
11 65 13360
11 66 86710
11 67 51843
11 68 59550
11 69 70907
11 72 5149
11 75 30014
11 76 20426
11 78 84175
11 79 97163
11 82 74236
11 83 66961
11 89 83954
11 92 27154
11 93 63938
11 94 20589
11 99 54308
12 13 95151
12 14 76760
12 23 36957
12 26 71738
12 28 71340
12 33 97842
12 36 76780
12 37 46182
12 40 38831
12 41 5226
12 42 22340
12 44 36806
12 50 72750
12 54 76959
12 56 55203
12 57 84054
12 58 60623
12 59 25907
12 60 65283
12 63 68103
12 64 18785
12 65 94362
12 66 26789
12 72 57759
12 86 54652
12 90 28327
12 92 24855
12 94 65135
13 14 44899
13 17 81038
13 18 57328
13 19 26615
13 20 94370
13 21 67873
13 22 75950
13 24 38455
13 28 76281
13 30 43394
13 31 39397
13 36 92519
13 37 17886
13 41 35535
13 43 7675
13 44 94760
13 45 36117
13 48 15359
13 49 24478
13 50 73011
13 51 267
13 52 38243
13 53 68408
13 58 34493
13 60 84740
13 62 92811
13 65 92076
13 68 78377
13 69 25037
13 71 92423
13 72 47426
13 75 34763
13 80 74843
13 84 28036
13 86 92296
13 92 37714
13 93 1130
13 96 84161
13 99 70975
14 20 22166
14 21 73901
14 23 25715
14 24 14472
14 26 14837
14 28 87167
14 29 37101
14 38 20231
14 39 53116
14 41 11100
14 43 99761
14 44 81715
14 47 35690
14 48 81231
14 52 33370
14 59 58157
14 60 40980
14 61 54668
14 68 21849
14 72 67099
14 74 44769
14 75 62410
14 79 76599
14 82 82089
14 83 16045
14 84 15572
14 87 18697
14 88 22581
14 95 74200
14 96 94352
14 97 5882
14 99 33172
15 17 41902
15 18 41876
15 20 14303
15 22 41415
15 26 3019
15 30 25390
15 36 50869
15 38 99744
15 46 17536
15 47 55943
15 48 40707
15 52 46871
15 56 22371
15 58 44687
15 59 67933
15 61 43166
15 64 14571
15 68 10164
15 69 5428
15 71 21645
15 75 87209
15 78 29654
15 80 84437
15 82 51021
15 87 71150
15 90 68623
15 91 80806
15 94 53678
15 95 89676
16 19 6049
16 23 95499
16 28 95056
16 30 69097
16 31 38992
16 32 5125
16 33 39994
16 40 46738
16 50 5858
16 51 76849
16 52 87870
16 53 43959
16 56 40034
16 58 53847
16 59 87194
16 60 78478
16 65 49571
16 68 46306
16 69 72523
16 72 99257
16 76 37870
16 77 95327
16 78 55163
16 81 45606
16 83 68806
16 85 69681
16 89 86867
16 98 83503
16 100 60066
17 19 5084
17 20 78583
17 23 52794
17 26 59276
17 27 51424
17 28 46694
17 32 57128
17 39 40180
17 40 33014
17 44 39856
17 48 51577
17 51 65429
17 54 36424
17 60 81601
17 61 61427
17 64 20486
17 65 73793
17 66 37700
17 69 18020
17 71 64265
17 72 43561
17 73 70820
17 75 13813
17 78 72094
17 81 7418
17 86 48500
17 87 30083
17 88 97854
17 89 74156
17 90 95634
17 91 22805
17 92 77661
17 93 75241
17 94 96053
17 98 84986
17 100 32344
18 19 74349
18 24 97667
18 25 96871
18 26 31536
18 34 10325
18 37 5884
18 39 9261
18 42 92151
18 46 7067
18 48 186
18 49 64671
18 55 14581
18 56 80738
18 58 90918
18 62 98206
18 66 80803
18 69 25580
18 73 88128
18 76 17161
18 80 61731
18 81 4350
18 82 94735
18 83 26873
18 85 76015
18 86 32833
18 88 85531
18 90 30475
18 91 58253
18 93 3880
18 98 98380
19 20 24728
19 24 88461
19 26 35853
19 29 93542
19 30 6800
19 31 27221
19 33 80519
19 35 22969
19 38 25915
19 41 45129
19 43 89160
19 49 76395
19 52 32570
19 53 1865
19 56 1909
19 57 31319
19 60 43191
19 62 62660
19 64 48354
19 70 49370
19 73 12528
19 76 70656
19 77 54828
19 78 45537
19 79 15307
19 82 60289
19 84 56518
19 88 73598
19 89 6374
19 90 2227
19 91 5305
19 93 15601
19 94 59803
19 97 33459
19 98 94145
19 99 3227
20 21 63387
20 22 30869
20 23 90074
20 24 26494
20 26 55445
20 27 46255
20 28 73820
20 30 13154
20 34 78137
20 35 11400
20 36 43093
20 39 46363
20 40 76940
20 41 64374
20 44 34927
20 45 53919
20 48 61425
20 51 66469
20 53 38181
20 54 26173
20 56 47038
20 60 35812
20 62 98482
20 64 42440
20 68 91282
20 69 14789
20 74 41976
20 76 12705
20 79 46682
20 80 13705
20 81 36243
20 83 51148
20 85 78870
20 90 67759
20 95 70639
20 96 79691
20 100 8255
21 22 30894
21 23 22521
21 25 71825
21 28 32517
21 29 94666
21 30 58312
21 31 1188
21 32 6787
21 35 65066
21 36 8315
21 38 87372
21 40 29023
21 41 76013
21 42 2487
21 44 81269
21 46 44998
21 47 34957
21 50 51361
21 52 54855
21 53 54062
21 54 1313
21 55 68082
21 59 56104
21 64 95798
21 66 83273
21 68 63602
21 69 23637
21 70 77355
21 71 33954
21 76 57670
21 77 72260
21 79 55957
21 81 20200
21 84 59975
21 85 95484
21 88 95259
21 89 11930
21 91 89082
21 93 1011
21 96 69092
21 97 59097
22 23 34585
22 24 36761
22 26 18811
22 30 95921
22 40 93383
22 43 66903
22 46 69693
22 49 76370
22 52 76755
22 57 73192
22 59 10992
22 64 98540
22 68 25504
22 69 40655
22 71 78529
22 72 96007
22 73 4838
22 74 86751
22 77 27263
22 79 83958
22 80 90920
22 81 23439
22 86 27107
22 87 7254
22 88 95800
22 92 44782
22 93 78036
22 97 35015
22 100 92165
23 27 52328
23 33 83077
23 35 70435
23 39 47519
23 41 98870
23 46 87458
23 51 32216
23 52 63140
23 53 81174
23 56 58472
23 58 45248
23 61 76911
23 62 94129
23 64 71467
23 65 31571
23 66 72163
23 73 20739
23 74 10075
23 81 7868
23 84 53056
23 85 98472
23 88 5367
23 89 33106
23 92 38046
23 96 60977
24 26 73598
24 29 89164
24 31 361
24 37 60429
24 41 92107
24 42 13979
24 46 22434
24 48 72929
24 49 220
24 50 36437
24 52 32387
24 54 21616
24 63 96077
24 64 11338
24 66 13993
24 67 84574
24 71 34467
24 73 39958
24 74 75054
24 75 54013
24 76 25214
24 77 2906
24 78 84320
24 82 32593
24 87 69795
24 93 50500
24 94 25697
24 95 54876
24 98 58814
24 99 38875
24 100 3609
25 27 66679
25 29 34327
25 32 19636
25 33 73797
25 36 46691
25 37 84173
25 38 35599
25 44 43802
25 46 27213
25 50 40277
25 57 17357
25 59 55960
25 61 62500
25 65 82238
25 69 79599
25 70 37980
25 72 18979
25 73 5293
25 75 95273
25 77 60929
25 82 58295
25 84 46217
25 85 24635
25 86 26178
25 88 61568
25 91 5771
25 92 77787
25 93 47103
25 95 55321
25 96 13145
25 97 31564
25 98 94020
25 99 8026
25 100 62009
26 28 97416
26 31 77870
26 32 58296
26 33 80903
26 34 60239
26 38 59295
26 42 6197
26 45 27766
26 47 10243
26 48 76434
26 54 86835
26 55 45276
26 56 45796
26 58 72864
26 59 21633
26 62 94849
26 66 45703
26 67 67229
26 73 2780
26 76 25183
26 77 61932
26 78 61226
26 83 27814
26 86 52263
26 88 93835
26 90 14317
26 92 29749
26 93 37421
27 30 67220
27 34 84280
27 40 92468
27 41 12941
27 44 99843
27 51 62452
27 52 96678
27 53 74621
27 54 45695
27 55 22263
27 61 9505
27 62 99410
27 63 87909
27 64 24497
27 67 60591
27 68 35392
27 69 40000
27 70 95937
27 72 3065
27 73 80901
27 76 62555
27 77 26299
27 79 4668
27 81 95376
27 82 69255
27 83 87203
27 90 20118
27 92 43470
27 100 53973
28 30 47298
28 32 21625
28 36 8494
28 37 23366
28 38 1705
28 39 61519
28 44 76712
28 46 90871
28 52 4325
28 53 11152
28 54 15157
28 56 68360
28 61 98629
28 62 20885
28 66 63256
28 67 45157
28 68 43785
28 72 69525
28 76 21443
28 77 15648
28 81 10337
28 82 84960
28 83 40166
28 85 32154
28 89 88167
28 90 93962
28 92 33128
28 93 76081
28 95 62132
28 96 97017
28 97 76597
28 100 49657
29 31 73964
29 32 5781
29 34 92970
29 35 22029
29 37 13479
29 38 6924
29 41 27741
29 47 85869
29 50 62374
29 53 80962
29 58 60332
29 61 1514
29 62 79994
29 64 53518
29 66 21098
29 68 53161
29 75 98325
29 76 91036
29 80 65637
29 81 58026
29 82 10200
29 83 32832
29 87 95277
29 88 88460
29 93 75657
29 95 54925
29 96 44352
29 97 44274
29 98 90874
29 99 55811
30 31 57388
30 32 62363
30 38 88934
30 40 25775
30 41 96422
30 43 92798
30 45 42295
30 46 14537
30 47 77142
30 48 94346
30 54 7689
30 55 31919
30 58 78767
30 60 10318
30 62 7518
30 63 12604
30 65 65538
30 66 63341
30 69 46688
30 71 53162
30 74 7421
30 75 42939
30 76 35338
30 77 32157
30 82 66931
30 85 58089
30 86 86648
30 88 88700
30 89 25723
30 98 43265
30 99 90288
31 36 73556
31 42 50340
31 43 86860
31 44 70260
31 45 31493
31 50 45942
31 51 95102
31 52 96417
31 54 22000
31 55 69827
31 59 76896
31 61 3455
31 62 22725
31 63 15624
31 65 74124
31 67 72655
31 69 91267
31 72 98616
31 74 63096
31 76 77284
31 77 24692
31 78 22748
31 81 80632
31 84 99731
31 85 54426
31 89 69262
31 90 79763
31 92 77837
31 94 79197
31 95 87452
31 96 69341
31 97 71785
31 98 78264
31 99 72331
32 33 24588
32 34 31663
32 38 99459
32 42 89594
32 45 12668
32 46 12792
32 47 39377
32 48 50044
32 49 56528
32 50 75301
32 51 47358
32 53 92584
32 54 18288
32 56 99629
32 57 36140
32 58 94057
32 59 20943
32 62 55642
32 64 71201
32 65 14669
32 67 40294
32 69 5100
32 70 65561
32 71 82468
32 72 9181
32 77 81338
32 80 25057
32 82 50441
32 83 28925
32 86 57942
32 87 12221
32 94 37354
32 96 93396
32 97 16801
32 99 39951
33 36 6826
33 37 68807
33 40 76008
33 41 82410
33 44 70999
33 45 57556
33 46 81008
33 50 51978
33 51 47541
33 52 47721
33 53 91458
33 55 14963
33 56 97081
33 57 40806
33 58 37537
33 60 22616
33 63 38721
33 66 43648
33 71 17548
33 72 78022
33 73 35266
33 75 7170
33 79 80223
33 82 47786
33 87 21998
33 89 90356
33 94 20317
33 95 49149
33 97 6828
33 99 88927
34 35 66859
34 41 70718
34 42 80325
34 48 28986
34 49 11941
34 52 55261
34 55 18089
34 56 31530
34 59 58420
34 60 44541
34 62 5750
34 63 48308
34 66 20966
34 68 38344
34 74 41185
34 78 303
34 81 14774
34 83 54453
34 85 93212
34 86 35335
34 88 74162
34 91 57403
34 94 7987
34 99 35880
35 39 36519
35 41 10149
35 44 65156
35 46 63648
35 47 9649
35 49 96887
35 51 27547
35 54 40920
35 60 75068
35 62 37131
35 63 90528
35 64 25924
35 68 42594
35 69 27967
35 70 34237
35 74 96171
35 80 14849
35 84 85826
35 86 13849
35 87 53522
35 93 49498
35 94 71001
35 98 87822
35 99 51221
35 100 84409
36 40 48160
36 42 27245
36 46 97466
36 48 99131
36 49 25433
36 54 64728
36 57 15095
36 61 1722
36 62 53440
36 63 13426
36 64 85484
36 71 31244
36 73 35403
36 74 18676
36 75 98761
36 78 19331
36 83 73604
36 87 24367
36 89 4638
36 91 42524
36 96 1690
37 38 48772
37 40 25126
37 43 26145
37 46 24016
37 48 59298
37 52 43497
37 53 55606
37 59 41949
37 60 60317
37 64 53078
37 68 25262
37 69 91570
37 73 95315
37 74 43925
37 75 4097
37 77 22181
37 78 31740
37 79 98787
37 80 22202
37 81 5090
37 83 86884
37 86 2718
37 93 78096
37 95 81589
37 96 56914
37 98 74478
38 41 39218
38 43 16502
38 44 90709
38 50 42672
38 53 35391
38 57 15457
38 59 23671
38 64 28485
38 66 92734
38 67 14743
38 68 1662
38 69 76677
38 70 70812
38 78 67524
38 79 71826
38 84 93461
38 85 19061
38 88 80329
38 89 19873
38 90 28682
38 92 36682
39 40 6791
39 43 56997
39 44 84785
39 45 3735
39 47 30872
39 49 16900
39 51 62241
39 59 63652
39 63 76416
39 67 45904
39 68 93339
39 72 12464
39 74 57190
39 76 25245
39 78 12261
39 79 55334
39 80 12851
39 81 39674
39 83 79454
39 85 34492
39 86 37073
39 87 31952
39 88 23901
39 90 45721
39 92 88263
39 93 9384
39 94 62643
39 95 62883
39 96 8781
39 97 78275
39 100 37604
40 46 41652
40 48 45774
40 49 49874
40 50 64451
40 51 5534
40 52 61040
40 56 20793
40 58 98637
40 59 91255
40 63 3179
40 64 1075
40 68 87489
40 69 66824
40 70 96676
40 81 41579
40 82 97609
40 83 93886
40 85 21170
40 94 98313
40 95 13372
40 98 33671
41 42 23108
41 46 84563
41 47 7708
41 49 49822
41 51 46919
41 55 14287
41 56 50865
41 59 33277
41 61 66117
41 68 75546
41 73 20118
41 75 70943
41 84 95067
41 88 71414
41 94 84967
41 98 91941
41 99 25547
41 100 10281
42 45 65911
42 49 53420
42 50 67146
42 51 33380
42 52 35873
42 56 96977
42 59 20015
42 60 97281
42 62 53328
42 63 80158
42 65 93987
42 66 72276
42 71 20364
42 74 11944
42 76 36785
42 77 4479
42 78 95515
42 79 72346
42 81 7475
42 84 64975
42 86 16414
42 88 47112
42 90 26237
42 91 31498
42 100 19245
43 44 14047
43 45 38023
43 48 23043
43 49 27720
43 50 53887
43 56 16259
43 65 10575
43 66 54488
43 67 65916
43 71 63963
43 74 34280
43 77 48035
43 83 89328
43 89 72808
43 90 1184
43 91 21888
43 92 24571
43 97 11211
43 98 79767
43 99 98473
43 100 67844
44 45 36126
44 46 29865
44 49 68184
44 51 62435
44 59 73874
44 61 18839
44 65 57149
44 67 93115
44 68 97746
44 70 68998
44 72 15550
44 73 30995
44 75 82903
44 79 53038
44 80 25788
44 81 78410
44 82 66618
44 87 85481
44 89 23612
44 90 66736
44 92 28332
44 93 66823
44 99 24691
44 100 32666
45 46 61550
45 47 99208
45 49 55127
45 51 65468
45 53 465
45 54 48732
45 56 25716
45 60 29081
45 61 82051
45 63 77243
45 65 5212
45 70 63179
45 73 83324
45 74 60378
45 76 92655
45 78 35610
45 79 73162
45 80 20992
45 82 43907
45 83 7159
45 85 82386
45 94 98896
45 95 87100
45 99 21680
46 48 36153
46 50 77627
46 51 90570
46 58 33339
46 59 92265
46 60 26552
46 66 41293
46 69 7140
46 70 50598
46 71 47900
46 72 27905
46 76 22939
46 80 18658
46 82 81101
46 84 23590
46 88 45896
46 90 30397
46 91 36059
46 93 57347
47 48 71724
47 51 92371
47 53 31543
47 57 54221
47 58 33631
47 63 50530
47 65 95801
47 66 3695
47 68 18594
47 70 10209
47 73 70215
47 74 2631
47 76 82236
47 79 39661
47 80 82199
47 86 61726
47 88 17334
47 90 14120
47 92 21692
47 94 30085
47 95 60528
47 96 94492
48 56 41286
48 59 25247
48 63 82367
48 65 94761
48 66 74514
48 67 29168
48 69 70649
48 70 44876
48 72 72073
48 74 33175
48 78 81386
48 90 23683
48 98 55187
48 99 81977
48 100 39008
49 50 10441
49 52 21880
49 54 77363
49 56 72070
49 59 44797
49 60 32690
49 63 13865
49 65 1154
49 69 89990
49 74 84308
49 75 33428
49 76 92036
49 77 32348
49 78 20575
49 79 70631
49 80 2162
49 81 10274
49 84 81753
49 87 5932
49 96 77482
49 97 13107
50 51 37498
50 55 34175
50 61 28766
50 69 6759
50 70 14389
50 71 26196
50 72 29470
50 75 2785
50 78 9241
50 79 11199
50 83 43762
50 85 95828
50 86 44030
50 88 29741
50 90 66848
50 91 25491
50 93 91002
50 98 57863
50 100 61815
51 53 30781
51 55 82437
51 56 63283
51 57 8747
51 58 48729
51 63 74186
51 68 19180
51 69 80110
51 70 95009
51 71 99592
51 72 58477
51 73 20192
51 77 77919
51 78 97107
51 80 86948
51 81 13451
51 84 28726
51 85 98711
51 88 17847
51 89 33912
51 90 75213
51 91 57968
51 93 32750
51 95 97529
51 97 26464
51 98 42595
52 53 81199
52 56 66334
52 57 75249
52 58 57776
52 60 978
52 61 218
52 64 291
52 66 85911
52 67 10590
52 68 40683
52 71 34817
52 76 835
52 77 65021
52 78 27258
52 80 99062
52 81 32032
52 83 67289
52 86 13805
52 88 74924
52 89 7173
52 99 81135
52 100 56782
53 57 29657
53 59 46931
53 70 48176
53 72 89097
53 77 93824
53 79 90423
53 81 61034
53 83 83636
53 85 93107
53 88 57556
53 89 71648
53 91 85652
53 94 56569
53 97 21301
53 99 87410
53 100 81996
54 55 80959
54 56 18502
54 59 15969
54 65 43717
54 69 13876
54 70 73982
54 71 93795
54 72 84434
54 75 89187
54 76 35125
54 80 87659
54 81 91153
54 84 48766
54 85 68056
54 86 24826
54 88 97458
54 89 29122
54 95 41589
54 97 8697
55 61 95663
55 62 31008
55 63 28243
55 66 60412
55 67 2085
55 69 17115
55 71 67194
55 72 35507
55 74 26289
55 81 59368
55 82 23039
55 83 9468
55 86 13907
55 88 74944
55 89 85861
55 91 22445
56 58 85702
56 59 35801
56 60 35600
56 61 57065
56 63 7399
56 68 43726
56 70 6412
56 71 39258
56 72 73948
56 73 52395
56 76 72511
56 81 3727
56 86 22425
56 87 19297
56 90 94984
56 91 72990
56 92 26154
56 93 22012
57 61 68429
57 65 79235
57 68 22827
57 71 43225
57 73 55871
57 76 9016
57 80 28066
57 90 94494
57 92 27364
57 94 69227
57 95 27463
57 97 1747
58 63 43842
58 65 7570
58 68 95755
58 71 78339
58 73 36018
58 77 95967
58 80 31894
58 83 60737
58 85 9804
58 86 19146
58 87 95883
58 89 33777
58 90 76391
58 93 59958
58 94 17582
58 95 10983
58 96 9840
58 99 4820
58 100 76158
59 61 18291
59 67 35390
59 71 69069
59 77 11875
59 82 13186
59 84 34768
59 89 72530
59 90 66503
59 96 26541
59 100 18606
60 61 6818
60 67 95894
60 69 88695
60 70 51874
60 72 72422
60 73 93495
60 74 79973
60 76 22493
60 79 12852
60 80 83481
60 81 9028
60 85 85199
60 88 78557
60 89 67720
60 92 72862
60 93 80280
61 63 12965
61 64 69581
61 67 81462
61 68 40487
61 71 56024
61 76 47425
61 77 44556
61 80 88933
61 82 36365
61 85 92357
61 87 87650
61 89 69133
61 96 62131
61 99 94196
61 100 69504
62 63 85583
62 67 13782
62 68 21154
62 71 23010
62 72 75241
62 77 26400
62 88 3113
62 93 92911
62 96 45055
62 98 76713
62 99 2971
62 100 28456
63 64 41291
63 66 99671
63 70 63725
63 72 56198
63 74 65865
63 76 80026
63 79 47882
63 80 46006
63 83 50866
63 84 68777
63 85 97529
63 86 97595
63 88 23191
63 89 56944
63 92 34858
63 96 26126
63 97 42891
63 99 10012
64 73 97586
64 74 16183
64 79 75977
64 83 63457
64 85 76283
64 86 24157
64 90 23801
64 91 77874
64 93 32946
64 97 9886
64 99 23624
65 67 42709
65 68 23577
65 72 58022
65 78 80006
65 79 53531
65 84 69653
65 89 65144
65 90 70073
65 97 52917
65 100 6134
66 72 5201
66 74 8674
66 76 46876
66 78 1223
66 79 62133
66 82 2513
66 83 2061
66 87 62058
66 88 54219
66 93 81186
66 94 37369
66 97 14202
67 68 2799
67 70 19542
67 79 20993
67 83 85228
67 84 77583
67 87 38594
67 88 80441
67 91 19518
67 92 3060
67 96 54238
67 99 19390
67 100 18645
68 70 88528
68 71 71165
68 72 11052
68 73 72471
68 74 34122
68 76 42259
68 77 32107
68 84 70349
68 90 86681
68 91 36964
68 92 82378
68 94 5212
68 97 89092
68 98 73699
69 76 98754
69 78 80882
69 79 9046
69 81 34056
69 83 2624
69 84 54983
69 87 18192
69 89 63655
69 95 47726
69 98 12950
69 99 28410
70 74 29020
70 76 36029
70 77 57818
70 78 8158
70 80 18528
70 81 92460
70 82 28896
70 83 75506
70 84 60213
70 85 89899
70 87 31654
70 88 69598
70 89 81160
70 90 99793
70 91 40255
70 92 94406
70 94 25484
70 95 99059
70 96 10022
70 97 16454
70 98 210
70 99 60918
71 72 46628
71 75 77348
71 76 12673
71 77 7589
71 78 12941
71 79 80119
71 81 54301
71 82 75397
71 83 52374
71 85 27878
71 88 61457
71 91 33102
71 93 65801
71 95 39647
71 100 5533
72 73 48946
72 75 54698
72 86 51864
72 88 83188
72 89 39483
72 92 46447
72 94 28435
72 95 46982
72 98 31365
72 99 80148
73 74 21951
73 75 57775
73 77 7922
73 80 80962
73 84 29122
73 91 11433
73 92 56644
73 93 73163
73 96 68277
74 75 44084
74 76 79811
74 81 34370
74 83 92833
74 85 32223
74 86 44054
74 90 15026
74 91 60819
74 92 90230
74 94 13020
74 96 35503
74 97 1660
74 100 6427
75 78 33302
75 81 69960
75 82 70135
75 83 99604
75 84 81113
75 85 61409
75 86 24781
75 87 70282
75 89 15619
75 90 43278
75 91 1117
75 93 70589
75 96 43890
75 98 80139
75 99 987
75 100 80835
76 79 54510
76 81 63444
76 86 207
76 87 73217
76 88 63564
76 89 80570
76 90 17189
76 95 40683
77 78 66392
77 79 29871
77 80 22682
77 81 70754
77 82 59517
77 84 30434
77 86 24188
77 90 62888
77 93 78771
77 99 31661
78 80 16770
78 81 39952
78 82 93267
78 87 89266
78 88 86667
78 89 34249
78 90 11357
78 92 71427
78 93 2292
78 95 16694
78 97 51332
78 98 27145
79 81 85982
79 82 7160
79 83 42376
79 87 80540
79 91 31912
79 92 76828
79 95 84638
79 96 6455
79 97 24896
79 99 18153
79 100 46348
80 82 6958
80 84 21902
80 86 12105
80 88 75123
80 89 72707
80 90 99241
80 94 97296
80 95 64024
81 83 69531
81 86 69958
81 88 39984
81 89 52434
81 92 24554
81 93 24524
81 97 52006
82 84 95592
82 87 874
82 88 12720
82 94 86869
82 95 87840
82 97 27866
82 98 62556
82 99 25978
82 100 95300
83 84 94451
83 86 34068
83 88 5462
83 96 75289
83 99 73488
83 100 17803
84 85 53688
84 86 51770
84 88 53613
84 92 92025
84 93 4237
84 96 26447
84 97 17373
84 98 54870
84 99 15381
85 90 86416
85 93 97816
85 97 72726
85 100 83200
86 87 99684
86 88 41298
86 91 19765
86 92 76650
86 94 69436
86 96 76899
86 99 19813
87 88 65325
87 91 6031
87 93 87096
87 94 72294
87 96 98241
87 97 41264
87 99 84323
88 92 39069
88 93 49419
88 94 79370
88 95 62055
88 100 25256
89 91 11778
89 95 85039
89 96 4831
89 97 15341
89 98 2740
89 99 49055
90 92 9116
90 93 88495
90 95 19341
90 98 96487
90 99 58880
91 92 7286
91 94 76013
91 100 9358
92 96 65879
92 97 37752
93 94 11966
93 95 7624
93 96 58561
93 97 4194
93 98 47277
93 99 48097
94 97 39776
94 100 20782
95 98 27951
95 99 95943
96 98 57581
97 99 12136
98 100 3074
99 100 11009
