104 168 20 39
681 933 427 138 691 611 593 567 151 625 205 849 743 657 505 308 757 994 791 161 123 139 655 853 213 401 25 543 10 502 439 39 185 599 499 801 835 649 373 257 151 937 721 73 9 179 109 929 971 94 205 489 516 501 85 108 665 298 513 587 353 377 131 845 67 581 137 551 529 175 441 617 403 597 314 839 465 408 61 75 263 531 838 245 38 257 129 613 919 373 915 739 917 357 235 249 493 905 369 47 982 766 727 177 351 73 761 857 61 73 139 129 918 347 875 785 793 463 847 361 777 105 561 897 121 793 211 661 513 969 567 589 649 206 37 265 922 705 157 225 121 193 195 721 49 305 9 483 698 617 433 417 471 630 87 597 737 889 825 35 516 609 405 399 585 7 591 83
769 235 305 709 318 317 665 92 151 333 185 663 633 528 894 897 297 417 161 665 897 875 353 596 825 193 769 471 785 147 669 816 825 305 601 871 47 789 560 365 561 641 293 205 511 822 105 663 205 977 49 441 859 141 955 993 153 861 265 941 601 425 209 316 633 297 101 869 424 769 903 761 766 451 137 388 581 249 761 849 49 41 462 889 125 373 937 361 901 669 628 641 187 65 33 219 579 115 157 75 455 297 61 909 175 537 713 977 401 609 97 177 353 628 865 699 331 737 137 622 157 337 537 401 148 988 997 866 437 233 201 977 557 392 969 957 9 51 599 693 501 497 425 219 555 13 537 225 809 749 865 681 515 28 449 873 930 313 773 465 794 937 781 585 281 89 385 66
667 477 861 77 917 622 865 327 593 205 438 713 55 101 393 101 729 969 561 233 864 61 605 977 819 489 733 13 165 113 251 921 971 220 765 865 953 149 857 769 17 681 549 223 35 985 897 773 302 260 273 125 25 785 341 865 821 605 77 353 427 377 391 549 679 343 449 615 897 97 261 21 765 49 171 281 79 149 281 137 985 149 81 207 713 125 913 127 465 817 697 865 41 657 425 908 533 807 321 417 395 809 161 431 905 415 729 129 74 877 444 529 425 225 649 513 218 825 993 973 164 305 965 573 708 726 769 113 781 605 402 999 809 49 85 881 747 401 393 593 609 885 151 313 858 29 271 905 809 985 849 485 305 865 897 21 649 277 405 754 757 294 107 377 313 94 518 33
819 755 777 781 529 281 337 595 408 393 718 673 847 662 285 897 443 828 88 9 81 619 383 329 778 67 227 921 169 391 369 809 365 841 225 905 757 809 635 41 633 239 299 553 673 789 425 633 297 505 301 41 527 1 227 705 9 457 293 777 105 1 777 662 509 249 217 893 381 113 627 241 963 265 521 425 545 553 321 156 857 377 189 361 313 497 928 439 785 857 201 169 59 657 889 741 161 605 573 705 783 138 465 825 737 713 123 489 17 537 221 397 851 717 441 87 649 840 153 937 551 345 365 887 93 180 715 281 873 10 973 219 297 323 794 737 11 929 513 131 377 345 333 897 201 655 213 969 734 904 865 917 213 449 609 631 630 641 473 285 949 111 946 229 25 997 255 508
956 369 667 329 727 789 596 385 375 277 165 755 497 393 793 192 165 111 773 45 11 137 489 341 883 182 125 9 233 313 214 769 143 361 509 805 801 697 929 721 937 580 135 509 49 275 473 171 45 449 355 17 641 775 829 353 391 553 89 87 353 553 786 199 253 65 897 343 309 625 637 1 717 687 179 65 297 995 941 373 593 474 765 341 407 605 395 293 77 653 641 351 49 611 740 825 377 697 265 125 895 697 410 942 852 201 753 603 322 425 876 465 155 545 274 676 905 217 537 200 265 209 617 625 185 653 777 125 761 121 243 449 633 621 976 93 689 418 593 252 71 517 481 65 337 483 769 485 329 87 412 387 804 343 125 369 466 49 83 250 544 257 580 353 865 969 3 297
625 930 225 817 970 109 393 825 581 862 657 409 921 153 613 313 601 637 15 25 227 114 443 649 796 449 921 861 25 557 985 735 674 845 615 981 368 985 33 785 577 745 233 597 27 541 149 361 681 753 273 905 889 465 705 433 577 361 109 113 585 353 957 297 197 569 197 85 385 353 201 601 197 585 759 763 935 705 117 353 757 483 153 81 685 801 629 349 905 801 137 449 253 529 353 825 615 841 495 92 921 49 793 255 508 433 593 29 258 677 775 357 71 949 670 121 145 345 303 883 291 6 489 919 377 405 841 625 401 735 881 345 431 193 846 925 563 331 625 345 213 677 889 413 41 345 473 125 623 937 761 869 517 473 865 421 293 305 73 753 761 321 959 987 161 305 417 59
807 993 697 281 321 157 585 332 472 753 313 947 237 17 557 769 752 617 67 133 939 281 901 332 841 477 657 785 239 281 71 500 781 705 561 314 281 301 429 157 649 857 65 689 49 911 737 557 969 689 969 532 253 329 769 895 287 457 913 14 457 525 113 809 810 193 729 660 633 713 997 153 406 872 271 231 737 345 401 13 75 962 153 349 835 181 152 135 73 745 681 691 641 703 729 257 131 689 605 451 293 89 755 152 73 333 373 90 7 641 785 321 593 427 504 833 877 757 145 761 909 514 481 393 763 611 897 447 625 125 287 953 113 457 637 297 785 121 415 697 269 409 665 561 17 129 949 617 481 809 353 517 165 761 585 281 75 883 281 537 723 827 165 325 313 313 430 697
609 537 490 541 817 541 253 561 1 297 945 543 749 153 10 868 677 273 77 1 649 423 873 63 505 975 857 457 406 177 197 473 249 217 977 953 161 619 284 513 365 677 907 445 755 729 513 213 885 481 611 770 305 585 797 33 79 849 573 889 739 608 120 625 353 569 919 630 855 273 497 505 472 429 373 161 865 813 289 672 117 837 641 617 353 279 379 617 465 33 105 237 427 871 815 345 511 365 555 465 485 83 652 445 393 531 143 297 67 533 973 509 497 843 671 897 745 613 57 909 795 871 73 180 93 727 497 414 581 457 977 41 489 245 280 57 721 569 849 729 949 764 883 19 775 31 900 713 775 609 73 271 329 870 721 561 657 753 353 687 367 9 817 49 313 201 981 163
17 924 327 745 325 25 171 985 242 183 171 273 453 465 389 399 708 309 649 759 225 805 156 741 685 517 503 585 441 953 613 745 451 706 529 697 577 993 43 927 617 890 693 89 125 521 706 37 807 520 877 545 72 437 301 8 365 783 252 323 894 177 585 357 885 837 577 449 729 795 57 681 93 33 185 935 309 13 441 9 589 729 385 13 345 389 641 993 385 689 899 449 117 561 483 921 9 375 617 969 801 154 921 262 89 805 951 605 663 683 449 811 285 893 353 121 419 35 53 241 745 965 385 697 891 185 873 385 420 537 385 305 65 977 136 413 787 825 169 609 945 445 297 985 875 409 943 393 342 613 475 153 669 641 42 817 69 25 985 149 785 841 981 341 931 176 377 665
581 931 953 473 577 359 297 841 865 889 767 941 531 681 333 657 985 773 153 953 617 957 225 257 213 783 485 452 479 661 1 111 945 657 149 429 41 709 41 793 2 981 209 177 809 996 953 921 809 207 171 317 265 877 329 529 327 59 807 505 349 141 961 125 853 619 1 101 529 953 77 997 205 169 609 601 67 345 353 625 89 433 57 72 89 53 257 356 873 689 815 475 377 485 451 215 69 137 609 273 181 619 200 705 625 871 153 433 201 937 945 769 451 525 497 665 594 49 401 695 685 641 113 531 493 361 535 585 752 17 537 617 41 517 841 465 963 459 577 689 585 785 452 141 568 764 267 193 547 609 825 108 20 387 113 113 321 71 964 913 849 393 495 329 691 129 369 665
599 696 521 797 273 425 171 201 521 765 587 329 649 169 697 713 836 301 855 469 545 465 5 977 77 531 217 385 343 963 217 550 257 577 505 205 480 545 913 625 652 524 427 305 251 135 337 153 259 523 528 949 993 413 751 894 97 249 457 985 913 933 129 81 393 525 985 939 121 145 785 692 617 97 313 21 178 545 17 464 237 413 453 241 329 713 671 425 329 433 769 73 817 189 190 155 737 417 983 820 227 701 441 408 593 95 963 799 31 457 753 745 224 983 447 547 335 589 497 919 709 355 637 849 209 131 949 369 127 631 169 363 174 29 409 265 73 313 151 597 257 889 877 87 506 481 33 697 465 745 801 337 993 657 15 361 689 149 169 63 905 801 641 263 89 129 521 909
65 389 509 103 611 385 57 585 513 549 281 759 961 737 5 209 649 753 625 711 401 781 525 609 817 585 883 21 49 939 597 409 153 485 693 729 517 249 77 71 709 83 121 365 673 237 599 601 667 985 268 97 129 111 190 455 77 954 177 616 915 623 641 236 985 471 577 376 689 97 169 609 213 153 369 361 465 257 891 401 833 737 423 547 495 486 169 753 804 637 481 915 897 161 697 655 553 303 333 77 412 582 545 493 781 184 972 349 953 152 937 683 277 933 292 955 109 260 249 974 110 197 585 717 797 129 632 297 100 625 247 241 377 457 827 705 201 774 925 681 225 849 137 969 961 517 633 823 423 625 605 289 425 545 985 305 33 569 849 887 16 969 93 985 769 353 691 351
677 271 999 798 745 729 949 1 607 558 729 799 577 301 501 769 865 77 249 203 437 681 677 433 897 205 688 589 612 665 341 853 329 737 581 893 859 849 93 897 969 713 53 47 409 585 777 529 833 17 300 809 889 379 119 575 971 373 340 905 537 332 395 698 57 973 85 21 641 273 433 841 525 503 505 738 153 925 579 953 848 185 973 655 29 737 753 727 429 475 351 449 434 457 58 349 769 733 665 737 1000 857 781 518 858 627 177 217 29 777 465 801 937 621 483 761 765 281 133 961 583 373 662 765 198 489 144 777 276 428 603 633 523 705 223 45 307 609 129 185 903 925 737 837 795 933 885 929 313 85 269 25 105 121 386 993 227 464 833 540 517 790 673 943 353 417 911 961
777 377 701 329 272 273 163 325 49 734 945 638 453 353 895 773 137 145 383 553 407 273 457 353 608 618 129 368 561 785 805 48 382 673 831 740 351 881 937 986 481 585 817 903 25 161 381 701 9 137 844 105 615 41 81 17 337 303 241 949 406 925 975 961 807 141 429 321 857 17 578 450 708 39 425 866 361 409 497 489 968 441 317 370 606 761 927 521 705 737 645 519 173 785 951 539 83 911 433 869 985 505 66 991 649 813 529 137 521 580 233 881 865 689 967 510 485 77 265 781 272 913 265 666 293 723 735 757 257 761 273 37 505 353 993 483 565 557 305 27 609 831 159 913 655 641 733 605 169 645 57 433 415 645 604 849 611 553 793 913 169 841 881 544 647 72 225 117
321 949 27 123 193 997 504 121 599 357 779 667 937 757 79 97 713 241 987 745 945 749 582 275 67 269 321 379 34 69 421 991 17 317 273 869 977 193 590 161 93 973 773 841 829 921 55 160 919 265 370 989 579 677 363 855 202 449 705 119 993 610 403 801 748 657 709 45 297 368 197 555 921 457 469 189 605 457 247 617 21 513 713 505 769 681 561 161 793 49 313 532 645 585 495 753 297 723 589 922 147 653 113 388 597 933 437 349 61 273 409 234 225 103 221 603 223 361 201 369 233 973 169 185 993 906 513 337 951 977 545 665 433 761 596 575 25 218 337 321 549 109 703 951 285 404 965 41 881 175 52 789 169 627 939 319 77 25 113 847 575 727 204 689 729 897 107 123
857 697 361 777 561 445 473 357 817 192 254 545 201 245 25 290 973 379 513 109 109 917 985 577 49 9 905 685 257 113 409 549 959 357 131 529 977 129 67 817 361 469 491 577 853 929 739 755 225 474 255 615 337 129 501 513 47 387 793 648 108 989 393 329 785 667 175 34 217 489 305 125 793 113 729 657 358 445 845 609 488 17 982 449 751 838 473 793 293 581 909 73 641 193 116 13 345 873 705 261 909 753 264 169 241 349 257 509 582 621 737 905 849 564 281 425 889 491 7 457 413 523 105 9 453 265 905 929 105 453 337 249 359 385 13 686 1 3 33 911 633 409 806 767 757 67 435 156 345 113 537 865 608 245 505 94 306 665 33 869 825 86 137 241 105 29 699 971
273 113 577 515 465 459 299 173 643 741 709 591 801 765 663 953 993 537 523 842 983 241 683 110 597 797 921 417 713 561 1000 595 545 973 364 521 765 665 825 161 581 657 689 921 331 661 393 841 917 457 969 281 849 145 501 937 209 114 81 25 697 735 690 137 89 801 505 493 992 857 289 165 414 89 281 793 825 353 341 665 647 76 981 143 273 528 833 817 614 209 189 289 835 486 634 17 783 17 889 965 499 203 453 873 331 389 177 991 590 345 461 105 433 153 641 797 769 817 217 809 271 129 901 565 149 479 639 562 725 81 525 897 861 601 649 65 342 29 326 49 553 61 934 987 947 793 64 842 505 253 97 503 263 921 459 593 105 517 657 813 201 333 789 528 833 809 285 161
9 284 905 729 449 913 369 11 635 371 100 681 489 891 469 833 369 659 59 217 849 73 292 73 788 841 456 881 729 498 441 889 49 688 723 601 121 39 503 989 299 417 489 239 237 840 353 807 561 397 713 670 863 228 593 445 393 245 601 920 353 385 838 233 73 901 905 137 249 149 520 306 1 911 809 69 537 425 631 225 513 961 301 245 585 889 697 89 46 933 97 421 537 721 869 801 699 467 137 70 719 625 843 373 208 666 793 734 193 173 665 409 643 699 144 909 741 911 373 989 567 457 969 409 433 891 535 377 369 341 401 201 497 653 297 233 967 315 193 561 273 241 41 466 345 825 265 873 752 425 417 941 781 169 273 951 129 565 121 5 949 713 259 413 125 825 625 955
889 393 441 809 937 169 919 553 394 897 519 889 491 104 557 991 937 145 441 653 533 961 205 601 51 161 847 49 833 695 449 649 829 909 148 657 505 721 145 913 381 401 645 1 81 441 189 749 20 397 693 909 421 889 565 421 841 765 345 413 977 423 895 555 229 854 905 768 545 953 889 769 793 97 110 945 744 265 805 305 780 59 881 253 969 642 975 525 99 57 563 513 867 69 349 413 41 355 6 705 655 578 841 413 731 461 306 969 971 44 921 649 937 185 401 971 772 482 721 349 233 989 381 771 945 631 521 496 388 732 505 173 393 229 253 721 573 901 361 529 559 37 961 325 49 669 637 449 834 141 378 311 720 700 685 461 377 513 233 153 113 533 666 937 266 937 177 601
521 729 749 817 17 620 769 645 443 515 685 33 65 200 665 801 51 73 420 873 537 840 141 725 427 193 929 285 261 621 185 97 433 857 101 845 935 720 277 697 273 219 953 385 403 805 849 925 593 539 368 847 695 397 353 633 129 985 945 977 501 305 105 501 521 137 301 569 611 557 348 65 413 899 568 993 226 767 485 873 25 95 69 713 82 889 814 590 339 725 149 993 697 315 149 849 301 113 396 417 417 107 441 25 345 327 393 345 801 761 953 501 93 937 231 969 741 93 752 28 69 407 521 937 349 477 381 8 561 685 593 657 663 404 65 758 713 699 697 333 577 525 923 907 433 201 297 781 25 209 817 9 697 225 737 209 157 17 637 231 168 593 25 897 603 932 360 761
189 704 889 801 232 699 36 203 157 988 457 481 569 277 505 107 569 169 660 185 907 481 993 961 801 529 911 965 255 951 401 481 334 145 825 143 281 841 577 340 783 921 257 44 153 886 545 191 873 778 15 378 53 389 121 847 1 785 709 441 123 705 449 89 625 261 933 857 749 706 921 116 725 804 926 707 641 665 884 196 537 161 537 613 205 409 873 891 596 685 241 753 497 953 971 267 73 431 265 401 745 713 493 29 85 543 181 377 761 229 617 737 169 77 916 813 253 834 557 665 343 25 168 372 616 433 404 401 3 837 131 401 441 93 929 393 681 325 601 736 233 339 161 697 361 933 725 680 385 705 507 493 537 544 233 941 721 573 65 155 144 221 663 173 913 913 373 89
99 561 177 267 461 286 249 609 811 684 993 385 391 739 857 679 611 425 185 908 761 305 897 833 281 798 513 33 117 197 785 947 491 297 905 209 780 633 865 249 523 387 890 402 676 17 321 781 695 169 121 849 803 105 609 241 884 721 297 193 401 516 596 833 437 425 517 347 697 127 725 798 719 405 257 565 961 253 153 241 361 287 278 102 873 105 645 107 787 25 545 825 120 841 777 934 145 465 224 342 193 665 795 585 633 535 393 853 280 967 801 165 75 881 363 769 729 145 129 785 781 678 765 305 74 244 289 445 117 817 291 865 338 366 710 663 653 637 695 97 445 593 654 205 774 433 855 497 365 910 233 377 699 330 407 625 833 713 217 113 73 729 265 721 482 791 617 289
401 505 300 957 717 699 353 913 797 496 377 259 191 781 433 359 161 385 369 709 193 141 733 885 87 557 185 639 131 213 713 663 523 337 289 817 961 438 745 566 621 693 353 825 229 803 713 675 741 403 857 493 617 961 98 329 673 205 760 273 747 137 157 329 248 657 813 670 457 809 607 435 969 299 577 785 17 849 417 545 271 437 841 385 284 729 209 49 909 785 957 65 337 947 369 665 681 73 647 594 361 869 249 459 291 833 245 97 385 705 329 665 505 977 970 369 521 639 953 83 79 57 750 149 375 693 300 639 857 12 641 278 297 281 169 936 417 205 681 693 65 193 377 405 641 645 65 380 881 665 761 349 987 377 623 786 793 537 646 55 243 725 613 297 529 49 819 713
735 969 675 905 89 949 236 210 105 439 577 657 785 209 649 274 49 745 501 293 697 277 81 225 100 359 611 95 154 535 765 429 665 729 153 193 923 746 401 757 917 921 257 733 585 744 57 829 805 153 701 56 177 657 73 663 23 589 25 364 692 337 481 653 912 673 745 558 262 710 445 267 741 73 945 835 377 227 581 657 841 675 473 321 37 410 357 541 233 329 409 713 129 701 425 607 745 91 749 525 73 933 798 233 157 685 189 465 985 465 977 49 177 59 915 377 457 827 353 125 909 753 321 553 525 719 553 68 385 311 289 77 57 525 17 585 165 985 201 415 106 77 469 403 641 969 757 721 921 900 641 305 689 97 305 913 319 389 241 933 487 913 675 721 616 381 857 741
126 833 657 337 921 145 593 525 377 969 7 526 657 232 60 965 553 73 325 361 519 176 626 255 257 153 305 567 233 247 569 137 453 301 591 821 297 515 109 113 173 240 143 785 574 131 385 161 313 781 760 37 389 934 311 193 981 379 845 774 825 477 793 1 317 488 489 479 817 975 633 759 319 613 314 685 925 481 465 169 965 25 639 397 982 923 189 35 29 21 423 161 437 617 669 433 865 433 281 440 881 34 801 153 19 661 953 909 515 17 761 257 465 957 289 393 505 827 480 937 425 103 587 593 9 695 442 249 161 517 888 649 312 227 901 649 937 41 181 133 197 833 681 185 816 129 33 233 993 350 785 621 101 209 237 977 997 455 421 961 427 857 237 817 112 305 757 265
217 497 352 227 697 121 697 773 769 241 342 690 585 288 745 574 985 985 649 229 361 613 273 857 217 457 49 821 449 261 337 515 145 569 305 979 577 55 245 165 54 421 487 12 537 395 353 497 433 409 201 977 281 862 543 660 993 333 394 388 421 57 209 115 207 501 33 697 923 560 841 609 345 221 265 425 689 345 874 20 265 889 417 817 863 1 521 399 141 773 985 981 622 897 921 633 9 937 251 638 427 534 643 777 125 973 761 496 65 569 137 283 848 49 909 551 513 33 606 117 307 314 801 451 749 569 773 971 479 526 753 896 377 449 623 545 677 393 1 361 821 529 191 705 208 137 57 921 771 972 625 201 644 793 457 773 785 517 171 393 901 573 297 668 153 483 729 409
937 361 807 305 933 805 835 649 457 89 413 457 59 38 489 313 897 243 681 97 250 423 599 161 723 73 417 625 755 305 433 561 177 525 755 467 552 204 977 638 589 453 882 633 465 297 229 857 989 619 637 950 145 490 177 869 501 985 545 129 925 961 473 561 865 761 325 310 241 33 865 733 374 265 761 65 370 811 265 545 173 807 671 169 259 625 613 372 337 977 643 637 677 629 422 37 449 298 285 89 596 465 3 953 169 537 183 833 402 953 297 121 245 278 257 901 905 771 368 473 585 821 553 713 665 143 509 289 899 905 721 408 353 691 625 993 297 173 561 557 217 513 329 469 341 449 115 545 729 273 657 929 3 641 713 871 352 269 893 289 835 815 41 479 203 191 993 63
245 366 279 353 625 681 937 445 521 369 165 167 761 385 97 840 833 93 977 605 131 617 209 57 241 417 219 385 81 493 17 457 796 913 737 257 537 333 741 939 313 825 653 101 241 623 723 389 655 97 741 768 145 167 473 713 309 373 507 57 721 679 477 285 389 549 299 387 667 593 421 369 297 917 693 374 401 585 645 317 717 128 857 381 753 537 129 321 785 953 33 395 79 617 361 58 807 539 401 705 292 737 297 757 188 65 417 1 735 949 873 198 265 303 849 229 697 531 269 817 805 17 929 997 905 65 68 993 765 153 331 489 179 205 777 89 985 539 655 641 655 645 173 341 888 474 953 433 85 761 238 787 377 169 361 417 609 893 241 19 820 785 173 345 241 767 389 797
721 489 699 753 89 899 849 493 929 273 881 745 661 321 633 393 609 119 599 145 309 969 785 258 309 34 591 636 426 527 73 62 661 261 895 645 41 289 615 33 257 661 489 583 285 161 845 929 33 331 829 64 312 913 121 521 141 893 545 409 569 209 487 153 681 303 825 585 133 204 784 761 273 17 591 672 865 993 281 233 971 929 49 467 941 222 369 287 631 81 511 457 161 163 235 603 417 969 497 993 155 125 753 65 796 457 333 806 325 761 533 215 105 713 705 765 965 809 833 385 367 913 819 433 733 593 723 929 847 21 801 849 621 97 853 473 669 404 539 953 967 925 330 937 673 640 385 457 319 769 440 233 655 409 765 929 953 951 127 325 68 457 189 561 753 289 943 911
233 837 165 555 598 219 447 90 317 337 697 889 259 993 721 193 581 761 243 741 473 25 965 297 49 65 249 755 913 817 560 837 345 854 533 208 424 517 353 849 295 529 187 697 249 305 49 457 577 247 845 101 681 777 437 601 769 391 603 274 353 745 835 710 117 518 819 865 633 609 991 513 745 233 265 617 241 497 90 621 705 289 345 577 379 705 665 629 797 381 157 485 569 833 569 713 529 233 847 64 940 873 610 269 145 305 681 177 139 353 589 789 553 157 925 109 805 351 81 643 69 973 789 365 665 533 133 173 889 521 617 33 881 817 563 316 663 889 325 301 171 137 161 713 969 395 845 657 849 331 393 817 344 923 545 485 52 89 713 661 833 23 447 753 221 721 961 69
1 909 585 117 149 181 611 129 969 761 649 121 141 709 417 368 673 575 698 583 49 33 913 283 417 877 885 457 633 417 759 386 421 929 233 897 617 74 777 689 845 801 385 933 113 578 527 834 825 303 191 918 807 617 389 884 625 729 961 295 785 469 237 613 849 127 613 409 957 367 341 249 665 253 436 8 953 105 831 787 673 553 825 513 849 711 945 513 817 59 513 185 73 265 225 369 993 369 393 427 553 813 865 489 915 673 143 913 893 429 203 321 957 793 826 313 17 901 377 665 309 537 829 737 907 969 947 569 401 793 716 105 865 584 441 657 825 353 545 665 799 117 905 849 511 668 233 637 285 885 673 777 617 617 849 665 930 510 721 505 177 505 1 229 783 53 717 433
977 665 912 54 371 913 305 77 773 721 873 717 727 577 697 709 329 477 489 294 953 81 97 661 265 139 921 873 315 336 337 617 924 553 497 171 969 341 409 569 441 477 956 803 665 921 657 965 933 11 389 577 397 555 673 545 418 869 921 993 249 501 621 910 639 25 49 837 285 191 915 777 326 29 317 615 673 489 87 317 93 29 788 41 473 537 129 829 225 689 145 801 220 576 497 153 821 205 561 689 970 753 823 413 837 353 387 465 649 732 753 673 441 293 361 341 979 931 344 519 110 991 251 573 151 667 916 87 969 225 217 186 553 643 61 262 649 925 657 801 529 71 263 609 937 969 199 657 207 157 446 581 297 930 697 565 448 977 361 613 289 315 887 533 162 145 605 913
717 59 961 129 341 436 541 81 641 375 361 265 161 665 305 345 637 441 777 65 257 425 217 561 273 633 58 921 289 975 725 371 879 441 437 277 33 225 905 361 817 671 865 817 825 9 833 9 657 332 842 249 1 891 657 291 65 705 334 717 273 692 865 553 306 917 417 857 989 275 569 239 289 325 793 561 929 46 279 392 161 17 500 809 321 953 257 184 355 137 491 333 535 625 529 909 253 923 105 941 213 929 717 253 329 673 681 197 345 259 119 577 817 155 197 193 89 641 989 585 845 357 673 849 226 481 209 329 251 561 312 9 257 41 847 41 253 341 176 529 801 585 309 409 677 111 663 329 252 453 971 825 489 945 201 137 633 713 421 205 969 201 41 257 401 929 185 973
700 601 513 217 513 113 697 905 147 729 217 777 420 769 853 901 309 228 361 585 769 617 433 449 409 773 33 752 297 958 129 567 245 569 265 639 281 733 17 832 937 289 831 801 237 81 465 537 321 465 633 433 505 677 395 953 105 697 161 65 641 545 958 377 225 249 918 921 817 913 289 777 79 665 79 613 945 957 949 289 609 457 481 841 923 81 837 439 792 513 663 781 349 73 953 185 363 473 297 633 573 219 393 855 337 593 145 425 949 297 345 417 17 695 609 945 261 341 789 718 617 121 787 377 393 201 985 245 625 705 708 201 705 609 529 777 947 705 892 801 369 33 365 550 689 329 695 733 709 997 57 93 207 425 879 561 699 785 278 433 776 305 249 609 405 713 9 972
1000 461 527 969 21 517 225 315 825 473 209 366 147 129 801 257 739 665 745 868 365 852 793 588 849 441 961 893 593 824 873 925 97 49 539 265 633 339 852 897 809 695 425 677 573 343 831 673 891 880 341 905 313 417 867 147 683 409 689 785 633 141 201 129 177 149 10 233 777 293 845 685 213 485 333 181 105 241 481 761 310 513 57 825 465 661 953 749 233 678 949 75 241 241 623 865 787 910 673 187 913 793 63 273 129 615 641 653 907 899 241 340 211 944 345 469 79 165 425 1 983 939 971 757 207 858 749 825 49 644 567 725 213 833 891 317 345 737 273 633 237 718 233 491 143 291 457 139 241 931 828 517 593 809 65 129 257 417 377 137 445 41 777 623 337 425 225 817
753 965 671 553 641 81 753 139 609 204 717 145 737 341 737 417 619 861 321 585 897 865 856 97 625 657 599 337 209 273 711 806 397 521 634 452 57 417 168 953 663 377 281 652 849 916 261 993 152 369 441 593 117 297 369 617 950 115 970 536 339 617 691 597 957 337 819 937 989 977 257 481 569 97 441 555 961 607 874 847 41 573 377 177 761 493 181 673 19 809 25 759 119 505 293 841 372 41 209 465 429 505 801 426 623 151 99 156 121 873 281 769 345 301 609 553 937 993 356 449 413 792 753 126 941 711 901 833 931 473 425 183 505 897 795 374 641 969 583 265 361 737 281 473 440 333 879 197 521 909 854 269 585 950 25 817 185 555 336 736 941 471 129 409 369 841 559 154
73 954 201 422 782 225 483 57 536 693 633 796 233 445 886 553 193 59 957 989 57 474 731 101 977 489 121 953 189 1 33 57 450 976 813 1000 209 248 447 302 697 143 487 297 396 672 675 849 457 855 793 929 181 55 753 686 529 649 199 374 993 448 929 633 39 505 293 445 287 323 614 16 697 569 647 663 998 225 801 63 17 769 170 831 317 425 133 304 858 327 345 169 339 830 617 101 747 393 821 424 585 537 134 881 905 297 454 673 691 455 37 553 615 221 193 985 53 993 45 742 69 205 831 103 203 625 833 401 289 101 965 717 515 374 463 433 377 451 605 494 505 337 965 837 985 657 188 353 265 681 649 755 839 669 957 665 353 678 249 410 895 513 380 289 649 552 301 497
273 966 501 373 289 831 313 129 689 441 365 417 989 529 89 309 762 705 293 377 550 513 273 440 225 831 990 393 373 5 545 617 401 63 5 49 449 297 217 233 249 374 572 360 111 313 213 457 41 437 205 409 33 833 645 681 977 169 285 817 473 899 68 641 715 913 96 877 640 343 991 45 233 501 737 809 239 267 364 997 823 497 897 153 119 388 729 171 17 863 199 743 977 293 369 269 9 129 657 101 369 25 553 449 24 793 417 923 25 419 153 333 41 905 431 63 601 879 761 1 657 457 619 513 285 854 679 849 649 381 713 95 921 161 529 137 565 717 193 399 25 947 925 865 985 553 66 141 315 233 13 637 974 249 936 861 236 177 785 97 849 104 558 281 475 883 980 103
739 751 753 897 537 265 695 861 863 845 201 665 327 45 459 33 545 353 275 319 69 553 769 393 898 601 64 969 960 549 317 93 725 689 873 457 939 793 305 633 577 65 477 409 629 316 281 621 299 845 401 601 289 973 845 607 628 733 257 853 25 945 705 191 661 653 58 365 171 833 128 445 961 427 209 163 817 191 89 746 97 833 965 714 533 465 277 272 300 767 763 697 590 201 777 4 649 205 158 869 431 425 917 945 273 793 99 857 781 165 245 479 257 537 937 593 417 975 101 899 889 577 21 241 273 621 984 967 225 813 825 545 353 233 845 297 853 253 737 413 49 703 981 251 53 441 545 365 905 303 449 493 465 865 267 676 829 433 17 857 663 41 148 809 25 17 349 759
297 917 433 541 682 801 465 765 133 456 481 633 957 568 948 695 681 35 920 761 477 889 843 297 613 969 481 967 17 841 965 665 457 258 635 944 809 801 981 9 731 897 242 401 537 349 187 377 331 705 925 633 935 849 17 527 853 449 121 343 633 306 850 65 913 993 937 55 177 649 193 249 9 169 1 681 313 513 543 625 289 535 385 337 159 953 993 977 926 441 133 345 337 129 641 976 69 909 737 419 561 977 13 829 813 837 717 201 309 611 567 513 384 907 353 289 745 729 355 133 249 974 358 418 762 563 106 145 462 491 289 319 841 465 613 905 181 693 913 377 745 585 710 108 441 205 529 907 456 721 667 901 161 983 711 127 79 707 689 249 49 671 938 257 385 945 849 845
369 129 137 689 791 126 262 339 753 344 917 457 881 133 860 903 979 82 609 289 849 400 149 289 673 241 268 17 674 581 858 209 345 174 689 279 569 737 917 827 463 87 391 485 417 537 777 289 1 985 815 721 48 905 429 77 621 881 357 641 889 467 79 313 657 713 645 383 713 969 897 853 497 805 762 97 77 567 729 997 25 353 161 457 689 177 229 249 350 637 985 372 97 425 142 729 575 665 809 305 207 565 89 841 993 209 321 353 186 177 146 705 181 171 789 673 837 207 897 65 738 421 425 978 457 577 868 713 207 241 409 5 883 824 979 441 401 657 385 809 473 477 125 609 390 209 925 897 313 353 785 61 517 225 949 573 913 815 831 49 825 69 605 61 29 297 289 613
297 374 465 774 687 549 840 368 556 765 349 409 61 389 737 237 961 753 555 703 417 785 986 137 456 639 550 990 17 11 233 161 697 723 67 833 541 191 992 569 89 579 121 604 421 360 36 885 409 769 345 527 601 617 705 25 228 465 327 73 231 299 929 231 911 713 618 257 313 574 49 145 892 693 17 319 689 953 385 173 555 33 519 349 100 145 261 377 297 577 861 465 433 390 521 609 829 641 649 988 757 25 745 481 439 929 977 933 877 345 217 525 207 1 60 762 985 233 605 689 379 799 603 825 33 974 153 527 189 893 945 997 931 769 113 589 905 281 113 355 273 268 833 152 936 225 762 237 847 961 33 825 669 189 355 929 523 865 641 225 265 185 257 181 195 613 801 929
225 317 739 921 874 449 753 707 741 179 337 224 431 401 655 81 41 639 378 969 505 585 242 625 650 788 407 341 9 539 365 653 697 561 253 449 977 537 873 929 33 745 211 903 960 644 725 177 449 309 177 359 881 667 962 977 514 473 825 249 857 129 538 913 901 745 601 729 805 949 282 665 689 889 849 675 129 721 523 193 735 249 137 82 41 874 389 799 793 357 589 174 469 719 825 77 487 233 779 835 313 729 285 185 151 345 913 721 649 567 185 810 577 61 976 809 705 5 597 969 153 657 842 717 399 889 451 929 877 661 969 466 515 923 191 409 543 521 37 713 889 453 417 23 297 634 709 907 225 565 221 183 145 529 497 229 665 151 65 967 801 101 741 71 887 17 877 337
98 817 857 409 945 761 689 527 233 553 985 169 926 929 993 505 809 521 491 161 349 299 401 577 439 599 217 995 569 553 965 117 81 73 809 801 379 305 473 161 554 971 165 481 597 817 57 921 233 145 565 137 921 880 873 113 809 801 449 69 779 929 887 893 861 753 641 689 121 737 59 577 597 605 505 323 561 633 32 825 993 213 697 669 177 1 569 273 969 621 241 641 57 913 313 554 489 505 809 517 425 837 421 547 386 469 75 524 165 389 185 641 389 103 753 748 261 233 603 929 818 683 801 137 545 145 808 689 1 941 415 328 97 612 490 250 249 241 237 601 72 433 860 811 653 243 833 273 257 281 969 939 169 953 165 753 856 201 729 473 9 221 593 809 485 537 969 353
577 385 727 193 67 285 407 486 393 137 209 989 630 967 51 737 789 193 109 753 99 803 409 317 969 975 109 761 521 297 959 25 35 49 583 233 9 409 489 353 905 898 177 161 185 647 425 317 881 735 249 892 764 391 945 978 57 593 373 289 619 937 642 678 301 619 841 497 465 713 227 833 810 793 851 720 257 164 473 553 955 553 625 465 951 585 805 657 455 973 469 177 775 341 785 265 897 345 704 319 929 623 733 825 31 745 133 428 69 937 285 25 693 416 121 121 25 489 697 241 537 185 601 853 827 849 193 121 317 169 345 41 865 369 209 49 101 731 49 274 442 841 922 123 777 289 787 577 689 99 769 468 305 363 489 225 257 219 697 419 197 901 463 397 707 557 903 657
85 838 369 537 153 961 201 919 319 669 257 489 901 249 249 453 497 1 213 517 883 562 449 185 753 369 5 521 297 748 965 44 494 557 54 857 325 409 898 297 765 451 785 603 106 919 825 41 381 285 941 542 585 609 520 987 77 629 601 480 809 859 641 29 697 353 811 689 959 69 729 766 745 915 5 565 3 59 729 421 249 921 833 585 121 433 613 895 181 321 592 889 257 465 17 649 633 737 689 45 789 961 385 793 784 817 609 233 977 31 307 665 233 61 446 531 605 963 665 889 881 119 737 585 265 401 741 177 373 289 52 177 881 249 129 137 597 677 321 490 89 137 545 57 205 399 1 905 2 744 111 457 969 727 918 29 899 257 265 185 369 345 513 841 803 567 933 506
799 169 117 65 403 281 31 237 137 477 585 361 863 968 521 93 733 136 653 189 652 185 857 731 281 849 509 129 721 257 484 121 533 537 329 433 193 657 158 447 433 625 705 157 83 433 993 473 727 628 633 193 789 352 305 761 19 129 313 149 925 147 137 1 897 17 201 637 865 549 505 225 803 51 649 238 718 105 705 877 65 553 567 281 481 841 157 689 217 597 901 624 802 181 945 209 265 193 872 57 343 17 309 421 769 843 121 345 157 745 613 452 809 277 561 3 857 193 617 186 441 167 395 745 893 9 77 817 369 961 913 309 211 329 209 617 671 611 929 491 605 407 609 335 801 945 107 33 841 751 937 949 831 973 839 841 413 617 609 833 217 977 881 29 223 446 455 853
97 93 3 20 393 101 421 835 369 833 137 720 305 447 573 713 529 313 605 323 793 907 414 65 927 546 578 508 345 125 375 505 344 773 966 109 481 753 565 205 569 537 905 957 673 347 199 433 505 913 137 775 311 145 81 563 377 706 401 797 177 197 817 115 24 645 737 745 957 737 895 953 61 949 364 401 53 593 249 873 286 297 207 285 817 5 17 216 129 409 549 181 588 633 833 757 789 57 818 733 929 37 769 240 88 873 187 545 729 577 133 885 609 345 881 287 942 317 521 979 689 837 625 939 458 922 25 177 897 721 41 555 95 281 83 833 367 757 745 228 619 91 241 85 609 399 409 833 809 345 910 67 19 833 962 795 382 973 49 757 689 617 903 873 2 167 275 90
899 683 17 745 459 300 961 441 383 655 145 499 551 393 684 397 937 657 413 1 931 697 993 393 421 101 191 65 190 953 257 277 677 97 161 985 107 993 893 665 479 25 805 985 319 193 231 881 81 3 737 257 260 345 413 317 28 73 377 631 757 53 885 201 5 969 193 535 653 409 575 557 917 49 793 841 957 545 257 489 580 521 251 257 681 217 443 417 41 481 744 527 241 473 129 745 961 516 809 81 534 809 137 518 291 625 733 529 921 373 949 149 121 27 209 100 161 49 385 69 293 721 729 446 569 65 897 165 164 658 793 401 425 321 571 305 145 685 745 317 833 897 993 249 1 601 161 943 537 121 961 869 673 641 727 539 983 557 337 509 886 161 305 630 293 737 843 33
929 681 415 905 929 631 659 50 649 700 759 825 503 397 848 125 35 925 595 253 447 441 744 523 453 545 227 93 701 761 985 33 855 364 937 313 497 761 41 813 585 877 683 709 573 409 709 877 393 201 913 449 769 417 186 41 393 297 135 677 481 729 201 26 551 525 725 263 78 203 65 585 919 857 609 569 361 537 513 381 385 813 321 563 589 465 15 425 763 185 349 413 713 89 919 973 29 561 345 509 165 323 317 745 321 285 681 37 705 385 381 985 785 265 641 121 259 729 433 801 737 193 601 27 302 25 377 743 849 543 809 113 89 577 374 321 699 583 721 686 913 847 583 721 49 193 373 451 698 789 69 385 105 756 8 689 363 751 5 749 519 977 709 147 593 785 87 444
721 929 305 35 161 663 276 997 215 797 153 121 865 921 697 649 769 84 409 311 161 50 851 979 383 881 953 25 793 385 650 431 909 585 448 689 709 971 745 1 735 913 65 329 874 345 617 97 585 399 397 344 609 562 433 185 177 425 155 983 653 737 529 49 895 79 57 701 209 659 297 289 913 191 697 459 261 825 551 937 809 821 744 173 95 239 41 705 369 665 769 689 353 183 665 485 91 883 565 47 665 673 329 985 901 639 921 217 297 470 940 117 803 714 145 503 693 865 849 989 913 461 200 489 389 337 753 941 952 751 819 144 41 981 485 453 123 673 713 337 346 745 909 101 693 906 667 465 337 73 641 301 829 517 49 855 881 159 907 433 429 433 436 78 694 533 73 401
805 737 49 593 129 930 452 205 305 303 265 793 49 341 524 645 336 265 169 129 333 809 617 953 705 77 373 733 657 991 798 672 523 961 681 877 193 168 57 913 50 129 177 429 993 901 769 760 137 629 57 480 372 198 577 337 890 789 793 640 869 501 65 984 601 703 780 653 233 246 641 217 180 671 853 991 281 279 557 433 217 459 505 172 285 125 721 345 904 818 905 829 679 501 617 341 225 17 573 481 81 989 385 576 433 445 465 937 593 485 477 909 79 981 225 541 629 81 961 369 361 775 481 649 199 751 921 217 299 91 351 345 188 921 513 249 711 769 921 787 929 213 409 601 893 5 813 249 323 275 13 27 127 913 539 607 397 851 77 811 281 285 853 425 831 338 789 271
289 677 339 393 925 66 681 533 385 867 337 678 641 661 129 225 988 825 271 63 849 974 659 681 745 523 701 775 932 35 445 18 417 568 977 649 291 961 521 497 779 99 881 357 761 952 291 40 787 721 881 113 681 921 225 413 705 969 97 711 389 493 429 747 141 369 705 56 9 211 465 337 553 514 751 689 657 165 113 307 279 833 41 629 37 108 971 889 920 5 487 475 854 733 513 347 129 539 385 263 609 817 409 61 740 683 13 677 145 861 126 268 641 361 149 617 9 944 197 203 485 519 327 377 225 897 290 809 691 237 893 529 441 161 31 321 509 393 657 513 307 687 983 641 569 609 101 649 905 711 588 125 601 561 599 395 993 249 856 373 523 973 753 943 821 389 13 593
781 785 617 153 986 235 67 797 77 933 994 697 661 480 629 59 430 717 193 960 393 791 317 124 809 428 925 113 597 369 617 89 408 192 493 693 705 801 909 697 227 245 513 383 366 941 837 156 969 681 145 721 233 713 445 775 521 217 301 201 57 329 132 481 865 497 41 80 585 505 666 729 897 129 746 86 198 709 937 641 845 329 369 167 401 489 977 55 149 117 425 51 189 152 461 481 607 23 777 429 933 478 153 573 273 457 397 97 585 597 509 469 593 81 729 213 69 1 978 565 749 597 671 324 625 481 903 937 343 821 89 847 401 740 251 960 689 539 217 257 777 769 314 565 111 585 353 57 454 665 789 803 273 49 865 593 689 509 193 513 517 85 677 925 881 225 104 581
826 287 855 329 773 217 729 579 483 249 479 457 65 265 57 701 629 545 793 205 345 853 329 499 681 953 326 429 545 797 728 785 133 29 169 713 721 39 803 743 425 597 47 741 545 253 833 370 127 529 783 950 566 325 913 25 475 246 670 945 569 468 750 473 513 397 285 809 577 877 106 529 883 201 869 43 73 653 211 761 861 513 229 425 757 974 893 571 672 415 413 576 509 627 409 457 473 867 49 801 277 901 593 361 146 177 117 347 257 161 94 229 177 661 665 561 292 587 695 15 386 966 305 937 249 57 73 767 705 133 45 741 577 709 942 861 113 521 857 301 945 327 293 105 713 33 677 458 169 145 727 665 917 521 69 619 225 601 155 823 125 433 969 836 169 970 247 799
945 849 353 778 478 969 619 642 585 785 369 593 864 345 739 61 143 173 297 683 973 748 485 65 197 989 399 863 65 553 101 329 983 421 267 113 121 729 965 393 977 493 481 45 73 249 983 381 801 81 905 937 382 361 857 65 577 955 217 617 645 389 401 405 121 921 929 353 917 80 361 321 209 435 481 565 527 881 793 362 395 505 93 127 281 153 369 542 126 840 961 377 769 127 779 553 121 273 193 651 449 289 65 134 833 753 629 877 713 483 889 569 913 749 53 757 221 341 993 725 41 217 334 409 533 563 977 27 269 693 574 145 321 461 442 761 985 449 929 661 392 964 473 857 89 969 969 761 265 796 657 185 617 745 190 193 265 433 145 361 681 725 649 229 37 418 954 393
201 83 249 545 541 160 545 775 945 768 839 977 921 988 673 505 33 62 809 333 529 817 401 705 787 701 633 973 685 225 509 313 569 157 763 737 665 637 973 919 799 637 161 932 201 793 984 281 409 584 79 101 257 673 523 940 753 731 369 405 485 497 913 193 148 281 375 913 681 625 905 951 881 873 509 218 241 489 585 865 379 901 729 110 803 440 401 602 141 491 829 353 343 61 105 937 657 521 897 693 705 713 41 673 69 665 484 289 402 601 185 679 531 239 129 385 417 711 830 483 432 209 13 518 517 665 909 927 541 717 892 288 435 297 21 35 473 461 177 153 377 953 529 993 611 677 377 309 543 525 737 489 961 769 145 392 327 496 395 12 905 193 649 141 181 353 473 633
409 669 288 473 765 973 412 929 606 93 109 913 889 325 913 255 319 596 640 657 545 758 249 913 365 289 177 949 361 609 889 287 641 908 609 673 333 469 913 573 957 198 279 449 990 379 523 81 799 17 407 729 571 177 350 994 967 553 982 201 153 449 306 473 897 569 642 169 401 577 315 105 217 217 574 221 965 940 441 809 713 521 779 779 467 129 831 241 185 429 641 765 617 585 985 489 705 329 891 145 457 582 459 745 516 65 249 353 401 353 51 181 384 161 523 889 401 97 613 925 97 537 232 809 217 21 87 849 584 935 377 819 913 163 193 951 343 824 665 277 745 956 81 101 586 737 231 881 617 408 191 665 9 821 217 129 605 163 385 921 971 881 389 65 963 447 913 33
921 735 778 437 107 441 977 651 329 509 957 961 281 163 481 705 6 937 113 513 601 81 260 645 121 281 601 325 529 269 795 977 543 101 705 93 881 175 721 129 405 857 793 522 809 873 3 89 921 561 421 681 97 73 793 991 921 345 269 535 955 489 162 619 879 10 107 445 240 193 793 917 921 857 667 519 807 675 49 42 729 625 623 385 391 17 121 153 581 841 329 745 993 65 49 379 221 905 201 753 380 725 21 390 305 175 610 425 231 501 273 609 653 562 351 163 89 205 825 989 423 665 590 657 273 449 119 513 473 403 105 409 945 137 385 59 41 915 117 993 297 453 761 363 945 987 382 351 553 433 861 145 681 597 765 360 385 75 482 145 861 236 570 575 89 410 265 810
921 551 298 519 625 281 25 835 569 26 664 89 665 797 33 25 41 167 273 853 275 929 801 873 127 657 508 181 737 449 449 281 40 925 225 241 881 841 693 961 465 458 939 649 321 821 777 105 486 569 745 353 304 129 228 273 860 789 397 107 353 249 223 921 631 285 489 490 493 969 745 340 783 29 813 821 961 481 347 789 95 269 138 801 261 410 618 113 823 825 19 461 985 89 131 363 384 29 937 729 705 793 27 405 41 741 313 819 593 759 697 116 77 529 273 83 473 969 833 23 521 277 833 553 821 271 153 528 955 929 803 227 88 480 17 457 881 503 569 865 389 229 458 633 2 247 571 409 437 457 897 233 275 949 555 941 817 817 777 847 717 17 518 689 659 783 385 825
89 721 429 371 517 387 57 873 521 401 513 540 57 81 133 813 713 585 779 517 949 833 680 33 249 961 993 803 193 199 940 373 501 281 677 817 9 125 852 117 57 392 557 41 195 887 607 389 89 148 977 321 761 929 831 657 386 277 489 360 797 281 685 45 138 805 629 177 896 289 189 793 179 385 161 421 649 85 93 989 811 449 511 29 225 265 273 594 393 601 245 523 991 897 925 73 81 729 637 762 547 425 825 881 935 25 173 953 523 657 61 561 861 641 921 769 425 841 89 537 737 545 113 589 569 209 813 835 847 961 169 591 82 873 487 761 939 905 33 995 642 637 953 202 198 393 853 109 217 977 669 441 837 561 659 569 381 137 696 649 241 673 65 189 809 950 179 155
381 41 865 965 643 441 981 513 731 301 169 809 401 111 965 281 137 337 449 913 345 921 59 153 42 585 835 742 322 613 485 532 481 667 721 873 269 377 713 449 409 417 745 273 8 44 49 983 199 135 577 784 681 357 712 967 131 971 681 97 825 745 961 657 383 202 698 907 497 673 537 289 253 255 737 673 721 441 34 209 265 897 213 225 607 531 291 601 561 841 113 73 689 585 801 51 785 771 241 711 853 375 409 104 577 636 753 542 263 529 337 106 825 885 229 761 269 497 369 243 681 741 337 473 585 237 971 413 505 325 325 393 873 475 489 361 9 637 140 333 190 655 161 233 69 825 112 579 417 225 137 73 88 100 709 589 117 200 33 711 459 397 234 635 458 941 195 693
781 949 519 771 705 425 785 969 804 257 993 142 649 85 825 943 29 697 417 569 325 577 100 255 129 49 221 393 261 609 621 297 249 533 577 471 9 200 761 452 969 805 889 137 405 537 19 209 441 965 673 409 267 719 825 189 476 11 673 9 441 287 951 977 629 217 550 41 17 561 841 161 8 893 432 907 445 861 965 368 585 825 665 289 685 745 439 777 39 505 449 365 252 885 649 892 833 883 501 641 109 473 469 417 577 199 895 737 81 385 17 475 273 561 376 505 653 31 705 405 377 527 737 477 233 849 457 593 987 937 921 260 43 809 747 297 141 323 913 312 441 225 772 447 350 537 841 673 567 203 805 745 433 971 353 745 989 740 545 193 981 641 585 495 129 604 113 839
650 55 935 200 473 779 187 153 545 769 990 793 115 505 653 406 249 937 283 677 609 67 638 345 585 263 782 516 963 151 49 105 683 262 548 238 165 867 675 1 787 861 157 137 841 657 325 851 705 905 61 273 417 105 633 39 441 529 873 213 921 611 777 829 901 825 917 869 885 726 9 337 945 666 453 329 473 845 936 599 937 553 521 233 857 646 770 219 737 933 219 805 913 629 694 343 219 707 353 643 57 731 169 425 121 745 641 138 445 793 663 857 241 829 169 225 865 53 461 650 843 817 631 767 217 785 843 867 125 881 569 378 73 881 265 873 867 938 841 955 729 805 817 749 137 753 433 617 897 831 161 896 185 673 265 13 942 41 525 105 937 7 695 849 685 528 487 513
152 65 657 364 850 935 598 701 209 991 572 215 493 55 385 529 324 329 217 809 893 905 307 106 245 821 689 425 637 512 169 19 761 639 667 673 153 677 214 761 385 273 466 725 77 265 741 841 9 313 657 656 406 489 505 699 809 617 245 105 419 658 39 577 443 121 780 825 625 233 743 231 867 509 515 705 262 64 386 793 793 233 493 139 41 337 878 893 784 691 909 403 821 585 776 281 789 121 357 280 529 301 533 233 293 124 1 249 456 417 393 98 105 318 649 969 657 135 617 281 767 297 561 41 225 953 49 25 539 217 625 945 657 813 801 489 919 321 593 833 81 85 159 729 33 924 881 57 545 339 373 737 217 503 240 597 689 633 25 220 989 231 521 633 777 241 289 761
1 865 266 545 479 210 165 51 17 905 99 313 829 619 865 197 897 880 974 781 344 652 93 465 863 427 393 857 833 41 745 505 195 153 221 177 363 261 323 632 859 471 725 121 65 851 917 361 865 13 35 609 803 139 889 245 913 849 205 263 17 785 841 579 963 170 661 153 693 825 66 689 325 929 583 665 117 773 753 789 337 553 53 868 779 1 21 979 497 407 57 787 958 677 193 83 761 399 683 681 195 465 285 105 385 910 177 1 869 841 927 423 429 857 365 777 673 513 49 834 257 249 557 289 827 753 649 460 571 629 337 505 925 369 673 386 441 935 797 25 255 47 551 201 513 257 749 103 541 691 478 503 597 831 977 864 449 689 763 660 259 737 437 607 953 131 877 361
57 953 17 193 907 737 457 569 973 3 175 761 529 345 41 327 909 593 733 547 945 641 393 245 417 936 509 265 973 573 602 669 609 765 571 761 457 145 93 329 217 233 673 25 358 69 345 537 473 729 321 29 823 111 181 695 587 729 919 471 491 61 166 193 677 377 127 769 89 516 813 473 833 581 45 789 488 121 671 929 313 45 377 563 53 33 691 681 621 816 41 420 607 905 719 943 610 701 343 321 381 210 729 375 427 929 937 867 167 905 457 953 806 441 550 925 799 241 803 71 553 448 575 821 937 930 909 285 669 385 381 913 893 147 775 875 730 961 966 665 449 569 129 565 17 73 661 748 759 929 661 617 727 152 573 507 47 499 709 839 273 479 385 157 969 823 705 833
105 475 988 537 529 63 425 177 835 183 457 917 686 693 489 793 879 719 599 111 499 226 657 599 689 625 885 617 779 145 865 176 193 593 845 889 41 129 952 737 865 771 918 947 756 913 913 529 277 849 386 841 323 65 931 324 952 691 923 309 529 177 550 528 65 833 427 673 993 217 553 485 259 209 395 577 273 161 868 641 809 817 711 32 465 969 409 120 329 961 41 697 57 201 649 177 422 935 881 911 601 863 441 601 601 585 641 265 793 529 481 140 765 81 454 945 465 513 817 319 881 665 841 583 693 229 497 441 927 809 825 781 673 81 621 819 233 545 321 479 297 819 100 69 321 49 481 553 625 181 505 979 33 615 325 513 473 872 953 377 982 845 357 201 131 889 42 4
41 993 637 647 105 325 769 625 789 137 577 229 819 535 182 1000 705 117 295 577 997 497 831 989 961 265 413 195 985 145 681 1 221 121 1 329 597 457 240 441 787 614 451 853 172 204 941 361 745 281 625 921 211 885 929 513 914 205 893 809 449 487 597 121 12 17 175 901 621 141 361 617 865 137 131 841 342 29 190 897 449 313 945 690 71 527 729 801 407 409 137 641 577 921 581 531 369 593 55 290 826 189 153 69 127 795 465 89 773 841 105 151 517 149 873 57 570 997 983 217 597 931 773 773 169 661 101 73 629 41 785 963 81 452 195 313 633 329 689 605 55 729 33 602 313 433 588 649 879 173 889 78 873 21 537 381 161 109 457 353 625 675 607 807 747 945 953 147
401 109 673 393 913 949 386 109 246 865 657 41 941 601 127 765 880 847 466 265 857 538 313 345 103 849 865 391 49 221 241 33 193 631 401 433 967 781 295 57 33 493 569 485 407 401 755 593 497 744 449 465 277 559 45 537 735 992 843 633 391 837 241 503 557 346 73 651 879 609 545 799 673 649 64 673 961 829 49 473 593 73 475 137 889 831 153 877 105 999 549 77 653 745 609 41 558 292 441 955 909 773 145 408 107 21 552 525 480 941 41 153 169 233 373 349 169 764 879 145 735 177 194 813 185 209 121 467 993 321 473 73 76 817 913 335 973 946 345 887 347 440 643 577 137 761 507 83 105 810 9 511 147 53 701 809 385 241 113 877 5 165 136 673 809 44 113 65
321 577 749 433 281 489 289 876 437 705 289 105 372 965 593 459 593 617 305 121 458 929 6 551 631 777 313 497 733 289 985 189 180 913 123 193 61 49 425 785 685 469 254 209 817 377 607 29 227 866 81 349 249 334 419 305 385 321 121 331 629 561 497 505 271 225 382 243 873 817 321 997 929 449 601 841 689 113 513 301 665 483 465 169 627 777 513 713 113 801 889 788 129 913 709 197 1 753 472 941 319 442 517 9 57 331 150 705 977 635 157 379 51 737 876 25 266 313 497 361 505 761 613 920 449 425 721 833 161 867 121 929 957 625 985 225 321 275 649 881 727 345 245 432 785 585 882 867 889 273 425 602 5 53 377 81 650 1 720 663 265 209 685 409 604 601 217 803
675 683 177 221 385 400 177 937 693 165 945 729 191 965 195 469 153 787 201 25 209 313 799 404 633 397 804 697 828 656 893 371 933 398 785 593 360 151 489 67 611 557 699 881 89 321 977 945 881 289 813 309 113 489 873 893 273 489 753 169 905 489 937 505 211 797 33 816 157 581 329 137 133 97 767 75 981 769 753 551 975 129 725 114 261 449 449 433 633 121 789 441 347 859 805 965 329 719 529 473 426 129 517 441 912 379 477 849 543 779 9 713 161 457 793 461 406 267 241 929 181 249 255 873 319 579 45 57 817 109 439 449 72 312 674 257 947 421 39 570 829 983 573 311 438 745 153 84 333 869 905 399 249 983 140 783 813 881 905 783 121 281 149 659 273 929 945 905
173 671 577 621 937 951 329 731 620 821 741 563 682 145 481 587 205 193 259 785 973 889 826 11 781 267 457 881 505 975 355 795 977 361 15 614 813 281 97 809 961 25 628 453 990 459 428 749 853 405 809 207 724 249 785 313 626 681 585 911 831 209 333 777 773 73 358 13 271 73 721 974 853 831 839 537 601 441 306 33 526 769 409 353 985 201 833 757 513 493 283 513 785 417 177 57 229 23 257 495 169 652 553 197 765 473 909 641 507 641 966 697 124 169 860 809 889 377 865 349 665 971 840 561 275 89 401 358 169 275 545 970 105 581 257 944 975 913 437 564 103 193 441 737 945 787 485 553 361 973 475 611 259 505 617 153 273 179 265 526 657 215 617 351 129 553 805 505
385 793 697 989 181 169 321 893 825 637 579 329 451 845 353 364 474 137 409 753 165 113 39 313 545 625 313 493 35 881 449 917 95 309 113 657 835 873 705 601 99 481 545 241 149 913 297 511 969 913 425 17 139 929 897 587 713 397 769 513 129 25 161 753 839 105 603 797 385 65 277 441 550 354 87 593 889 869 877 377 331 835 10 681 823 591 817 673 129 855 787 175 845 121 883 137 49 427 457 745 433 475 1 264 633 281 681 311 479 689 433 946 763 519 977 464 609 276 535 305 584 746 909 997 953 149 473 132 325 385 415 221 130 159 945 219 301 113 951 319 513 659 433 750 7 517 472 3 585 705 7 425 453 723 615 713 329 701 217 397 657 323 707 897 639 457 245 609
509 533 718 857 215 321 809 260 409 593 775 459 306 507 57 129 932 321 10 29 927 900 541 745 737 235 455 404 101 17 889 873 225 129 240 220 334 65 700 579 133 169 411 393 873 695 433 747 617 54 473 481 775 33 633 109 937 393 505 809 121 57 481 689 77 365 73 361 249 753 60 273 929 237 585 529 289 591 993 842 601 769 969 9 493 205 97 337 45 813 841 829 153 801 916 573 257 749 17 823 795 751 517 313 537 753 381 299 297 279 757 425 99 581 665 629 147 145 409 895 536 745 593 455 1 645 455 829 243 761 910 97 841 77 537 243 607 239 913 676 705 265 313 347 555 769 429 977 311 883 136 249 461 141 667 275 453 713 9 156 297 409 49 817 17 11 721 235
893 369 401 39 806 17 191 959 585 844 249 547 937 419 129 158 565 969 609 446 179 37 383 401 841 650 69 85 81 953 753 17 721 327 937 787 121 164 665 513 347 436 537 49 111 596 681 605 225 641 953 902 841 337 736 705 826 601 849 997 615 870 193 289 919 994 991 217 953 349 729 547 461 16 213 9 207 337 753 960 899 177 876 141 225 104 17 328 153 897 54 41 189 785 33 970 173 945 766 137 535 149 329 218 313 565 6 909 399 849 473 45 313 285 893 729 341 401 339 361 193 654 168 521 877 737 717 417 33 753 849 761 473 65 169 411 279 129 645 89 625 89 453 645 219 935 937 268 801 521 401 305 878 96 345 243 719 386 953 159 109 745 803 267 657 533 515 73
9 793 313 797 237 653 933 535 363 545 117 97 991 233 753 685 737 434 841 89 989 73 575 673 425 409 105 343 892 427 657 1 777 969 593 985 319 833 933 577 937 145 153 349 53 401 511 705 865 145 341 829 17 513 521 1 347 253 600 935 649 297 127 606 257 257 941 297 729 761 785 873 41 941 517 137 697 201 475 990 409 721 505 557 577 817 858 673 149 153 513 233 547 561 337 403 145 877 64 489 647 448 49 337 165 399 33 833 517 57 768 865 925 977 810 534 821 249 693 517 300 739 857 673 713 165 404 153 997 473 513 671 531 625 305 741 811 750 883 649 65 653 601 721 155 89 749 63 601 513 873 413 241 248 625 729 497 769 449 345 201 645 663 677 657 300 647 64
513 713 625 422 61 97 897 965 295 289 641 129 553 249 455 865 379 255 25 121 673 726 152 153 931 345 725 789 433 193 734 15 777 995 471 463 521 203 74 419 183 975 628 569 841 761 992 817 413 148 849 777 141 445 490 842 881 169 59 921 549 533 321 865 1 751 883 389 465 61 37 993 585 409 149 105 955 467 297 691 401 845 184 349 385 285 769 981 699 217 113 505 315 953 249 714 145 893 697 225 33 951 752 549 909 683 13 393 425 398 183 401 537 813 479 889 337 169 93 573 553 897 869 580 359 573 372 949 153 601 849 639 537 985 251 917 672 857 169 233 929 273 705 649 881 281 769 543 445 242 845 145 145 181 213 337 945 585 754 466 485 504 281 189 231 825 617 644
745 521 425 985 161 545 913 233 446 627 945 103 33 243 807 169 556 769 793 897 577 603 249 753 621 793 633 345 17 21 329 611 406 351 401 705 505 373 101 903 686 851 997 589 573 441 292 486 973 196 413 453 521 221 377 77 549 794 865 737 301 133 985 79 485 761 993 329 377 675 567 956 323 329 849 365 463 896 905 104 587 605 505 329 823 409 968 935 657 377 73 573 307 107 621 149 546 351 553 161 637 9 77 817 201 421 654 15 369 969 473 538 795 635 158 865 773 896 633 641 521 626 697 193 239 305 173 443 857 121 793 561 197 649 49 625 903 669 993 649 222 134 891 433 341 82 466 485 169 857 281 977 461 966 778 943 695 629 583 626 305 81 699 700 798 617 717 521
377 9 593 377 41 481 357 281 241 917 898 391 229 41 297 269 909 482 753 177 697 693 217 217 505 129 797 913 929 33 407 49 289 335 589 169 769 499 857 299 252 305 991 399 915 508 545 803 345 341 715 353 465 827 367 373 349 33 465 555 881 577 461 93 647 233 856 319 195 537 81 897 960 913 910 426 823 737 209 393 241 1 457 210 663 789 945 565 731 41 529 635 489 61 41 219 947 189 805 658 329 317 469 755 681 505 633 353 745 554 361 561 121 301 829 873 933 875 281 513 585 964 169 624 585 749 337 861 581 647 583 735 417 85 169 556 441 317 265 225 873 811 529 193 933 535 665 819 861 235 953 137 933 966 661 737 102 129 41 937 521 89 379 225 649 849 141 361
315 971 419 71 105 985 73 194 573 893 108 472 236 751 841 449 473 729 468 193 305 49 52 225 498 285 639 232 969 201 715 139 721 427 989 622 821 277 781 257 737 769 136 529 305 629 715 407 753 113 449 645 369 153 81 297 137 257 789 369 449 865 97 689 493 254 81 289 819 217 817 853 216 204 505 269 133 465 9 151 737 53 355 297 217 561 854 817 683 853 917 293 41 875 113 589 367 913 771 705 313 681 873 701 995 93 140 921 871 937 915 249 67 367 289 468 985 425 640 145 400 785 365 299 297 941 733 177 833 648 896 109 819 953 297 409 145 125 716 377 981 759 905 667 913 965 892 825 708 541 771 861 857 411 293 23 76 937 853 5 485 513 329 21 450 113 417 117
409 65 761 57 77 84 665 289 496 409 369 747 657 29 51 601 301 169 514 6 158 179 473 283 159 993 721 946 513 342 521 153 709 823 75 297 930 521 315 889 33 633 529 929 397 569 493 373 217 967 697 420 889 917 53 173 801 205 679 669 618 689 97 277 434 132 353 525 651 641 898 153 263 747 305 225 273 865 739 661 345 604 473 984 717 733 761 173 369 297 285 677 661 681 761 926 987 600 279 617 545 897 737 961 143 495 97 641 573 897 228 210 801 57 127 403 465 683 133 989 892 397 25 465 529 393 387 305 151 395 45 39 433 661 674 773 521 409 337 521 529 281 621 179 498 809 257 801 203 77 438 415 72 783 577 323 449 609 197 758 73 321 845 13 149 377 999 617
765 129 569 226 9 671 761 833 421 441 273 213 809 12 39 493 377 213 13 937 245 213 431 953 393 443 211 617 619 899 785 795 161 254 177 425 873 185 201 381 401 225 199 173 649 981 889 935 343 777 98 878 687 855 301 937 233 109 521 169 953 929 705 305 857 641 217 123 122 873 711 825 807 893 181 835 161 357 624 857 544 561 793 951 609 713 9 927 145 603 435 1 970 829 461 957 785 223 121 289 881 906 465 911 809 681 17 945 743 113 149 505 485 785 897 665 379 453 729 57 537 865 335 721 25 245 192 195 737 395 169 495 111 417 145 881 955 915 677 617 897 641 529 721 369 285 125 155 189 115 849 873 266 961 405 129 409 205 905 377 821 249 681 637 654 653 21 861
634 922 957 241 149 249 107 937 545 583 863 37 841 65 307 77 609 633 685 497 881 842 401 73 725 1000 927 953 121 825 89 380 697 467 497 821 147 759 625 337 49 797 993 193 97 761 857 856 147 953 861 593 765 809 5 253 766 553 721 705 707 393 967 977 430 274 55 113 929 706 585 677 537 953 565 193 489 329 697 377 769 757 921 553 545 469 165 727 827 33 393 169 425 355 865 281 533 229 965 561 821 457 955 129 665 948 37 542 153 20 857 118 117 375 101 581 972 773 718 401 1 733 511 319 61 181 9 857 816 227 763 730 865 593 21 169 1 981 333 281 199 881 321 101 233 147 597 347 945 121 9 173 224 557 897 313 817 705 72 609 17 101 643 417 695 555 65 999
361 449 584 445 697 137 441 443 251 337 31 521 257 306 73 225 882 915 695 317 953 349 85 249 261 429 353 653 689 817 185 63 477 361 932 455 469 792 893 504 257 338 505 817 33 790 865 386 33 477 393 785 21 825 541 1 105 987 753 209 89 865 761 953 701 962 277 297 993 1 541 589 135 17 821 797 797 761 294 625 417 231 339 775 69 835 275 601 655 809 641 861 629 780 925 465 647 531 241 485 673 617 368 168 913 513 289 669 395 769 120 705 799 161 265 89 381 929 245 897 97 493 969 409 801 969 513 345 353 409 645 769 645 445 705 738 81 885 309 583 585 137 71 341 417 899 305 509 165 185 99 741 149 535 903 257 345 601 367 821 769 465 401 579 191 337 257 283
945 233 265 765 574 141 753 686 851 269 335 791 121 178 707 57 395 185 977 385 537 219 469 865 681 529 689 676 707 233 309 571 322 137 160 635 137 553 869 315 281 696 877 760 324 489 973 869 113 29 629 513 241 666 767 780 193 265 903 129 27 625 457 881 233 209 630 738 361 569 977 526 309 273 875 529 410 673 414 105 43 345 83 665 489 633 121 479 265 57 193 143 712 634 417 5 251 911 529 659 753 100 947 629 911 857 777 273 962 737 129 113 839 871 769 491 577 59 825 689 185 777 225 685 401 672 611 993 312 465 43 385 993 773 729 625 266 217 33 241 649 332 241 439 137 487 93 947 353 993 156 769 769 793 402 183 55 697 653 417 144 433 341 977 121 147 905 259
993 59 69 229 237 478 352 945 27 913 361 73 109 129 653 517 377 921 761 907 849 269 337 352 485 897 393 389 793 553 77 607 776 987 233 13 688 977 265 993 967 417 953 129 893 985 345 460 673 486 809 513 861 465 801 761 73 25 41 577 505 893 326 639 433 443 267 374 213 89 741 935 385 785 433 487 521 337 693 944 245 121 300 881 769 417 673 625 108 717 537 145 89 359 595 569 160 85 73 585 569 353 657 413 569 549 735 218 617 936 413 851 759 800 231 217 767 537 393 705 233 303 717 752 493 983 242 997 213 137 925 993 425 893 153 920 41 345 761 329 679 121 767 57 116 69 763 769 676 201 484 409 969 25 237 405 881 47 753 465 91 654 351 777 207 406 165 800
799 111 893 753 533 161 361 854 577 371 369 609 620 208 437 369 505 11 213 212 281 537 141 457 317 627 903 685 236 562 446 641 337 169 7 297 449 659 658 969 99 761 319 121 555 673 464 479 977 665 151 621 257 837 576 172 281 953 223 867 737 945 609 105 793 623 169 361 585 281 97 29 507 673 637 373 880 475 700 785 493 489 563 713 779 249 459 929 493 657 201 297 693 361 137 280 345 822 281 717 517 273 715 673 381 665 449 65 749 505 301 927 298 921 649 697 241 101 105 465 253 721 943 805 347 489 457 697 779 865 977 809 193 409 683 753 497 27 337 368 85 431 731 791 89 793 552 921 471 881 201 842 393 777 987 805 409 613 90 429 481 577 439 373 25 361 925 81
337 743 361 612 757 493 873 423 289 678 947 721 253 908 521 561 897 961 69 345 865 261 804 245 273 609 817 465 201 954 905 91 225 852 321 913 113 561 973 465 859 241 905 503 274 629 849 561 105 161 9 557 333 240 661 5 737 865 633 153 437 393 586 247 681 603 733 933 164 111 911 639 785 121 81 428 209 875 173 537 113 843 606 857 401 157 887 965 513 597 693 187 737 225 329 105 712 505 541 817 329 573 863 761 691 753 553 861 345 333 433 509 633 561 993 177 203 101 193 441 553 353 622 165 30 833 503 771 257 897 287 313 421 235 712 825 329 969 679 589 306 361 615 849 579 539 551 221 825 133 183 159 729 987 288 239 641 129 845 889 233 500 405 666 471 675 840 631
589 753 233 487 912 507 481 489 629 764 381 372 105 75 969 705 659 276 933 473 445 237 997 889 541 329 25 769 625 645 393 458 505 513 563 9 167 321 410 867 617 314 793 280 67 457 665 817 969 583 181 945 509 452 908 572 9 988 693 153 128 32 209 212 72 605 921 923 37 589 687 998 881 43 15 649 325 565 417 727 97 200 841 633 896 37 550 873 617 929 56 861 969 319 971 377 857 933 499 407 761 994 399 341 913 644 393 89 513 801 383 689 161 541 785 469 365 519 811 663 483 693 897 941 205 229 193 833 302 693 627 57 145 140 125 729 433 153 833 361 925 785 271 848 853 473 961 245 50 833 277 945 79 985 523 809 176 99 121 571 237 617 305 877 505 313 787 341
193 873 81 97 921 133 771 969 771 33 468 493 895 520 289 489 449 619 537 518 25 265 781 313 985 525 582 395 601 265 970 153 117 521 975 273 82 41 426 529 391 839 801 361 509 165 304 406 993 208 577 711 521 189 697 415 385 49 905 433 513 641 869 605 649 629 977 497 269 889 377 133 921 475 371 271 345 903 493 609 477 81 529 503 673 343 179 253 610 988 973 227 633 505 424 849 45 478 909 369 80 809 65 496 841 681 773 486 371 593 441 844 749 218 401 17 477 109 913 886 17 41 993 769 873 328 860 363 157 419 689 820 356 401 149 250 727 255 633 73 177 609 421 757 380 513 266 395 999 884 769 617 705 207 368 805 75 768 662 502 29 23 255 461 793 873 825 537
335 857 25 883 17 563 557 384 269 961 397 259 477 727 547 836 439 692 369 697 537 921 497 209 143 428 988 995 351 699 273 225 217 81 201 449 601 961 104 325 117 39 37 249 417 159 977 360 741 581 929 23 140 597 905 817 105 489 585 197 129 405 913 137 306 896 447 253 421 877 113 169 177 176 763 608 584 809 401 189 102 427 921 355 201 345 191 201 465 59 49 775 917 319 625 609 569 937 529 401 165 989 810 45 828 369 281 755 666 441 841 369 546 593 977 369 417 441 935 441 431 881 873 668 117 755 319 841 13 681 193 993 313 619 368 521 783 697 17 697 841 337 251 741 417 963 545 80 799 297 713 805 297 825 689 427 107 231 631 361 895 519 625 761 513 87 417 61
29 293 77 617 185 361 299 861 619 765 313 283 147 933 153 9 213 221 501 497 609 261 493 111 489 169 464 235 483 933 273 33 401 633 145 361 817 433 767 5 949 233 841 585 105 373 937 547 172 577 533 321 313 545 849 761 537 145 659 505 268 881 87 1 341 43 721 369 217 65 718 553 4 257 21 187 797 989 153 917 733 109 203 821 575 746 27 105 913 145 105 269 825 108 967 537 205 929 81 609 629 847 379 667 473 825 893 983 643 705 225 793 408 481 71 33 267 974 209 465 489 861 689 171 987 409 265 817 561 757 953 921 909 305 385 321 467 545 929 193 689 201 264 741 715 625 711 765 199 593 229 993 721 913 505 41 249 83 329 817 985 793 613 967 748 765 953 371
653 324 29 281 1 469 1 419 401 973 714 577 461 577 569 745 771 589 924 103 25 601 607 549 891 400 778 23 127 209 742 129 809 777 155 357 345 133 39 649 793 921 869 388 249 721 545 759 747 785 379 529 893 317 209 623 810 889 427 950 25 973 392 289 941 345 597 671 301 697 157 401 653 122 881 185 784 406 721 817 657 239 705 785 937 805 77 785 761 217 404 215 918 611 863 937 551 726 193 993 456 25 788 1 717 345 545 119 639 169 313 825 238 864 963 157 81 259 875 931 259 461 985 157 755 21 487 720 177 433 797 497 989 885 993 507 803 133 209 129 625 57 661 893 657 329 169 603 191 805 337 769 833 29 437 643 473 745 997 305 441 205 705 561 619 926 499 81
273 953 443 997 615 71 121 664 681 23 505 825 87 369 190 1 657 174 773 577 217 522 971 377 811 857 17 729 755 73 759 313 393 715 25 725 23 457 761 51 704 969 571 873 649 131 373 676 541 605 728 857 15 409 257 129 382 249 627 677 217 377 281 23 253 593 977 192 813 92 325 413 970 617 67 927 361 689 897 31 632 953 215 265 108 681 326 611 833 361 491 157 645 941 509 385 369 534 196 477 695 277 917 528 641 459 617 31 817 325 987 847 153 901 467 561 697 173 993 861 86 501 761 882 945 130 632 171 409 177 625 809 885 903 687 765 417 665 963 861 609 699 157 776 677 681 809 929 563 55 303 611 433 785 425 691 269 238 182 689 242 229 893 329 209 489 541 145
435 955 501 313 217 993 617 159 303 889 113 153 585 100 806 357 293 399 889 973 395 457 753 53 171 273 233 298 39 762 843 77 923 94 361 317 761 948 761 233 715 589 297 951 541 845 883 171 813 747 657 497 821 759 611 593 801 841 417 901 55 609 675 728 527 17 193 885 197 389 209 201 731 289 738 373 18 665 261 721 321 413 537 721 577 614 26 737 248 441 965 203 458 777 477 867 9 294 681 349 429 121 177 641 171 973 153 445 543 624 46 81 641 641 969 869 413 801 521 534 577 923 141 381 321 591 790 865 857 293 862 241 753 41 753 576 541 17 865 89 33 541 533 199 869 337 331 561 17 561 868 113 377 213 10 151 80 913 505 313 939 447 662 393 762 63 765 1
473 997 289 22 688 361 941 133 779 485 17 785 674 107 681 239 865 625 921 513 855 997 529 52 309 1 761 833 849 313 197 231 403 286 911 13 633 839 503 251 353 249 505 465 26 553 749 941 620 673 537 453 425 253 461 793 433 265 198 809 945 449 321 577 881 232 208 997 857 905 397 73 847 579 993 701 881 558 41 809 645 223 555 773 749 1 766 321 609 875 691 770 641 453 585 159 587 593 983 585 669 753 527 566 625 81 549 81 858 619 909 813 671 385 182 153 633 733 329 833 355 753 467 881 281 361 730 417 81 505 169 241 51 51 241 257 657 451 937 345 89 411 251 214 239 863 146 605 417 277 677 525 623 923 185 545 657 826 961 290 169 209 833 137 609 241 657 769
489 889 651 243 159 639 293 28 297 769 117 721 941 839 471 186 251 413 201 825 593 244 833 649 482 929 897 187 773 599 556 705 569 849 173 581 721 949 361 559 933 945 262 337 825 205 745 923 433 649 597 76 465 213 65 957 675 266 929 152 165 27 73 909 287 769 193 791 433 840 681 481 127 337 569 49 793 301 515 85 705 914 897 271 657 897 190 507 131 872 45 185 264 267 339 107 119 77 421 841 745 101 457 393 9 479 557 833 877 553 161 277 637 237 801 217 91 436 41 18 609 747 561 717 657 791 593 606 521 534 625 593 89 943 393 667 713 829 257 361 101 273 997 317 822 33 961 481 285 193 361 829 543 509 729 913 205 60 889 39 962 973 877 269 915 785 97 231
785 865 635 485 9 57 65 357 33 615 940 121 441 605 281 649 885 271 505 633 57 173 987 437 513 65 713 289 361 609 121 665 617 17 865 547 313 841 769 265 490 853 269 508 451 449 737 168 329 521 737 803 997 829 761 991 833 679 671 863 117 191 21 224 217 769 469 577 18 122 199 155 537 153 245 719 213 609 961 105 313 721 913 814 393 153 172 305 558 889 75 37 745 393 419 888 533 935 181 341 185 883 251 825 67 449 478 393 889 721 757 737 337 59 504 585 942 986 281 300 451 529 663 382 715 326 989 100 73 305 751 375 165 856 275 637 374 869 99 465 885 193 553 129 50 529 249 61 741 885 283 609 442 144 667 353 97 725 207 820 690 169 136 325 873 37 741 11
297 921 721 601 441 25 561 181 633 281 217 545 900 419 681 175 161 609 495 657 733 425 917 409 409 217 224 433 913 531 337 721 993 629 73 497 194 41 877 473 703 249 79 537 457 529 952 707 185 809 291 833 617 835 306 929 279 233 733 379 929 305 193 821 833 201 129 841 450 639 810 497 929 757 433 203 505 476 361 945 921 875 17 85 793 995 137 254 809 624 297 575 1 876 531 274 561 887 913 187 409 425 629 808 277 819 81 693 17 25 937 481 487 201 491 329 185 741 662 863 929 209 400 180 245 663 881 561 181 731 729 317 713 893 413 877 863 71 241 757 219 793 331 929 773 525 633 185 57 849 169 29 286 921 137 234 2 681 725 857 533 413 97 452 335 585 13 573
541 385 465 265 827 369 833 455 701 405 52 739 861 983 314 816 673 476 461 297 497 461 809 961 437 253 669 799 489 421 833 379 19 237 173 580 785 756 37 713 601 972 555 609 625 540 16 165 409 257 85 713 753 977 981 825 15 797 345 377 121 417 825 627 733 625 327 641 230 97 305 25 233 401 535 117 737 881 769 481 52 912 281 517 61 9 689 785 225 833 601 772 205 653 238 81 17 633 793 73 177 341 41 677 809 663 65 513 729 981 969 599 553 801 681 97 911 784 613 97 769 119 569 905 941 641 265 225 881 119 119 761 893 745 465 417 796 909 785 635 349 473 215 637 281 955 785 555 41 611 74 589 489 599 243 673 625 819 373 561 321 293 369 945 578 37 905 628
129 576 437 638 973 887 374 585 41 121 233 181 539 609 921 153 765 587 705 681 337 529 785 254 885 689 285 723 779 635 249 1 33 753 245 327 615 799 65 173 623 617 977 593 475 67 557 665 825 85 585 188 507 189 569 719 121 820 785 81 349 753 344 993 365 769 858 662 137 161 733 821 635 923 269 666 809 933 227 607 257 793 405 495 448 681 309 203 67 369 453 77 468 413 90 15 674 335 633 405 697 929 197 953 746 25 157 451 897 616 557 577 849 556 353 413 697 409 359 645 999 943 275 793 56 609 354 475 155 523 881 626 500 437 567 577 336 397 849 721 86 665 329 413 309 775 425 801 625 441 153 937 177 795 660 446 801 779 457 89 255 241 529 799 633 251 386 443
442 205 134 225 865 489 233 957 640 893 983 441 643 136 25 766 1000 203 161 5 721 601 385 535 985 649 85 873 577 535 645 289 129 9 441 705 57 774 127 209 934 385 65 101 503 385 229 405 497 193 609 855 903 697 505 353 489 523 490 316 353 581 55 961 794 481 309 161 673 849 497 688 649 858 579 897 977 1 364 545 201 897 553 469 721 85 985 861 963 37 157 953 545 601 429 459 625 641 665 577 145 229 672 161 905 643 473 393 441 413 601 569 497 87 729 571 473 53 819 654 653 395 819 311 145 147 90 809 889 729 754 665 741 605 5 81 689 129 333 665 140 505 873 985 1 729 649 673 523 165 209 513 611 215 822 1 149 655 170 641 161 601 447 918 533 285 41 518
857 887 369 943 189 960 93 629 165 977 513 45 809 121 101 237 889 417 929 673 795 403 87 305 545 993 821 838 225 81 201 17 533 233 337 681 189 505 365 141 409 596 889 435 153 929 285 65 409 981 461 955 11 137 929 161 283 425 771 231 149 393 621 528 771 413 341 120 374 815 259 639 99 169 937 831 57 830 55 185 269 771 705 513 844 805 189 361 745 105 345 281 881 305 368 3 585 724 521 961 437 809 501 93 833 209 945 345 413 109 942 231 976 73 169 137 895 981 273 141 777 109 313 69 849 903 649 204 273 993 513 685 829 254 970 861 633 503 645 912 121 166 841 886 408 521 785 303 569 193 936 215 393 597 345 321 393 765 345 63 593 985 663 71 497 541 645 558
