112 118 98 90
977 865 455 181 487 377 639 461 625 253 239 687 265 907 725 849 221 809 417 111 441 409 897 125 581 703 405 369 309 859 495 137 719 787 221 401 233 673 553 278 385 869 219 417 921 408 69 569 503 561 315 505 475 913 817 177 297 81 742 589 681 261 457 965 889 358 877 585 822 499 393 41 37 529 238 757 681 649 889 273 425 449 893 611 97 143 229 29 449 201 977 911 993 825 75 345 665 961 849 821 998 407 689 739 417 891 445 9 689 785 721 417 737 353 849 296 689 353
971 965 137 699 305 454 821 492 813 351 436 761 519 121 449 693 413 761 364 329 341 17 484 417 609 997 521 969 473 1 301 481 529 393 921 18 609 754 535 685 321 913 942 723 89 439 497 761 785 545 753 845 77 877 669 825 493 693 948 161 603 705 473 537 257 295 169 251 217 965 561 777 777 729 377 557 923 686 549 940 707 109 589 433 505 25 689 301 10 181 271 433 201 321 801 409 675 209 241 293 233 825 391 993 473 217 607 158 857 649 512 124 329 820 241 117 183 81
317 886 134 965 991 261 761 745 621 179 385 346 225 449 861 137 181 973 3 133 794 457 941 297 433 9 817 153 409 97 683 90 465 473 585 807 99 529 201 69 329 185 609 41 473 281 171 955 765 281 311 767 49 517 233 865 247 617 636 821 553 945 779 837 365 193 797 9 391 729 921 857 825 550 296 481 971 38 49 13 494 585 946 769 921 185 857 609 671 425 412 841 169 481 801 105 489 264 954 489 551 915 793 297 705 729 73 193 441 695 553 211 16 73 865 364 516 397
777 377 137 985 476 432 391 819 345 681 907 287 785 305 49 757 605 711 213 945 894 125 913 169 222 26 357 233 751 717 561 527 921 85 229 475 531 792 177 725 11 317 704 357 933 359 81 321 534 929 781 745 685 57 529 91 293 100 966 113 617 89 525 201 433 371 429 327 879 978 521 223 241 731 617 173 353 134 257 817 297 569 780 181 405 561 121 113 797 66 497 653 101 577 417 881 352 613 129 593 567 14 891 161 526 391 937 369 459 926 961 801 489 539 593 395 931 675
841 209 846 801 401 751 249 697 689 987 905 703 137 921 258 49 709 10 761 361 185 197 494 569 941 461 1 827 473 799 529 829 937 249 209 920 659 609 189 297 121 793 393 545 310 865 967 733 531 879 209 593 149 717 953 433 81 348 33 9 91 641 57 481 513 269 185 113 993 377 435 83 261 307 197 255 394 601 341 297 257 177 913 425 289 665 283 755 158 921 77 572 456 181 955 861 289 797 863 445 993 365 500 217 953 993 449 425 361 713 641 37 234 801 217 721 861 505
969 953 837 288 545 281 435 685 273 841 393 137 601 303 968 78 259 811 812 129 611 49 418 137 341 465 335 259 773 881 662 905 217 205 853 639 798 301 591 397 145 977 166 629 734 549 267 709 721 945 690 457 41 153 361 477 317 287 937 286 657 93 801 109 514 665 953 98 17 473 289 709 401 559 817 597 375 477 489 585 455 909 185 529 313 623 489 73 573 920 593 437 409 625 481 648 667 517 321 857 1 545 981 45 139 856 5 145 905 377 181 293 417 118 577 833 713 1000
669 568 910 829 163 101 659 899 961 397 745 366 329 521 95 895 69 845 69 343 529 264 593 81 497 269 371 17 465 81 641 749 973 199 761 769 597 707 239 609 145 799 607 985 609 797 451 667 837 521 42 561 840 433 137 673 981 468 545 634 175 201 31 413 777 304 825 865 729 657 185 129 793 133 653 809 497 337 684 529 122 601 413 258 489 321 1 569 821 305 993 225 193 331 685 521 345 569 241 611 369 401 721 721 977 177 309 537 825 437 133 981 25 977 329 889 862 257
33 737 207 344 589 69 121 253 288 905 157 695 207 589 727 417 686 579 177 265 585 601 189 3 793 677 935 201 451 489 601 145 669 865 701 519 585 337 937 937 771 185 977 769 436 313 425 802 401 225 177 61 889 993 212 577 793 647 557 921 393 139 861 351 369 275 387 573 333 313 177 817 186 781 359 305 969 27 235 141 441 715 245 123 513 97 18 985 57 581 963 29 949 321 265 63 299 105 669 41 177 841 601 849 769 657 369 884 597 785 565 266 781 657 201 867 881 537
165 4 725 609 309 569 689 25 511 673 151 781 797 929 311 523 585 535 625 396 25 897 873 704 849 727 273 183 961 829 641 970 33 201 544 637 713 689 595 713 781 327 846 153 808 617 777 429 750 89 49 537 25 619 973 857 85 168 463 529 13 649 979 844 65 593 977 365 521 329 869 225 633 51 337 601 505 181 321 129 785 985 703 62 41 258 425 505 534 269 704 468 347 538 819 343 785 91 249 623 851 185 805 769 849 795 649 961 667 895 121 669 725 25 679 427 27 28
543 497 161 17 841 421 33 169 641 561 313 33 609 196 681 545 115 784 689 57 141 329 859 825 761 177 705 901 462 529 535 609 798 301 217 405 934 601 901 577 333 189 183 745 297 603 569 651 551 269 745 51 579 169 331 876 609 853 693 601 825 929 453 897 585 329 465 384 89 689 57 827 113 943 875 693 769 249 697 319 43 481 337 725 416 948 57 929 795 63 73 601 466 137 545 485 867 813 913 61 213 289 237 233 105 423 955 451 705 382 153 329 489 939 975 891 889 677
699 506 131 407 732 423 129 909 793 275 433 785 513 913 345 445 741 314 713 229 425 681 429 973 353 601 473 873 703 331 33 325 290 432 837 663 377 923 949 507 955 273 841 873 707 473 321 487 133 633 249 69 875 689 591 144 687 809 457 845 582 613 470 87 153 585 577 351 513 721 923 233 26 321 833 911 133 499 265 133 417 917 817 737 537 611 125 505 333 5 865 841 833 769 905 149 955 762 85 245 413 633 385 825 299 937 889 365 425 258 449 901 751 5 227 997 529 605
843 353 912 985 313 229 933 713 725 225 553 561 905 21 495 195 273 537 605 526 241 345 949 721 777 491 81 617 419 244 473 595 243 657 337 664 753 853 937 791 357 717 565 567 169 657 469 597 809 97 233 829 533 843 385 441 945 873 591 793 920 545 695 997 89 895 7 577 841 801 393 161 965 771 105 353 95 809 134 498 789 633 193 159 997 329 105 313 649 177 105 33 697 999 394 440 825 571 506 779 603 517 533 735 513 73 853 323 749 137 573 137 245 116 321 321 557 293
739 953 433 2 796 992 937 21 979 273 789 81 185 889 968 667 985 889 140 289 201 401 961 809 63 345 889 617 363 489 277 167 897 533 729 963 601 949 259 949 845 893 905 96 281 185 663 297 881 9 609 483 9 143 865 126 849 733 601 774 505 733 941 945 113 379 721 953 961 763 29 121 161 593 862 201 943 255 245 433 357 857 17 689 821 813 966 729 137 905 509 705 693 971 965 368 529 105 79 289 910 763 113 377 633 475 441 81 447 701 57 441 637 297 41 625 349 297
265 17 337 929 505 795 169 833 995 512 193 252 921 721 923 923 913 125 529 505 185 315 668 841 161 193 825 277 15 429 769 151 571 27 265 495 493 241 169 117 905 277 126 227 509 241 721 543 309 876 249 774 347 273 775 155 353 339 755 905 69 326 91 89 377 265 37 841 961 569 57 813 544 853 889 737 921 105 481 137 89 669 45 5 815 981 441 577 89 209 145 657 729 241 121 987 895 524 435 380 715 723 175 327 669 622 463 537 453 601 876 265 555 869 211 509 533 361
151 825 23 42 753 153 345 909 361 783 253 666 575 73 489 649 879 491 405 93 337 593 339 918 889 66 145 620 617 497 766 113 185 165 260 669 925 705 87 97 801 38 321 937 585 957 969 781 369 719 769 337 957 505 3 457 317 681 301 957 631 679 49 381 669 25 401 17 297 185 423 709 513 697 661 457 857 849 159 958 241 89 5 657 177 393 625 330 853 929 83 369 62 193 426 945 905 69 396 145 107 145 445 535 9 817 31 484 999 785 505 829 417 737 993 593 148 263
875 601 793 587 777 517 659 1 56 897 761 985 361 741 901 493 951 617 245 849 794 765 539 393 469 625 529 1 191 273 161 473 893 897 945 262 529 961 625 368 513 722 841 633 713 339 689 739 651 269 849 561 89 109 781 961 267 324 25 315 271 789 153 825 489 49 849 825 889 113 118 833 361 417 478 409 113 145 991 775 513 545 17 697 729 609 17 515 189 809 361 913 889 76 993 300 29 945 483 985 849 993 241 721 255 409 872 297 104 17 25 589 169 985 313 1 265 353
671 741 505 887 911 745 781 669 545 881 921 801 745 545 441 837 169 78 265 657 737 793 153 170 993 593 569 93 533 361 617 481 617 267 69 787 161 869 297 878 345 913 409 449 313 389 345 913 341 12 265 635 269 213 79 313 669 857 209 833 441 936 721 909 801 349 17 241 797 401 413 113 233 737 633 73 745 469 413 266 789 657 281 900 473 669 913 857 597 833 845 473 487 401 905 193 665 1 839 677 834 417 553 505 786 961 873 371 669 832 553 993 294 81 281 377 299 565
853 821 561 727 401 297 33 921 513 433 312 266 902 453 465 313 99 441 173 361 713 417 268 251 649 689 691 57 373 969 762 669 396 593 110 561 97 715 889 913 502 137 137 185 293 447 145 945 145 164 171 977 316 721 145 849 607 767 433 381 90 189 501 873 513 85 157 152 745 241 313 273 26 961 209 599 825 877 721 81 755 889 709 405 351 387 57 89 969 865 569 415 337 321 713 633 11 41 457 153 213 589 123 425 785 93 529 881 106 497 803 653 865 439 929 849 411 401
125 453 271 209 959 851 20 249 169 999 489 809 1 739 677 151 559 829 982 365 969 97 212 751 133 661 413 621 775 105 365 49 647 993 275 129 67 437 2 867 577 769 845 907 885 911 521 969 721 89 841 65 149 569 953 313 51 313 889 73 449 153 521 701 9 373 857 465 517 313 521 21 969 65 93 721 897 657 29 449 249 513 833 739 843 873 97 101 865 193 345 951 256 831 585 607 654 895 693 777 921 153 147 433 980 481 532 261 543 73 97 985 713 785 161 969 313 903
819 512 718 34 329 289 199 533 233 301 577 717 49 33 249 797 73 761 397 377 252 883 103 769 211 889 161 505 321 73 913 498 357 537 405 430 389 401 269 527 563 913 733 913 329 337 846 19 964 165 326 343 793 273 313 205 865 401 865 51 793 625 489 585 852 729 209 859 277 933 43 713 665 377 507 1 961 311 356 777 153 657 477 953 337 281 745 942 509 375 149 17 861 610 42 721 259 873 937 569 497 300 352 927 293 205 617 417 609 551 530 617 144 409 830 146 241 20
201 965 85 521 871 849 381 194 741 609 237 981 111 593 103 158 721 615 961 473 377 665 427 953 17 536 726 317 340 225 40 299 116 408 649 827 689 9 972 527 1 709 209 103 841 945 19 209 359 825 793 871 503 345 617 673 769 817 201 473 749 934 845 240 210 703 929 897 339 154 737 625 317 7 849 811 975 565 979 329 444 42 475 789 433 185 519 969 929 83 937 345 694 993 993 14 821 777 729 212 361 375 606 249 801 526 865 265 721 657 981 969 572 634 313 875 934 437
253 497 561 897 565 765 605 727 562 58 225 305 881 965 956 599 649 665 513 25 793 756 225 5 201 409 939 789 455 901 937 969 379 17 90 586 481 886 773 51 929 397 177 425 145 429 920 761 149 321 841 969 929 291 613 481 905 535 433 18 963 145 17 571 417 393 502 307 117 779 117 395 745 824 169 497 289 597 641 849 69 593 185 153 955 420 292 515 265 49 958 129 57 877 380 697 613 417 999 353 193 45 377 769 791 380 825 739 665 839 927 995 203 336 681 399 505 145
41 411 259 988 395 7 145 617 113 789 935 809 61 343 533 101 743 49 73 897 867 521 321 681 381 577 537 625 589 1 591 865 591 53 869 433 969 1 825 639 715 681 514 457 417 449 121 947 685 421 565 995 151 585 653 209 396 825 385 97 385 17 37 349 813 409 209 93 409 241 313 45 285 512 219 273 205 378 673 399 827 151 169 116 121 457 613 242 253 197 867 683 619 476 709 529 361 601 289 187 629 198 905 737 217 811 727 237 193 201 317 705 23 869 897 117 937 317
533 521 633 809 733 55 301 133 865 865 569 101 861 993 313 17 131 673 477 41 223 145 961 860 389 509 545 625 953 665 167 136 171 841 201 553 419 785 889 316 633 163 221 243 250 241 485 193 299 849 793 991 969 641 659 201 329 232 117 757 385 485 594 86 59 663 621 713 161 885 517 829 721 626 69 306 553 456 625 598 129 121 9 813 805 165 767 814 897 513 449 945 49 350 349 793 281 237 121 857 345 418 103 729 185 661 33 454 273 916 457 969 646 345 193 247 905 685
859 159 385 977 282 145 714 617 513 153 737 50 447 67 627 17 153 123 945 984 457 969 939 737 2 97 9 549 359 173 73 489 217 41 478 577 193 489 618 180 623 953 939 124 531 833 377 219 713 197 225 377 931 281 473 549 105 913 93 367 994 545 945 689 801 70 461 805 761 841 557 127 269 841 774 921 49 761 509 109 373 565 777 917 145 561 939 232 101 145 417 135 329 521 17 561 665 553 827 441 777 601 59 101 177 933 329 97 889 805 273 13 377 119 497 221 521 425
481 369 736 621 55 305 356 769 185 901 229 837 221 461 369 501 559 647 113 345 852 237 329 313 965 493 259 761 287 110 472 958 471 364 215 357 83 417 957 777 865 685 913 241 21 913 259 385 485 413 256 929 777 761 865 518 905 368 73 337 899 926 917 927 354 769 273 89 343 492 777 337 977 733 185 265 169 953 953 657 375 46 103 649 750 981 644 265 113 54 683 807 524 921 225 577 592 341 105 185 923 733 945 712 837 590 781 497 833 14 721 553 437 553 215 159 522 85
549 361 137 497 201 545 545 969 433 624 169 709 225 568 29 777 441 905 268 391 873 635 897 281 918 977 353 585 949 665 561 930 999 829 929 977 43 601 657 585 825 471 737 411 713 995 439 921 941 738 201 461 905 605 973 265 297 97 310 913 145 1 937 865 225 835 129 660 977 748 945 37 21 225 957 201 961 76 360 17 795 259 961 503 529 264 385 945 247 843 995 935 865 467 993 963 321 817 331 193 901 575 982 161 33 841 217 97 849 293 205 585 261 369 861 119 665 889
961 669 849 765 41 442 297 303 609 163 817 287 260 845 370 134 821 911 377 745 33 397 33 675 681 401 903 637 249 605 441 551 258 363 842 265 544 249 257 169 401 167 673 821 117 834 561 889 855 465 611 374 885 826 207 465 913 257 47 649 273 841 929 343 99 457 633 727 592 233 521 461 2 545 989 465 694 909 65 401 165 46 153 57 61 105 745 319 195 193 429 558 97 989 521 585 633 97 289 193 341 297 369 945 425 113 383 59 281 585 577 323 521 265 223 673 573 481
673 467 423 589 8 721 545 965 441 285 627 543 25 529 370 849 335 669 451 641 239 157 721 81 436 425 897 577 581 977 87 447 533 458 97 798 205 287 577 57 809 637 479 189 637 985 223 673 49 775 961 209 365 220 481 313 329 81 719 489 921 496 193 221 509 733 887 541 295 3 941 155 569 929 305 424 145 132 777 977 921 843 720 31 181 557 381 189 285 9 101 929 449 817 249 101 209 377 833 239 285 852 734 458 513 377 353 185 93 313 247 23 529 299 393 825 155 97
433 840 225 347 649 465 561 629 934 597 319 801 865 945 864 25 905 617 705 923 709 961 443 900 345 501 379 189 89 448 837 179 397 357 57 722 217 233 898 649 561 65 977 255 161 297 737 577 585 673 589 797 265 541 393 713 281 693 807 921 931 313 477 710 217 719 353 141 275 497 815 839 350 77 571 765 465 215 189 209 899 473 935 453 953 851 717 873 505 440 1 729 777 185 21 841 563 961 155 145 881 937 717 235 465 545 249 15 417 217 57 721 601 433 313 929 137 409
801 151 233 493 793 137 713 293 505 813 459 225 933 441 615 285 929 137 52 593 861 81 393 873 657 753 25 537 361 944 975 29 943 249 161 465 81 625 53 605 633 139 561 765 897 177 161 193 995 957 851 321 517 115 177 512 961 561 849 641 273 553 353 49 355 577 657 944 211 537 557 445 89 953 177 353 105 257 881 329 801 745 465 849 331 345 301 641 857 961 305 997 490 59 655 357 648 808 633 113 257 425 861 177 239 231 521 705 649 183 355 361 33 769 409 67 665 281
845 138 427 281 320 368 432 913 225 333 435 513 345 3 335 853 428 961 109 945 169 145 109 993 929 297 187 701 785 761 665 97 45 447 593 725 97 241 649 713 729 549 681 125 701 429 202 903 865 209 233 163 131 55 192 161 57 233 943 681 933 393 391 561 859 251 793 873 41 79 45 73 297 275 857 349 609 937 865 817 149 444 697 857 59 241 449 809 357 161 30 760 767 841 346 161 617 81 801 682 409 690 202 509 122 81 769 81 433 39 537 276 673 163 146 745 825 236
265 321 225 573 569 393 2 257 421 753 181 575 505 589 977 425 745 105 569 536 523 925 701 403 281 957 65 209 691 836 297 655 225 815 525 190 409 841 529 37 601 497 423 705 919 557 545 569 441 877 897 911 913 121 905 929 627 641 594 225 377 966 143 729 702 649 857 763 705 209 49 785 956 545 641 701 889 337 21 49 165 965 156 597 807 553 723 395 521 737 178 569 336 337 233 929 349 774 853 61 945 441 449 977 377 457 833 123 633 23 964 497 507 457 593 128 433 233
942 211 651 592 575 191 105 827 737 595 225 121 127 369 473 839 110 801 105 285 520 273 378 541 777 170 407 59 941 153 233 89 609 529 976 617 713 823 274 609 297 509 179 257 747 173 397 525 991 961 341 489 401 857 153 819 25 430 409 45 494 969 255 561 577 309 497 761 297 577 489 128 713 433 993 228 81 673 753 533 587 285 513 761 689 34 215 445 955 851 393 489 717 185 873 533 153 297 981 753 209 158 473 513 729 431 749 793 621 947 129 849 201 885 753 179 37 853
889 471 936 840 273 137 255 103 355 205 353 937 647 361 673 505 897 438 735 509 347 423 281 227 937 125 457 915 745 141 361 817 521 229 494 793 85 765 172 662 677 229 65 871 233 156 145 657 177 737 453 1 957 289 97 965 473 281 793 388 603 225 151 393 179 897 193 893 273 553 38 553 185 403 615 421 809 127 153 617 607 281 53 209 561 881 801 489 345 49 853 385 761 167 142 793 356 594 681 121 631 753 89 249 929 489 37 441 649 593 155 629 7 356 587 369 661 309
17 234 65 161 481 3 803 185 129 885 809 278 377 869 47 649 73 225 520 817 977 623 201 849 25 959 783 641 279 329 105 417 881 625 241 631 625 795 641 969 720 281 643 331 749 363 521 961 249 585 945 233 408 201 493 694 681 515 513 653 137 257 393 609 443 161 241 388 863 470 43 833 633 498 759 553 841 266 889 465 121 849 621 793 555 827 253 977 337 305 247 153 357 716 857 171 554 968 498 609 989 707 743 549 423 695 907 889 259 601 317 473 921 97 885 41 113 286
981 729 229 801 443 443 153 433 479 21 475 139 241 337 541 417 137 624 533 33 61 653 497 801 421 993 249 422 705 869 801 649 321 725 609 848 577 31 993 941 329 381 705 713 421 448 324 785 351 341 641 819 962 473 373 761 959 692 863 89 681 933 897 593 971 265 873 905 247 298 858 201 272 777 751 681 991 392 844 93 339 281 681 425 251 419 353 421 897 77 665 816 689 99 203 913 269 697 883 277 73 505 65 295 887 195 625 979 895 406 477 689 725 409 409 375 255 25
719 75 542 2 261 237 917 953 366 665 857 803 557 153 523 717 25 525 455 169 233 225 313 617 35 273 105 653 697 203 677 701 130 865 885 733 701 705 865 406 969 513 907 897 457 13 81 693 969 285 561 729 525 629 593 797 985 881 613 736 361 705 141 913 197 645 354 593 657 601 813 615 961 927 877 81 193 433 905 221 833 281 721 270 381 11 89 169 473 125 781 289 961 632 771 681 617 673 553 817 866 698 633 578 833 545 193 667 417 265 1 113 199 989 421 65 331 421
907 407 905 329 753 595 585 641 895 485 601 241 69 918 406 657 121 273 257 433 337 985 305 393 889 617 555 961 745 429 405 737 88 873 833 89 365 129 821 157 597 291 682 145 921 272 299 913 841 67 113 461 889 669 561 897 127 337 707 839 867 209 135 527 781 809 13 407 901 178 301 493 479 579 65 224 727 277 33 353 613 65 65 165 401 587 100 137 729 97 661 633 265 433 57 229 519 625 409 289 852 873 871 273 985 705 409 399 401 737 633 579 259 17 868 217 956 43
509 643 309 770 279 473 385 957 665 745 1 209 393 281 993 601 189 525 157 99 189 137 169 233 393 239 637 961 939 833 542 369 965 401 133 167 421 959 289 591 57 129 9 693 433 505 209 369 193 337 897 104 385 157 305 489 745 997 937 570 417 713 765 757 861 257 565 785 681 198 825 847 575 801 789 41 656 21 813 897 609 730 789 223 149 531 553 361 494 772 665 473 704 757 57 391 545 961 853 49 537 743 39 155 753 505 91 593 164 187 493 895 189 865 649 561 205 729
545 313 79 125 793 475 305 967 547 311 412 345 225 217 469 273 135 375 261 637 265 737 99 744 961 737 569 73 665 33 521 409 631 705 217 965 160 661 593 865 669 65 809 463 795 981 249 913 549 277 773 765 251 297 233 825 905 593 87 681 453 951 57 811 533 841 833 986 444 417 307 671 129 309 649 673 817 997 81 137 185 565 979 453 295 421 889 953 433 337 397 538 633 497 137 616 589 202 259 233 19 31 633 833 701 673 845 862 489 925 105 732 849 990 668 277 728 289
364 617 165 983 219 793 233 149 761 317 261 543 383 827 691 417 489 105 607 913 597 169 919 294 25 835 233 795 713 23 854 716 701 649 773 635 453 897 761 405 321 282 565 841 265 769 913 649 761 390 843 311 325 593 89 77 73 557 249 601 629 337 333 977 835 810 722 215 301 233 617 137 240 573 209 131 297 737 541 961 761 349 105 912 265 745 307 202 708 857 761 716 168 929 865 309 791 689 653 625 523 71 399 409 781 949 961 489 775 648 377 13 765 285 109 177 735 319
465 37 16 617 569 224 56 121 69 515 277 121 679 1 529 285 465 869 721 449 270 67 825 945 917 617 929 13 135 285 333 585 469 765 393 121 129 121 177 881 769 117 901 810 545 336 37 519 833 918 305 33 509 133 261 81 287 501 105 73 545 273 277 25 517 49 804 701 437 787 105 424 647 399 61 981 611 709 649 573 229 945 884 757 720 607 473 653 377 193 768 137 505 145 535 593 204 385 571 905 281 381 127 449 623 637 843 539 401 541 469 347 251 55 91 340 381 818
673 645 857 449 681 137 73 138 587 617 353 305 441 195 712 762 513 217 673 677 865 457 745 57 305 841 539 193 821 717 523 997 441 293 261 181 73 257 865 817 566 151 249 145 60 833 253 140 441 617 569 687 679 695 869 487 698 745 267 96 467 649 625 465 75 465 211 857 441 105 145 821 79 566 689 949 859 29 178 377 465 737 769 817 664 469 175 213 115 843 497 201 473 121 449 327 69 677 717 305 841 407 421 889 471 889 89 691 423 263 825 785 857 221 781 201 802 583
621 213 229 881 330 81 153 790 75 853 931 225 838 201 341 811 489 925 59 281 593 366 842 133 221 371 873 312 338 377 428 741 400 195 101 121 783 665 37 645 588 673 511 973 257 773 781 269 561 103 274 997 643 329 89 81 805 681 74 957 913 667 55 353 516 97 313 897 385 689 193 569 203 433 81 93 505 913 561 678 721 89 545 669 573 559 921 171 269 529 521 749 606 440 220 465 713 521 177 961 901 720 129 33 45 541 877 793 485 427 231 813 169 351 443 105 417 477
658 94 617 665 761 37 527 769 665 477 485 857 317 217 430 617 713 516 437 483 457 415 554 345 121 953 725 225 877 23 849 661 325 331 754 857 458 433 545 217 953 580 727 589 131 641 669 317 913 865 463 441 713 641 89 181 297 265 713 389 909 5 493 513 113 740 251 3 43 970 249 193 59 249 452 469 209 1 731 817 17 431 201 141 337 673 111 529 193 545 806 309 225 171 43 489 329 266 25 741 689 11 17 499 537 477 203 625 245 685 391 921 423 81 269 298 937 189
310 232 381 121 537 355 619 494 447 865 361 812 377 525 857 309 297 519 1 283 517 685 241 699 219 753 789 392 637 881 277 81 409 387 51 971 659 79 926 449 370 867 789 977 659 281 403 436 801 11 761 795 145 504 705 397 467 315 993 437 855 589 721 293 33 656 615 786 787 43 78 313 781 809 945 289 541 433 925 509 492 673 753 562 445 121 61 865 881 635 57 803 369 473 337 790 541 17 225 833 809 89 313 65 644 121 873 235 987 245 665 297 9 925 439 102 101 377
953 689 63 834 625 925 728 777 713 809 361 500 245 705 621 903 213 677 297 773 102 203 609 221 897 963 123 281 937 935 761 705 389 187 481 897 929 399 225 229 849 473 277 737 217 485 989 617 297 865 257 31 321 17 873 21 633 969 961 311 9 937 417 97 131 81 409 5 768 423 273 585 131 721 341 505 869 633 556 651 883 401 975 833 969 69 261 734 554 889 3 161 655 656 817 353 1 553 525 857 585 225 681 490 233 601 21 217 309 169 241 505 313 133 457 741 415 929
993 513 361 325 925 981 557 393 599 83 297 814 729 913 393 618 505 225 225 601 841 564 992 41 273 905 497 697 769 609 909 593 417 865 811 181 97 577 521 669 273 167 465 433 197 901 659 534 149 983 65 489 111 289 275 473 125 49 903 139 361 881 422 91 825 297 985 13 805 259 473 609 867 41 161 513 809 311 561 29 433 337 309 930 937 553 733 842 761 531 405 361 271 345 441 773 769 739 209 314 385 185 473 649 520 393 393 689 573 992 625 333 865 292 534 769 81 493
577 201 995 692 1 817 471 707 161 441 505 671 163 97 897 914 883 841 21 573 823 959 727 641 197 851 801 17 689 353 467 289 401 665 145 573 81 421 373 163 745 951 169 487 938 977 689 625 889 130 259 84 857 823 415 563 209 923 829 99 837 691 950 947 505 373 508 53 369 889 465 289 121 505 481 783 789 593 667 757 651 425 293 449 681 409 640 231 276 810 755 529 679 201 223 305 241 113 387 601 994 381 497 401 207 951 97 772 12 213 573 777 893 875 129 303 804 54
217 333 339 161 801 97 297 673 439 761 929 177 322 665 505 61 709 721 261 465 585 35 579 267 605 143 55 471 493 667 401 313 369 185 41 294 592 795 667 93 118 529 423 777 657 173 365 969 397 817 913 777 849 881 865 588 182 469 597 49 153 617 67 657 507 739 297 7 572 281 761 336 705 833 225 529 89 513 105 943 337 945 809 666 365 829 121 893 345 65 965 53 145 262 217 855 521 817 785 963 405 841 209 904 697 793 933 377 817 158 775 409 47 297 703 393 289 347
39 505 957 625 544 529 521 548 753 759 978 113 240 478 217 777 1 641 681 909 743 145 633 148 257 798 329 735 71 290 545 129 891 864 813 567 170 793 995 873 975 941 273 129 971 569 993 969 417 41 49 489 775 137 812 41 635 129 141 125 721 182 417 299 861 863 661 345 621 969 869 457 561 619 321 985 185 131 585 993 569 474 17 185 841 521 559 723 473 469 922 573 985 591 810 903 79 423 327 347 331 489 737 33 875 365 253 3 604 577 449 105 745 153 873 319 41 969
969 805 625 565 185 705 745 193 239 387 9 337 631 665 173 323 355 633 523 459 693 41 511 241 537 87 83 948 463 857 921 571 125 513 157 481 437 865 873 427 680 161 857 937 585 831 305 641 822 993 11 461 715 513 145 441 657 773 829 216 436 233 203 761 85 945 125 747 51 1 705 387 529 547 267 158 883 289 717 577 528 49 618 979 794 233 497 289 383 305 661 960 621 681 833 641 625 777 699 567 277 109 793 929 260 417 481 968 221 257 9 697 129 376 325 185 809 593
337 127 545 729 282 319 457 393 617 265 499 453 401 793 81 589 665 888 625 720 27 903 41 641 257 27 881 27 205 833 877 197 827 689 289 167 317 303 121 33 874 25 589 7 15 823 49 713 98 166 753 879 405 737 229 825 457 987 824 523 869 497 873 545 417 395 589 283 57 129 449 505 905 201 76 63 353 793 66 305 313 961 449 709 153 573 505 837 215 588 369 711 149 61 219 690 436 231 361 761 231 649 81 981 725 310 21 789 387 207 409 593 457 769 355 9 837 191
549 953 845 521 815 757 415 357 229 973 760 689 273 241 297 713 441 335 947 265 657 325 201 729 247 105 519 553 645 854 305 113 329 772 753 833 353 721 657 641 501 361 983 978 291 593 837 437 273 593 321 107 871 705 768 360 993 811 588 173 229 573 715 137 449 281 77 209 421 255 179 625 462 389 995 897 747 503 323 405 705 610 517 765 105 757 729 201 205 269 921 753 109 523 793 729 413 965 905 837 393 657 481 957 359 631 305 685 665 617 721 781 39 935 641 437 793 575
337 977 281 381 241 369 309 361 969 481 869 921 929 505 729 257 521 777 935 861 33 493 765 312 377 881 459 718 65 203 385 785 281 929 285 228 988 577 131 864 971 977 45 897 313 543 503 593 31 797 49 717 265 112 241 417 865 941 185 553 258 738 885 645 205 17 793 835 589 457 193 705 735 569 969 25 153 925 601 665 169 313 123 545 197 577 25 511 799 17 544 110 445 658 669 489 806 593 737 264 273 929 857 153 761 953 105 723 32 969 691 191 451 137 496 693 745 958
868 813 783 713 601 849 369 417 521 979 128 180 202 307 857 517 481 211 537 889 201 165 25 408 677 265 385 441 1 385 615 515 431 953 625 745 729 873 9 977 85 457 837 149 553 649 299 93 953 745 6 385 889 887 697 593 998 482 585 343 593 749 753 553 319 841 705 369 929 761 497 592 703 385 713 637 953 329 257 253 1 481 25 484 965 954 815 89 153 13 209 700 176 761 105 233 817 517 318 128 409 446 933 585 195 95 541 240 851 314 891 909 477 189 269 928 645 659
713 545 699 977 185 153 977 933 481 209 33 361 669 825 753 977 65 597 839 399 145 215 601 365 505 25 297 49 201 417 295 905 968 465 251 97 405 217 313 215 193 865 249 445 297 705 977 589 932 129 169 600 428 185 789 777 621 599 801 1 353 839 721 561 89 137 129 271 997 40 923 523 149 281 54 341 881 289 833 149 777 525 945 199 601 557 89 739 765 245 963 777 663 365 281 889 897 697 433 171 129 278 801 785 817 777 390 73 685 645 921 1 901 945 161 671 265 597
121 17 969 913 289 665 817 117 827 399 513 439 233 201 375 195 477 733 785 94 224 919 737 161 769 63 655 357 565 529 13 177 113 657 22 141 73 401 985 559 553 971 529 969 639 395 919 691 618 177 361 351 991 369 145 109 985 33 11 921 566 21 569 942 845 545 979 831 793 313 107 560 172 922 43 505 817 57 683 802 358 516 985 632 235 321 57 447 777 873 993 633 560 513 609 281 225 697 345 633 753 605 293 833 417 633 981 277 769 460 817 185 675 513 602 559 761 401
675 221 377 865 801 228 304 919 361 465 465 809 956 6 310 745 577 566 945 225 945 786 727 423 330 625 753 476 177 109 979 905 657 457 800 645 761 929 830 201 216 593 209 633 687 923 373 871 277 585 463 397 745 989 499 413 985 345 426 945 385 609 469 269 727 289 473 449 213 463 89 841 47 345 429 857 251 873 29 625 569 177 189 875 345 133 748 961 633 423 125 41 218 67 741 687 939 985 293 362 627 58 717 409 657 219 427 935 925 377 89 15 354 937 401 369 889 357
784 455 69 209 481 93 82 25 175 661 213 912 853 97 873 939 557 793 913 412 920 225 985 977 185 141 233 555 461 772 41 313 5 522 129 281 153 683 686 914 145 813 837 713 863 89 705 7 127 992 591 237 609 123 90 4 161 961 47 361 489 377 425 359 197 124 47 719 813 718 561 241 817 925 164 225 400 561 923 361 193 817 699 631 881 206 197 641 99 837 3 321 673 353 295 6 689 665 388 265 45 33 761 257 761 259 769 857 945 553 77 281 533 165 137 225 553 345
769 133 713 243 409 977 489 349 907 579 313 381 329 338 597 24 401 161 276 501 940 369 953 913 17 221 881 529 481 763 373 353 998 373 318 565 345 633 945 569 343 29 193 841 306 868 309 138 716 13 673 653 835 145 329 481 185 553 25 209 569 17 265 305 77 303 918 332 807 943 905 201 159 627 161 945 785 564 737 549 541 161 733 209 457 865 595 999 817 121 96 5 830 125 105 154 761 337 737 709 553 863 585 649 717 617 745 929 449 543 655 887 805 977 507 997 369 853
725 42 173 541 433 921 189 902 125 861 757 449 9 425 550 64 777 35 377 67 555 717 129 171 329 17 321 129 129 217 537 93 289 439 577 561 743 726 979 529 609 993 353 289 185 985 123 193 65 373 720 979 577 377 737 193 957 993 791 258 484 975 577 564 209 473 345 115 88 379 125 105 525 729 701 551 105 793 449 433 329 861 834 193 929 337 641 543 281 173 857 921 793 773 97 665 643 609 361 33 527 361 821 187 145 325 169 676 293 365 645 77 873 57 89 297 633 785
217 537 553 612 837 141 761 489 449 81 408 401 835 643 623 437 801 47 343 615 117 374 671 145 849 565 857 481 882 584 149 953 729 625 56 109 157 415 333 513 593 117 577 527 17 123 17 307 987 609 103 31 689 823 114 179 709 256 153 589 312 937 805 51 289 353 707 611 89 179 713 473 801 620 661 259 873 25 571 139 429 411 583 809 501 821 29 229 109 465 313 310 209 267 139 184 745 146 697 889 105 817 957 513 301 881 14 780 377 745 669 67 667 149 319 172 821 127
903 753 971 307 177 369 371 537 81 217 159 55 309 845 721 133 713 457 22 729 489 438 659 625 633 359 595 643 875 640 527 265 951 401 381 881 865 19 105 1 874 617 521 625 969 305 597 131 961 529 675 724 871 272 985 753 841 405 105 348 676 625 769 248 71 568 451 247 669 33 163 5 868 121 761 603 4 185 473 523 649 955 73 531 209 97 625 89 221 137 697 553 98 209 341 25 231 694 1 737 985 729 489 481 289 786 55 88 345 329 385 185 873 145 457 41 785 769
517 521 665 759 1 198 377 561 465 65 557 369 877 461 437 533 573 233 995 97 793 497 929 684 89 753 757 505 787 233 700 105 702 595 628 377 185 681 245 57 36 897 41 769 993 712 361 689 133 847 873 589 37 709 19 737 101 5 120 417 313 665 579 641 773 633 97 989 979 129 845 402 869 520 314 617 365 770 137 353 473 759 949 509 777 189 573 209 57 13 697 553 193 93 257 393 921 757 237 787 691 719 646 805 742 786 977 998 273 669 809 289 93 565 385 150 157 180
881 601 845 741 73 830 899 897 155 273 80 665 121 9 497 331 321 313 79 471 697 729 17 777 744 255 823 785 449 231 935 1 341 261 753 149 245 569 201 173 567 70 925 345 929 131 754 825 765 557 25 425 768 841 957 617 113 308 867 31 177 617 619 5 941 801 925 933 497 605 517 337 804 777 325 87 897 553 717 297 729 559 617 701 9 697 705 300 519 225 671 393 465 289 297 81 687 545 593 233 625 393 593 374 37 195 957 605 641 577 561 697 153 817 729 373 261 846
434 241 309 969 137 232 177 514 667 844 67 593 113 76 361 639 109 433 15 99 249 729 841 917 165 257 521 995 101 707 913 169 711 585 719 373 217 563 907 785 431 289 521 257 189 485 769 905 68 111 653 849 261 989 777 672 845 665 281 647 517 689 155 929 601 449 905 329 143 745 545 345 137 337 481 841 483 399 105 81 939 557 602 537 569 441 217 329 18 985 579 243 433 209 662 874 367 781 143 643 477 293 169 849 113 449 753 489 675 427 353 905 169 293 61 481 585 209
771 449 961 995 209 351 425 121 423 265 718 457 618 389 470 787 945 69 761 631 7 473 417 348 865 53 515 949 833 841 905 173 97 683 673 78 225 805 489 529 145 321 169 273 65 197 409 409 136 596 537 953 577 526 925 133 801 25 921 55 225 194 998 705 243 343 825 905 593 73 837 73 569 140 761 25 113 684 657 488 713 411 161 27 765 481 9 342 761 875 270 197 241 441 992 819 209 777 193 419 857 693 129 225 255 697 645 173 716 13 833 257 357 769 201 277 957 313
97 769 483 745 275 705 101 329 401 649 417 681 921 953 230 283 513 929 357 721 53 561 234 197 291 301 961 309 705 548 685 861 861 781 685 390 919 729 241 458 393 13 833 585 961 977 396 669 313 177 161 29 905 161 369 291 681 689 710 913 320 785 817 163 757 553 802 156 201 319 450 1 771 945 240 466 513 249 497 822 553 232 739 145 269 113 577 745 65 975 969 847 647 945 317 759 93 525 577 329 745 949 673 133 181 92 45 585 685 268 977 625 753 49 654 485 337 420
193 284 242 391 869 139 439 585 33 612 315 409 541 727 721 576 177 737 401 393 437 313 889 513 751 705 777 257 879 313 721 201 689 927 457 745 929 459 773 913 960 47 567 57 601 225 985 337 613 773 969 593 209 362 633 418 717 213 673 617 561 449 105 281 481 319 187 661 293 347 17 123 817 177 865 457 537 958 743 943 553 282 789 858 73 55 617 665 181 146 115 374 41 833 425 141 897 489 311 915 231 985 849 983 21 947 298 832 409 918 797 205 280 957 171 936 321 802
641 713 742 994 881 980 625 129 161 106 887 587 921 337 339 769 337 109 255 225 81 257 633 185 436 545 801 45 359 957 337 314 845 70 801 356 273 505 121 301 625 917 553 307 729 483 51 477 595 529 817 353 781 381 971 257 449 441 518 525 377 601 625 985 209 723 515 63 578 967 195 279 809 819 401 538 25 129 777 796 17 353 627 61 521 597 397 65 161 935 842 617 561 45 575 325 816 605 283 417 841 401 89 809 993 521 9 473 249 345 809 973 133 133 681 563 833 241
145 709 893 277 357 889 925 185 781 597 145 889 781 597 793 559 595 921 817 482 942 745 361 729 7 697 161 192 155 145 673 857 352 645 125 825 528 991 937 833 186 774 633 435 477 63 64 913 689 337 775 125 558 841 759 69 885 39 857 855 225 295 145 569 821 846 905 377 491 874 345 961 268 425 161 565 145 425 489 713 393 649 29 27 777 220 309 737 12 226 362 889 777 483 81 555 753 201 177 969 249 750 457 681 901 220 525 201 547 169 127 865 237 341 953 571 729 249
745 33 817 853 89 953 305 964 913 833 229 209 121 177 937 922 473 33 681 551 827 305 893 681 153 709 543 953 294 362 561 573 953 49 641 701 643 286 201 697 363 417 65 105 207 359 78 441 5 401 809 321 341 817 249 345 709 965 721 651 65 1 891 85 26 713 445 995 715 489 888 907 521 963 961 944 136 819 917 9 991 841 468 63 817 197 749 412 491 779 521 36 289 735 75 245 907 449 403 466 481 894 451 305 965 825 329 563 157 239 29 177 231 321 69 593 767 828
193 462 561 259 905 817 511 495 209 100 625 441 496 817 745 551 551 550 478 673 913 296 421 49 613 427 764 532 201 457 993 360 895 173 489 737 631 41 577 765 500 796 737 409 451 627 881 809 125 73 745 249 791 457 967 745 241 625 49 321 243 681 561 353 737 65 809 425 89 519 897 385 745 763 97 514 651 721 337 121 761 337 981 627 269 393 163 545 789 413 921 849 705 137 947 241 953 687 625 802 971 441 53 237 953 629 143 615 633 649 305 705 838 937 999 865 941 877
701 593 405 550 497 317 293 624 681 297 597 985 729 961 709 91 129 185 225 873 241 661 717 239 227 33 524 225 276 609 683 147 63 537 165 781 731 207 733 761 373 419 2 259 905 125 905 73 417 117 873 321 343 609 725 973 463 881 162 199 205 237 74 233 850 665 837 79 25 901 757 53 65 495 993 723 165 583 537 265 64 303 697 241 137 313 138 641 753 601 209 587 905 737 270 185 482 233 881 889 891 753 249 545 697 653 893 121 537 633 449 790 111 289 505 439 386 701
273 623 482 931 111 169 401 23 905 109 582 165 387 537 41 229 133 231 685 177 383 107 73 17 681 457 505 838 513 365 809 945 190 259 313 977 361 554 793 425 204 857 833 812 963 565 551 329 429 425 871 929 641 37 961 869 663 625 917 52 41 67 793 361 305 345 441 977 329 929 929 785 265 67 437 65 929 909 601 816 929 939 936 489 468 604 777 374 137 843 32 943 197 885 848 777 985 685 345 892 799 225 697 211 981 185 793 109 161 161 984 433 863 328 777 303 153 375
553 553 457 873 913 489 573 617 249 993 713 209 17 121 761 52 199 473 633 257 377 913 897 498 889 437 201 177 947 809 747 67 433 894 973 601 857 597 803 209 649 489 865 339 691 459 596 721 465 907 966 393 673 67 561 97 213 361 169 229 257 515 105 193 337 623 943 533 201 609 241 525 465 813 913 245 747 689 647 929 361 629 953 353 898 573 289 153 864 829 565 41 696 89 969 221 225 704 689 969 609 202 316 405 313 395 57 836 451 657 153 185 893 693 427 137 305 481
805 232 89 505 577 147 8 340 115 793 797 961 401 781 717 481 159 945 681 553 285 759 673 564 57 793 113 479 585 585 538 521 791 913 306 274 971 253 69 457 785 371 429 793 715 877 513 81 401 49 681 935 969 165 247 641 1 769 628 704 409 853 493 301 7 145 537 637 171 317 173 467 879 913 139 466 811 499 827 590 25 361 905 381 105 873 836 625 425 961 901 88 814 657 629 385 841 17 989 819 385 729 181 7 573 57 189 621 21 337 177 963 145 353 387 521 64 129
401 678 749 417 893 281 919 293 568 193 769 75 517 49 775 773 803 297 305 777 591 659 157 239 675 45 361 953 545 54 883 929 697 652 949 465 657 981 301 321 265 177 694 746 53 455 173 41 673 153 659 391 665 827 969 562 449 129 377 177 725 209 521 201 361 489 187 829 422 711 913 217 249 793 17 501 329 230 592 253 216 457 321 543 705 81 745 89 169 619 273 569 401 925 129 331 255 923 793 745 775 437 153 547 105 709 881 721 461 321 505 624 97 193 989 817 801 377
627 403 15 249 841 145 353 341 115 432 271 39 781 355 569 489 504 6 37 781 973 529 435 545 397 769 402 673 377 723 657 969 751 587 489 609 601 865 469 455 404 951 393 453 929 525 698 585 957 56 417 993 937 257 191 937 507 813 705 315 589 97 247 165 805 224 403 753 465 431 457 297 789 945 999 943 771 169 257 95 753 555 299 76 521 19 927 937 777 265 878 33 785 317 353 397 515 185 47 249 289 523 571 553 481 903 693 273 605 677 88 418 689 405 242 756 733 323
249 345 145 781 172 228 391 474 969 39 652 481 97 765 940 600 509 829 739 201 161 345 73 578 817 977 485 721 671 39 435 429 17 943 65 589 563 89 969 545 957 69 545 537 607 729 399 289 245 245 417 457 482 801 729 617 849 165 253 104 325 837 55 814 523 237 737 253 521 800 913 753 945 967 979 385 745 273 255 921 865 873 250 605 417 369 935 168 81 169 73 501 817 392 264 380 449 369 412 33 153 153 800 907 283 473 781 901 725 441 893 257 985 201 769 899 333 967
787 537 873 509 319 17 409 905 521 289 120 257 649 359 809 189 551 633 846 97 443 81 665 713 968 813 657 595 921 199 521 887 251 181 697 439 709 619 617 521 393 681 691 353 713 401 67 369 381 909 684 425 361 713 595 639 473 321 161 249 705 689 97 577 679 665 753 577 81 557 587 103 372 297 593 437 601 933 259 267 864 972 371 617 281 281 73 718 17 281 373 597 1 7 821 791 656 161 241 81 231 931 41 93 828 525 437 703 33 355 969 303 989 25 669 939 455 281
745 600 49 417 527 697 9 809 61 209 345 185 713 848 993 437 328 529 105 417 945 669 457 287 502 811 801 213 905 693 137 497 457 97 305 633 817 43 9 347 581 21 925 73 253 81 629 967 911 113 824 569 105 41 879 531 913 576 777 607 672 1 879 649 40 641 122 765 521 106 532 945 175 529 57 197 633 895 185 321 205 490 645 622 497 529 73 25 139 245 25 421 91 937 415 25 797 910 137 910 533 143 131 737 817 869 26 371 449 599 769 255 513 271 265 951 553 729
985 217 987 977 601 729 988 254 913 249 741 1 969 393 645 331 353 913 113 927 966 2 696 433 31 243 841 209 335 747 933 301 481 141 571 511 987 725 493 645 993 345 857 945 337 515 993 729 557 985 319 355 365 301 809 647 37 753 633 934 673 586 833 249 701 136 224 435 537 301 161 718 749 325 747 137 887 873 177 310 221 897 933 313 832 751 561 409 189 313 225 161 292 457 241 385 150 355 396 110 777 969 823 905 967 865 96 995 465 1 49 110 928 261 233 697 462 921
69 135 573 711 923 265 825 393 9 899 937 633 435 859 59 109 825 280 783 417 793 987 761 233 833 113 599 632 943 49 453 321 865 554 259 894 87 257 437 409 41 255 213 225 977 113 937 693 853 639 353 429 801 585 224 200 841 940 145 181 233 721 351 609 841 586 977 49 977 117 441 545 541 877 193 473 117 23 810 177 221 113 65 433 92 573 145 513 953 297 617 425 729 380 557 185 701 813 805 527 773 477 222 458 773 783 849 377 107 613 545 505 650 329 273 393 365 605
841 6 873 245 421 701 469 881 359 754 425 763 857 314 353 49 76 265 177 77 905 726 121 431 516 121 525 779 373 921 469 49 675 689 382 1 699 453 777 9 585 759 149 953 985 479 297 137 865 153 517 193 911 737 209 100 369 193 293 687 967 833 541 62 353 245 405 929 441 115 343 13 553 689 505 97 321 859 257 398 49 14 637 921 553 572 353 745 305 849 377 193 201 117 337 25 85 109 365 522 489 607 762 363 385 63 865 357 915 49 484 861 647 297 993 414 721 411
761 939 765 889 826 849 241 741 194 379 401 769 185 865 870 136 353 961 549 821 111 541 969 65 237 657 881 365 513 9 330 484 57 745 513 868 73 989 939 687 412 321 169 554 205 873 427 921 988 700 73 153 200 773 289 615 897 473 77 289 833 89 657 281 169 275 825 521 667 561 819 659 407 777 817 325 565 973 669 985 561 261 777 993 795 769 761 809 813 555 31 505 332 681 588 991 117 973 831 895 911 363 33 613 201 715 135 662 829 129 305 26 123 871 510 889 871 17
293 585 517 833 97 170 273 705 159 993 591 51 891 9 601 965 569 283 901 857 217 937 333 305 721 569 581 163 625 115 183 201 304 241 753 530 989 545 93 585 296 877 81 891 785 329 471 871 153 729 218 53 309 657 213 191 649 935 921 769 777 103 785 33 161 915 721 799 911 157 16 389 210 881 299 697 195 649 894 541 409 261 129 869 881 237 137 983 271 969 209 133 641 497 1 841 625 361 502 541 467 9 385 916 957 513 889 153 829 421 999 793 97 225 697 941 687 443
591 485 717 327 41 497 473 405 628 805 921 495 207 594 369 817 397 973 610 297 701 777 373 672 713 335 173 333 917 977 9 433 413 477 97 149 289 521 889 621 289 833 689 710 897 409 33 433 579 65 115 521 301 637 319 97 177 73 331 857 591 755 985 949 267 593 131 17 451 511 57 225 329 219 573 292 665 89 681 831 521 777 513 97 541 817 44 373 991 193 838 40 989 315 619 913 728 643 953 615 393 9 329 665 185 909 105 465 809 625 855 247 949 457 5 762 689 782
979 163 929 257 47 225 739 127 539 458 121 588 417 962 857 825 793 945 423 159 236 813 745 15 985 166 437 641 649 761 81 549 626 689 121 497 286 213 297 609 427 309 1 602 353 707 149 505 113 153 1 393 29 839 201 537 85 374 334 725 861 623 259 97 321 634 105 894 601 75 497 369 217 431 873 145 485 677 717 655 225 629 643 413 129 213 65 551 281 649 421 251 521 87 421 549 569 985 561 969 537 62 933 249 194 97 734 433 443 945 455 421 418 801 809 732 681 41
705 504 210 269 913 122 425 451 23 769 342 33 581 865 569 593 105 829 65 333 486 130 221 437 637 289 645 961 761 713 895 91 489 909 385 689 369 425 837 866 729 237 425 325 545 577 685 572 459 351 217 206 217 125 789 857 57 453 559 497 429 441 175 449 306 985 201 341 225 309 905 353 121 937 313 973 633 519 772 917 33 699 894 741 437 505 399 311 969 201 679 101 905 709 824 614 497 292 569 377 681 961 937 79 571 633 753 995 305 846 481 841 934 129 977 865 217 537
921 373 185 565 340 473 563 411 125 591 756 599 877 845 193 185 241 153 618 205 707 755 837 342 373 317 263 377 547 481 917 305 224 377 189 297 473 154 521 77 321 67 677 267 385 966 377 640 477 71 33 464 229 297 119 513 153 25 502 702 313 925 232 757 796 703 527 469 857 277 501 969 880 545 951 393 289 817 632 51 817 113 271 741 766 257 145 953 177 591 645 643 352 557 846 752 649 65 933 209 545 353 742 603 265 155 497 61 657 911 919 517 167 641 271 977 394 593
289 598 842 141 705 397 735 485 577 695 361 425 163 294 785 313 753 665 437 551 665 549 149 592 392 343 21 201 105 281 301 409 361 53 313 765 513 481 393 213 41 905 836 307 25 927 825 226 305 354 745 309 1 553 977 833 593 581 943 96 49 381 777 321 265 307 705 1 781 981 573 972 289 801 517 473 389 305 545 969 153 327 783 513 383 597 469 595 477 923 843 45 145 665 109 705 715 745 440 485 297 169 29 201 170 341 3 337 41 283 685 783 777 427 649 23 129 413
287 429 307 729 545 987 909 415 93 569 111 439 385 769 929 289 489 249 108 485 636 689 689 561 385 527 737 705 863 169 796 713 529 513 201 359 141 177 783 481 539 863 443 161 629 785 569 145 447 533 235 373 173 637 225 593 937 393 721 668 931 993 101 617 901 970 624 535 731 889 409 33 819 889 109 951 649 147 349 527 447 921 437 593 79 129 105 81 67 487 937 537 465 157 545 153 721 737 817 279 729 179 29 777 325 269 737 465 653 697 905 137 409 283 637 875 889 545
901 729 245 116 949 515 445 449 489 428 869 433 331 367 81 969 673 545 44 125 697 563 217 423 818 709 461 161 243 897 712 849 297 758 443 303 921 617 265 369 143 859 923 923 271 936 959 629 587 985 763 16 231 9 7 825 940 837 112 529 829 97 625 531 950 98 41 565 981 229 953 409 81 477 945 841 257 873 287 737 485 669 519 417 161 875 799 825 916 473 720 443 41 945 793 505 331 875 809 749 754 954 454 1 533 909 219 745 550 21 459 60 229 537 779 649 727 533
688 41 763 907 281 337 453 861 69 795 393 563 233 648 973 850 41 977 617 197 955 729 775 917 841 121 637 424 951 297 998 659 52 225 400 353 233 19 521 986 217 977 607 569 459 173 235 629 695 883 197 927 137 439 909 897 593 380 419 195 777 772 153 501 485 417 717 17 577 721 23 313 220 595 881 305 925 954 625 969 881 753 809 407 25 442 595 769 992 185 747 665 63 801 47 433 681 301 997 697 297 591 265 927 29 245 961 213 871 613 784 161 241 25 669 345 496 221
89 121 101 777 657 674 242 41 795 225 977 625 22 273 801 311 369 394 297 987 375 409 297 457 461 319 62 857 920 41 487 513 738 497 971 62 865 625 737 897 285 305 361 707 329 281 401 861 305 337 913 105 195 178 813 185 297 797 721 849 801 853 549 785 445 418 721 10 62 607 411 145 345 117 697 905 86 183 121 995 301 699 641 809 161 1 600 947 5 153 179 917 38 161 329 465 921 601 485 73 817 657 73 577 582 392 395 341 155 317 197 594 561 929 191 552 237 509
65 649 841 413 505 570 443 361 874 341 38 625 697 417 761 699 437 943 142 690 988 267 373 311 269 713 601 799 185 281 385 245 249 9 647 500 549 173 565 667 689 829 562 29 512 951 336 311 465 345 633 89 281 429 395 478 875 786 221 897 485 921 537 825 977 337 945 273 38 557 953 810 129 105 421 985 960 405 828 705 885 62 469 793 785 105 521 617 387 617 633 993 697 629 120 939 509 744 229 721 945 89 826 263 188 46 185 321 55 419 635 889 977 993 417 121 372 641
969 921 569 749 623 557 769 221 633 913 863 505 809 60 461 694 385 801 697 840 650 121 489 749 449 145 601 905 129 465 269 889 833 569 225 15 701 91 375 225 961 449 57 531 561 743 417 339 119 57 521 755 9 173 117 465 147 401 892 939 633 401 797 33 237 841 533 207 379 159 633 777 659 497 876 673 441 9 945 755 221 257 145 537 417 767 763 337 157 581 165 845 508 193 257 71 657 861 729 695 577 907 293 977 49 565 27 571 229 593 57 57 121 345 201 449 865 465
765 539 649 33 417 985 941 985 69 359 825 161 750 793 201 765 369 577 993 139 569 787 363 345 137 265 293 759 993 673 233 205 961 339 339 865 363 677 765 25 148 137 379 465 823 629 28 331 326 513 257 761 701 117 355 106 881 941 945 353 519 129 521 315 883 527 705 49 599 919 817 325 33 905 529 534 669 201 222 905 77 89 485 337 226 307 305 281 773 593 65 737 449 905 889 113 529 693 89 545 761 937 457 327 559 789 921 1000 337 251 505 685 121 797 73 689 9 457
1 877 113 41 689 937 651 222 317 195 617 709 391 435 349 721 341 761 899 877 17 31 489 655 201 729 41 539 759 827 87 265 233 319 697 79 472 430 956 627 857 839 561 217 337 11 337 449 864 81 981 293 137 229 475 585 609 537 447 517 797 21 41 641 127 273 41 38 461 897 182 905 674 101 566 401 417 590 993 109 33 801 52 857 935 237 597 53 22 633 201 665 577 977 441 337 705 603 793 909 465 135 907 46 787 408 673 141 704 197 857 8 193 742 355 961 49 821
921 477 597 377 25 526 216 680 637 529 651 629 891 586 21 869 293 985 589 796 407 585 155 249 273 349 907 401 317 783 285 249 884 817 697 509 401 381 65 681 705 260 433 530 865 645 73 93 181 845 785 321 921 481 761 67 361 712 71 787 728 161 609 7 123 5 235 869 403 273 325 33 529 923 305 740 393 673 612 667 305 49 834 187 993 455 801 311 273 865 623 253 669 417 561 961 577 91 81 937 403 558 29 885 761 265 313 501 92 436 249 748 465 697 539 961 65 991
953 559 709 353 569 761 793 413 225 25 474 283 263 727 195 829 393 957 639 463 417 893 713 538 583 593 329 338 793 843 986 949 593 777 557 213 827 111 601 521 229 610 45 1000 885 853 827 697 575 657 472 465 793 829 602 945 741 857 389 953 705 969 987 551 781 113 120 273 588 208 451 573 713 657 465 965 789 519 581 929 21 533 11 865 210 705 82 403 823 945 57 629 819 189 947 265 657 369 521 836 429 312 729 127 461 205 305 353 641 407 217 683 603 205 917 505 665 417
701 83 901 573 761 137 922 246 693 554 265 789 185 704 209 977 645 149 317 249 972 292 423 751 886 309 15 101 993 89 265 137 769 577 589 873 485 809 883 85 668 609 927 162 321 111 797 123 569 441 105 797 353 313 761 47 443 47 387 881 97 925 509 553 33 703 809 916 155 475 234 417 409 273 507 217 141 865 975 804 152 273 945 271 621 280 873 180 629 193 734 781 405 305 961 5 497 217 829 737 119 139 119 470 257 569 357 281 179 395 73 457 118 249 811 683 97 1
214 195 721 719 665 323 785 385 313 441 445 955 865 257 985 709 213 297 851 97 401 763 97 889 529 17 161 719 337 211 375 628 135 953 985 423 749 776 145 599 927 453 549 505 537 824 305 138 241 305 549 669 645 269 849 340 755 496 121 627 385 121 785 641 837 341 465 549 669 441 100 649 449 413 283 847 574 670 809 273 547 48 895 505 905 113 753 981 705 421 861 56 177 197 761 477 337 889 735 113 169 942 385 713 673 785 241 276 73 6 837 737 403 953 649 61 506 325
537 697 506 241 441 833 417 239 933 198 325 65 85 737 359 360 391 41 153 965 93 37 781 927 497 801 593 109 724 5 73 563 897 57 991 869 125 55 969 177 361 873 903 841 985 209 545 843 593 177 873 525 777 529 233 577 81 161 206 425 145 409 50 825 65 561 313 219 736 543 591 924 466 625 617 5 795 221 947 91 249 809 393 201 966 369 337 329 913 209 649 593 929 681 129 392 567 39 597 797 4 445 353 185 949 597 313 607 510 131 947 369 921 643 417 537 713 923
81 573 865 285 371 364 974 337 721 473 557 49 853 385 619 247 625 998 899 553 881 188 729 404 681 613 109 625 25 629 945 989 16 281 515 747 565 561 157 255 281 809 296 681 667 333 377 505 497 465 537 581 945 123 72 857 656 800 905 777 631 337 822 677 676 731 873 414 463 807 934 685 999 625 129 553 209 57 591 765 585 133 997 367 973 89 609 411 225 163 921 234 207 895 929 17 557 929 649 585 875 185 496 265 892 249 855 329 453 441 811 977 858 897 105 641 761 87
113 130 119 401 193 725 945 641 137 708 161 164 561 311 997 381 225 508 827 193 173 786 889 907 129 681 121 231 507 637 377 377 53 729 625 896 225 307 633 713 413 1 212 41 617 789 553 79 419 849 273 929 889 129 465 157 673 777 377 533 337 865 561 889 753 993 191 17 870 759 545 465 585 929 676 625 745 105 325 361 504 445 529 693 51 527 515 497 516 841 585 665 431 625 700 387 44 753 849 205 165 645 917 93 233 253 361 89 671 701 649 820 913 205 251 265 485 529
775 817 196 620 113 607 641 795 593 614 145 745 737 457 417 465 929 257 561 617 827 191 291 53 424 89 660 258 281 755 976 351 640 495 355 609 769 861 99 855 683 423 629 966 71 197 71 633 457 92 609 905 873 625 261 967 9 181 481 246 234 467 525 769 957 299 14 68 765 59 795 249 73 878 969 473 265 361 201 97 777 185 589 385 466 793 409 934 528 185 845 889 441 297 57 148 425 441 773 657 761 648 57 109 569 755 449 371 881 973 481 655 313 393 501 185 881 581
697 593 281 993 255 49 921 931 457 961 17 340 581 981 277 73 766 999 57 441 745 279 41 369 297 321 376 311 209 305 137 705 35 89 127 845 649 153 513 417 341 953 373 377 646 497 351 643 529 889 148 795 854 873 479 228 745 597 673 305 372 216 133 577 693 180 945 459 273 17 1 285 353 841 378 397 796 357 473 618 970 307 309 253 241 505 711 561 137 193 225 703 249 709 319 437 677 505 131 345 215 593 977 969 553 81 657 789 529 259 519 601 753 542 70 129 49 315
969 895 605 768 247 241 250 809 449 865 41 375 761 669 873 475 645 463 363 571 683 443 504 561 690 571 681 7 121 801 825 89 821 165 188 249 923 113 409 7 447 345 7 289 945 413 961 633 306 64 761 241 693 924 381 701 789 833 41 269 1 641 505 639 755 353 337 537 529 97 641 693 885 769 769 239 41 521 757 833 453 733 381 425 680 489 401 64 508 249 35 569 749 513 873 321 289 425 46 755 69 531 95 417 169 377 513 994 977 729 519 961 61 754 81 357 945 293
