72 160 35 83
85 17 58 60 9 19 4 71 81 73 15 93 65 73 33 1 1 9 92 2 65 85 21 9 76 81 45 69 53 5 1 55 82 89 72 86 17 49 29 25 53 85 77 71 19 29 63 37 45 65 95 49 43 52 73 85 88 81 21 19 18 97 25 57 91 47 53 25 65 1 81 84 97 5 17 73 35 33 9 49 93 84 40 7 67 77 81 33 77 13 57 77 61 53 5 39 69 1 1 73 98 23 53 66 17 30 41 4 33 85 5 57 45 97 69 17 65 94 25 13 17 27 9 9 13 77 40 21 37 6 97 21 81 65 77 13 5 73 45 73 3 21 23 47 29 75 27 81 88 73 57 49 75 9 19 13 16 21 1 53
97 77 82 5 32 57 67 97 91 91 1 48 77 69 5 73 11 61 19 35 53 82 89 15 63 17 45 63 69 89 57 97 23 77 17 97 72 73 41 21 73 7 85 63 65 39 25 37 81 81 93 97 51 89 58 73 95 31 82 13 77 9 41 65 34 21 45 47 53 61 45 33 49 69 71 93 55 29 49 73 53 67 62 87 27 91 69 85 21 1 13 95 65 25 29 51 11 69 17 61 46 25 61 89 91 51 97 13 5 61 80 45 77 41 81 29 11 25 61 93 93 81 77 61 43 13 21 25 71 93 51 9 65 89 53 33 63 19 27 85 99 21 5 60 47 25 13 23 17 49 89 85 99 53 93 89 53 15 46 67
71 37 43 25 67 9 49 96 70 51 13 57 37 25 81 87 35 8 9 26 44 61 55 49 77 22 19 45 33 53 91 33 46 53 53 25 61 17 63 14 89 29 3 41 85 17 13 73 53 15 41 43 85 68 29 61 39 21 57 23 51 51 45 41 68 11 37 57 39 17 93 51 57 33 87 92 30 73 9 69 70 41 34 10 57 6 49 70 25 63 17 17 88 52 25 44 73 53 29 55 85 39 77 62 29 51 87 75 98 93 9 73 23 7 5 95 87 65 47 93 27 25 16 58 99 45 95 21 69 23 33 41 5 7 65 73 77 37 41 31 97 24 93 47 65 73 73 77 97 68 2 89 89 97 21 57 84 33 89 9
73 29 23 21 31 18 81 89 57 22 78 97 91 13 79 77 21 9 74 25 59 91 49 65 37 5 1 9 55 89 49 61 57 56 81 49 23 77 67 69 7 65 78 55 89 33 85 13 73 27 89 65 21 1 61 89 8 49 81 73 29 49 21 17 81 25 33 41 41 59 38 33 1 77 5 87 10 19 65 73 41 37 31 73 77 34 77 49 65 53 53 61 1 95 53 83 93 21 79 5 65 77 87 88 77 21 65 57 11 9 65 33 93 41 1 83 29 90 96 42 53 15 45 25 64 93 35 50 61 5 52 29 93 61 57 53 80 11 70 85 57 87 27 3 1 13 5 21 61 37 37 33 85 89 85 46 27 41 75 40
25 28 53 9 87 6 93 63 41 65 49 97 95 65 44 25 10 91 63 33 69 57 29 15 90 69 83 60 56 23 71 39 11 81 29 9 85 21 1 25 69 85 1 39 25 85 43 5 37 7 47 49 56 56 99 38 49 33 81 37 31 13 11 54 22 27 73 61 53 91 1 69 5 45 65 69 80 49 45 51 21 97 13 65 45 77 98 53 17 19 68 17 33 21 61 17 9 77 53 65 53 17 98 6 23 41 1 77 77 49 49 15 42 70 73 53 37 67 67 11 29 35 53 97 11 69 13 93 73 83 3 73 25 21 85 35 57 49 79 37 59 91 92 29 45 19 90 73 37 29 95 45 25 33 73 25 63 21 86 73
81 31 49 47 87 33 13 89 77 85 57 31 56 5 55 57 85 11 37 65 60 97 35 21 70 95 25 89 85 97 53 57 15 23 65 66 21 81 99 100 53 33 69 54 29 1 37 29 81 13 53 97 51 69 14 65 89 91 67 1 17 35 25 75 13 41 9 95 27 41 33 33 90 35 41 57 95 73 88 1 53 69 93 29 53 39 69 33 41 57 25 59 69 39 65 97 1 45 69 67 33 45 31 81 93 27 91 73 17 17 69 93 85 33 57 29 93 21 95 5 41 17 85 89 52 49 33 69 67 13 68 43 6 81 29 45 3 41 89 66 37 9 1 9 81 29 61 71 62 5 85 25 7 43 69 77 5 61 69 59
57 77 63 90 21 9 37 5 97 43 39 29 5 41 13 16 73 9 61 9 37 17 69 29 49 45 65 59 62 21 45 7 7 93 25 1 73 5 33 29 33 89 5 9 51 49 49 5 77 79 37 40 97 59 61 23 63 53 65 21 53 33 69 9 73 26 37 29 1 9 55 69 14 1 37 43 53 71 12 36 68 75 29 45 53 73 93 61 57 40 97 77 73 71 73 17 23 27 73 81 29 15 17 9 97 33 16 93 45 71 45 37 51 71 69 97 68 57 85 32 53 11 41 57 56 61 63 93 73 61 46 97 29 53 49 72 53 45 33 79 41 11 81 91 84 35 80 95 85 25 96 15 69 1 42 17 14 5 43 73
17 81 81 53 45 57 94 96 93 49 69 99 95 71 41 41 9 73 81 74 3 73 39 61 21 11 45 17 81 19 65 9 25 69 41 75 65 38 33 25 41 56 99 73 65 81 93 5 9 57 73 13 25 81 17 61 1 46 47 31 16 41 78 37 37 35 7 43 77 35 73 9 61 45 11 53 45 13 13 36 61 53 17 90 41 95 13 21 29 13 85 1 85 21 1 85 93 33 73 1 17 43 17 93 37 89 93 49 56 80 97 73 27 29 20 61 85 21 57 44 17 85 25 67 85 64 57 69 91 3 51 18 77 1 73 53 42 45 1 83 89 82 15 81 31 65 29 9 42 15 5 41 41 60 33 67 73 21 65 66
99 35 7 37 99 29 51 89 96 25 49 13 66 65 1 5 86 49 25 1 5 85 60 65 43 11 85 22 43 89 17 37 29 17 99 41 100 81 9 79 95 49 49 39 85 58 89 5 45 49 15 67 91 25 49 37 53 47 77 2 11 9 41 54 1 73 61 65 21 85 39 20 61 81 13 89 37 80 51 89 37 25 89 18 38 21 85 87 49 5 49 25 25 89 30 57 49 22 95 16 55 29 15 77 89 73 73 43 85 73 7 55 77 3 17 9 87 97 33 12 73 81 65 25 41 9 77 41 61 29 81 63 15 15 40 25 25 88 73 57 33 69 45 74 79 39 6 97 65 77 18 45 77 17 45 76 48 57 5 45
25 26 7 9 93 77 72 97 31 57 81 61 61 13 77 73 37 77 91 58 77 93 57 97 5 89 97 93 97 91 17 51 69 83 33 19 87 85 61 71 17 89 93 45 61 27 1 73 13 93 45 17 61 89 61 52 13 61 81 97 96 57 41 17 7 42 75 61 45 81 39 55 3 85 26 65 81 41 61 5 57 50 85 17 69 57 62 85 37 30 3 20 45 55 17 37 17 65 92 37 37 36 17 41 21 49 29 45 16 21 20 60 29 57 65 54 83 57 81 17 49 37 49 41 29 72 65 25 25 25 1 45 65 17 33 17 71 21 81 59 1 85 25 28 92 93 57 1 73 5 16 51 1 16 29 3 77 13 77 71
21 56 17 53 29 41 27 8 27 65 93 53 61 95 81 53 61 45 85 87 95 49 21 69 25 93 3 65 60 17 5 1 3 37 47 85 25 17 79 25 55 45 89 85 89 74 5 81 21 1 7 9 89 5 85 35 21 45 5 95 18 87 75 28 32 37 89 56 49 37 17 11 53 13 25 61 49 71 73 9 5 93 29 89 89 49 57 1 23 39 25 89 64 95 61 57 89 73 21 100 71 88 81 31 89 65 41 69 49 21 65 93 13 71 81 42 84 81 77 45 85 1 33 19 9 87 49 53 46 33 49 27 57 87 69 65 61 17 17 19 73 29 22 87 1 84 65 74 41 71 29 13 95 65 63 43 93 33 33 89
89 17 97 50 83 1 41 76 69 65 3 41 10 95 19 98 97 91 12 55 79 29 64 93 21 17 25 33 77 17 21 59 81 1 81 25 29 73 65 23 9 85 15 44 61 9 65 29 77 40 73 9 27 57 22 13 33 97 71 85 51 43 77 5 29 9 53 17 1 1 42 53 29 41 93 25 73 47 65 90 85 93 77 89 13 36 72 73 62 1 7 49 57 53 45 85 62 73 73 37 97 49 65 92 81 14 69 49 89 33 11 17 9 81 29 73 49 85 13 77 25 89 89 41 97 1 85 61 97 21 81 49 57 9 43 83 21 60 25 57 21 61 49 37 1 83 73 77 95 9 57 3 21 58 77 33 39 42 69 5
77 65 32 62 7 25 49 61 85 27 69 29 81 85 41 1 65 23 97 17 45 25 16 25 47 13 19 69 20 32 29 15 97 29 49 99 71 9 45 37 65 33 57 81 21 81 5 71 83 85 22 77 71 28 1 27 18 23 24 11 51 45 45 13 17 75 95 19 94 25 55 99 53 89 1 61 53 85 97 1 17 83 45 5 19 93 88 88 1 85 11 81 22 100 19 21 94 41 45 69 65 37 73 89 21 81 5 29 1 57 29 5 17 37 28 51 17 5 17 57 21 85 89 37 73 23 73 73 65 61 9 27 57 67 13 13 9 9 33 41 19 97 31 21 95 37 29 29 20 29 29 67 85 25 61 47 77 81 67 69
15 99 13 45 5 5 13 89 15 93 16 87 73 10 1 21 61 67 45 90 13 57 21 95 89 45 69 29 90 81 89 95 5 77 9 58 31 21 57 20 81 43 21 81 77 10 1 13 81 23 33 81 57 21 33 45 25 33 55 93 74 5 81 45 12 84 93 47 85 25 49 17 81 77 61 61 9 5 46 79 69 85 21 33 23 29 93 83 1 49 5 93 25 55 75 77 81 42 20 5 15 65 37 56 85 48 3 77 33 13 17 81 89 45 17 63 85 83 17 39 99 28 17 91 4 41 77 72 13 61 61 57 77 5 80 61 11 49 28 77 81 71 95 29 43 85 37 17 54 69 48 58 89 69 93 30 37 1 61 45
7 9 81 61 93 95 35 29 61 41 45 93 9 49 43 61 25 43 57 9 49 13 24 49 57 57 79 17 41 85 58 57 25 25 37 89 97 17 25 33 2 22 41 5 22 1 85 69 53 58 37 77 81 65 93 39 1 9 9 85 73 83 45 21 33 65 44 18 85 37 21 46 49 1 45 89 65 25 69 91 53 17 62 69 17 93 71 15 49 59 25 49 59 41 93 45 65 8 97 35 94 85 33 67 73 73 9 55 57 73 21 21 49 25 25 24 89 42 41 43 67 21 84 83 57 15 41 3 9 73 85 61 9 73 65 93 17 85 13 73 13 52 29 65 35 18 63 99 77 17 45 85 93 93 6 91 77 37 57 33
85 5 24 45 15 89 41 69 49 14 43 25 29 67 25 16 45 21 13 67 49 51 69 1 54 81 99 65 89 85 36 37 86 1 51 45 35 99 69 45 51 39 93 97 51 19 57 49 7 25 27 51 86 79 43 37 81 23 1 85 20 69 38 49 33 37 25 69 89 89 5 87 61 49 33 29 100 69 69 26 13 65 99 1 19 62 91 67 49 94 76 9 25 51 47 77 65 33 28 85 45 82 81 75 81 33 73 85 1 9 65 15 94 83 61 27 97 9 24 97 45 21 85 59 24 67 17 68 77 85 37 33 33 54 60 45 71 25 79 35 85 98 39 65 85 27 17 85 3 21 61 67 77 81 29 31 43 49 45 73
5 65 81 46 23 73 86 81 21 84 53 81 53 47 49 5 97 43 95 93 65 57 17 27 46 13 17 25 93 53 51 57 77 81 57 25 5 3 5 64 49 9 53 17 53 37 21 33 49 89 21 21 15 85 3 21 49 17 41 17 5 14 65 41 65 85 87 81 27 89 65 9 7 21 41 85 81 93 97 33 89 73 17 6 75 15 39 9 71 1 27 19 36 89 81 13 36 73 1 58 57 13 97 75 65 21 87 81 85 1 17 89 37 17 37 93 73 41 3 11 74 85 37 27 48 21 31 97 87 4 17 77 7 46 81 90 21 79 49 76 5 3 21 14 13 97 97 65 4 81 45 29 51 65 100 25 52 25 65 4
93 43 81 93 17 5 89 53 77 51 77 65 96 61 61 77 37 81 77 73 9 89 97 5 95 23 19 89 17 57 13 33 39 23 17 53 85 86 51 29 77 4 11 3 10 15 29 73 41 21 85 82 17 97 13 51 77 9 75 47 33 35 25 3 5 37 97 25 70 85 63 43 89 69 61 1 81 73 9 17 33 9 77 95 18 67 21 29 81 33 39 45 83 41 49 37 97 9 9 53 78 15 45 16 1 22 57 24 65 3 37 87 3 24 89 69 96 6 37 65 89 47 29 93 83 23 89 65 61 97 67 77 73 29 45 61 95 45 17 45 2 1 87 87 96 85 16 61 53 80 9 36 53 81 45 49 17 97 84 21
58 63 29 45 27 47 51 69 29 61 49 91 57 85 7 99 45 53 75 55 93 74 49 11 33 47 40 93 13 9 1 53 29 89 25 17 47 70 13 29 81 25 63 37 45 64 73 59 85 87 77 53 45 71 27 3 37 15 29 64 97 11 22 56 53 17 82 21 76 81 85 97 45 89 5 29 47 77 65 59 93 81 21 81 93 97 13 89 33 63 63 70 80 33 69 99 17 81 41 1 97 94 57 97 65 87 35 13 85 13 5 73 29 41 72 73 61 45 29 53 95 67 97 9 37 5 87 23 13 19 37 65 50 11 61 19 81 71 45 20 81 21 89 53 45 13 77 13 22 53 29 21 73 27 17 41 58 22 55 25
97 44 73 5 35 91 7 85 81 87 29 49 61 2 11 95 69 30 17 19 83 11 47 18 5 82 58 65 93 41 29 72 89 45 13 53 41 63 13 5 85 61 25 97 65 25 21 69 47 81 43 55 37 41 41 49 69 37 21 9 25 84 21 45 87 9 45 13 82 94 1 81 97 33 27 1 77 25 63 39 33 5 73 5 1 49 13 37 37 15 69 32 16 57 97 53 29 75 51 65 37 77 31 13 81 5 9 3 47 37 62 73 37 54 3 45 81 53 31 18 77 53 89 11 22 79 49 69 65 9 15 21 13 27 59 93 35 49 19 81 61 1 19 61 53 81 83 64 81 25 57 25 35 41 7 57 53 95 1 85
17 89 5 65 90 45 9 20 65 89 61 93 85 93 77 93 17 45 28 27 55 77 43 13 97 81 77 41 91 77 81 29 61 33 61 27 53 61 85 67 96 37 97 1 95 5 65 97 11 77 9 53 87 9 31 45 17 51 17 13 43 77 49 1 13 13 57 25 99 25 85 57 67 65 71 43 71 65 93 17 9 1 77 15 6 29 25 85 29 69 9 93 77 53 58 73 83 29 97 67 88 38 17 33 61 41 37 41 61 17 5 35 77 63 81 69 41 75 25 11 33 21 29 65 37 37 9 93 91 23 21 13 13 5 41 70 41 95 53 85 8 17 25 29 61 53 70 96 65 33 5 17 65 17 48 37 95 33 36 1
85 37 43 9 89 33 65 5 67 63 18 25 83 65 17 57 37 29 94 89 17 25 29 29 69 37 93 97 11 69 51 69 89 59 81 18 1 23 69 33 89 39 5 11 93 53 69 50 97 38 81 91 23 53 65 49 43 9 57 33 61 45 69 57 97 51 31 73 31 87 9 79 2 29 21 36 1 21 16 93 20 11 41 89 53 51 41 61 67 18 45 89 97 15 69 35 77 77 57 61 65 45 84 45 13 21 5 37 41 17 38 57 13 49 71 49 47 77 81 61 19 32 1 87 47 5 83 45 2 63 3 77 41 5 7 5 1 39 17 9 77 53 5 65 73 35 66 49 9 27 81 63 17 41 49 53 81 5 71 41
25 9 21 3 25 99 10 37 81 73 37 17 47 97 69 49 1 85 29 1 91 79 89 14 53 57 61 65 56 74 89 33 45 11 21 11 95 25 77 45 67 85 76 5 5 17 13 9 21 81 41 15 27 56 75 80 61 5 16 57 25 69 9 89 25 33 49 97 62 5 93 85 53 12 19 66 14 60 69 37 65 94 37 85 65 97 89 91 49 21 9 43 25 53 35 93 81 89 46 1 93 29 27 95 59 49 1 33 29 5 51 37 47 53 13 21 37 17 19 17 36 41 65 63 89 33 45 41 21 21 76 29 89 91 99 37 53 19 61 64 69 63 68 51 43 1 70 98 9 10 93 9 45 19 61 88 100 87 45 68
73 23 13 21 61 53 67 21 28 5 5 41 3 5 47 85 13 17 81 43 20 37 75 21 91 34 31 27 58 33 61 43 73 49 95 9 49 49 73 54 25 29 9 13 71 45 44 21 33 37 38 27 77 19 5 61 57 75 61 63 51 93 73 13 6 35 7 75 57 29 5 13 9 79 93 25 85 97 39 5 89 27 97 33 25 25 5 89 10 21 37 27 89 59 13 54 61 61 73 41 21 37 31 77 5 67 37 33 33 81 65 1 60 29 31 51 69 57 69 49 85 25 17 17 37 3 65 15 61 45 45 5 61 21 83 41 33 69 43 53 4 21 19 87 25 50 81 9 61 68 13 53 97 87 1 88 9 23 37 79
41 33 71 69 26 29 49 4 81 97 99 5 13 5 75 14 59 5 17 29 5 92 69 70 2 30 1 49 59 17 93 25 41 77 25 39 93 5 57 93 77 1 49 5 29 49 45 17 57 19 25 57 97 67 49 5 17 29 83 75 25 89 63 45 93 93 1 29 26 61 99 5 67 25 97 85 21 13 53 65 45 17 31 35 12 39 69 88 15 73 11 77 29 5 77 23 61 91 89 9 27 87 1 5 21 21 41 59 61 5 77 63 91 49 97 29 69 9 14 5 32 77 9 41 63 45 35 41 12 69 73 17 29 78 79 33 29 29 11 95 61 35 49 49 88 57 51 49 33 35 71 21 79 1 37 73 63 13 93 9
81 4 41 69 49 41 73 73 59 98 65 61 85 9 91 59 71 85 83 41 49 25 67 20 89 61 49 1 79 45 8 46 89 77 21 1 17 63 91 65 93 35 9 89 93 73 81 57 85 41 37 56 17 57 81 61 29 63 18 61 26 27 33 24 49 89 27 95 59 89 41 20 26 51 53 62 69 17 57 73 9 67 61 56 16 92 89 57 63 61 81 79 53 15 73 21 25 45 77 83 67 97 57 13 77 81 29 55 77 89 1 93 9 61 1 41 17 81 89 29 41 9 71 1 61 85 65 73 89 21 23 33 45 81 79 17 9 85 85 5 39 97 85 59 57 3 97 1 98 49 100 25 89 85 9 49 82 85 29 93
33 33 23 93 21 62 93 77 81 5 57 13 25 69 87 71 35 85 37 49 93 73 37 57 45 5 99 87 26 33 25 89 25 31 16 46 36 57 65 93 37 19 73 25 45 77 89 39 12 13 17 50 47 29 45 49 17 89 75 13 37 38 69 9 13 77 21 74 17 13 73 84 21 53 19 37 54 97 92 98 88 95 81 69 63 45 53 95 81 5 61 17 23 1 39 35 17 67 87 57 61 27 49 53 21 22 38 21 33 21 45 53 67 89 65 29 89 57 30 4 33 29 1 61 61 69 29 65 21 13 93 15 49 41 58 33 37 89 87 41 85 71 21 1 9 93 13 53 36 24 77 91 27 37 53 71 53 45 37 73
23 17 61 49 5 57 17 13 35 33 31 21 9 5 51 31 77 37 1 81 17 61 21 45 7 33 61 49 87 81 49 97 47 49 49 99 45 59 5 54 13 1 69 17 57 51 59 14 1 25 45 24 93 13 99 65 75 13 1 35 59 69 28 41 9 15 13 39 17 74 67 50 45 65 85 45 69 17 81 80 43 65 37 37 7 37 11 1 1 35 45 77 86 49 22 63 19 57 33 49 21 32 77 61 85 96 13 25 67 71 95 83 49 39 41 57 6 77 55 45 53 7 9 85 77 22 45 57 81 25 21 65 45 77 29 45 9 5 53 54 75 41 85 45 85 99 73 9 57 1 29 93 85 13 78 17 61 3 53 93
53 21 20 29 77 34 81 97 25 33 73 99 17 81 9 53 33 89 21 93 33 29 25 68 30 89 13 49 91 61 17 63 77 33 26 21 45 61 7 99 42 90 63 93 21 85 1 57 69 25 89 54 29 100 25 25 97 21 47 57 89 80 37 33 11 9 57 35 29 45 17 93 65 20 41 25 85 21 73 49 75 17 61 5 9 1 69 39 83 84 97 99 80 23 93 9 93 29 45 29 97 21 81 77 97 41 87 6 29 79 97 41 57 90 53 98 41 13 73 41 65 1 9 87 91 9 41 49 21 38 21 45 5 99 54 17 41 29 93 81 85 7 63 77 18 93 49 7 4 73 59 97 45 25 13 45 65 81 79 51
53 43 89 89 27 27 60 89 23 25 7 69 1 97 17 49 53 1 9 97 49 85 29 21 81 3 27 61 65 5 65 96 96 73 33 66 21 7 5 5 81 83 1 61 79 33 5 43 69 13 97 81 65 25 62 73 91 88 69 9 84 79 88 89 62 63 53 89 31 39 37 65 27 81 53 49 21 61 82 51 61 61 53 61 13 17 77 65 68 25 89 53 4 29 89 96 86 33 91 53 89 71 47 69 65 81 53 42 13 73 75 33 9 49 63 1 69 37 57 35 93 28 77 57 87 97 35 73 41 89 89 99 13 9 97 49 57 77 97 67 2 99 73 33 51 11 29 22 39 37 97 51 22 13 66 73 17 43 65 82
97 40 97 85 1 61 9 53 80 13 47 57 40 22 97 53 61 57 45 65 13 1 33 69 51 91 65 97 1 57 5 13 69 79 75 24 13 12 88 19 69 34 21 13 1 13 85 3 37 67 99 55 41 45 5 57 52 29 55 5 53 75 65 45 63 47 21 40 21 6 77 93 97 97 83 99 36 81 27 45 80 86 53 61 21 69 9 97 61 81 85 93 19 21 41 5 53 23 33 69 61 93 77 45 17 21 53 17 93 69 47 95 88 1 91 33 67 42 13 7 37 77 37 13 29 29 85 81 73 86 46 37 17 57 17 11 93 9 53 37 49 65 77 49 81 93 9 67 89 77 24 45 88 93 21 79 25 37 95 3
89 93 95 77 37 11 1 37 97 74 45 6 35 52 69 21 17 15 45 17 51 75 85 49 87 21 24 1 93 33 25 17 23 25 89 1 45 65 31 41 27 61 41 57 77 81 17 89 41 9 21 59 79 1 41 15 5 3 15 17 91 67 12 73 1 37 85 5 89 11 55 1 57 5 93 89 11 93 9 100 69 17 51 75 83 34 8 77 1 89 13 25 29 41 45 21 93 49 33 73 41 49 17 61 57 85 9 11 49 78 61 97 31 13 72 20 37 31 9 21 87 89 85 3 98 77 73 65 25 60 47 17 77 9 79 14 6 9 29 91 59 87 99 17 49 81 59 37 41 9 45 13 29 37 69 33 61 89 25 45
95 29 65 71 39 33 73 93 9 37 10 65 11 53 85 29 29 97 6 81 95 45 5 61 85 68 75 41 49 25 83 9 97 45 9 100 89 21 29 1 69 25 31 53 25 61 19 18 17 83 69 85 34 69 41 77 63 1 79 23 40 80 29 73 83 41 61 57 81 37 79 23 60 17 5 45 53 97 5 54 77 17 33 73 9 77 98 97 13 34 45 29 34 25 71 80 89 53 71 57 67 13 61 45 11 53 27 21 7 21 85 13 45 57 89 11 61 29 25 49 45 86 33 69 13 53 89 85 61 1 58 53 13 21 61 59 34 55 85 17 5 11 29 65 21 73 37 59 45 81 71 53 85 13 17 3 39 98 39 9
33 13 57 11 41 87 69 41 97 52 38 63 88 58 29 100 29 53 81 65 29 33 97 35 41 27 10 37 42 87 82 33 73 27 4 21 97 41 73 89 53 93 21 35 25 45 11 29 13 21 17 31 49 61 29 77 15 73 100 45 29 96 45 37 37 45 9 76 21 75 53 89 55 73 73 53 53 57 97 51 77 70 19 1 15 1 13 65 93 72 25 5 41 1 1 25 77 38 97 97 49 65 77 31 77 57 1 91 54 84 85 89 93 29 79 63 27 57 89 41 87 85 37 9 67 69 33 41 21 81 53 51 61 73 71 92 17 49 73 13 57 37 29 21 21 37 33 23 41 59 89 49 74 89 77 37 28 15 69 65
77 26 41 25 91 89 91 95 57 71 57 25 1 37 65 47 35 56 85 69 85 73 48 50 75 100 15 27 29 96 83 17 89 64 73 93 97 74 80 29 33 19 9 1 77 55 61 89 81 9 33 69 5 47 49 6 29 21 85 29 49 10 57 61 93 53 73 77 16 73 65 9 78 99 68 59 87 21 33 66 17 19 41 9 47 69 49 45 19 29 13 33 91 97 1 93 85 75 17 53 88 84 86 97 83 49 7 61 53 55 9 21 85 61 73 1 83 15 85 95 65 69 1 100 29 77 81 45 47 21 97 81 52 69 93 65 41 4 93 49 53 9 29 73 61 37 49 73 5 44 65 57 93 45 82 61 32 93 78 13
93 44 61 49 33 49 17 49 21 73 41 100 15 35 27 21 61 67 37 39 57 33 56 93 46 1 57 49 93 93 69 87 12 65 9 37 25 41 17 97 61 1 95 73 97 17 85 96 97 1 60 3 5 41 89 29 5 15 3 53 49 25 13 73 64 81 41 91 73 91 23 1 69 51 77 97 1 85 21 68 93 61 91 65 4 53 41 91 45 89 29 20 17 73 94 85 17 21 65 53 98 85 1 31 79 73 29 18 61 92 5 77 25 37 67 81 89 1 3 89 83 89 89 89 44 25 11 29 81 65 13 65 11 12 1 53 37 29 31 45 2 65 9 9 66 41 49 69 17 100 53 100 69 29 69 31 2 27 41 97
13 21 73 33 1 99 93 5 65 39 93 71 41 69 95 63 64 85 40 45 39 87 65 85 27 57 9 49 27 47 85 73 40 93 47 81 49 49 43 11 57 65 37 13 29 29 51 43 25 9 31 59 47 29 45 17 77 33 73 85 85 77 38 15 25 1 56 13 29 65 40 69 29 87 34 92 77 81 71 3 76 15 37 63 37 17 13 65 63 57 33 71 49 4 77 1 33 1 61 89 69 63 97 90 69 80 49 45 13 39 85 79 86 81 41 70 37 26 5 35 59 41 57 65 5 65 33 65 68 91 29 81 61 29 49 73 69 81 17 69 97 41 86 41 37 6 89 1 5 97 61 35 1 61 71 20 51 23 53 61
98 61 37 46 41 81 45 41 54 57 28 95 45 49 95 9 29 65 69 37 5 65 34 79 63 66 13 65 97 31 21 33 97 61 73 66 73 29 11 91 89 75 17 81 91 74 85 33 29 21 45 39 45 95 93 35 5 1 1 5 53 60 39 53 91 37 60 93 69 69 53 54 73 48 80 48 41 77 36 27 89 63 97 90 21 50 7 47 85 87 97 77 73 57 93 44 13 5 85 71 25 70 74 65 92 83 7 25 29 87 41 69 68 1 81 27 48 63 67 97 7 7 73 37 35 13 43 65 41 25 85 17 45 1 53 85 41 49 89 89 45 21 35 39 67 37 65 5 61 61 85 66 73 49 19 81 43 89 97 73
41 59 1 79 41 37 89 51 49 41 77 65 37 41 1 65 45 15 61 13 5 1 45 6 87 49 53 39 94 93 49 29 29 53 73 9 97 63 17 52 69 13 57 16 13 93 33 40 75 46 17 29 93 18 41 73 9 13 73 81 57 92 73 87 41 49 69 81 18 9 91 29 13 21 23 4 85 9 41 17 33 29 97 9 33 73 61 73 89 49 33 33 97 29 18 13 57 67 7 17 89 77 53 13 89 11 13 27 64 81 65 57 40 69 1 93 77 33 74 55 13 35 17 93 90 61 62 97 81 57 9 89 85 77 79 63 79 61 65 41 65 69 53 5 83 80 1 77 41 33 47 75 97 29 80 21 42 97 29 21
29 23 97 71 9 65 49 51 84 49 27 33 5 6 87 21 76 69 63 97 85 68 57 22 19 77 3 85 81 13 37 85 40 100 53 71 49 61 97 47 52 89 45 61 11 71 37 89 95 79 69 100 65 77 41 50 5 91 85 45 39 3 51 73 33 100 5 85 61 97 27 61 7 13 3 15 61 1 65 79 45 25 33 45 4 5 99 1 29 75 37 57 16 53 33 41 49 17 31 81 53 73 77 61 90 57 24 65 89 13 93 5 13 29 37 82 5 50 5 85 75 73 89 81 9 57 47 5 32 29 21 12 7 61 53 61 81 18 71 37 31 25 11 29 9 31 5 77 41 18 81 3 77 19 25 45 67 11 45 61
19 57 79 85 33 41 97 15 69 17 9 97 5 31 77 57 88 45 17 61 77 1 82 55 84 22 57 25 35 44 17 21 85 7 13 61 69 57 25 54 77 51 1 77 1 5 73 85 49 53 9 77 85 9 57 34 7 21 41 1 78 85 37 29 23 97 57 85 3 41 9 87 65 37 17 73 33 13 77 85 69 60 85 33 5 77 29 57 53 49 5 5 81 17 93 71 80 33 69 78 73 75 21 25 82 93 81 89 61 33 37 52 47 7 65 37 8 59 53 75 85 93 49 82 75 37 13 85 13 37 57 79 40 37 3 61 7 73 95 71 9 45 51 5 45 53 44 73 69 9 63 55 91 23 41 5 63 61 73 25
46 65 33 43 34 43 37 37 17 33 90 81 53 97 85 54 5 63 1 1 38 37 68 61 70 13 3 57 97 13 85 49 45 85 41 9 13 13 36 43 65 61 28 57 29 5 89 10 33 13 21 79 61 82 45 65 75 61 49 25 96 89 83 53 21 93 49 37 9 69 83 17 9 89 55 69 25 29 17 69 67 5 83 97 37 58 17 21 21 35 41 27 23 47 1 5 1 58 89 29 25 59 15 93 57 57 72 45 7 69 19 36 34 44 31 45 1 17 41 9 41 33 37 70 97 99 81 93 51 85 45 91 21 41 51 43 23 65 41 84 5 9 77 33 9 93 25 77 85 15 45 61 57 7 59 59 73 1 61 1
59 73 37 73 65 79 93 3 95 93 77 75 66 45 97 77 23 21 38 73 13 21 76 41 53 69 29 9 40 43 53 17 1 41 71 21 65 81 64 3 15 49 25 41 93 55 97 79 65 5 35 61 43 49 97 1 65 93 1 15 84 79 81 9 61 22 7 84 49 57 11 1 27 50 9 73 5 65 77 77 89 55 99 69 78 66 93 15 93 61 65 77 95 34 95 43 30 69 5 26 65 82 65 21 29 81 17 43 52 13 63 17 7 91 13 17 65 7 75 57 65 10 17 13 97 13 83 41 13 9 9 71 27 17 87 66 1 76 91 99 81 85 35 43 43 13 91 25 65 77 97 78 24 63 80 33 89 1 5 44
3 45 13 16 31 53 68 8 22 81 30 5 81 12 31 9 9 42 71 33 55 90 41 81 33 13 91 65 21 61 53 28 29 57 43 25 27 81 29 2 33 30 21 57 94 25 61 33 55 31 25 17 43 3 13 85 93 2 99 93 70 57 65 49 85 58 97 81 68 92 97 29 53 88 80 26 79 29 25 61 41 59 57 29 45 9 25 73 89 89 29 10 25 99 75 7 17 45 6 69 67 21 97 7 79 89 57 35 53 73 97 37 77 41 17 41 77 1 78 5 93 49 73 6 77 3 99 1 36 61 3 59 33 45 53 36 37 73 80 29 22 33 13 1 13 41 35 89 45 9 41 49 33 46 73 13 45 5 75 53
94 90 15 75 23 69 29 13 25 49 98 9 92 89 15 90 93 25 5 97 5 49 25 37 61 25 13 9 11 67 37 85 43 61 45 53 21 17 5 35 9 81 77 21 41 76 57 25 27 77 63 69 89 9 33 69 33 43 49 85 29 82 87 54 68 37 83 47 69 41 57 56 41 69 58 65 15 11 82 49 65 81 81 65 55 25 85 73 17 22 29 12 46 33 45 71 45 39 31 31 49 29 53 65 46 21 77 63 17 57 89 17 99 59 77 21 79 47 65 20 47 74 29 67 5 63 1 15 34 87 33 59 97 53 31 97 31 83 45 4 89 52 81 40 49 61 49 45 37 23 9 29 89 73 17 9 72 45 67 45
41 33 72 65 84 85 73 37 37 18 69 47 81 11 25 77 57 87 81 77 45 97 5 93 73 97 37 61 31 13 45 65 55 47 25 30 73 73 89 21 5 66 77 89 91 57 6 41 25 19 65 13 69 37 80 69 57 57 93 57 10 93 29 77 49 77 69 33 13 1 81 41 39 47 53 13 93 95 90 69 53 65 61 81 97 41 41 77 89 41 77 45 81 61 41 73 55 49 65 65 65 50 29 26 61 53 1 93 9 33 5 37 17 45 61 41 65 17 9 5 83 65 31 49 11 9 49 49 99 41 81 13 20 89 89 61 57 17 25 17 98 3 45 51 37 85 33 77 45 77 85 63 81 21 9 96 6 16 25 26
5 85 27 9 29 93 59 74 97 1 42 65 71 83 9 9 95 77 77 81 52 100 41 37 53 74 43 97 41 61 17 73 7 29 73 9 82 59 81 27 97 97 73 3 81 27 1 33 13 65 45 81 93 75 77 68 81 45 46 26 76 22 86 89 93 42 53 62 63 73 1 64 93 7 21 69 72 29 93 29 3 29 75 42 9 59 29 69 41 85 21 83 50 41 36 53 1 57 51 77 53 81 87 59 85 72 93 92 39 69 1 17 29 93 11 21 1 23 69 9 11 33 11 94 77 13 41 81 13 67 21 29 1 81 71 57 65 17 69 89 25 65 69 61 67 85 33 97 65 32 79 33 63 95 80 55 33 49 13 85
45 68 69 25 57 65 79 69 69 29 77 25 37 87 29 69 5 11 87 41 81 25 69 49 85 54 93 57 61 7 29 65 93 75 99 93 33 49 69 85 21 41 57 9 17 91 73 33 91 51 41 53 93 57 35 17 69 16 9 76 87 53 49 1 3 60 5 71 33 27 59 73 17 45 13 77 66 27 55 17 21 25 93 5 45 87 19 26 59 3 8 85 25 57 89 9 45 81 41 9 49 7 65 36 36 1 53 81 59 89 72 57 51 29 51 89 97 37 57 13 57 67 13 23 60 49 41 45 69 64 39 83 45 76 73 33 29 73 57 61 17 61 27 93 11 2 37 33 65 63 86 69 41 79 73 37 93 33 63 81
65 29 9 45 68 73 23 65 50 7 85 85 49 93 21 77 33 35 3 9 97 93 89 2 100 63 50 69 92 83 69 13 55 33 69 5 95 9 76 5 93 31 85 6 31 77 57 8 35 85 37 77 9 93 51 26 29 93 33 53 33 93 65 92 29 55 21 81 77 25 67 97 57 69 9 33 97 5 15 49 57 77 93 29 5 45 45 75 33 32 28 25 45 72 63 1 93 85 45 80 25 1 97 5 69 81 49 21 43 29 35 21 57 97 92 29 63 33 67 41 47 59 73 99 90 9 21 29 25 85 23 29 23 94 93 81 71 37 57 43 17 41 15 17 89 33 77 48 77 5 53 53 27 53 31 1 63 25 88 49
49 45 77 93 27 93 67 19 53 53 37 13 49 78 97 47 65 95 81 13 41 49 41 3 89 25 61 85 13 9 1 9 21 65 49 13 43 77 93 42 49 53 68 98 85 57 37 77 85 15 33 29 37 99 41 37 61 77 37 41 45 53 25 21 73 9 97 85 81 45 67 45 95 89 82 13 95 85 97 5 66 71 77 45 97 61 5 17 23 71 71 73 5 97 68 4 30 93 1 97 25 69 29 91 8 19 17 78 17 41 85 23 25 16 29 53 30 45 93 41 29 7 17 25 30 64 65 1 16 45 13 85 93 75 85 85 63 33 95 15 73 41 11 25 45 45 31 35 85 37 77 41 9 53 55 41 65 26 69 98
17 97 13 57 89 69 17 21 29 73 49 29 17 33 85 21 15 57 3 45 23 33 1 26 41 1 77 69 63 1 27 34 13 12 13 71 70 9 65 41 5 37 13 31 25 93 81 45 77 59 50 9 57 97 89 69 57 69 21 1 73 71 45 13 37 5 33 1 7 41 54 87 9 69 45 95 25 64 80 45 61 27 75 19 37 39 77 61 5 27 65 55 11 5 87 25 9 5 36 5 17 31 85 52 25 5 25 93 73 33 41 45 1 37 9 99 65 61 49 57 29 97 28 29 19 74 63 34 40 72 65 81 85 53 22 96 19 97 84 71 89 9 31 89 85 11 83 81 89 57 85 33 33 95 57 13 57 33 31 83
85 53 21 87 41 91 69 77 59 10 3 97 7 25 41 73 27 65 1 93 62 45 45 97 53 13 19 17 87 49 50 55 49 93 21 81 37 20 61 41 19 18 94 25 85 63 59 85 71 21 61 29 13 47 77 81 73 72 93 8 68 21 35 61 93 41 97 89 89 68 25 61 33 12 82 44 14 5 5 37 4 88 33 89 40 93 87 70 33 37 25 69 69 25 41 25 34 67 44 33 61 85 39 21 47 93 85 49 65 27 48 29 33 97 97 27 20 35 53 97 61 21 81 8 53 84 29 9 97 98 17 23 67 76 17 81 25 48 89 33 31 37 53 48 61 45 88 45 97 79 69 93 98 27 19 77 41 97 77 99
17 84 25 41 13 13 97 89 47 53 49 37 97 37 77 6 81 33 61 89 13 85 29 93 62 77 89 32 91 99 13 73 9 65 7 73 81 5 54 13 39 77 43 97 85 29 89 53 97 82 37 3 61 65 80 93 58 85 35 5 56 49 97 89 85 37 67 9 31 13 67 61 5 56 63 49 95 45 61 5 69 75 97 49 13 61 9 100 93 33 45 39 17 85 53 20 43 55 71 25 67 7 25 93 33 57 81 53 9 63 49 2 13 34 25 42 17 41 85 89 67 33 97 1 46 34 3 33 1 73 77 13 57 73 5 89 42 77 45 33 25 53 29 54 79 69 56 89 67 21 31 73 5 9 9 39 42 85 81 9
71 94 3 77 93 61 69 33 97 91 89 77 63 33 81 57 41 13 1 33 65 95 91 97 85 21 41 93 51 53 73 1 65 1 53 26 97 61 51 45 83 53 17 51 73 5 72 5 49 98 85 37 17 23 33 67 97 75 33 37 61 29 97 91 37 37 83 65 4 6 40 97 9 29 29 89 9 1 52 97 43 5 97 59 1 13 50 37 41 33 89 81 79 41 89 74 92 67 89 97 17 37 1 53 52 17 84 53 33 37 4 83 63 45 77 81 93 27 33 45 81 21 93 89 43 69 57 65 81 73 71 37 53 53 50 97 41 85 41 5 1 25 25 41 68 17 33 57 21 95 22 65 37 77 97 69 49 57 77 53
21 11 95 83 65 83 19 79 65 79 78 37 17 64 61 21 77 7 97 45 7 40 53 41 69 25 29 69 37 45 25 77 49 37 38 17 21 31 38 57 45 45 13 1 97 37 21 9 73 55 9 61 91 13 29 57 33 75 16 83 49 85 44 17 57 67 74 49 5 75 81 87 44 1 71 57 69 49 34 61 33 87 73 77 50 61 95 17 21 17 91 93 92 5 49 29 24 99 61 11 10 77 57 81 13 41 21 39 65 63 19 25 49 24 3 4 9 33 53 45 19 57 33 48 81 94 32 100 97 79 27 57 25 11 53 65 21 33 73 9 16 55 83 17 37 43 67 69 87 71 33 92 57 51 32 29 65 53 77 21
9 17 91 41 77 17 9 7 85 97 37 89 5 72 43 85 1 93 13 57 21 71 10 21 1 17 88 49 96 63 1 55 81 26 65 81 25 53 29 41 53 81 53 29 38 23 83 17 1 9 52 83 57 11 55 9 65 80 1 17 63 49 19 89 21 25 1 37 15 83 85 85 61 81 79 17 83 41 69 79 67 63 61 29 85 67 61 11 93 97 97 33 1 81 9 49 73 13 29 89 65 85 18 9 41 1 82 81 71 13 97 53 79 37 40 53 45 81 81 59 89 17 12 17 59 33 46 63 91 29 45 89 39 21 19 21 45 51 35 45 81 36 91 77 65 77 61 75 65 81 89 17 89 7 59 37 89 25 50 33
65 85 59 93 29 13 13 1 67 73 73 49 96 48 90 89 73 52 3 86 49 29 33 5 3 65 65 65 62 49 5 45 58 83 41 57 45 17 81 81 37 45 18 12 57 73 77 96 29 53 33 54 97 41 65 93 75 25 33 29 53 57 61 85 1 49 65 45 49 29 33 1 29 12 37 61 85 11 85 21 41 5 93 45 29 5 89 57 5 57 12 97 15 89 73 59 94 37 77 5 39 62 17 31 98 49 37 99 44 81 5 57 1 71 77 85 65 33 93 89 75 95 33 15 57 81 25 41 17 63 15 25 81 11 93 59 86 25 95 92 34 1 37 93 81 1 28 3 20 37 21 65 49 89 61 23 75 33 48 91
41 53 53 61 85 27 53 25 43 81 76 33 21 13 7 12 21 81 69 15 97 33 13 53 61 45 45 60 85 87 65 39 81 41 45 65 73 84 97 39 25 21 37 33 1 29 85 81 33 69 17 97 1 61 9 57 61 77 1 75 81 37 37 77 17 93 65 9 69 13 41 95 53 89 5 63 97 77 17 37 41 50 57 61 25 85 23 33 48 85 54 49 41 33 63 22 27 37 35 23 53 25 32 9 5 27 3 99 43 89 61 29 27 17 65 84 89 56 57 93 5 65 69 93 100 17 25 31 59 33 29 61 89 33 77 63 12 25 3 69 1 32 49 75 9 67 34 4 99 5 93 89 98 77 22 36 95 49 67 65
38 25 55 97 52 67 29 33 81 93 33 38 52 57 49 94 27 5 71 41 82 49 77 13 37 89 21 9 53 81 69 1 69 5 93 92 25 85 69 70 64 67 17 19 1 80 97 35 1 13 35 29 19 17 57 73 87 42 85 17 37 69 3 49 6 81 39 30 23 22 33 97 59 53 13 5 61 49 46 93 42 76 97 85 91 65 41 53 95 71 39 61 75 13 53 13 61 21 73 25 49 65 93 57 89 97 9 21 44 73 73 25 69 92 7 93 71 33 13 40 75 89 61 1 86 13 85 61 45 43 9 55 69 60 33 49 97 13 40 45 15 3 1 93 43 49 97 5 53 57 29 13 85 25 7 21 97 13 77 69
7 95 57 97 85 63 61 75 29 5 41 13 83 77 1 9 37 39 17 12 31 37 81 78 62 25 13 53 84 57 79 97 16 13 18 71 81 79 89 81 17 69 13 5 33 69 6 2 41 53 77 65 93 19 13 37 73 63 73 17 34 9 21 25 3 17 29 29 90 53 41 25 21 29 45 77 81 35 61 3 88 33 57 23 57 9 87 22 93 31 83 21 33 1 69 77 57 11 47 65 73 53 57 83 49 21 81 44 59 72 53 37 61 26 93 77 99 90 69 49 45 69 97 9 57 13 65 34 33 97 33 77 37 1 25 77 93 73 89 38 60 65 29 49 5 63 5 68 41 37 89 61 15 49 63 53 61 13 65 50
5 57 57 53 7 5 65 62 5 65 93 69 83 95 41 69 9 29 33 32 33 85 41 85 79 77 54 85 31 55 1 89 29 85 77 41 71 93 29 93 5 61 93 1 16 79 61 37 81 5 13 17 24 67 77 64 69 67 29 65 5 17 1 97 63 89 74 95 74 53 93 51 5 12 52 61 5 9 69 81 41 33 13 51 69 89 73 69 21 29 5 93 85 61 11 1 3 81 81 20 41 41 81 73 6 43 85 89 91 21 69 59 61 28 43 37 71 25 45 31 29 69 53 95 45 40 23 91 9 41 81 81 85 31 75 82 57 77 5 59 57 41 37 65 41 42 81 89 85 37 35 4 17 81 21 57 8 45 33 65
21 63 9 91 53 89 4 85 13 49 57 39 5 1 13 17 93 90 89 1 78 21 79 15 47 6 5 37 1 1 63 73 77 61 73 34 71 29 59 75 33 9 89 13 49 45 45 41 13 85 17 1 49 76 41 97 97 97 93 57 1 57 69 19 53 89 85 81 1 93 27 97 61 5 47 57 97 81 67 85 33 25 31 21 21 57 37 22 80 1 81 38 67 6 9 59 21 1 80 25 47 61 55 69 35 29 57 25 77 94 89 34 41 41 92 93 97 17 97 21 99 41 45 82 39 97 95 93 29 33 1 45 33 33 65 32 41 81 53 77 77 73 81 100 59 20 53 93 65 89 9 21 7 65 47 3 69 74 98 93
11 37 17 81 93 67 1 25 49 1 47 21 45 85 45 59 25 65 1 33 61 37 49 73 77 97 29 37 59 45 67 5 27 45 17 6 25 1 68 27 46 23 4 37 1 41 17 85 37 2 71 65 27 57 1 96 93 57 69 59 57 19 9 89 65 13 85 68 13 53 61 29 53 89 7 61 53 67 21 90 94 9 9 37 53 13 33 53 41 93 41 77 42 9 54 57 9 53 87 29 41 83 21 13 81 59 75 65 53 71 5 45 33 97 29 53 94 83 77 27 69 11 29 5 33 89 85 81 73 5 69 25 29 69 99 71 50 28 77 69 51 1 43 5 21 93 25 17 81 77 65 40 59 95 41 13 43 53 97 53
85 36 49 79 9 57 45 41 1 25 79 41 61 34 5 77 49 77 97 37 41 49 5 44 85 7 92 80 41 21 25 13 57 77 48 5 47 17 15 32 93 66 69 4 13 37 61 69 17 5 29 61 55 75 21 79 61 56 69 17 27 44 73 53 77 5 53 5 53 65 45 43 68 1 24 57 35 23 89 83 81 93 89 69 65 53 85 67 53 17 75 65 41 89 73 13 73 73 23 77 85 49 21 99 25 57 75 5 73 85 37 17 57 29 5 17 81 14 69 49 85 21 10 65 89 9 1 1 61 31 49 69 75 88 61 57 89 9 43 37 41 20 22 48 31 87 43 65 85 49 75 93 53 92 17 77 70 89 19 61
4 65 39 87 80 97 25 12 25 73 45 1 31 77 31 5 100 33 93 40 75 26 41 23 58 57 29 45 84 13 53 65 25 89 21 39 29 44 97 89 5 77 83 81 28 29 16 75 77 6 52 55 9 37 8 25 71 44 95 1 37 9 10 73 99 49 17 57 97 85 25 91 29 59 53 81 57 27 37 65 45 17 65 25 29 93 5 38 56 93 65 44 73 85 45 77 11 81 63 77 97 7 59 84 57 37 83 25 85 93 19 77 11 17 17 9 9 81 13 9 61 57 11 69 93 45 6 29 25 15 29 25 52 53 37 65 61 50 45 57 83 97 81 15 77 80 53 73 1 55 35 65 63 69 39 83 7 19 91 29
29 29 93 13 57 67 65 57 21 1 1 77 97 49 61 31 85 41 46 73 25 9 49 13 49 25 18 97 4 31 31 86 73 39 93 1 21 85 32 45 21 93 93 1 93 1 17 51 5 33 81 9 19 79 5 81 29 11 93 48 73 11 37 29 85 93 64 58 33 28 47 49 25 85 1 97 5 85 49 5 37 36 41 33 71 29 94 97 99 25 45 5 86 13 79 97 87 37 37 9 53 89 22 77 53 77 97 36 45 45 95 93 53 61 25 53 89 31 81 33 89 43 7 25 58 65 47 77 57 37 66 81 81 15 58 59 81 89 65 95 22 49 44 21 89 53 17 61 57 82 24 1 21 41 65 78 7 24 93 33
53 97 65 49 53 79 51 50 45 97 81 5 45 45 57 63 94 95 64 32 55 12 17 21 55 17 1 53 97 85 53 53 45 49 79 59 25 93 37 13 73 81 13 65 37 30 57 93 77 99 29 33 54 73 7 21 99 57 58 65 31 81 47 17 61 49 33 17 70 70 33 6 93 73 89 89 3 45 73 37 5 57 49 76 5 1 61 67 29 36 65 47 6 45 15 17 9 77 91 97 11 97 30 73 37 13 29 17 17 41 57 13 19 21 17 37 73 46 75 27 33 51 89 17 35 23 37 33 7 25 77 97 25 45 9 83 17 65 89 51 29 89 39 94 27 97 11 1 49 81 45 1 85 1 32 89 61 93 97 37
74 37 87 73 49 45 69 81 67 6 7 55 25 67 45 21 81 98 73 11 5 29 89 61 90 49 65 68 85 93 57 71 29 41 5 29 13 53 89 50 89 85 37 61 15 92 13 97 93 53 18 93 97 77 18 93 57 21 73 97 32 83 81 77 33 29 22 45 81 37 55 15 9 99 73 33 73 19 17 69 53 1 54 97 33 45 93 21 49 73 27 17 11 67 49 21 31 57 90 53 97 64 3 33 57 37 33 45 66 5 93 72 17 61 61 5 85 85 31 3 7 57 49 97 69 69 53 37 96 33 69 77 49 73 10 1 19 100 89 93 77 49 65 37 86 53 14 26 77 33 7 69 33 31 31 81 45 53 48 6
51 57 25 77 81 25 27 1 93 61 19 73 88 73 33 21 73 65 61 91 47 1 10 23 21 65 93 89 93 33 92 77 53 15 51 77 33 1 37 2 83 25 75 67 9 85 94 13 69 2 60 33 3 1 37 95 41 9 78 15 21 29 1 45 65 38 89 97 69 39 65 20 17 17 69 69 53 100 61 49 19 85 17 61 76 29 69 96 41 29 25 47 91 73 1 69 53 6 57 65 37 59 15 5 51 89 15 73 45 1 37 73 9 37 85 45 72 13 57 39 37 53 45 11 97 65 3 32 79 90 12 29 37 3 66 73 94 41 12 1 53 65 55 65 21 62 100 21 22 65 61 47 65 47 69 73 34 65 31 93
61 28 13 40 39 45 57 41 61 65 49 41 11 81 31 73 7 33 5 25 25 52 77 61 93 49 85 26 13 63 65 54 49 76 45 10 93 90 81 81 13 91 81 37 9 89 69 33 65 5 41 49 89 49 89 47 57 85 28 33 15 89 33 81 17 85 29 11 41 42 73 34 67 45 37 63 90 91 37 74 51 15 92 13 69 5 33 45 73 71 33 97 9 22 100 45 1 59 93 55 17 74 17 84 21 30 1 69 88 23 33 50 26 57 53 33 21 93 93 1 3 85 73 69 13 97 65 21 93 45 17 19 68 74 97 21 17 49 49 83 89 33 60 87 45 5 57 53 14 72 17 1 99 78 1 13 21 1 3 27
27 5 55 83 1 41 72 82 90 27 95 33 13 69 87 7 21 73 97 93 52 4 53 27 13 73 25 17 93 99 1 83 25 35 7 73 82 91 61 49 93 5 85 37 67 75 13 57 9 9 89 26 41 85 95 45 45 39 65 41 52 73 43 9 77 23 49 93 40 35 9 92 71 9 53 37 57 77 53 88 29 9 73 17 41 3 32 41 9 5 77 41 32 80 33 97 13 31 19 45 45 53 89 85 61 79 21 39 89 69 81 37 65 100 97 71 25 61 19 93 97 33 13 11 5 5 77 48 13 81 1 5 97 57 5 49 1 6 1 81 69 65 37 57 37 53 23 57 67 45 31 33 33 29 73 53 61 49 29 61
33 17 65 1 49 41 1 86 45 37 27 17 73 93 39 13 100 73 58 19 21 73 21 77 57 17 75 73 5 33 25 5 53 1 59 86 1 17 38 9 37 57 64 39 61 21 57 19 46 67 72 25 21 53 20 17 41 57 9 25 81 91 69 75 93 93 76 45 58 65 30 53 51 61 28 84 97 13 13 89 15 82 53 48 76 57 69 66 89 91 41 85 30 89 45 35 1 13 49 57 32 19 27 28 33 72 89 46 41 99 61 81 97 85 71 73 17 25 69 59 73 35 73 69 69 71 73 42 97 17 9 15 19 57 69 13 7 9 93 97 1 83 82 1 65 69 62 83 45 73 23 1 72 45 89 45 27 23 27 81
