64 38 6 4
13 61 35 73 72 33 46 33 59 95 81 9 9 5 3 13 89 90 21 33 75 41 40 57 9 77 77 5 69 57 13 49 6 7 17 61 25 65
81 55 99 17 49 65 25 98 81 73 29 37 13 1 51 90 33 35 69 83 81 84 42 67 9 43 57 45 61 53 37 21 41 81 61 61 84 97
65 27 17 25 13 49 81 50 53 73 53 69 19 93 31 7 65 5 69 73 44 99 63 29 89 81 33 11 25 97 45 33 36 85 17 71 21 61
37 59 62 60 1 1 85 85 13 73 85 77 61 5 49 41 47 33 17 5 24 81 41 68 65 29 85 5 53 37 85 1 63 61 27 93 21 6
73 81 83 37 93 67 97 97 75 65 33 45 43 55 73 92 65 76 5 61 57 29 69 29 57 33 34 9 7 69 52 71 73 57 85 33 57 13
11 89 85 98 99 20 47 29 29 61 57 33 14 77 89 53 9 69 61 57 25 83 57 59 50 53 89 33 17 19 25 61 37 61 23 95 85 3
21 84 93 69 7 81 61 53 57 53 85 19 79 25 41 17 82 84 61 25 77 53 31 27 61 45 19 97 1 65 91 35 21 7 45 5 3 97
89 17 45 49 49 59 89 9 89 43 93 97 95 13 93 61 69 25 25 69 23 97 97 71 62 81 25 21 73 9 52 7 30 90 77 61 49 1
1 79 5 37 15 97 13 93 21 41 27 47 39 21 65 57 60 65 29 47 69 5 89 33 29 41 58 53 1 73 17 58 25 69 25 36 53 97
18 9 73 77 21 29 3 65 69 87 81 9 22 17 77 17 56 93 81 9 27 29 69 65 85 21 9 21 29 57 37 3 45 33 19 25 3 24
37 17 25 57 49 45 61 55 49 61 97 13 33 35 25 21 49 96 36 92 69 97 65 67 11 1 89 85 82 21 11 39 81 41 60 83 21 13
49 59 26 77 77 81 9 25 61 77 70 41 25 29 1 85 89 71 21 21 85 93 30 45 30 97 50 85 13 21 68 13 33 17 89 69 1 73
96 13 31 39 95 61 45 21 99 13 76 71 73 57 86 1 29 77 71 69 81 81 61 55 68 87 43 21 83 81 73 1 25 69 81 76 62 21
21 1 67 69 97 5 79 49 50 83 21 69 17 29 62 1 29 65 13 9 25 33 25 1 48 65 25 42 44 73 57 57 57 59 57 29 87 29
41 1 93 29 77 53 8 85 69 45 85 77 45 50 95 47 97 17 5 13 49 1 53 31 13 45 4 83 1 53 5 57 33 53 5 69 49 35
63 13 77 85 53 77 45 1 73 47 61 35 13 17 21 83 53 41 28 91 85 65 61 36 66 87 64 29 36 65 89 85 9 73 1 25 21 29
21 92 89 1 61 69 63 97 1 33 25 14 91 48 48 57 28 17 45 37 16 99 25 23 53 93 85 8 37 69 11 47 99 57 81 17 80 67
90 19 23 73 24 93 11 39 41 35 81 65 65 89 53 33 19 65 81 41 21 93 85 77 13 65 65 9 69 17 5 41 53 57 69 25 73 73
69 69 37 51 21 27 9 17 73 79 27 28 29 37 15 61 34 57 89 89 57 47 73 99 5 51 85 69 93 33 67 77 75 93 69 71 9 67
49 56 99 48 99 95 1 29 97 1 85 9 85 93 47 57 21 13 61 49 17 17 57 55 39 89 53 33 89 97 89 17 75 9 96 69 45 63
13 52 27 13 9 9 17 25 17 25 63 75 29 69 17 57 37 3 81 26 25 1 51 97 53 47 45 88 44 95 3 89 41 11 93 9 45 5
57 29 35 86 77 81 13 16 27 69 46 61 85 49 13 13 5 57 5 50 21 69 69 16 57 45 85 68 69 86 97 51 17 39 94 53 17 65
51 65 73 5 29 96 53 49 3 73 85 31 15 96 69 77 13 45 81 13 47 88 95 1 31 9 69 96 71 93 59 1 1 25 85 1 79 45
11 33 85 13 53 41 31 61 97 53 66 75 21 41 5 79 49 5 17 49 65 31 69 39 3 29 13 53 25 27 65 37 65 33 29 89 46 45
99 9 93 42 53 17 3 15 9 25 35 57 19 25 25 21 1 45 22 77 72 39 4 25 61 51 17 49 33 99 97 83 63 45 3 65 61 25
9 37 33 81 5 53 49 93 55 57 30 21 65 81 97 81 37 45 17 93 68 57 93 79 15 24 49 29 89 23 41 80 49 33 45 91 45 25
19 49 29 94 5 37 39 89 13 37 13 97 89 51 53 51 42 41 32 49 89 69 37 21 12 57 51 55 93 89 61 61 97 31 44 93 1 39
35 93 37 19 30 81 93 1 71 57 41 26 29 53 98 8 81 29 19 31 97 12 60 11 86 25 25 27 45 29 19 9 63 53 69 71 79 93
100 49 61 70 17 17 93 4 46 9 43 57 25 65 100 33 53 5 59 5 29 44 69 45 69 93 44 29 59 94 33 11 5 57 79 61 65 9
25 57 26 45 41 80 93 41 77 93 45 37 53 69 49 65 87 57 89 77 5 49 93 13 21 17 39 5 29 57 37 1 27 21 93 37 44 42
73 81 29 65 53 76 41 77 85 57 90 18 27 63 13 83 69 77 20 17 45 5 21 34 53 3 29 14 33 43 23 69 85 71 89 5 29 97
12 61 69 69 33 81 21 93 53 65 97 62 25 73 61 89 93 49 5 7 13 77 69 20 65 65 33 61 89 89 47 58 53 41 57 77 89 17
89 13 84 41 75 59 21 49 5 3 5 85 23 13 69 93 77 37 47 67 43 85 65 25 31 21 99 83 49 5 41 77 57 89 17 37 5 5
71 21 89 79 7 5 53 22 63 77 25 89 42 58 41 39 75 13 41 57 29 77 9 89 17 31 65 28 59 91 13 13 97 45 89 1 29 2
70 33 51 17 21 49 33 5 37 29 9 81 17 77 66 17 99 81 13 61 33 25 55 87 93 33 53 81 37 99 93 37 85 37 65 45 41 24
59 73 91 1 10 85 31 47 15 9 13 1 13 63 39 25 85 81 97 78 9 81 45 24 37 97 5 64 13 45 93 77 3 39 80 89 29 13
85 58 26 1 49 37 93 2 65 93 59 41 33 71 46 41 49 91 53 19 97 69 53 65 46 57 89 93 56 85 97 3 69 73 41 23 39 89
69 69 45 57 25 5 45 33 53 85 55 91 53 15 81 69 93 1 50 89 7 73 45 47 1 8 71 26 47 9 43 41 77 89 41 57 37 57
5 77 41 68 1 41 21 93 1 27 13 65 53 25 63 81 5 53 87 49 67 37 7 39 18 50 13 27 25 33 13 76 5 41 93 16 8 65
53 77 6 47 36 79 49 3 9 69 68 50 37 17 79 57 17 41 53 57 74 100 59 63 61 81 53 60 49 31 93 59 9 45 25 21 13 73
49 41 81 33 53 13 25 41 83 61 5 25 23 17 63 97 49 13 63 89 89 77 24 77 73 85 62 23 83 43 85 31 17 29 78 89 59 33
86 23 81 96 71 61 19 33 33 17 45 57 69 96 93 15 41 37 98 65 63 31 31 59 89 53 37 65 26 1 25 1 89 5 12 37 53 53
15 65 61 53 41 40 95 73 80 71 97 85 64 31 5 99 93 59 99 15 49 1 1 45 17 67 85 45 81 57 57 33 25 31 46 81 49 29
45 23 44 22 1 37 13 81 41 45 79 29 41 77 5 57 4 59 98 45 83 97 73 25 15 61 33 65 57 77 97 9 93 25 41 99 14 20
3 60 66 1 97 45 73 49 65 49 20 83 45 45 9 33 60 1 70 45 37 45 35 49 77 37 9 17 65 45 17 17 81 81 69 41 25 72
89 43 85 50 9 41 21 57 9 53 85 57 29 45 17 89 55 15 9 85 37 77 41 1 73 79 27 21 33 14 81 45 22 69 87 37 91 49
25 98 29 77 7 53 73 45 45 87 27 81 17 61 53 45 77 53 77 67 93 29 38 89 61 85 57 33 81 97 85 49 9 97 43 44 17 87
33 45 7 29 37 43 55 99 8 33 1 1 33 85 89 97 97 41 85 33 89 53 5 49 6 93 48 37 45 25 21 69 53 49 55 69 13 77
65 37 80 17 45 61 61 27 20 81 48 81 13 83 73 21 85 26 28 37 65 61 13 15 85 77 37 61 25 65 52 53 45 79 47 93 13 24
85 53 39 69 93 93 19 11 49 33 68 47 90 41 97 45 89 1 65 37 13 19 4 93 82 83 3 81 77 89 77 85 73 69 51 86 1 21
73 16 67 5 61 81 35 13 13 29 29 41 65 39 93 1 21 17 33 50 25 41 13 75 72 53 53 77 62 33 25 49 77 65 21 65 89 99
89 97 21 59 77 9 1 63 37 67 17 41 13 21 41 53 93 42 73 25 98 17 97 45 57 80 19 50 9 37 99 29 89 49 19 28 99 85
84 1 25 93 13 61 69 25 89 89 9 80 39 41 57 45 81 65 85 2 37 65 45 41 31 5 33 67 29 83 21 13 77 63 53 49 34 35
9 3 73 8 53 97 17 64 1 86 30 73 69 41 71 53 69 77 47 61 61 69 57 93 85 64 46 69 85 63 81 41 89 83 31 69 57 17
76 65 90 71 25 75 81 25 85 17 69 65 21 23 17 29 81 88 91 10 61 45 63 9 89 26 99 65 19 89 97 73 37 78 93 39 61 8
37 85 31 85 55 57 69 93 91 93 69 49 37 9 76 65 42 82 29 93 71 54 21 19 89 39 29 76 41 73 69 5 63 21 9 5 99 5
5 61 65 93 73 48 1 30 85 100 41 59 21 1 93 1 21 57 40 95 84 85 13 55 41 12 9 81 40 97 81 81 53 55 81 37 36 41
75 29 21 1 29 89 98 97 45 32 37 37 29 47 88 58 68 13 53 17 61 37 77 47 33 69 89 21 45 45 29 1 9 9 85 3 5 5
49 90 61 61 12 85 81 89 3 31 47 73 63 25 85 77 35 85 82 4 85 4 38 13 55 57 29 89 61 65 41 25 29 9 77 81 17 21
13 37 85 5 77 57 89 13 97 69 93 69 41 13 13 69 57 45 13 96 40 96 81 40 89 25 57 77 39 65 72 1 3 35 24 89 21 41
25 81 85 49 61 69 59 9 25 51 85 34 85 30 21 21 17 49 3 47 17 13 65 97 22 41 25 61 53 60 41 77 13 13 67 41 23 45
57 84 23 35 29 73 69 29 5 87 48 97 13 37 65 69 85 65 5 37 61 61 97 33 53 5 21 67 33 18 37 32 57 21 93 24 22 33
25 57 49 65 29 23 45 73 3 85 53 67 55 61 88 13 53 77 5 99 25 19 20 61 73 1 29 97 37 29 13 23 1 7 41 1 97 59
29 21 2 39 43 33 21 25 73 29 13 25 28 73 42 97 91 65 21 77 92 29 41 31 33 1 31 5 31 17 81 37 45 15 1 57 29 13
