176 66 144 16
9 21 73 97 89 9 5 8 93 37 57 65 57 43 90 13 78 75 49 16 65 13 67 87 87 37 17 40 74 31 1 66 45 49 93 53 37 99 29 44 84 100 61 97 63 57 13 39 25 11 21 1 41 29 97 99 3 73 53 13 33 29 85 79 9 53
41 81 25 25 89 1 53 65 65 9 41 57 35 93 9 45 65 21 57 1 15 89 45 5 19 13 97 45 65 13 11 57 65 99 97 19 13 37 2 21 72 9 21 49 1 85 50 57 37 9 53 41 27 89 37 94 81 77 73 81 9 5 85 53 39 79
27 93 9 1 69 61 93 1 69 61 43 3 94 1 61 73 1 55 68 98 4 33 53 5 89 31 73 85 1 29 81 59 96 69 97 58 91 61 13 9 61 25 23 61 37 86 21 37 73 49 53 54 73 9 29 64 9 1 95 37 78 69 68 70 4 19
57 61 31 37 65 59 1 69 21 53 3 69 43 3 5 83 71 53 69 87 65 13 65 2 14 25 17 77 93 13 87 81 69 89 73 17 14 80 1 93 65 77 93 17 13 69 85 33 21 47 69 53 54 57 29 5 27 25 33 15 17 5 33 65 29 89
100 88 89 99 11 93 65 95 13 77 69 85 55 69 29 45 13 89 5 85 55 85 67 77 53 89 91 43 33 89 89 61 25 17 29 65 3 61 21 9 91 77 65 45 11 17 1 83 1 31 17 94 49 57 97 85 81 51 59 90 21 29 69 84 69 5
63 65 99 9 17 67 3 73 40 73 9 99 29 95 61 66 3 6 97 1 93 21 37 17 89 16 35 37 73 5 95 17 71 21 13 99 53 21 30 45 86 99 31 5 69 57 37 44 13 25 5 96 29 9 95 99 87 39 5 7 17 25 10 93 23 89
13 15 21 33 1 18 41 69 25 9 81 77 21 13 49 37 81 49 17 6 11 21 65 69 73 55 97 49 17 41 65 41 33 73 22 13 57 87 97 41 13 1 52 49 21 82 97 73 1 73 61 67 85 85 41 29 49 57 25 41 37 85 89 32 94 77
85 17 43 49 5 95 17 65 42 93 41 41 67 71 74 86 23 45 17 33 25 73 61 9 89 46 53 8 9 81 69 69 95 57 33 92 37 1 39 97 97 43 21 17 33 5 21 4 77 97 53 61 1 21 67 49 1 65 9 1 89 51 3 52 85 7
60 51 77 9 17 5 65 49 61 29 25 13 49 21 75 94 61 3 41 85 29 82 9 42 1 49 97 17 25 85 5 87 71 85 5 25 97 78 41 29 85 71 94 17 5 37 53 81 45 27 15 33 58 73 89 27 100 93 27 77 65 25 65 69 9 25
43 47 57 23 85 85 23 63 40 85 87 33 59 25 81 21 5 49 73 1 45 49 37 65 61 1 57 39 51 33 29 49 5 8 8 57 73 74 69 3 25 37 33 31 85 81 47 69 61 7 33 81 5 77 45 9 42 21 7 12 97 33 36 19 72 77
58 99 57 37 83 7 1 81 95 29 69 9 21 33 50 23 9 57 17 13 25 65 89 29 80 49 65 81 32 29 13 40 46 41 43 29 29 71 59 29 37 37 61 30 93 21 47 5 33 5 79 29 41 45 93 23 25 36 89 5 83 85 99 9 77 37
13 59 73 69 81 93 69 17 45 3 42 63 17 73 23 79 53 18 51 33 53 19 2 89 26 33 69 95 53 18 97 96 53 93 97 93 97 5 76 13 95 5 24 86 97 69 9 13 49 29 41 37 69 29 99 51 25 49 93 77 65 5 45 39 23 16
53 80 96 47 5 18 41 81 33 61 21 91 57 95 67 67 97 97 53 13 40 65 15 93 81 3 73 41 27 39 37 72 97 78 89 1 1 97 35 15 100 45 39 85 80 66 37 93 5 13 57 9 33 33 9 85 67 69 53 21 73 59 33 61 49 37
61 61 49 33 69 25 57 53 19 83 32 65 7 1 79 42 21 7 41 69 61 77 17 69 13 81 29 82 82 13 65 9 73 83 77 17 45 1 5 17 73 89 21 89 65 75 89 29 16 49 28 1 21 83 93 1 99 63 53 45 47 33 13 43 13 65
53 58 97 38 91 20 89 97 93 63 89 5 11 71 89 65 43 89 56 37 1 77 97 5 95 5 61 77 57 33 7 45 35 73 89 73 25 5 85 5 97 85 5 79 47 65 77 27 81 83 87 5 23 83 16 85 49 57 57 81 73 47 47 77 21 29
93 29 87 29 89 12 45 21 11 75 31 6 100 61 81 41 97 1 13 57 41 41 97 89 29 65 45 81 21 17 45 13 57 59 37 34 65 97 19 1 40 40 81 19 5 61 99 1 25 27 10 17 65 37 85 56 59 49 45 21 31 62 74 17 69 59
99 3 83 17 69 61 39 73 21 9 49 25 5 37 53 41 61 13 69 5 7 1 69 63 99 29 81 37 29 45 78 1 43 49 49 21 5 85 6 69 15 41 77 49 69 44 31 77 21 81 7 41 9 93 93 40 13 57 93 9 49 29 63 33 93 25
95 62 49 59 13 97 54 5 41 85 63 25 15 19 16 36 37 37 43 21 13 61 33 33 91 87 80 93 65 73 33 73 81 30 1 65 57 41 33 77 10 33 81 62 73 93 42 9 23 12 73 21 83 33 83 25 21 9 23 37 43 5 99 1 25 37
57 85 29 11 41 49 33 37 93 66 5 97 41 73 53 53 5 89 74 37 45 81 45 75 74 27 1 17 37 51 57 53 57 69 97 47 53 53 99 81 57 57 49 83 43 38 55 89 85 97 17 19 21 47 5 97 17 36 38 91 52 86 41 52 81 69
61 73 9 93 85 31 69 55 54 81 74 23 26 9 9 95 16 41 29 61 21 97 13 53 77 59 97 53 43 49 33 1 57 23 29 61 25 9 99 49 32 29 53 32 73 65 93 41 97 84 53 91 97 93 83 97 61 1 81 1 53 11 37 50 35 49
87 41 57 37 5 76 97 25 53 61 9 73 17 54 9 13 65 45 57 79 53 25 73 55 54 88 69 85 29 21 7 63 3 21 13 93 23 85 41 93 7 45 65 69 85 81 37 11 65 93 47 60 81 73 89 49 37 21 41 97 65 29 37 7 57 63
49 33 18 53 81 73 84 27 25 81 85 66 57 21 47 77 35 35 21 71 21 49 61 1 49 51 15 56 21 69 97 61 44 54 95 64 35 39 97 48 83 25 49 32 57 93 93 46 68 49 49 39 37 25 29 39 37 5 33 53 73 57 61 59 89 54
65 85 45 25 61 18 49 89 53 61 77 33 44 69 1 57 86 43 44 67 75 73 37 94 93 95 57 37 59 37 9 37 59 49 73 37 15 61 21 45 77 47 21 77 20 44 26 41 75 89 51 9 53 83 97 53 77 65 89 5 35 91 13 39 45 45
17 24 89 69 81 65 27 37 93 85 4 49 33 41 37 32 13 65 89 89 77 5 49 17 17 21 57 28 9 17 13 5 22 9 52 57 70 49 81 12 97 5 21 45 37 77 5 77 13 40 83 87 19 5 1 35 29 43 45 29 20 69 22 57 21 61
41 85 89 39 64 17 85 41 77 65 37 21 17 61 7 89 33 37 9 12 73 29 92 63 53 21 37 93 29 59 27 21 29 97 69 5 16 93 57 87 49 63 95 5 81 15 37 93 5 9 93 48 57 93 15 1 44 37 49 15 45 17 21 32 57 13
26 81 25 41 57 65 2 81 69 55 99 1 93 2 49 8 93 29 17 73 23 21 49 13 43 53 71 53 45 65 8 97 23 1 41 1 61 85 23 68 53 33 45 73 79 9 38 77 61 53 6 65 49 1 97 92 93 88 93 45 97 63 54 79 89 93
49 25 17 73 89 75 45 73 53 15 13 23 73 13 99 23 64 53 28 69 3 47 81 25 11 93 69 37 75 83 61 25 32 17 71 77 37 5 67 47 9 21 5 97 49 45 47 31 49 57 47 15 19 53 5 81 61 13 49 73 93 69 34 87 85 45
52 45 41 5 12 13 45 51 38 68 93 53 11 75 68 99 25 59 93 77 93 17 19 85 33 71 53 92 57 93 97 77 61 65 85 3 89 74 93 92 45 77 93 51 85 71 2 5 93 22 29 18 53 83 7 93 29 5 5 81 37 9 4 95 73 29
21 61 41 41 5 81 85 69 57 1 46 57 33 14 93 69 17 53 81 3 45 57 31 60 75 83 53 89 2 89 89 46 73 37 29 45 58 81 60 55 1 1 27 77 5 41 1 53 1 41 46 3 95 90 89 69 5 11 57 85 73 77 89 22 5 9
99 31 69 95 37 29 15 50 57 69 81 45 21 35 45 91 37 35 13 61 45 29 33 28 47 45 59 65 24 77 69 97 93 38 57 40 40 44 61 1 8 7 69 43 53 2 97 10 83 19 45 51 77 89 85 65 93 16 69 37 85 43 81 26 82 5
100 35 39 77 29 47 85 89 16 69 65 43 76 27 83 29 55 31 33 65 95 73 91 5 17 81 69 81 77 77 97 97 81 97 89 13 25 29 27 67 63 97 37 41 9 65 53 98 85 21 99 73 35 53 33 17 21 31 9 7 5 5 21 31 89 53
89 45 65 65 81 1 61 51 29 25 9 93 97 54 79 77 45 19 70 33 97 69 25 17 89 77 81 7 33 100 89 97 9 16 97 73 37 52 67 22 53 77 37 62 61 25 77 93 69 77 65 76 37 23 17 17 57 61 46 5 75 69 33 41 47 56
85 53 9 13 33 29 41 53 9 65 73 41 89 37 97 25 97 45 6 29 25 7 87 1 53 33 45 69 69 23 37 91 48 1 1 9 88 69 69 53 29 73 22 7 97 43 97 45 22 53 26 77 85 17 9 13 57 21 83 47 31 45 97 25 25 53
45 21 79 96 77 73 49 37 11 7 89 45 16 25 62 89 57 25 33 91 5 67 37 45 45 47 44 5 91 37 41 18 75 57 20 77 99 41 25 72 53 94 15 49 59 37 33 29 33 37 36 4 41 11 25 65 61 59 64 57 45 73 31 67 45 97
71 75 65 24 25 33 17 66 85 43 85 77 55 59 43 61 37 80 21 41 81 77 35 53 67 45 35 27 89 53 45 83 13 97 33 73 8 45 95 61 29 83 73 89 100 97 57 77 93 5 91 29 9 97 17 61 18 89 8 89 73 85 53 65 5 73
89 70 89 34 85 25 79 49 25 29 89 37 35 69 80 33 29 32 59 9 93 97 85 34 43 13 79 81 67 49 37 23 89 89 33 82 17 39 45 99 81 73 31 39 49 33 11 45 67 69 93 73 81 67 29 69 29 93 29 7 41 25 76 65 1 29
17 93 30 75 84 30 29 73 43 68 93 89 97 83 33 17 77 5 13 58 29 71 85 97 93 25 69 65 97 97 5 97 17 97 17 30 63 21 41 77 86 9 93 81 87 97 97 69 27 37 37 71 69 1 57 41 1 53 25 97 97 88 17 33 33 49
5 5 25 65 65 61 13 1 81 15 88 73 37 82 1 99 17 53 62 73 49 17 69 41 73 8 3 43 17 25 100 75 29 75 53 1 73 90 19 73 21 13 13 25 33 19 100 41 15 17 99 69 3 11 29 37 87 53 13 37 12 5 37 21 87 71
15 87 21 65 87 69 33 25 34 65 89 19 94 43 85 49 37 13 94 57 5 77 73 46 53 75 81 41 22 81 32 69 90 69 59 69 57 85 41 25 5 93 97 13 89 77 76 63 57 57 36 85 49 33 65 90 97 21 45 91 69 34 33 77 35 37
73 17 56 45 87 53 97 53 85 61 57 65 87 85 33 1 39 25 89 9 41 13 47 1 3 29 33 14 37 57 53 31 69 39 75 15 9 65 13 6 1 5 69 67 39 89 81 73 20 65 43 93 19 76 2 4 55 81 65 17 29 29 13 85 81 34
41 63 61 97 63 41 89 11 73 17 71 51 55 13 49 8 69 33 5 65 13 57 37 61 49 19 9 45 53 67 23 39 61 65 33 97 63 17 29 33 17 23 25 51 55 69 89 15 22 41 25 37 19 25 30 33 9 1 40 33 13 13 57 77 64 51
37 25 73 33 51 37 69 5 48 15 23 33 61 45 25 79 73 95 53 1 23 77 19 89 77 69 69 25 49 11 100 71 61 65 41 82 67 60 41 49 99 49 3 2 37 25 61 73 33 25 21 83 19 25 2 46 25 47 29 29 73 77 51 6 51 3
46 69 37 82 9 70 89 57 65 73 65 59 20 85 11 17 95 63 45 17 97 79 87 49 73 78 61 45 61 97 91 49 93 53 81 11 27 37 23 38 29 60 7 83 21 89 35 19 7 9 87 5 1 61 69 30 8 55 48 41 97 57 69 72 87 29
41 36 55 33 96 80 14 89 6 85 5 12 59 61 89 78 15 21 11 42 93 85 9 9 75 61 45 9 89 100 53 85 59 37 11 33 41 74 57 2 61 49 34 53 17 61 11 51 21 93 79 67 9 21 97 22 43 25 90 69 37 69 9 38 37 73
52 4 5 97 81 48 16 62 83 13 45 33 61 99 49 25 29 37 85 81 73 53 57 86 69 7 59 39 13 65 46 17 91 49 97 63 27 89 97 19 97 53 45 45 53 29 1 73 77 93 82 49 53 57 5 66 25 31 75 41 72 25 35 11 41 73
81 76 77 25 52 45 86 49 69 33 85 21 27 37 69 41 65 13 1 58 17 29 17 45 91 29 86 70 11 55 75 49 53 37 9 21 34 53 68 49 67 34 77 73 13 85 33 77 9 25 1 57 49 81 35 47 9 13 43 13 37 73 37 25 93 19
53 89 89 73 89 72 41 29 3 17 67 85 17 25 53 85 9 47 49 29 53 70 39 94 4 13 67 83 13 1 85 20 45 13 86 65 15 95 10 25 77 69 17 37 43 17 69 49 33 66 69 20 58 97 41 79 73 91 91 23 33 25 25 85 46 53
41 47 85 97 1 5 7 59 49 1 7 15 77 92 83 50 37 47 29 67 81 51 90 83 97 55 97 13 35 73 59 31 53 92 65 12 61 16 33 1 5 53 1 3 97 1 89 77 13 85 20 53 51 29 69 1 100 45 8 53 13 89 1 46 61 59
13 79 45 73 57 7 49 45 17 65 17 37 41 97 85 9 91 61 77 65 75 11 1 18 93 61 77 97 61 62 13 37 99 85 50 89 29 35 97 73 49 53 24 53 13 33 81 53 10 41 17 37 89 37 53 45 9 61 69 41 99 91 21 13 53 23
86 1 85 77 5 25 93 85 49 13 97 29 53 77 81 29 81 1 63 29 45 65 69 6 89 38 45 93 93 17 65 41 73 89 65 33 85 53 29 13 53 29 3 45 43 73 87 73 85 9 75 1 73 25 60 53 61 57 49 77 69 53 66 47 57 47
1 1 37 69 29 53 93 35 81 61 29 44 26 8 29 18 21 17 55 1 37 25 79 30 1 1 70 37 83 55 5 29 51 45 25 93 44 60 89 37 73 14 79 61 17 9 77 69 27 13 33 49 2 7 73 83 57 85 89 11 97 79 81 29 29 21
73 33 13 3 69 48 5 33 74 6 92 18 70 77 73 2 61 2 3 1 13 48 81 31 69 69 44 29 21 13 87 29 7 78 57 27 37 5 77 93 77 51 18 93 84 49 57 17 55 81 9 37 99 7 73 44 93 52 63 77 41 89 97 21 47 45
61 63 53 37 27 9 75 46 97 97 33 97 73 43 5 77 97 25 51 45 49 93 1 17 21 65 85 57 95 33 65 53 25 48 43 49 91 23 36 63 17 9 57 37 1 84 61 21 41 25 99 65 37 49 69 33 65 39 61 81 9 11 75 77 65 81
97 69 41 66 85 65 69 7 45 5 25 55 7 17 29 13 41 49 85 77 81 85 53 31 61 5 51 55 89 49 29 69 51 25 89 48 69 72 3 89 41 69 59 36 45 47 25 27 67 93 41 49 1 29 46 59 67 25 37 93 93 5 41 7 23 86
83 51 40 65 89 57 37 1 77 69 45 57 5 43 69 8 36 77 57 81 23 93 64 1 67 1 79 29 1 53 5 57 85 23 61 51 32 29 97 13 25 48 79 95 5 36 85 37 89 69 5 17 41 85 63 25 15 78 89 69 57 47 82 21 21 51
73 17 29 45 3 49 41 9 85 89 88 65 3 93 78 47 33 85 69 37 5 73 41 19 59 1 77 65 5 50 56 15 74 49 44 83 53 53 75 29 5 9 7 33 96 9 21 19 65 22 63 1 77 36 39 61 85 85 37 25 15 42 65 17 21 45
17 49 65 92 17 63 73 13 13 29 71 1 5 33 17 53 73 21 19 49 25 69 57 69 25 49 33 35 49 84 8 45 53 4 79 77 33 53 49 92 61 85 81 29 21 5 41 33 31 57 95 89 13 9 16 61 71 37 91 41 19 39 45 99 10 93
45 81 13 49 99 85 11 30 41 41 7 81 49 39 61 9 91 89 73 93 93 60 21 9 9 69 23 21 39 9 75 93 28 21 89 1 29 29 59 25 7 11 97 21 73 97 37 22 25 19 93 39 89 73 17 53 85 3 49 57 1 89 61 97 33 17
69 45 45 53 11 9 73 14 21 37 96 10 41 17 65 57 41 15 9 81 89 7 49 77 65 61 53 37 57 81 17 25 57 45 65 25 93 29 31 25 63 97 46 5 63 21 37 49 82 67 5 21 41 73 45 1 35 99 47 13 53 45 4 72 70 41
73 85 97 93 53 71 60 83 97 90 93 93 5 59 29 80 73 49 74 9 81 97 5 79 13 13 18 56 89 21 16 21 49 25 1 51 21 85 35 73 75 3 81 97 87 81 93 69 95 67 53 89 65 89 21 81 87 69 97 10 1 58 21 53 85 61
25 81 33 5 77 45 53 77 21 33 73 13 19 37 7 65 91 73 9 58 97 41 89 65 43 41 83 86 9 20 77 3 98 85 89 25 61 25 85 59 89 65 53 29 17 79 50 1 69 53 33 49 69 9 89 21 65 95 29 29 1 57 5 97 35 69
94 31 81 33 73 87 69 48 20 37 9 31 27 83 25 71 73 21 45 23 45 11 95 77 87 17 93 73 68 81 49 63 61 64 33 69 65 25 37 53 33 37 57 73 73 75 1 37 21 89 5 97 56 5 71 2 71 22 48 48 53 97 65 49 78 56
79 49 96 39 85 37 75 61 57 99 95 1 9 97 65 53 49 11 5 29 89 29 63 79 61 85 85 27 21 63 65 37 35 46 43 57 51 17 89 33 43 37 53 25 6 81 61 81 69 45 95 77 15 13 18 67 57 65 21 9 97 96 29 9 71 6
34 25 69 39 59 69 35 9 53 49 61 23 1 93 21 56 9 96 40 41 43 81 89 29 5 41 85 72 41 93 61 64 10 60 50 81 17 21 100 80 49 81 4 33 99 18 93 13 17 69 73 45 97 5 86 31 32 45 73 81 59 69 51 37 13 97
37 11 88 89 13 49 37 75 88 55 29 97 45 65 85 68 45 72 65 65 9 54 97 75 71 80 37 57 57 12 61 9 91 13 5 48 57 17 80 53 9 47 49 49 82 3 7 77 97 65 85 39 89 12 49 97 25 61 1 37 43 45 17 93 45 41
1 98 65 25 73 1 1 17 57 53 14 1 41 4 19 31 89 17 69 73 51 49 73 21 90 25 31 65 11 97 9 73 29 9 49 78 49 99 53 21 80 93 42 81 91 97 20 49 5 65 41 57 15 13 55 61 83 41 85 48 23 65 47 65 57 97
13 43 57 81 25 65 5 40 21 5 5 31 53 61 29 16 79 23 11 33 83 83 41 61 77 41 73 77 17 15 17 50 29 18 29 74 77 93 69 85 95 41 53 81 18 58 3 45 1 45 21 37 93 61 65 29 50 49 33 33 45 13 69 2 71 97
72 13 47 1 75 13 29 33 93 43 82 97 85 93 63 50 63 37 65 93 89 61 61 63 81 65 7 21 5 77 89 77 93 9 17 51 3 9 17 37 93 93 35 21 29 53 93 89 1 78 69 49 35 89 15 1 41 19 1 21 64 13 49 98 1 1
77 99 1 91 93 95 81 65 13 41 77 43 21 57 75 1 24 98 16 25 53 37 25 69 61 77 8 81 67 25 81 15 9 21 58 5 93 81 69 89 39 85 61 26 24 75 57 53 65 81 5 41 24 29 84 9 41 81 8 23 39 45 65 57 57 23
9 25 5 49 61 41 3 61 49 17 81 93 11 9 25 65 66 45 17 9 17 1 77 57 49 29 36 61 77 97 77 91 78 73 5 61 85 85 5 69 97 93 21 95 31 47 73 3 35 27 5 71 62 41 1 76 81 49 5 31 29 69 19 96 45 69
37 69 81 85 29 69 81 97 97 45 78 97 73 15 50 13 65 13 9 89 53 41 85 85 5 11 65 13 79 77 61 85 41 11 84 95 57 49 40 57 41 19 66 85 97 79 37 63 68 85 47 97 29 37 74 5 1 51 89 9 26 29 79 5 97 85
31 73 36 41 57 73 32 95 97 47 90 93 77 29 33 1 61 27 89 51 95 73 73 60 47 44 17 49 1 29 19 57 77 12 21 18 76 4 41 7 99 97 93 71 25 9 81 5 29 45 56 83 59 97 33 63 3 77 87 83 69 64 25 31 40 5
17 69 9 69 9 93 67 97 33 69 25 7 73 81 25 17 49 44 7 25 85 5 5 73 13 35 90 49 81 37 52 41 52 43 37 71 89 78 33 77 69 57 17 49 85 53 65 73 42 91 43 61 45 57 80 55 9 3 55 77 81 92 49 57 51 41
71 61 49 37 9 29 55 7 25 49 21 41 59 97 51 73 65 75 51 55 1 25 25 23 33 79 9 13 1 25 77 89 53 69 45 1 13 25 69 77 30 97 25 37 82 65 15 13 29 21 43 45 48 25 37 9 97 79 89 1 24 53 7 65 6 47
87 5 73 57 35 65 79 5 61 35 23 9 69 44 59 13 61 89 69 79 77 53 65 37 21 75 3 97 85 97 46 25 85 5 11 89 29 93 61 61 35 81 25 29 36 76 2 45 41 92 43 78 89 77 57 45 63 85 53 45 46 85 93 25 70 67
25 37 61 73 57 73 25 37 54 84 81 25 69 20 89 5 93 6 29 53 53 25 59 33 5 89 5 13 65 81 89 85 97 1 9 25 89 73 93 28 61 65 93 55 61 93 65 1 61 73 81 77 81 53 21 9 56 57 59 65 53 31 90 37 57 97
19 38 73 39 42 89 1 47 84 85 85 93 85 23 21 29 13 41 93 85 95 47 41 7 65 65 41 93 85 67 39 97 65 51 1 7 22 89 71 72 26 65 5 37 5 13 16 95 92 41 21 5 9 61 93 11 35 25 28 47 41 89 53 41 73 31
57 21 63 37 80 21 41 85 67 88 97 37 21 67 81 33 21 25 45 65 17 72 73 83 97 99 29 21 93 57 73 92 57 15 57 33 25 69 21 93 77 41 57 17 65 73 9 73 97 65 29 29 37 3 5 9 89 57 81 97 57 33 97 77 41 15
33 97 9 27 5 69 9 49 5 34 33 13 53 81 79 21 64 69 46 21 21 9 15 42 47 89 55 7 45 53 60 85 65 63 47 11 7 73 65 25 51 81 93 20 33 24 61 49 61 57 33 29 68 17 93 55 11 53 73 21 41 13 69 47 88 21
35 37 37 28 81 7 13 35 66 64 91 53 21 17 66 69 10 52 7 41 19 69 54 77 23 1 76 99 9 93 45 25 53 98 36 77 9 30 87 65 59 49 58 49 73 1 45 21 25 41 29 13 97 13 17 69 73 24 13 85 25 70 100 11 37 31
69 20 1 59 13 29 51 1 91 97 37 21 67 82 17 73 17 85 95 65 58 77 27 42 99 38 25 1 27 37 89 29 45 93 78 37 46 40 57 77 35 17 21 93 55 59 79 89 83 29 13 85 49 37 33 5 25 53 25 45 25 81 57 17 88 41
65 57 81 8 59 45 27 81 25 36 39 45 29 45 90 5 85 85 53 23 17 71 49 100 1 29 9 53 32 93 99 47 85 93 15 41 21 37 5 1 89 1 9 73 75 97 49 21 81 37 95 19 5 1 37 35 57 39 61 21 45 45 27 93 1 81
89 11 53 92 83 29 37 22 50 1 9 41 28 65 3 49 8 17 18 91 37 87 89 49 21 37 61 93 29 29 62 94 81 49 5 9 93 35 81 69 41 23 5 17 90 33 53 41 51 53 49 57 10 17 85 21 45 57 49 21 97 7 33 27 84 25
45 95 77 81 59 46 73 67 55 85 61 97 13 89 65 47 43 21 49 81 77 91 89 17 81 40 75 12 9 45 21 90 89 77 99 98 85 25 49 5 77 97 77 85 77 94 69 37 57 5 97 49 53 97 49 13 89 42 88 53 69 57 89 59 37 72
69 53 1 29 3 53 75 89 93 5 1 54 21 57 89 93 51 41 61 22 13 33 65 13 7 99 41 81 41 97 5 84 41 25 25 77 71 73 90 41 3 75 97 49 93 17 25 69 95 93 65 65 1 53 61 5 72 55 93 33 1 61 81 21 36 47
93 56 29 91 17 25 53 81 21 5 87 61 54 7 26 45 53 11 17 80 88 25 57 29 73 13 69 73 89 99 57 33 1 89 77 57 5 77 37 61 67 89 99 81 85 100 5 73 61 49 34 79 1 49 87 9 77 19 37 28 59 33 71 37 81 59
97 17 37 99 97 76 75 27 21 85 85 77 93 19 31 18 49 97 45 47 77 57 69 45 53 46 37 13 89 57 91 44 1 29 57 73 8 69 21 65 61 43 25 35 61 21 100 13 33 21 29 63 65 89 41 89 93 54 73 73 90 89 35 27 67 2
93 65 57 53 19 69 97 89 17 82 99 29 47 91 93 97 65 61 29 17 33 85 49 89 81 53 93 8 1 21 21 5 69 61 85 49 17 83 25 13 9 89 57 97 15 41 9 33 75 61 33 61 47 41 77 37 39 61 73 21 21 62 100 37 41 18
87 98 1 7 37 29 52 21 67 93 71 45 35 1 1 37 89 62 85 30 69 61 32 49 85 37 13 93 83 81 65 50 79 69 63 45 1 45 57 9 53 49 57 64 89 61 53 17 65 65 57 84 55 48 81 41 57 89 73 1 15 93 23 83 13 26
42 57 87 89 65 9 89 87 17 37 81 93 27 77 81 17 77 91 1 21 45 49 1 49 57 69 65 65 25 25 19 45 39 21 75 17 69 6 69 41 100 59 98 51 88 81 21 73 69 25 97 6 83 41 75 13 17 4 45 37 37 19 57 71 77 29
41 21 77 60 9 41 89 85 77 13 87 37 21 87 89 82 26 5 41 85 25 45 81 17 81 17 89 1 78 25 62 13 97 81 39 73 41 11 1 29 9 99 59 57 69 3 89 57 57 45 5 69 34 79 77 59 65 83 13 53 73 17 45 5 5 25
29 49 53 81 67 15 18 64 29 37 95 5 27 1 81 69 93 85 65 5 65 48 39 15 57 65 79 5 9 49 61 48 29 3 65 81 33 61 53 65 87 61 97 82 65 45 85 17 33 65 29 25 33 8 33 67 56 44 29 9 5 41 89 45 16 9
95 17 3 16 57 66 21 48 85 21 61 61 13 29 29 33 7 55 73 75 17 76 53 25 23 72 49 89 1 21 81 5 17 77 5 91 84 73 60 61 79 31 5 91 37 73 33 69 57 37 1 19 49 97 91 33 65 65 5 77 5 61 79 77 93 61
61 3 21 13 23 33 69 53 5 89 45 81 57 85 73 6 17 81 69 41 86 45 97 57 97 65 97 47 93 49 31 8 93 49 77 65 19 1 21 12 18 36 7 59 87 37 61 45 7 53 61 92 77 97 34 97 63 29 72 9 27 67 48 37 57 24
49 37 1 45 15 97 83 1 64 61 49 84 23 70 25 63 22 65 73 53 76 17 49 61 97 81 77 23 97 8 73 25 25 93 39 37 64 69 32 23 57 50 48 43 49 29 52 61 71 4 63 41 53 25 42 33 55 33 97 5 17 25 53 11 45 3
41 49 25 23 21 85 45 45 49 49 13 5 61 74 12 81 45 80 21 33 5 13 95 21 23 41 65 7 23 88 45 69 19 29 45 29 35 57 63 33 33 77 49 1 97 97 41 69 83 49 85 13 6 17 53 95 57 41 92 77 45 41 1 10 13 77
87 9 25 51 77 52 33 89 9 67 47 57 99 65 99 75 99 11 67 69 41 85 69 89 45 91 81 45 69 85 89 69 77 49 5 27 45 41 54 29 53 53 61 61 37 21 26 33 92 55 99 82 61 3 17 93 89 73 8 85 13 89 93 49 29 85
65 67 77 93 41 9 71 31 13 25 17 75 9 20 85 63 53 49 53 41 76 50 77 88 43 21 85 49 1 45 85 37 77 29 13 8 33 21 67 81 38 41 95 33 17 69 54 77 67 97 31 93 29 61 45 97 58 33 77 17 17 28 21 53 11 53
77 41 61 69 25 35 25 61 1 99 15 37 78 61 47 49 21 21 94 65 77 83 30 43 81 29 9 39 70 25 76 81 29 65 81 73 13 6 44 65 13 17 73 94 51 28 65 85 77 77 17 25 49 11 83 18 53 93 69 61 37 69 53 23 2 27
72 100 67 76 9 97 63 1 45 97 1 73 77 69 89 69 19 79 69 5 73 17 65 53 41 21 13 30 9 73 13 35 69 21 2 57 63 77 47 93 70 33 95 57 51 1 69 93 1 89 38 18 89 34 1 53 73 5 47 17 53 17 53 37 49 100
57 9 41 11 97 28 5 31 26 53 83 9 5 17 95 77 91 97 66 61 93 77 97 89 41 97 41 65 11 81 33 85 57 74 47 83 77 63 85 77 23 87 41 45 51 85 65 1 69 25 61 63 29 65 1 59 45 41 3 78 83 77 63 49 29 25
37 81 65 29 60 45 49 45 61 1 66 65 91 37 45 57 37 49 7 2 15 67 53 11 53 85 93 6 73 31 93 37 25 77 18 9 17 16 81 61 37 27 37 57 49 45 85 1 57 78 21 49 1 17 15 56 17 37 5 1 50 41 5 57 90 5
13 65 21 69 32 75 97 93 69 25 38 85 89 61 19 51 89 39 9 25 13 63 13 37 49 33 54 21 9 97 93 61 9 17 23 5 99 11 61 81 99 85 22 13 29 84 35 69 53 97 13 1 2 93 45 8 5 89 81 17 81 37 63 55 27 13
41 61 33 17 97 1 72 13 93 17 5 53 14 69 67 72 13 37 33 41 17 25 74 69 86 74 37 5 35 25 53 79 23 89 29 13 60 62 59 33 41 57 65 29 7 29 61 57 75 1 68 33 1 13 77 57 9 91 75 81 70 19 73 57 1 17
45 69 76 81 85 11 3 93 21 1 9 82 95 25 95 3 85 57 90 57 85 2 40 61 43 25 77 79 97 93 58 67 21 29 89 69 89 94 13 9 37 55 25 44 57 89 97 61 13 28 97 41 35 61 29 25 28 1 41 28 77 53 5 3 47 85
45 41 69 70 53 37 65 47 51 29 99 53 23 85 41 73 49 25 57 69 29 81 28 13 85 71 53 41 29 31 65 9 15 36 35 34 64 45 61 71 2 69 62 13 76 25 85 85 19 77 13 30 88 81 14 25 29 19 77 79 57 73 22 21 99 9
61 40 45 72 99 29 89 53 17 81 21 77 83 73 87 69 43 69 41 21 89 44 69 49 29 77 21 50 25 63 41 38 69 24 33 6 73 46 97 45 41 95 73 17 97 73 85 57 57 49 61 57 77 25 85 39 65 49 4 49 27 9 5 85 85 21
61 39 41 26 13 42 27 57 89 63 6 47 5 34 11 31 80 97 45 9 29 69 25 59 89 89 41 22 4 73 5 59 45 47 13 74 41 12 65 38 29 57 68 31 49 90 18 29 21 29 65 89 93 29 95 53 21 29 13 37 93 77 73 45 93 87
48 6 37 37 93 53 37 23 61 33 96 99 5 5 97 5 50 48 13 45 95 26 49 33 77 53 63 27 83 85 47 55 17 69 92 86 82 91 67 81 21 93 95 43 85 85 21 93 56 4 81 23 97 53 65 1 89 99 5 55 85 95 19 17 86 43
33 57 29 81 69 65 35 7 9 77 45 41 21 42 81 69 75 1 85 11 45 41 20 45 7 37 85 99 53 37 40 55 29 100 71 69 33 81 49 97 53 84 85 69 77 65 61 71 32 37 45 77 5 81 80 44 45 61 45 75 67 9 29 65 77 49
97 59 41 19 13 9 69 73 93 48 89 55 13 61 51 57 77 49 89 71 61 97 69 84 73 61 13 9 25 85 97 33 37 78 45 85 37 77 89 21 73 25 11 61 19 85 19 89 5 81 25 17 21 49 53 25 61 29 29 45 25 77 21 54 1 53
91 9 49 5 43 77 76 81 66 55 65 85 25 37 1 93 55 41 21 81 93 13 65 21 27 58 37 25 86 65 53 93 80 71 17 69 29 27 82 35 68 41 61 53 88 65 13 69 25 57 33 43 29 67 41 97 64 9 30 53 26 29 75 65 36 12
41 17 53 13 35 86 29 60 88 33 61 54 53 83 21 13 54 81 69 87 81 77 17 1 20 55 23 28 97 84 81 74 57 83 73 49 21 25 43 33 25 13 29 71 41 51 45 17 17 7 17 46 37 81 77 59 7 25 61 65 31 29 89 45 41 23
30 5 33 41 78 31 89 17 43 73 16 33 81 85 31 47 79 77 49 24 69 29 77 6 13 73 72 60 3 88 95 69 33 17 25 5 13 33 35 17 1 67 86 39 85 73 50 23 37 2 51 73 41 81 37 19 5 89 20 45 65 29 57 7 57 54
48 65 97 93 57 18 13 81 89 85 41 17 29 49 30 33 89 53 73 97 63 95 73 9 77 93 53 85 73 3 21 55 1 40 59 52 41 37 37 29 17 1 9 9 5 73 47 9 65 26 57 80 1 77 23 53 97 17 33 9 39 43 21 61 63 1
40 77 97 61 77 33 53 73 97 13 73 85 2 21 11 61 10 23 21 25 13 86 93 85 85 61 29 79 9 97 1 51 17 67 35 13 13 13 31 51 23 81 41 84 62 37 85 85 94 29 65 69 87 89 25 45 57 12 42 69 13 45 85 93 75 44
1 5 37 1 71 45 7 88 69 17 84 29 2 13 90 77 53 87 93 66 29 33 87 10 3 63 7 79 73 5 79 89 75 89 81 8 13 89 95 100 73 46 81 89 57 77 89 1 88 65 78 80 57 63 45 73 65 33 73 25 67 29 26 29 77 81
81 9 45 8 37 25 89 97 42 15 50 93 95 1 81 25 45 29 7 62 65 77 81 35 85 53 36 69 50 88 89 29 97 17 89 89 13 29 84 29 24 9 37 9 53 37 89 69 67 65 65 89 27 61 77 67 85 56 25 44 89 1 33 49 13 88
41 79 97 85 57 1 81 37 9 57 45 37 5 95 61 97 57 39 17 37 73 66 7 73 14 33 9 17 92 70 85 37 19 49 57 77 17 65 71 45 81 91 33 41 61 28 1 49 97 82 93 21 49 23 45 73 57 61 51 49 21 81 53 29 77 65
41 33 79 57 30 33 29 89 37 37 21 85 1 61 29 63 1 25 5 5 89 73 64 61 33 15 80 49 39 69 17 64 1 17 45 45 73 49 33 89 17 92 86 97 55 4 37 89 25 85 89 21 15 37 10 67 47 55 89 57 79 77 57 39 57 73
57 49 5 41 21 7 1 11 61 13 99 36 89 65 41 25 99 87 65 19 53 75 99 85 25 35 85 57 93 92 3 77 31 15 45 75 11 21 79 46 97 21 89 31 73 41 17 47 6 1 57 22 73 77 81 29 77 21 77 93 21 90 97 93 17 49
35 73 25 49 17 40 17 41 37 57 9 37 91 25 53 51 49 49 66 23 89 27 60 15 1 57 39 59 19 21 98 21 41 15 93 69 69 17 5 47 41 95 97 53 49 55 45 17 75 49 49 69 61 99 57 81 41 1 13 61 30 73 75 57 14 70
9 81 39 37 95 5 39 61 57 21 61 73 81 93 49 49 93 5 93 91 17 95 25 29 87 66 1 37 75 1 93 21 25 95 63 85 75 1 45 76 66 61 49 89 49 1 53 89 75 35 33 89 23 5 25 94 27 77 91 9 33 7 91 85 87 49
87 95 53 1 41 97 25 41 93 81 5 85 32 61 43 61 27 87 57 95 29 30 10 1 55 51 41 49 19 81 100 27 25 35 71 73 41 27 39 69 78 34 13 1 81 69 37 13 57 79 45 55 33 65 16 37 47 41 17 45 83 65 89 81 21 83
83 17 89 34 85 7 13 97 87 22 48 80 53 13 77 53 70 69 25 29 94 35 39 17 41 53 86 93 53 37 14 29 89 83 93 53 93 14 21 5 9 53 45 5 87 1 61 77 11 32 45 5 57 61 5 21 54 11 89 29 37 63 45 39 45 13
17 35 27 35 33 74 65 13 29 49 83 33 65 81 41 59 87 85 53 76 35 25 100 9 13 7 33 53 81 97 85 33 1 41 89 5 33 93 71 55 5 91 13 23 35 48 5 77 94 75 77 61 79 68 29 21 89 33 87 73 77 18 71 67 19 33
93 61 64 65 25 25 35 15 57 87 41 35 50 37 25 81 13 51 40 13 9 53 39 9 49 81 31 79 57 21 17 69 19 32 90 15 95 1 15 41 79 41 79 31 63 77 25 5 37 44 73 47 81 18 21 25 49 54 20 49 65 27 27 25 89 23
61 1 80 47 7 57 93 6 32 49 33 39 13 97 41 69 33 85 13 97 25 53 52 38 1 93 55 100 41 93 19 57 95 26 61 37 13 94 25 24 49 10 1 49 33 33 33 37 81 85 24 15 33 95 89 61 6 37 33 5 61 44 60 32 89 21
25 29 83 5 9 73 29 93 73 16 13 39 29 57 89 53 41 5 69 35 85 77 85 93 63 41 81 25 74 5 65 45 25 65 3 19 56 33 33 91 1 52 40 97 45 33 73 75 5 41 39 5 78 5 53 17 89 17 22 49 93 60 10 11 61 32
29 65 49 85 13 85 61 37 11 53 77 41 53 17 46 63 69 76 49 65 41 63 53 75 75 93 61 93 73 63 52 29 89 81 13 89 77 89 93 87 37 33 52 51 33 61 25 69 73 81 49 33 23 77 29 55 81 57 97 97 14 75 93 84 9 81
47 96 81 73 89 41 73 3 90 96 73 85 9 45 95 52 77 41 81 21 98 49 91 17 8 39 73 5 61 93 29 73 55 75 62 13 5 85 100 8 13 55 5 18 33 77 11 58 65 83 21 61 65 14 53 87 25 5 13 27 37 53 15 78 61 53
69 81 54 29 7 59 65 81 17 17 77 41 77 57 15 29 37 61 13 47 21 93 65 13 61 87 57 51 11 27 25 25 59 23 1 37 16 99 89 57 13 55 7 79 21 81 26 35 65 21 97 57 46 42 73 33 79 49 73 61 85 81 65 77 40 69
89 41 80 97 25 25 11 57 89 16 73 93 81 85 9 45 29 81 53 78 14 37 15 77 31 22 34 95 17 93 85 49 37 12 59 25 69 57 37 85 45 93 23 1 97 65 73 97 59 5 37 45 17 85 29 9 26 13 57 44 31 40 81 35 81 57
81 69 17 13 95 82 32 8 48 5 45 13 45 65 68 77 49 45 23 49 67 46 59 57 46 86 61 10 49 73 47 57 41 43 81 5 5 80 19 41 43 57 84 23 61 33 69 89 59 85 95 54 41 53 60 99 61 33 61 31 33 88 85 29 7 97
76 74 78 83 73 65 5 27 73 1 53 14 63 69 78 27 83 53 85 46 49 9 47 71 86 85 96 17 71 9 89 61 56 71 5 71 17 89 77 89 63 43 5 57 24 65 93 85 59 25 90 25 54 33 73 41 45 65 57 57 53 85 45 21 41 31
13 29 93 89 97 69 79 45 39 21 28 9 1 19 21 61 25 84 67 21 37 73 1 80 85 1 63 33 78 38 33 61 49 97 17 14 57 1 81 57 10 93 21 9 27 68 56 53 1 37 67 69 43 91 65 53 69 55 29 17 100 45 77 73 37 1
99 97 99 82 71 2 21 89 89 76 69 21 49 87 15 85 57 77 41 63 62 69 85 13 49 11 21 21 5 17 100 47 1 93 9 21 61 78 33 81 37 33 49 37 37 85 85 65 25 45 27 73 25 33 97 83 13 41 21 45 75 93 17 35 86 93
35 39 37 48 29 9 45 85 97 42 25 9 77 73 90 13 46 56 33 89 39 45 72 5 97 80 73 87 35 14 93 81 77 79 91 43 89 29 9 51 91 61 45 97 4 89 49 26 89 79 98 77 41 93 29 69 1 5 45 21 17 39 63 85 89 33
33 77 93 57 81 17 69 33 5 85 11 13 53 68 79 43 96 61 2 41 5 57 85 57 37 41 33 49 57 13 7 45 63 4 45 89 35 97 33 85 69 13 29 37 59 43 65 83 43 89 31 93 53 34 13 69 7 51 13 89 69 65 77 37 63 41
65 37 69 69 65 25 47 5 1 21 61 9 5 81 100 93 5 53 5 42 13 19 13 97 43 17 9 49 69 93 77 5 93 85 23 73 47 17 93 73 7 65 45 53 93 13 55 65 77 11 77 42 44 82 69 25 25 93 5 56 43 91 69 89 37 97
13 7 33 89 21 97 46 97 69 7 85 21 21 65 61 72 17 81 31 13 53 5 45 45 24 89 81 17 69 37 87 1 85 55 97 63 5 17 85 61 73 1 48 45 85 13 43 85 33 89 11 49 85 58 13 63 100 49 29 36 61 74 27 21 56 65
89 93 85 85 1 43 97 93 81 5 1 10 33 27 68 37 41 37 23 49 25 89 97 65 89 93 5 49 41 77 22 89 9 65 53 13 86 43 63 77 15 77 49 45 17 45 97 96 55 83 61 45 57 61 61 9 65 9 74 43 45 65 73 17 9 41
73 17 34 49 25 23 73 89 33 93 77 78 93 21 75 5 50 45 1 21 77 27 93 81 89 5 85 45 33 81 95 29 49 51 11 86 1 41 33 29 49 90 85 85 85 61 79 61 95 97 5 93 9 85 94 65 83 21 1 31 61 5 87 33 93 9
87 41 65 67 8 33 75 77 41 79 61 5 41 73 95 89 97 72 29 21 53 73 57 73 89 85 65 81 10 99 29 77 53 9 91 85 43 41 61 37 17 81 19 82 61 1 21 77 97 13 29 5 33 49 61 42 81 39 45 81 85 99 83 53 97 2
95 93 9 85 45 77 49 77 49 13 69 60 25 82 25 74 75 65 97 43 1 68 25 89 97 81 5 17 33 97 41 15 49 11 69 19 91 75 31 97 77 45 85 100 49 41 61 68 50 53 49 25 61 49 93 69 80 37 25 29 81 53 47 14 1 17
45 97 37 33 45 89 13 32 13 64 63 77 43 17 45 24 89 57 71 33 48 54 99 65 29 85 79 45 33 65 35 69 34 81 93 33 95 81 89 11 21 97 27 45 63 43 5 79 7 61 49 58 61 85 41 63 65 91 5 35 61 49 81 89 49 85
41 27 29 57 37 61 99 25 69 45 69 15 61 98 81 39 17 61 1 85 13 73 45 87 61 81 41 89 21 45 54 61 76 95 77 34 1 89 85 37 3 41 45 13 5 33 37 67 73 35 73 5 34 53 81 15 65 73 1 79 19 57 30 16 79 57
29 3 29 24 61 33 41 53 24 49 85 29 37 21 45 65 5 59 23 43 37 89 97 27 57 21 9 25 17 83 73 100 28 81 69 53 81 17 45 25 9 52 45 17 57 97 6 58 41 19 85 44 71 89 61 9 85 41 33 33 79 95 9 81 69 41
75 49 69 8 77 57 37 19 41 73 53 33 95 53 41 41 3 33 85 9 5 41 75 29 69 79 92 93 31 43 41 5 37 1 73 7 65 21 15 49 40 93 9 100 5 85 5 69 9 30 38 99 39 13 46 61 21 3 39 13 97 5 45 53 89 53
54 53 55 97 89 21 5 95 97 5 75 5 17 85 33 77 17 1 41 45 60 33 17 49 61 69 67 25 77 92 93 81 97 49 65 61 37 77 65 75 13 3 33 21 55 33 25 91 39 25 77 13 1 40 21 81 49 1 61 37 69 9 57 73 29 33
49 20 89 57 77 53 65 79 23 81 1 40 4 49 80 17 65 69 53 33 65 45 5 5 81 13 89 25 77 69 13 57 25 73 22 29 73 69 69 57 49 73 87 35 49 97 81 57 61 37 45 25 53 93 29 80 65 6 19 87 31 33 49 89 52 31
5 41 37 67 45 85 77 41 75 65 79 33 5 55 1 11 9 93 89 29 39 13 69 15 41 77 23 97 1 63 65 37 42 9 83 99 81 89 21 73 92 29 85 19 34 77 21 2 5 22 59 90 78 33 71 89 9 37 21 1 93 73 41 93 49 49
89 42 77 23 28 65 81 33 47 73 27 93 9 53 17 99 87 57 89 74 41 13 64 57 77 65 61 31 28 95 85 5 62 89 51 87 13 5 12 11 19 59 87 37 39 17 41 51 21 51 49 97 85 21 1 77 51 59 21 65 21 80 85 47 63 37
53 87 65 33 40 17 61 69 77 81 25 88 18 83 37 57 80 79 97 41 65 45 49 31 93 17 57 17 41 23 3 16 41 68 53 79 71 85 89 17 7 81 89 50 77 21 53 41 5 25 97 55 41 13 77 81 41 59 62 60 25 29 47 65 15 13
61 25 21 73 65 41 89 26 77 89 97 87 11 82 61 43 1 83 42 89 9 93 37 41 20 19 13 25 85 69 57 45 43 65 1 1 93 97 57 5 45 29 29 97 63 25 81 65 29 41 73 79 61 99 33 11 49 21 57 69 99 5 83 29 97 50
17 17 69 57 97 57 29 39 11 79 29 61 81 61 69 21 37 94 61 5 89 25 61 23 25 75 21 37 17 29 65 37 27 91 49 65 9 93 19 73 82 45 69 33 97 13 69 85 9 82 21 37 7 30 88 83 42 41 98 37 17 5 77 49 19 35
73 49 45 98 17 61 77 21 15 72 25 85 21 21 58 77 52 1 89 89 93 81 39 45 15 41 41 37 54 21 68 53 25 49 61 57 69 81 5 98 1 69 41 9 13 92 73 85 83 49 77 17 62 69 29 5 49 51 89 52 53 86 93 89 73 5
3 13 13 85 13 31 45 17 93 93 25 17 74 79 73 34 93 49 57 5 75 53 17 89 43 77 93 79 65 98 81 19 89 95 65 57 5 80 13 70 17 41 81 25 13 44 41 31 33 81 37 13 62 61 19 43 17 71 35 98 93 3 14 70 56 93
31 41 59 50 66 25 75 49 13 17 89 33 17 83 53 61 73 7 25 68 41 61 62 85 10 55 85 17 57 17 11 41 19 65 63 89 1 85 61 77 25 82 81 51 18 37 89 17 1 53 49 59 95 73 55 39 50 81 45 95 73 39 69 41 89 77
31 3 57 42 75 49 70 91 7 7 1 29 38 81 42 82 5 69 97 79 81 7 45 77 49 9 21 29 69 49 81 9 11 47 25 94 45 57 4 49 20 17 65 85 19 17 1 97 5 85 29 81 77 37 29 49 93 58 19 65 91 53 87 25 21 9
33 97 32 9 51 97 65 1 52 85 15 93 5 88 50 57 57 65 2 85 88 80 47 91 49 69 85 41 7 33 89 77 42 39 49 61 41 29 37 69 34 85 9 21 25 6 61 33 5 45 36 87 90 97 7 57 29 41 51 93 91 9 92 7 69 73
87 7 77 6 77 3 49 9 5 85 81 1 33 3 5 3 35 37 11 49 29 17 1 42 14 73 11 33 41 29 5 81 53 43 97 49 5 33 13 17 34 85 85 1 61 9 89 11 8 45 53 9 69 93 57 37 97 72 93 29 55 65 95 63 81 21
77 49 64 25 21 13 83 21 49 37 51 33 9 15 45 29 11 51 5 9 57 65 96 5 89 45 93 85 21 13 9 77 9 41 1 84 95 49 9 80 77 97 41 52 69 79 75 91 81 74 61 31 29 85 57 45 35 33 92 95 29 17 77 57 89 80
29 81 15 75 30 29 42 73 17 57 21 67 37 17 93 89 47 14 29 5 35 23 41 67 69 85 73 69 17 23 28 93 32 91 49 65 65 69 21 41 25 57 45 5 29 24 59 41 61 61 45 24 13 80 89 13 37 36 53 93 29 89 25 83 41 2
5 83 21 97 81 27 53 69 71 89 57 31 27 81 61 49 85 61 69 17 65 11 94 7 69 32 25 1 40 84 91 5 35 66 83 80 25 29 58 36 85 49 45 73 5 89 41 42 17 37 41 9 4 21 78 37 63 69 19 28 9 11 1 81 89 53
25 72 97 33 3 67 13 95 22 49 25 65 37 66 97 37 1 33 96 47 41 55 51 82 83 5 89 89 37 73 57 27 85 41 75 81 29 60 9 3 87 81 37 5 81 73 13 37 57 33 83 85 53 69 52 13 39 61 51 9 13 5 92 23 85 69
23 33 53 39 37 46 21 81 7 60 82 61 77 22 73 99 77 93 67 97 10 88 53 91 69 63 64 76 81 88 59 84 23 16 37 17 69 93 25 21 19 25 43 57 54 37 20 21 69 47 96 97 89 49 61 97 25 77 99 99 45 5 30 49 15 75
85 13 41 50 41 85 56 65 29 52 29 1 37 46 53 17 17 88 45 25 47 49 5 29 44 17 58 77 57 65 66 89 39 57 93 5 89 99 73 59 81 51 14 89 76 53 53 17 65 9 89 73 1 35 49 1 77 45 55 49 1 33 13 13 21 86
21 5 33 15 73 69 29 21 38 27 45 11 33 77 23 54 4 1 45 45 41 57 33 9 61 85 5 65 53 41 95 41 89 93 87 9 9 75 15 80 50 5 47 29 73 65 69 7 39 87 13 5 99 97 13 44 61 29 93 58 1 22 69 41 9 34
93 41 20 21 17 41 25 29 81 97 69 85 99 29 87 89 13 45 49 31 37 43 7 1 41 41 5 97 17 25 21 73 97 59 23 32 69 33 19 65 29 5 92 3 89 66 1 67 33 1 97 93 97 69 23 39 9 57 21 77 13 24 25 45 69 85
72 85 96 33 17 13 69 69 25 13 13 63 1 67 25 81 56 89 9 85 4 85 97 33 57 85 5 44 49 17 31 25 49 77 77 9 9 9 9 37 73 68 29 77 89 38 13 81 73 97 51 74 90 17 77 85 67 33 48 69 93 5 65 25 69 91
9 13 47 65 9 17 14 81 95 61 50 33 38 85 45 33 91 59 9 37 48 5 7 77 65 17 17 72 61 73 73 89 9 83 54 95 57 41 11 25 97 21 9 43 89 93 26 33 85 33 11 29 51 75 36 29 85 93 83 45 97 25 97 49 61 33
53 5 49 53 51 55 1 65 94 61 56 29 73 43 83 77 73 96 5 69 14 73 77 41 11 59 73 61 25 37 43 25 1 41 51 1 35 85 4 28 57 20 33 35 83 61 45 77 57 17 53 81 63 51 73 7 61 77 41 41 53 41 53 53 99 95
41 57 86 81 79 74 57 85 79 69 17 29 65 69 97 25 83 97 63 85 65 25 9 37 35 17 63 13 25 5 83 85 33 73 91 43 93 9 53 57 9 78 75 44 61 62 45 81 3 49 6 53 61 81 5 43 85 45 80 1 19 51 77 37 1 25
17 81 37 21 97 99 73 13 49 68 3 49 50 26 37 83 72 34 31 45 5 4 77 49 63 85 40 17 17 63 37 53 93 53 45 81 53 77 93 73 29 79 79 17 73 95 97 19 7 47 10 65 13 82 1 41 59 82 15 72 65 83 49 81 54 91
1 76 77 65 26 93 5 53 15 21 89 21 33 97 25 5 59 31 7 37 49 37 45 11 46 97 73 53 4 81 33 37 59 73 66 35 97 50 45 41 53 69 21 83 33 65 41 93 97 93 53 51 67 50 31 81 31 99 97 19 17 1 61 13 61 53
