112 112 36 20
849 917 277 828 825 741 353 585 921 982 345 807 485 385 845 89 152 89 681 941 109 204 57 785 237 501 985 322 325 777 861 545 208 88 921 619 657 89 129 469 221 729 817 385 967 638 85 561 227 937 61 529 707 642 714 841 481 601 529 809 83 263 737 387 961 687 741 297 156 99 803 33 581 9 71 177 313 441 105 662 395 187 249 322 763 526 269 217 925 217 649 559 593 426 735 451 402 683 235 945 713 235 100 945 129 615 55 257 659 567 721 636
429 249 353 717 993 587 105 737 569 661 909 55 233 126 809 865 61 477 873 977 745 75 393 757 585 983 761 397 217 287 473 255 153 417 83 425 361 428 753 5 221 516 657 113 559 885 61 973 497 133 873 401 159 5 977 791 413 21 913 401 873 85 265 257 657 100 625 579 689 865 225 691 361 649 601 920 447 593 561 185 105 73 308 513 897 262 729 33 318 531 433 469 433 817 261 333 685 513 99 81 724 41 89 577 501 701 849 249 390 153 977 25
661 324 898 601 153 593 233 571 105 9 773 289 349 321 657 881 41 193 729 697 415 321 465 649 997 305 545 343 507 687 701 201 389 934 617 209 518 341 177 739 177 697 601 303 737 505 191 907 922 529 932 975 865 263 885 232 813 395 781 243 917 863 265 632 147 917 633 835 565 197 593 873 73 71 716 641 497 697 41 409 925 889 397 235 917 869 969 277 245 521 809 233 289 825 753 922 825 361 329 927 613 633 585 705 2 791 749 669 391 70 475 153
777 391 641 745 105 265 849 745 325 777 957 217 651 605 17 503 577 75 657 901 829 57 473 655 653 429 881 889 901 413 707 869 545 433 989 345 309 745 897 5 577 249 305 769 201 627 617 617 273 633 617 753 899 534 889 1 599 393 263 273 969 577 673 782 321 595 663 225 814 905 351 343 785 417 297 685 787 58 669 509 153 169 844 216 705 411 551 773 669 383 825 717 531 777 385 655 468 961 297 1 979 521 567 804 333 47 949 225 217 49 721 793
913 569 108 145 559 737 194 171 355 679 193 601 553 337 33 714 31 525 457 48 265 181 555 353 465 423 81 297 433 770 433 617 833 297 839 861 184 281 90 809 633 169 921 379 135 997 57 441 249 527 655 129 917 345 219 529 449 185 847 609 683 349 633 567 145 689 645 344 805 503 223 177 177 297 129 465 809 97 135 505 93 331 139 213 471 617 577 921 617 557 727 649 489 825 86 996 461 211 962 833 655 885 721 633 221 777 653 712 969 797 305 257
181 688 119 899 688 305 37 741 517 427 441 33 801 650 569 485 205 885 66 195 241 129 833 817 901 901 349 705 23 673 647 963 177 493 625 684 774 694 493 65 697 365 281 681 529 393 194 92 149 57 151 465 209 729 877 764 693 816 593 177 145 821 913 777 329 73 869 941 981 297 567 918 120 163 473 289 277 281 888 609 233 298 321 153 509 185 765 745 448 681 685 697 1000 980 222 497 849 434 565 9 176 77 661 129 784 713 591 492 597 25 782 905
833 260 367 45 199 601 39 477 913 993 75 881 68 845 77 329 729 448 34 657 901 647 773 97 29 513 449 413 849 609 261 697 56 681 149 529 545 545 965 317 173 439 869 385 293 541 465 817 601 81 279 369 361 767 935 617 545 131 947 175 337 972 905 769 329 447 881 177 899 361 597 809 313 285 45 293 41 291 227 525 739 255 185 51 975 749 827 789 43 849 661 53 593 927 314 645 879 313 741 915 809 253 274 537 509 505 475 337 662 945 133 577
393 708 921 63 207 169 734 403 721 65 179 701 399 620 699 493 658 105 648 441 569 371 1 321 65 307 643 825 997 137 792 555 168 579 417 889 73 905 425 673 245 953 401 505 463 309 709 509 243 21 697 209 280 953 643 537 737 713 338 871 817 705 885 169 339 455 753 345 5 621 684 835 433 248 405 991 747 206 5 105 123 337 675 169 23 441 241 849 637 156 179 917 645 305 733 830 932 545 153 861 593 73 888 789 507 53 799 183 305 577 497 954
353 387 357 277 561 913 33 583 321 173 553 537 321 395 535 135 401 217 281 101 177 977 927 676 101 681 977 111 931 825 857 376 93 35 549 905 287 917 477 821 25 181 665 73 113 162 747 379 29 573 693 602 841 821 280 245 715 366 925 553 456 225 671 85 612 409 580 125 353 13 633 865 409 944 184 861 277 257 417 213 249 651 221 481 751 38 61 77 212 497 113 801 321 465 345 317 983 385 849 813 657 161 57 540 745 841 457 169 816 529 81 698
697 217 193 322 174 566 317 137 9 269 377 985 727 737 97 913 663 85 901 745 971 477 448 709 801 239 143 785 749 797 974 673 85 929 729 109 745 585 93 109 589 633 801 209 981 973 833 506 701 53 765 183 148 889 801 463 305 751 213 1 967 753 596 147 16 145 475 785 321 745 433 378 389 319 97 897 297 830 17 349 947 809 41 321 609 393 733 137 17 661 421 237 773 25 545 416 397 890 815 775 777 677 673 673 747 99 649 519 593 153 593 481
85 365 337 441 77 913 5 841 595 801 225 134 773 985 261 384 409 445 517 425 209 929 751 659 767 73 349 583 69 577 253 489 674 47 969 607 286 726 749 297 161 347 606 718 721 937 836 902 809 145 797 965 705 153 821 42 73 483 521 141 899 33 605 619 545 229 593 37 993 573 318 525 331 544 143 541 16 173 227 609 665 497 939 849 825 413 877 201 745 738 937 717 595 121 561 350 245 625 661 601 609 724 899 159 199 922 430 681 129 193 777 49
655 265 669 909 301 457 973 574 773 729 345 921 557 777 479 189 753 673 577 133 970 401 537 255 201 493 241 789 643 265 337 771 15 653 337 921 620 873 34 335 927 233 329 609 242 470 841 923 258 889 833 409 529 256 41 235 333 7 733 513 843 117 356 13 689 69 53 943 679 489 353 741 633 623 557 315 873 601 777 421 953 337 133 697 357 761 57 335 933 129 9 761 97 150 481 425 569 1 619 185 625 589 997 737 429 737 993 841 257 605 488 937
561 865 539 937 357 927 929 145 730 27 329 141 639 281 409 201 118 638 216 841 201 393 151 483 137 609 441 609 539 449 433 761 686 857 25 501 789 537 731 1 73 281 45 421 933 981 253 257 853 409 521 654 753 717 531 641 659 821 581 6 65 273 541 586 657 697 641 145 181 264 148 289 417 161 929 257 353 913 220 609 241 57 705 542 473 385 649 665 865 241 589 649 701 349 266 554 97 105 995 177 641 557 824 281 71 841 216 791 441 241 524 393
945 65 502 993 565 113 825 473 673 427 269 649 13 117 937 53 241 121 101 867 545 857 933 477 215 151 605 57 644 201 849 848 353 617 464 119 445 233 513 211 12 777 707 41 317 797 905 505 785 668 769 623 889 401 857 433 615 169 1 221 882 977 217 929 321 411 709 113 614 723 80 73 618 797 715 781 609 239 61 417 161 73 161 537 653 993 817 609 417 205 833 124 889 498 825 313 663 723 431 217 561 905 39 574 459 608 737 133 166 205 785 853
959 885 813 892 968 979 481 573 627 993 77 553 697 305 561 25 201 555 437 553 53 263 309 649 137 721 241 345 648 815 920 219 924 241 585 433 5 981 985 393 849 73 845 152 217 405 629 748 401 870 445 837 609 89 5 945 719 687 884 104 673 409 238 529 921 973 593 761 933 609 833 697 663 777 660 873 673 309 213 145 845 581 758 855 145 814 163 491 153 687 353 223 449 499 833 86 330 591 865 30 729 593 409 290 281 353 929 66 409 697 817 211
25 481 305 646 133 501 940 897 313 873 913 363 971 131 521 615 513 481 437 945 373 625 425 913 553 225 329 947 937 33 998 587 81 708 601 361 865 809 801 747 373 224 105 107 193 369 33 925 85 633 977 352 313 609 293 815 849 568 975 289 75 513 611 937 815 527 144 209 645 713 252 633 21 882 33 639 137 289 824 607 561 393 749 729 417 925 899 297 457 19 425 389 889 795 703 265 609 801 687 938 221 51 169 665 491 753 365 997 977 17 547 521
529 606 761 561 89 425 625 908 925 121 513 337 917 729 157 563 745 543 509 105 517 729 391 857 81 109 609 649 10 233 889 971 961 465 969 757 409 953 129 105 103 489 249 341 375 739 25 258 691 935 130 91 5 776 721 841 445 817 673 659 471 607 731 521 930 281 721 463 65 799 529 961 273 677 865 113 857 249 553 73 739 309 561 257 313 60 989 53 454 593 751 610 649 623 61 321 145 677 322 71 547 841 285 809 421 335 313 590 793 409 121 911
201 705 619 433 985 465 705 241 163 153 387 765 513 985 389 257 955 17 531 446 551 777 705 869 681 633 941 557 696 513 923 90 793 677 140 74 791 889 794 825 170 561 391 218 431 313 561 361 795 361 714 720 401 617 413 585 913 609 495 993 469 955 409 57 257 231 193 612 749 201 897 633 177 672 781 401 489 25 913 29 337 145 850 963 265 913 773 785 49 478 849 945 521 280 433 620 329 924 677 533 699 953 953 207 497 255 125 321 722 213 561 841
516 479 989 565 677 497 177 459 181 271 853 98 665 613 562 594 201 607 225 363 469 881 185 683 523 72 373 921 505 49 929 123 669 225 37 649 499 113 143 873 260 661 241 249 11 545 209 505 375 969 149 257 625 493 687 305 512 667 545 315 771 72 520 321 769 513 55 57 481 317 797 602 329 970 463 563 945 677 385 737 137 323 629 67 725 545 913 649 583 549 713 70 1 27 983 9 249 633 641 77 195 285 179 57 17 761 185 545 116 809 97 637
925 665 601 939 373 325 241 568 145 345 409 289 915 209 599 396 941 29 641 765 841 385 629 148 661 361 808 717 561 915 287 79 653 713 764 817 865 193 865 647 105 754 605 817 984 445 953 957 29 322 821 605 297 744 553 165 25 635 473 657 877 185 157 893 565 195 825 143 525 793 233 641 218 777 97 29 619 143 793 589 9 953 737 789 882 459 561 217 161 871 545 325 81 483 825 229 409 981 177 529 241 921 345 465 873 897 833 161 309 601 193 845
899 423 377 233 887 330 377 351 193 667 353 177 243 362 957 809 882 718 41 533 861 441 937 93 649 101 33 291 105 229 897 248 209 689 473 569 541 745 406 475 459 365 417 137 661 707 177 253 761 787 85 617 841 761 327 989 353 369 561 417 425 513 1 979 945 82 177 491 118 634 501 517 164 265 611 745 249 429 633 97 729 385 537 433 761 248 372 489 423 671 143 705 872 281 741 368 367 883 27 289 497 561 17 225 353 935 138 562 539 305 73 873
369 629 951 441 673 281 521 450 521 337 129 317 473 87 635 411 481 937 225 665 193 217 169 737 475 481 923 41 631 829 959 353 296 337 372 865 670 855 985 913 98 441 413 557 513 717 97 641 315 353 661 537 305 249 181 715 157 913 661 565 857 601 19 1 553 33 605 668 941 374 359 633 193 93 385 432 891 545 401 561 761 904 572 565 973 829 552 377 239 803 381 754 315 290 925 547 789 533 445 119 763 833 737 857 809 284 89 81 846 545 373 713
855 685 889 153 505 957 745 988 503 569 793 997 873 53 561 405 481 17 925 513 975 385 136 409 796 481 957 873 657 381 201 595 81 833 149 793 65 139 495 321 85 900 427 969 457 617 207 647 673 221 609 358 945 873 65 313 265 192 853 392 163 181 837 805 544 705 481 201 993 93 625 663 169 311 977 505 869 372 453 209 876 529 907 125 713 893 353 637 57 385 247 407 705 17 841 321 339 457 65 576 657 253 63 73 149 777 815 233 997 289 785 457
665 451 713 625 172 267 257 595 825 645 747 537 152 537 489 972 911 374 113 481 713 511 179 133 361 537 987 609 689 909 708 193 841 309 913 433 447 137 180 497 743 258 959 743 368 809 491 283 585 329 129 446 249 451 449 869 406 681 281 483 453 457 323 502 417 953 943 430 564 587 447 769 1 275 14 356 134 277 891 787 569 203 149 533 625 81 153 645 563 937 289 77 817 753 441 633 527 65 553 281 869 553 83 809 453 533 745 629 69 557 518 481
553 593 10 997 137 161 685 416 687 657 913 601 905 785 406 962 547 217 973 323 133 409 301 950 167 907 123 417 635 593 435 713 985 937 465 633 602 133 289 487 569 793 309 985 321 441 717 277 706 91 33 343 639 593 289 715 483 93 969 393 306 977 641 457 529 307 738 17 83 817 589 873 5 9 889 393 209 17 623 769 232 473 313 777 357 942 385 341 273 73 399 23 233 485 440 327 225 96 329 1 500 2 303 406 301 601 511 492 999 661 927 809
489 396 737 257 425 117 569 915 594 565 397 161 273 893 944 433 323 481 967 203 153 977 541 582 353 561 529 378 445 293 985 645 841 553 361 649 152 526 545 657 627 841 977 253 681 571 666 55 801 323 737 468 241 881 705 111 271 667 165 27 249 278 24 354 809 817 985 69 539 817 17 686 717 64 123 45 59 917 465 664 305 797 169 349 80 529 597 757 9 317 708 969 841 568 929 273 890 841 214 545 145 201 231 537 1 455 169 633 505 369 529 121
649 275 217 33 233 721 389 169 873 391 689 961 497 961 589 279 281 809 132 9 361 265 307 173 665 673 815 560 661 217 769 873 52 293 943 321 217 465 273 649 697 481 625 506 97 319 906 117 27 129 201 555 793 429 691 441 285 57 272 198 925 608 92 173 649 647 475 321 985 385 897 113 881 467 313 853 777 835 173 787 480 243 223 357 617 209 51 805 681 65 781 427 425 843 43 769 813 233 593 725 935 881 41 1 427 131 602 509 705 357 817 642
505 461 161 7 169 45 309 385 733 449 713 381 916 19 905 685 3 825 351 937 947 566 917 169 595 369 151 371 881 35 49 197 89 441 262 145 97 509 17 167 735 221 913 805 977 33 97 329 978 305 201 541 889 315 17 745 780 803 757 641 9 613 329 297 258 985 7 445 97 847 359 615 793 681 449 917 375 549 963 990 503 709 231 769 184 193 769 523 508 243 169 669 367 153 475 461 809 441 289 737 489 619 145 1 745 109 211 151 513 113 713 25
295 253 753 101 843 425 809 161 469 409 888 445 753 141 357 178 21 865 181 571 641 505 65 581 41 737 833 985 281 702 837 897 529 241 233 209 157 783 223 365 223 59 969 79 495 19 597 446 833 69 9 47 505 833 812 269 857 617 429 373 893 792 353 719 641 393 205 865 35 501 961 467 193 469 888 801 100 775 329 223 831 386 85 983 809 549 578 561 791 99 353 209 139 703 25 617 33 470 137 846 653 183 569 611 319 577 208 159 757 97 410 549
381 749 537 397 841 973 75 279 451 650 49 134 529 633 185 465 445 713 321 589 812 343 361 45 873 391 56 141 699 823 299 573 831 257 407 41 821 201 279 329 801 225 195 84 761 497 215 377 281 331 519 569 325 62 997 217 353 63 975 151 199 131 58 577 239 521 185 677 681 859 937 417 408 633 17 925 985 217 809 432 425 721 307 558 707 364 729 193 153 373 41 186 737 531 209 963 756 336 107 811 357 241 169 654 904 993 273 147 633 649 521 673
501 267 273 923 969 569 937 284 833 49 841 287 24 873 169 305 144 257 969 337 441 937 201 89 313 102 447 737 239 113 935 961 617 369 585 209 833 505 473 769 420 333 425 126 537 761 537 273 879 777 89 241 271 549 397 145 801 951 417 297 717 745 857 493 851 841 873 369 943 177 611 364 237 809 329 17 369 689 45 353 395 121 23 637 177 57 528 513 793 142 621 373 41 411 353 818 748 633 513 429 695 609 765 641 401 349 881 641 501 19 559 582
984 921 45 127 409 965 145 951 749 641 601 389 315 673 601 785 857 437 289 129 937 749 17 40 481 75 550 507 733 36 140 837 505 673 81 393 801 619 581 777 929 586 373 245 217 185 7 781 961 668 705 191 389 13 445 417 977 553 249 971 297 294 997 38 705 777 681 873 850 527 343 785 257 887 193 521 857 401 377 565 107 777 49 479 970 890 517 769 133 215 491 257 233 85 225 217 951 605 949 393 593 914 93 391 697 333 139 237 325 65 389 637
345 997 233 665 595 537 388 635 857 969 905 425 85 215 481 969 642 673 705 748 281 591 453 681 646 193 861 961 285 329 861 361 625 689 715 23 791 979 89 105 963 129 629 481 961 49 93 722 661 894 321 249 121 445 497 943 453 456 775 634 825 225 706 89 9 759 721 561 855 905 173 105 889 937 335 577 897 655 429 359 521 513 277 905 853 95 129 251 257 513 800 649 17 549 319 677 417 895 616 243 33 151 125 25 951 277 178 865 731 231 681 849
911 857 969 80 185 705 541 305 961 241 49 667 921 153 47 361 189 841 839 861 661 413 105 89 281 734 100 713 427 549 861 201 800 627 581 808 797 208 5 105 81 793 969 877 229 145 476 367 617 679 561 186 421 353 521 569 187 409 761 745 409 108 409 121 367 941 506 849 183 347 384 683 881 65 713 467 643 153 434 265 631 843 677 149 849 697 297 961 685 885 853 200 25 433 100 9 689 161 409 365 577 865 257 825 52 437 457 241 481 540 597 865
635 305 297 401 337 26 457 582 207 375 129 113 97 773 801 441 269 380 281 203 849 725 249 225 129 237 165 318 833 65 785 295 189 123 2 625 341 769 846 331 793 897 817 289 811 693 73 873 513 23 825 158 131 689 137 529 765 497 633 929 121 217 545 985 325 65 995 169 545 315 833 553 33 865 961 193 556 289 129 773 309 649 913 968 125 383 698 589 281 273 571 870 161 609 283 37 571 355 889 884 753 506 497 473 617 817 321 933 80 353 297 697
73 737 371 97 529 741 905 81 601 113 467 481 777 983 921 629 592 441 897 770 435 321 433 385 98 589 413 697 809 770 225 840 743 225 177 253 521 68 561 105 867 547 595 713 405 865 704 481 873 309 933 169 753 215 869 587 133 825 331 873 161 433 457 55 188 793 933 572 753 444 152 61 395 669 630 553 161 760 543 209 875 75 445 307 289 953 353 49 457 857 577 13 757 953 585 729 725 561 121 457 297 353 777 281 817 843 637 921 328 77 85 649
609 45 161 607 331 125 777 473 335 135 817 789 162 973 73 97 73 585 33 181 409 587 35 245 581 369 527 753 521 746 297 549 665 960 763 21 441 15 27 9 473 617 289 817 765 654 347 625 385 69 241 399 9 759 123 517 329 921 133 775 785 272 304 722 145 995 197 455 538 413 719 445 623 630 505 217 172 93 661 689 319 889 191 748 447 413 393 897 239 905 353 277 219 225 625 641 609 861 103 97 285 289 831 153 971 468 965 645 339 650 361 241
851 693 233 931 17 581 281 938 299 509 443 553 849 953 647 235 315 745 137 103 462 293 457 121 289 617 585 84 645 526 763 364 733 709 85 33 527 468 161 681 569 394 665 713 79 871 561 101 465 29 729 286 101 383 513 673 918 989 111 519 137 977 953 130 865 814 505 889 137 241 585 377 557 217 789 891 225 825 233 825 833 293 191 873 335 465 676 953 533 805 825 37 689 659 105 118 105 972 561 540 241 873 137 817 597 97 507 632 33 219 585 985
278 449 811 89 218 561 725 113 632 255 225 981 332 567 881 737 273 865 515 893 193 465 797 67 947 243 625 105 537 457 339 17 334 521 15 457 311 281 569 541 689 73 889 297 85 341 1 865 413 369 693 115 289 387 437 705 196 946 673 785 697 69 577 975 329 945 889 89 197 299 513 281 37 127 205 241 721 339 753 945 529 43 697 337 921 853 345 673 815 825 529 609 473 579 369 257 707 841 701 593 633 9 953 449 945 567 121 275 701 185 433 573
737 150 506 471 641 153 285 805 297 587 219 930 569 951 471 57 129 793 495 291 351 421 33 363 769 617 11 41 673 305 107 545 528 105 81 33 823 527 777 241 114 99 7 505 720 473 324 415 305 336 674 493 437 753 85 929 820 701 833 71 301 386 143 937 995 901 161 231 79 857 803 73 494 263 421 312 755 457 489 775 913 997 891 351 569 617 181 129 941 545 283 699 833 191 345 341 393 53 885 414 537 31 777 265 108 873 345 367 27 930 659 161
857 620 777 498 717 631 68 821 921 305 563 759 956 869 569 865 841 785 753 528 68 78 617 820 307 149 273 59 649 825 319 921 459 81 590 265 33 967 193 465 453 137 225 105 161 561 889 721 473 685 877 89 673 49 865 580 825 473 997 953 425 49 887 961 618 553 441 889 729 973 261 769 913 213 357 17 637 57 433 780 21 513 933 473 415 739 167 573 497 801 81 709 387 137 239 709 689 995 261 689 285 731 193 97 951 664 377 505 287 121 421 47
941 107 369 894 9 625 341 633 371 631 887 873 940 737 609 753 107 891 937 685 97 655 763 848 433 885 53 107 731 309 81 225 956 233 169 777 905 785 379 673 443 165 265 793 679 510 457 655 511 865 708 513 899 297 923 617 630 205 865 169 830 571 525 407 321 9 746 845 565 321 281 985 353 33 671 793 315 745 4 985 617 923 124 721 305 583 92 201 277 417 593 849 862 217 153 696 417 730 137 689 709 95 630 497 161 535 906 599 729 9 997 521
707 277 792 597 985 623 673 473 480 891 353 60 629 665 192 873 32 897 33 494 17 941 353 329 354 773 953 894 577 567 141 641 306 713 933 254 957 887 825 537 637 385 805 333 393 301 665 419 977 977 22 592 289 101 697 661 553 537 865 289 465 817 657 897 219 263 561 965 777 297 361 581 141 603 695 625 876 577 625 409 393 854 920 129 651 583 370 137 599 293 121 523 835 561 533 243 161 57 497 753 877 941 5 205 479 483 601 365 105 863 713 921
925 929 594 537 713 285 33 15 273 681 377 137 615 316 683 641 961 265 681 121 841 127 225 13 313 185 89 545 973 437 81 471 73 897 873 5 901 825 929 17 625 211 125 32 615 313 217 223 958 81 577 821 665 777 697 577 993 969 285 213 177 497 953 211 862 121 345 553 317 89 953 738 593 901 145 561 633 339 801 633 611 153 445 216 345 791 640 401 953 605 135 705 137 757 625 640 441 245 529 490 638 253 57 917 941 28 547 233 665 793 605 388
329 405 849 241 39 475 169 801 21 627 510 707 73 121 933 561 881 315 225 629 103 361 481 761 461 721 80 545 177 25 385 153 353 153 893 327 437 17 836 999 752 329 209 585 382 269 649 505 613 719 625 25 441 393 593 711 33 491 127 353 585 209 942 552 641 987 457 61 45 393 329 990 647 393 707 775 679 281 963 970 355 703 351 108 777 905 97 760 657 445 156 553 49 933 213 498 442 937 817 363 905 909 877 953 521 833 343 75 421 393 173 941
25 745 41 237 553 955 611 777 179 577 637 952 133 553 909 9 389 491 833 641 985 419 929 217 514 145 645 945 409 497 607 880 989 109 243 869 505 857 6 655 929 137 669 135 25 49 49 237 53 217 169 725 524 223 181 748 429 953 785 473 31 977 425 747 685 40 345 193 409 969 65 777 993 129 265 473 175 589 170 405 305 593 221 229 385 809 257 842 362 293 312 449 469 479 673 73 652 273 361 521 777 241 649 145 753 614 11 297 511 257 347 711
337 148 577 441 729 721 963 49 201 565 225 353 897 569 69 65 331 670 223 553 25 817 917 701 927 302 811 397 509 421 513 740 790 357 396 357 21 369 269 401 997 973 146 921 257 397 661 777 463 29 441 825 257 281 939 239 364 419 553 881 133 535 272 153 656 443 93 929 785 215 529 696 815 465 113 945 189 475 203 381 661 730 447 953 977 709 737 813 849 177 757 686 575 89 473 905 954 171 323 398 1 45 832 65 129 137 362 217 9 127 801 541
971 545 385 265 697 357 345 97 161 855 773 873 393 726 262 91 969 45 202 802 901 889 41 841 505 197 870 794 951 951 493 879 354 329 553 363 844 774 945 213 769 537 129 9 369 641 809 141 281 417 277 930 863 501 985 313 133 629 706 657 609 313 549 161 737 121 449 29 969 913 25 687 9 57 591 461 585 529 67 185 235 572 465 943 583 131 660 737 91 145 829 723 481 585 779 447 365 245 537 721 667 977 633 285 181 239 401 960 95 299 41 761
961 784 873 438 770 623 673 417 657 1 769 145 778 399 549 73 29 883 377 393 483 697 981 721 235 595 901 221 330 697 213 317 299 745 329 233 417 561 194 961 577 209 453 981 193 93 155 41 529 553 52 145 776 913 205 121 421 293 607 183 615 153 781 241 20 545 437 985 521 705 643 289 409 909 623 817 91 45 67 817 985 461 710 461 113 70 593 849 473 529 169 163 625 593 969 245 537 979 259 59 703 193 73 129 362 685 133 108 120 20 559 441
889 369 177 340 41 929 537 820 289 146 453 199 1000 481 193 883 883 905 627 189 942 333 21 21 489 569 593 232 529 393 285 427 479 473 25 425 205 801 137 561 841 937 881 21 937 649 225 817 553 221 238 265 129 915 505 841 749 80 220 977 37 605 577 569 463 881 805 859 617 401 681 382 185 155 933 869 109 897 499 633 157 695 737 979 601 633 681 873 549 955 45 716 577 863 129 899 825 171 455 369 228 593 593 600 481 120 985 477 883 873 861 917
729 617 512 592 429 339 801 361 433 193 573 556 857 245 711 665 875 793 373 204 409 36 933 211 677 241 915 709 551 996 577 317 149 901 833 793 349 114 201 769 197 433 465 921 505 965 372 657 145 56 785 825 123 265 973 835 881 373 697 746 198 430 371 433 675 391 329 137 666 17 550 969 561 613 759 395 785 98 769 659 633 241 345 593 577 701 305 933 373 929 847 257 964 521 637 341 965 97 957 975 349 474 49 401 781 2 20 585 725 435 457 522
113 415 635 225 513 945 857 203 53 105 636 985 640 677 125 689 277 985 225 613 941 429 97 921 54 747 320 415 121 281 681 969 921 687 591 793 649 45 977 564 234 417 937 439 771 409 515 365 157 28 493 729 793 593 929 171 761 495 179 461 127 249 837 578 229 593 57 913 353 721 385 285 91 378 313 185 649 99 621 174 103 304 79 881 91 545 897 909 878 913 921 53 205 501 713 375 657 965 377 609 666 449 423 521 225 309 41 817 925 977 180 391
597 273 717 813 457 349 517 431 385 489 411 43 345 75 243 145 259 393 158 857 145 521 633 905 5 153 993 423 397 337 637 449 39 15 737 18 958 31 895 765 281 41 429 9 385 841 905 17 577 209 793 401 403 322 321 663 801 199 837 845 451 577 237 896 57 976 625 81 191 513 833 281 823 777 947 91 409 994 861 517 853 625 615 473 457 921 82 905 727 473 17 89 777 71 609 541 817 501 657 97 561 995 445 481 473 321 161 847 433 697 317 832
499 633 779 265 719 255 521 49 801 11 67 925 81 441 673 161 145 449 213 501 627 501 155 473 441 522 25 109 705 753 509 865 201 5 297 329 685 366 805 757 165 674 2 53 793 597 929 915 809 473 151 567 341 729 465 363 829 137 193 261 161 233 554 249 193 621 168 183 793 249 329 705 700 225 851 433 517 147 31 153 721 777 821 297 809 753 729 969 232 251 929 221 729 173 657 405 525 62 657 641 497 731 393 495 569 86 930 655 73 713 690 913
357 257 545 901 841 337 345 73 417 761 53 97 65 889 581 925 911 43 697 313 121 689 907 961 321 725 709 613 993 813 993 915 857 473 796 997 574 441 204 825 430 373 607 941 165 156 613 118 577 233 197 39 79 645 509 593 249 568 835 883 250 857 713 893 89 361 469 645 449 671 777 105 509 457 539 245 363 265 737 753 533 640 341 569 593 569 289 40 913 409 517 507 153 239 363 977 519 857 385 128 813 521 377 593 587 763 465 327 353 465 386 129
577 442 51 543 93 705 245 893 153 965 301 769 101 649 497 385 367 309 393 356 655 693 552 669 40 649 346 465 185 641 958 145 802 985 165 737 273 709 65 293 185 793 835 817 289 161 321 913 569 277 378 589 233 793 1 621 525 679 57 429 141 557 393 398 729 49 103 187 303 341 891 667 713 871 33 913 853 829 604 109 713 855 267 953 245 441 937 776 408 769 577 321 925 843 569 752 745 743 849 801 121 613 49 621 545 369 37 537 833 321 537 137
233 977 377 893 833 437 541 785 530 9 749 301 303 905 713 887 381 809 451 865 557 989 721 91 749 69 919 559 505 561 65 431 821 529 233 537 595 775 217 497 811 577 281 913 197 14 573 577 38 595 365 807 607 73 394 419 145 211 497 497 209 897 971 589 777 585 361 961 564 651 817 517 355 706 457 80 491 73 241 133 995 673 664 733 648 892 441 669 125 833 501 13 9 265 34 591 356 545 489 63 377 83 169 633 753 753 801 342 10 297 801 561
462 125 889 995 489 690 217 574 177 387 345 475 465 673 57 673 71 809 945 193 839 32 378 649 901 707 7 633 555 905 220 715 621 167 177 809 665 850 745 465 169 575 207 569 739 713 403 441 129 785 329 809 741 385 40 27 857 456 137 395 841 857 741 641 801 938 641 49 953 585 780 305 7 569 575 805 563 641 441 100 593 201 977 50 631 871 329 877 833 280 265 181 97 9 619 257 499 249 339 725 197 77 670 976 689 531 745 385 321 757 945 845
965 497 25 929 787 545 285 897 368 29 809 225 45 625 25 653 879 328 363 409 605 16 121 737 265 727 33 49 689 341 81 521 196 385 86 809 289 485 417 569 593 281 329 745 297 329 421 782 47 729 811 715 710 773 873 117 599 865 937 417 375 897 201 989 984 157 65 156 593 489 161 97 705 692 117 41 89 409 815 467 305 264 885 809 577 985 121 849 933 665 437 695 306 665 296 229 115 359 888 647 985 119 65 601 25 593 967 493 544 93 183 690
93 5 977 205 201 681 45 521 912 17 449 385 585 303 585 863 169 436 701 835 681 468 825 44 985 441 409 173 949 473 143 65 249 931 102 495 113 903 294 797 904 503 127 317 377 965 345 921 70 633 75 241 777 348 344 957 561 913 851 437 780 385 305 77 289 669 107 903 605 788 306 398 185 113 433 727 105 329 563 682 145 627 801 647 17 123 785 672 783 873 377 527 637 537 397 216 340 33 537 463 427 977 857 985 489 793 55 257 921 1 121 857
981 451 761 181 341 848 155 948 745 661 297 3 25 451 457 307 881 29 689 257 913 965 169 65 296 257 822 257 405 741 297 835 273 957 577 777 41 661 665 181 967 282 209 17 465 345 229 473 385 981 121 727 77 691 321 457 89 555 929 465 673 89 889 667 9 961 899 353 968 501 279 115 55 905 801 208 689 631 257 729 626 921 57 747 53 777 781 378 501 521 377 319 37 337 345 317 505 441 583 401 260 325 957 977 527 721 518 59 649 605 492 321
385 73 625 61 833 281 773 36 317 17 449 81 577 825 506 521 715 441 188 281 841 569 1 325 705 331 713 633 247 314 501 513 281 241 81 417 485 765 936 949 709 185 297 921 281 757 393 418 471 905 555 253 693 428 535 127 687 49 1 81 612 865 499 845 353 537 619 30 313 337 949 279 749 345 37 45 19 401 193 289 761 560 313 29 17 465 125 935 953 483 257 385 173 801 381 769 445 577 153 65 281 475 981 617 777 545 705 374 253 966 393 95
3 705 801 455 1 821 763 272 273 489 705 711 493 58 449 495 697 499 659 583 613 761 981 175 527 817 731 640 247 665 905 781 321 993 428 653 106 295 267 184 959 5 529 977 911 40 363 489 689 277 412 349 540 121 355 737 713 859 732 125 257 629 549 221 665 389 665 265 513 441 581 121 762 9 593 771 121 183 457 938 315 113 890 113 952 659 345 793 385 585 247 565 889 309 292 84 892 361 668 557 145 208 640 905 692 744 429 25 587 261 709 199
790 41 35 847 313 173 13 897 303 353 208 345 129 704 741 334 257 17 401 400 733 809 415 51 969 201 437 147 215 273 914 271 813 345 92 777 33 465 545 535 33 73 741 281 741 605 407 235 527 867 285 113 213 253 93 337 249 502 157 779 1 817 948 533 713 913 425 81 321 997 361 871 544 949 169 977 917 170 185 741 977 567 1 51 601 688 147 729 563 461 385 257 405 65 473 395 357 73 369 857 841 641 893 803 169 995 577 500 573 303 672 385
273 769 259 897 934 961 697 581 777 433 573 478 515 57 937 794 545 973 345 223 497 410 393 514 745 479 399 721 769 405 637 832 790 641 624 617 895 241 101 633 887 721 345 457 993 873 513 877 381 601 565 849 961 517 369 489 741 985 115 363 751 193 471 229 393 829 929 385 471 681 191 59 293 626 548 77 731 425 921 624 377 957 534 797 257 576 353 473 496 233 273 997 414 867 297 873 212 597 474 361 425 677 909 385 406 193 297 833 833 41 672 204
91 605 75 593 644 204 769 173 210 599 575 441 697 297 225 5 597 452 489 194 171 415 628 97 977 977 719 936 253 667 408 14 662 397 839 839 957 793 33 345 433 103 705 489 19 721 355 125 968 373 257 301 107 565 911 235 620 815 836 513 425 297 881 329 761 687 900 892 3 63 99 969 105 785 249 97 241 521 497 168 749 885 471 661 977 177 279 969 392 205 301 529 671 964 525 449 537 753 33 929 621 769 245 337 897 234 184 439 685 685 773 617
985 849 728 931 416 792 145 465 317 774 59 577 27 745 281 759 425 977 939 881 79 5 895 913 193 1 849 337 665 125 613 658 53 308 441 929 899 594 73 81 593 258 433 849 105 401 737 695 721 15 193 769 508 661 627 255 393 189 489 545 265 193 555 464 193 671 153 17 529 961 689 803 645 145 971 73 136 303 857 785 557 265 433 649 363 379 823 239 625 383 495 905 689 481 151 873 301 621 525 133 489 545 425 83 469 843 333 89 139 803 773 105
545 901 437 181 641 17 957 605 711 785 201 760 963 643 701 513 633 217 49 553 641 505 609 927 437 541 33 697 889 961 541 553 579 748 537 933 345 921 233 801 833 889 729 363 297 108 521 119 145 557 11 793 665 241 889 838 33 92 81 325 947 933 445 257 317 813 389 843 789 711 234 259 553 609 961 521 565 289 180 751 329 277 65 9 393 965 47 211 467 769 817 309 239 523 665 505 57 856 289 711 545 939 622 177 761 761 789 865 171 507 145 521
673 289 213 89 945 989 729 785 993 251 417 281 769 601 697 760 389 987 713 15 813 583 41 365 65 657 225 393 297 841 139 273 849 265 865 53 999 916 429 569 803 909 844 61 977 385 717 553 171 961 213 434 553 317 321 481 625 283 885 636 495 65 409 991 485 595 872 706 151 583 953 534 201 537 265 123 461 385 837 311 729 145 785 861 20 713 937 473 247 19 729 859 985 293 293 953 647 394 985 75 622 817 741 656 449 61 545 237 951 821 753 245
265 525 578 9 33 952 414 601 825 201 119 457 777 153 789 837 681 9 281 924 799 550 971 383 73 839 438 825 281 928 937 948 513 349 457 577 303 767 233 337 441 14 672 195 301 841 235 283 523 779 453 865 437 179 5 151 776 745 201 909 929 421 821 1 931 35 917 809 729 321 153 397 757 569 441 185 619 191 445 401 649 865 85 885 779 297 33 445 505 169 181 281 753 523 190 83 121 57 281 707 13 207 215 737 984 25 551 865 161 327 73 166
473 545 454 293 729 953 546 835 137 99 793 49 65 243 633 383 441 785 411 137 301 671 193 33 795 880 33 819 705 857 915 893 444 109 77 368 281 551 465 657 993 862 929 539 605 473 937 673 263 573 417 601 160 37 644 109 477 82 321 603 631 697 1 961 519 48 321 767 225 348 81 14 795 969 233 635 53 765 869 989 505 993 766 996 909 239 909 877 408 361 379 377 391 513 293 235 959 89 973 595 353 169 781 713 661 510 661 401 578 441 346 360
803 9 57 433 105 229 327 223 933 745 849 723 853 529 507 749 136 733 721 921 313 979 47 719 835 449 385 865 699 493 558 38 857 34 29 317 913 505 529 453 841 35 731 405 105 129 401 881 183 247 921 377 945 889 812 766 437 893 551 625 501 475 65 433 749 83 713 929 682 975 434 267 269 11 558 305 949 121 564 865 553 851 661 57 855 597 189 91 379 133 843 769 673 221 759 515 601 425 801 249 421 607 329 667 480 159 513 897 477 557 677 985
977 627 961 234 693 962 201 701 617 313 717 777 265 225 750 2 705 696 657 469 963 18 745 13 27 561 918 641 325 213 681 553 809 955 453 553 845 111 168 894 521 737 553 977 157 181 137 489 302 241 723 45 613 825 919 478 161 233 693 190 57 113 713 889 56 541 105 25 385 505 637 173 223 773 409 283 393 305 81 428 545 89 669 882 495 520 57 521 817 211 791 494 249 338 615 749 905 145 389 305 150 448 457 741 397 75 245 441 521 882 291 385
327 689 713 553 161 983 69 137 540 453 849 377 817 409 41 341 863 11 630 31 101 49 15 39 883 977 449 249 841 58 49 581 293 524 529 41 533 793 589 725 449 873 193 862 985 585 137 449 849 545 896 16 149 785 153 837 737 23 683 977 293 593 774 569 809 397 671 923 533 669 625 566 185 49 579 851 954 585 477 761 287 179 305 519 729 149 57 287 838 225 641 373 649 618 587 405 69 311 953 830 545 721 277 297 633 131 969 627 713 913 473 562
921 153 473 105 625 963 203 417 817 857 451 577 737 993 99 699 134 383 895 970 381 537 805 933 813 231 195 633 361 441 626 449 642 97 537 689 273 617 481 977 41 161 601 91 19 71 607 613 916 881 609 909 153 197 207 671 266 99 669 105 537 473 956 977 185 538 89 649 763 245 535 916 241 249 817 965 845 329 205 281 87 253 633 942 833 225 213 825 499 169 505 501 140 761 997 865 245 515 946 857 784 389 595 833 605 95 945 9 847 241 384 225
97 447 473 513 185 377 301 875 157 913 938 441 135 545 513 446 771 355 640 477 513 792 803 83 259 503 573 269 873 673 133 513 121 601 383 301 89 957 537 585 29 237 461 889 753 171 396 857 18 233 811 889 397 529 647 665 790 89 534 537 969 625 895 201 747 681 509 849 793 893 777 413 525 830 865 801 193 309 209 937 613 391 373 273 881 517 924 625 415 402 205 709 77 723 537 401 487 337 57 867 925 169 897 905 37 593 87 756 569 785 237 265
809 869 223 73 137 425 989 387 277 449 673 385 689 217 849 289 593 441 89 113 971 897 201 993 185 626 93 693 820 11 513 817 432 449 233 97 891 141 861 65 263 153 279 359 959 981 519 45 904 985 657 85 33 402 66 799 179 865 473 957 839 797 25 193 305 785 873 33 982 665 137 28 889 406 657 987 597 737 849 27 128 653 687 525 605 681 859 603 761 291 497 334 505 489 881 421 113 129 267 840 921 254 858 153 724 907 305 855 334 243 974 237
644 601 17 471 207 181 64 283 837 246 125 803 881 397 809 361 529 730 801 513 877 77 253 187 105 234 248 947 905 9 685 935 780 658 961 272 149 961 645 173 507 185 281 337 617 649 985 505 253 145 905 153 137 60 539 161 991 425 585 471 993 181 321 637 497 497 601 936 393 57 851 217 785 849 261 281 113 666 561 85 505 367 265 799 225 545 713 616 371 361 169 747 73 785 971 306 809 487 305 149 739 49 73 609 797 185 265 305 745 994 783 810
281 873 701 489 739 33 124 529 313 937 907 953 909 369 379 561 62 849 56 641 423 665 660 787 954 345 207 657 347 297 657 685 792 157 411 777 445 585 881 601 929 679 41 155 41 41 733 782 935 105 329 144 524 13 943 409 345 685 267 329 661 969 165 749 781 183 911 329 149 635 353 427 329 365 309 321 409 953 761 289 757 398 161 257 354 362 97 469 1 21 221 457 308 503 481 205 341 253 865 337 57 939 921 257 463 53 765 316 483 197 911 210
304 617 724 213 889 841 821 177 49 301 797 981 527 601 189 561 883 387 85 285 916 217 780 501 9 305 452 491 489 81 684 392 925 329 273 861 49 473 729 757 441 311 805 177 921 857 617 817 227 629 737 623 617 110 953 641 881 681 409 791 717 897 553 521 345 124 264 393 893 117 497 753 401 305 377 889 700 741 885 718 865 281 9 41 937 833 125 1 357 305 423 81 321 25 325 545 815 281 505 353 905 111 640 461 681 177 855 529 945 365 609 121
33 353 719 407 801 165 369 9 745 148 661 129 107 421 937 431 405 993 227 49 275 689 83 930 597 729 31 603 297 945 675 877 121 353 85 945 137 210 957 153 108 697 312 533 110 205 607 462 41 969 81 577 613 123 537 321 561 269 995 105 153 177 641 897 278 757 169 949 91 723 91 889 393 393 585 245 503 127 79 185 29 959 785 217 841 907 483 349 425 377 845 657 188 99 309 201 847 193 660 625 33 205 777 256 521 965 161 314 558 969 145 309
533 723 459 373 122 393 325 387 879 361 529 389 503 592 1 941 843 291 865 997 701 260 245 626 575 674 839 145 453 681 785 741 57 114 249 69 187 577 952 917 417 289 188 49 629 585 537 55 541 823 559 835 57 520 89 818 747 651 571 9 506 636 461 231 377 144 701 905 65 694 129 641 749 237 855 201 393 25 585 721 977 545 731 364 742 65 187 889 249 567 961 113 15 209 283 698 483 274 677 350 721 537 321 465 461 192 13 543 145 931 864 465
574 960 987 89 333 193 857 913 23 249 569 909 393 737 639 69 209 113 265 449 473 425 86 351 545 606 873 641 685 103 57 293 757 129 577 761 263 471 265 777 529 689 923 482 996 153 21 359 753 426 617 453 681 217 833 241 232 9 330 147 817 737 89 708 97 393 433 465 765 625 669 17 157 779 949 621 657 497 729 253 291 537 497 729 649 649 541 952 721 401 43 201 969 689 629 185 569 857 543 961 555 577 293 75 742 109 515 931 327 745 355 506
593 377 673 826 817 909 597 885 697 73 425 653 25 308 121 457 177 617 753 345 609 411 325 81 353 155 775 502 297 357 215 858 745 473 505 215 38 261 317 681 62 857 527 297 351 685 544 405 925 181 137 321 949 161 73 893 413 617 401 521 489 819 899 671 705 953 721 237 150 777 505 57 249 389 401 601 97 733 177 381 229 81 180 233 411 161 161 869 273 273 77 213 787 3 481 873 969 691 969 835 727 445 761 741 104 163 829 893 696 574 263 739
199 651 881 465 727 169 254 103 217 685 251 505 697 604 541 645 97 985 833 673 361 265 497 656 819 793 388 49 441 253 177 229 821 313 369 529 185 77 53 486 415 696 665 617 505 975 253 153 213 65 261 537 861 665 815 777 724 577 121 873 925 693 806 650 733 561 479 445 280 121 918 921 806 584 105 841 775 689 961 392 167 353 429 57 729 249 837 441 63 409 881 407 719 921 837 445 22 705 467 760 605 296 843 337 57 819 825 135 889 481 937 881
930 789 353 329 47 59 713 487 971 738 151 889 625 521 891 17 89 342 845 351 481 801 213 775 423 869 483 112 761 83 781 337 665 809 729 65 169 620 625 687 606 585 257 417 853 93 199 481 313 725 737 657 37 589 265 609 867 182 685 761 3 980 217 165 236 39 208 953 433 271 833 71 221 561 225 1 705 841 865 980 153 14 25 5 313 473 981 769 725 967 369 785 543 183 932 998 529 687 61 719 417 449 177 409 441 791 817 201 875 31 409 681
357 401 769 49 209 162 961 205 351 57 641 688 733 289 393 937 63 613 743 465 197 469 297 626 195 145 743 751 691 753 505 887 257 185 201 233 537 487 609 910 907 553 505 681 445 281 313 310 98 895 89 457 322 949 418 933 157 672 985 721 97 865 275 529 370 107 399 321 832 277 109 408 973 423 490 353 925 68 833 977 361 265 731 485 937 721 467 905 125 813 653 705 361 159 49 649 379 1 273 303 747 729 679 761 87 665 839 105 145 593 529 341
645 1 951 797 401 417 457 687 938 577 257 449 913 307 679 785 709 969 699 13 675 849 969 857 617 975 841 681 131 70 305 606 453 115 129 657 741 579 241 761 701 516 831 913 297 785 637 351 299 417 885 720 237 815 21 359 33 425 296 305 833 569 869 799 98 521 841 959 473 953 790 289 993 467 345 205 183 457 959 553 943 37 131 489 225 483 448 249 137 561 903 645 585 645 97 33 273 485 893 833 625 873 857 317 533 443 425 869 809 329 565 561
97 553 909 969 797 665 968 813 665 245 213 289 721 801 643 345 409 225 633 175 289 945 599 280 289 697 11 880 579 793 783 29 141 283 281 614 27 545 177 917 137 532 17 265 382 39 985 201 833 721 49 913 452 577 273 753 577 673 253 916 305 322 445 734 569 961 481 961 961 545 159 800 591 937 357 737 513 313 535 673 73 174 167 57 786 73 209 494 712 425 449 53 449 509 569 953 729 761 691 293 227 89 457 193 759 255 869 760 217 613 281 777
145 753 657 143 117 481 145 665 609 433 515 397 201 233 233 366 611 521 537 161 601 251 960 903 89 485 965 689 41 690 197 393 703 765 517 145 289 677 937 809 849 629 537 485 437 266 85 641 665 245 793 527 433 14 961 169 113 457 633 857 721 169 619 433 129 391 25 345 887 765 821 59 805 833 885 785 402 265 717 369 785 123 953 17 830 497 801 727 233 673 196 353 173 73 857 681 441 977 167 297 867 719 957 623 918 825 711 110 433 341 21 267
979 49 137 571 479 693 993 649 511 893 509 97 364 977 761 977 769 929 334 945 249 865 917 761 953 535 985 417 447 753 749 9 588 965 337 135 729 363 184 865 913 993 209 908 871 769 286 271 553 91 585 382 147 103 821 453 381 105 341 897 689 27 145 545 193 121 649 609 139 180 765 725 290 57 861 989 825 201 337 445 993 327 669 379 281 673 439 729 387 688 839 409 489 357 705 769 249 485 767 449 949 785 697 758 653 289 219 57 649 377 597 721
920 653 617 667 917 211 103 677 345 553 153 695 757 135 661 1 121 153 233 713 305 793 82 37 304 427 898 782 793 499 937 869 204 129 975 367 497 313 293 229 441 613 793 393 821 822 999 156 154 170 985 547 341 689 419 157 649 321 433 949 81 361 845 434 641 471 985 241 579 729 909 685 705 687 760 277 621 497 63 17 257 128 225 875 456 673 257 737 677 571 617 575 255 479 721 153 985 353 961 823 969 963 568 689 73 842 373 937 881 609 254 481
995 946 140 211 489 219 186 411 891 455 449 729 625 370 597 876 411 505 448 289 552 41 89 261 913 318 649 348 293 571 65 767 889 603 945 649 981 129 329 127 521 275 305 597 262 575 111 382 811 185 723 197 473 457 273 193 729 161 395 337 993 65 657 603 729 825 763 449 337 926 955 825 893 581 101 569 933 289 143 262 825 521 61 294 951 688 365 829 593 41 725 369 510 545 237 305 893 837 269 202 941 153 129 9 321 649 845 7 769 41 49 569
871 327 21 711 557 969 961 113 121 587 525 677 329 391 345 97 49 505 441 673 711 381 831 457 21 193 809 319 17 393 544 801 201 365 262 729 9 409 825 881 1 925 390 49 551 797 857 357 833 660 549 857 202 233 229 187 183 293 133 713 63 579 355 589 101 817 983 649 89 336 209 49 569 589 101 425 617 887 903 697 209 746 411 512 809 361 281 566 61 541 680 228 370 887 697 119 617 169 705 897 701 769 167 995 249 1 409 751 913 357 65 865
113 521 811 553 5 788 953 801 798 817 489 591 657 549 692 561 905 605 465 459 921 633 25 760 705 176 37 289 801 161 333 249 73 137 213 737 821 307 317 968 294 465 271 239 101 219 713 937 777 325 434 421 35 113 201 727 181 693 677 897 657 489 639 913 453 441 717 79 309 921 553 243 825 977 981 429 221 369 321 499 545 481 473 456 841 49 353 349 272 883 625 969 769 621 989 97 311 233 325 135 899 53 921 753 709 947 911 879 913 857 609 633
225 577 565 802 549 913 829 613 921 89 337 161 656 173 953 593 609 257 101 451 865 974 969 113 261 957 299 135 313 313 501 9 87 613 626 469 207 881 627 25 689 423 807 73 78 951 929 641 713 885 223 689 145 777 211 59 257 441 618 761 921 196 705 172 531 361 610 437 149 449 211 87 709 981 533 552 843 975 413 255 621 225 89 361 65 929 65 156 842 849 753 529 525 649 829 323 785 977 109 77 609 735 561 835 841 825 229 833 817 49 885 929
345 73 185 229 417 187 593 649 937 461 969 769 625 381 795 439 9 569 401 393 601 214 521 691 945 173 345 795 185 793 73 45 593 403 21 33 825 121 465 443 825 234 534 641 649 157 757 571 325 879 385 713 425 445 909 711 987 73 693 217 105 761 729 261 657 293 824 397 825 465 849 395 793 221 305 25 941 183 203 984 133 253 905 363 53 394 22 620 259 241 349 489 61 617 969 577 809 929 909 668 397 993 897 903 833 701 489 641 151 13 683 689
883 961 119 609 901 577 494 921 439 449 333 65 97 661 657 911 781 190 676 386 590 809 989 230 61 265 833 745 39 153 897 387 81 800 797 297 337 42 329 699 961 709 273 169 601 796 409 1 817 345 953 825 841 873 736 209 505 528 930 169 981 15 625 970 105 429 317 201 585 557 331 712 97 973 413 653 585 280 177 257 699 529 453 631 137 935 713 298 126 929 927 679 549 735 89 241 625 51 513 385 481 297 561 137 353 847 833 852 897 221 111 585
469 543 970 613 169 241 961 409 284 121 981 529 439 449 57 923 425 833 146 769 385 673 997 317 381 21 575 937 569 281 329 241 869 762 319 861 585 553 857 936 417 183 664 289 105 553 477 816 985 890 897 545 21 261 533 369 417 31 396 761 217 49 415 289 121 857 211 215 361 237 425 992 579 913 910 369 733 961 65 188 989 648 558 191 699 481 913 137 697 325 661 601 698 377 821 787 559 495 862 659 993 873 637 507 173 914 209 363 817 553 695 841
63 813 161 1 761 769 385 797 137 233 521 690 585 881 887 603 418 385 457 121 843 89 929 489 931 305 569 521 569 206 561 977 309 861 225 849 149 43 2 113 363 261 801 933 63 137 985 581 441 401 822 17 921 589 681 937 301 129 185 890 961 681 105 258 289 905 673 697 529 803 567 769 9 467 227 646 430 839 713 33 213 785 341 129 945 245 530 657 369 761 561 801 593 69 105 357 489 49 963 169 89 824 469 65 227 825 527 193 150 497 537 843
225 825 49 263 547 585 825 909 345 145 87 128 407 65 969 208 567 933 241 112 585 837 345 657 485 329 961 105 297 613 631 267 31 177 717 513 101 113 301 177 907 265 729 201 185 715 617 79 847 73 681 1 489 874 89 891 81 735 161 793 753 649 281 129 953 781 221 871 309 613 865 539 511 589 649 793 617 329 137 93 89 381 636 289 175 501 232 849 821 162 878 425 241 63 503 385 49 477 375 305 929 345 105 955 881 1 689 13 227 651 697 185
933 777 828 594 933 305 31 849 627 895 53 457 501 529 229 478 311 625 257 909 753 177 405 49 917 685 537 562 39 505 577 737 963 488 5 640 939 26 713 57 631 941 231 949 369 145 881 377 433 127 28 203 961 593 502 673 601 833 1 907 939 803 177 329 99 681 213 674 305 91 723 361 211 887 831 225 385 361 950 91 689 731 771 417 425 944 529 797 675 601 299 19 839 957 449 621 137 603 641 49 824 49 783 964 777 737 993 857 788 673 689 222
19 565 33 661 334 933 987 531 505 969 659 956 123 901 737 389 132 569 626 205 255 729 481 919 939 401 837 447 833 379 153 671 74 369 101 307 177 257 41 291 185 529 545 225 607 989 353 801 721 313 73 849 693 303 500 409 271 498 304 517 887 801 97 985 837 1 709 797 701 19 163 789 734 137 205 45 600 689 13 323 533 721 921 568 123 853 551 961 420 317 409 121 671 801 692 503 539 833 865 97 112 495 633 625 108 89 865 865 873 201 9 737
521 725 777 33 490 889 981 325 833 743 505 501 833 577 609 429 529 997 423 972 201 551 257 507 379 827 983 57 553 817 41 737 409 105 33 661 725 394 782 457 121 377 453 187 505 881 369 85 65 481 5 203 873 17 248 353 773 413 969 117 613 932 973 985 177 828 919 801 713 797 529 717 477 954 881 553 614 325 366 66 867 313 319 969 369 841 193 831 807 628 673 663 105 595 605 665 731 809 961 731 569 705 935 729 817 495 145 923 113 665 793 673
481 801 593 181 683 465 521 355 297 787 533 901 681 493 577 771 919 323 355 977 157 151 665 918 833 991 461 641 13 777 609 615 409 249 705 731 737 31 895 739 368 270 17 561 665 249 565 449 829 137 553 149 753 55 481 873 755 249 479 689 945 888 377 161 406 933 483 721 17 786 894 593 891 465 113 973 805 729 512 147 837 271 489 835 529 974 193 185 693 852 643 788 621 713 819 75 879 12 665 903 345 751 1 937 932 25 752 889 867 637 635 729
977 65 73 263 902 289 409 133 957 281 685 41 455 897 557 287 317 721 749 337 457 597 313 281 15 441 13 633 84 310 913 642 433 513 137 765 809 921 806 857 573 785 449 857 475 347 797 217 237 463 635 101 69 593 385 301 29 691 977 107 340 725 711 487 642 545 3 753 593 367 89 100 449 688 525 422 905 817 161 169 629 341 471 193 905 87 257 865 97 500 605 317 657 231 41 354 541 499 646 587 665 93 341 789 153 81 201 63 265 67 333 257
25 969 105 105 257 513 133 189 929 589 637 101 819 705 981 41 569 273 537 97 97 481 663 73 475 537 105 103 779 775 337 17 706 329 201 313 757 521 765 73 169 43 153 433 817 638 89 106 243 723 599 65 909 65 137 569 993 297 591 681 258 740 547 620 438 913 688 634 357 377 491 449 821 249 785 553 883 462 569 774 503 894 737 33 657 503 741 729 427 81 549 545 627 985 685 454 897 89 51 841 569 849 845 917 669 833 329 687 983 15 473 417
775 421 133 297 219 123 381 873 993 145 705 201 370 425 901 221 433 889 569 857 212 479 129 879 667 345 689 817 338 847 197 577 653 41 977 705 292 227 129 657 509 839 707 681 609 753 377 842 374 473 403 657 689 573 243 443 181 223 697 63 23 121 409 255 969 949 369 969 225 241 53 144 585 413 554 347 841 369 943 409 1 17 880 137 113 401 481 645 91 845 969 773 890 241 537 132 758 457 387 145 535 249 693 403 953 390 5 229 313 581 645 85
745 201 627 775 862 937 925 369 785 15 478 316 995 235 651 129 999 587 972 209 376 973 161 73 285 694 465 443 763 41 881 61 665 405 849 105 137 881 985 165 217 365 423 461 457 825 329 537 54 743 189 849 961 757 801 905 497 417 217 358 487 402 783 183 185 953 768 841 365 796 977 129 609 753 423 233 43 529 689 237 195 585 505 297 491 1 464 873 584 126 129 95 213 195 449 349 592 809 489 401 545 481 325 3 373 951 297 369 809 137 904 841
585 701 385 645 481 529 409 178 865 249 719 761 939 860 433 505 429 157 941 529 493 481 313 965 388 609 721 385 129 3 325 798 93 250 509 9 282 481 633 801 23 433 369 25 873 557 497 47 799 479 81 461 475 99 861 309 830 321 447 37 741 601 305 961 577 473 389 47 81 85 329 801 1 617 25 989 957 97 693 817 65 745 376 89 313 988 528 617 353 223 747 321 121 579 813 391 641 205 949 387 561 669 105 607 109 215 429 969 193 993 741 561
329 537 682 409 692 385 509 966 583 873 583 529 41 921 851 129 585 713 917 221 91 737 273 179 657 965 445 495 459 57 768 929 682 177 905 777 689 493 305 801 511 899 545 837 31 913 865 534 665 214 433 485 22 113 377 647 664 181 905 193 129 311 137 47 325 289 625 295 829 569 153 529 306 239 113 969 105 961 195 756 7 697 577 329 89 985 977 943 265 961 755 385 959 785 847 233 485 70 773 688 641 970 45 171 504 745 233 185 321 733 511 79
253 153 689 31 977 779 647 73 977 131 901 128 641 761 897 625 121 169 957 929 341 77 459 904 725 193 505 839 225 413 547 689 161 777 15 125 481 79 66 649 217 593 549 969 976 939 564 633 441 895 428 971 50 777 959 327 145 497 249 845 625 945 127 333 797 900 129 989 945 697 613 1 189 761 202 465 629 105 689 597 833 57 851 372 285 355 863 489 296 961 75 727 817 401 441 649 963 849 889 318 767 693 837 169 929 604 173 481 947 473 673 393
