174 115 34 92
921 209 263 17 209 201 627 482 901 593 403 35 49 377 489 779 372 113 955 227 113 711 257 657 279 483 925 943 169 894 549 881 441 57 85 237 925 109 89 884 177 609 209 81 5 545 623 921 641 841 353 93 241 701 57 208 991 505 157 385 25 240 721 453 493 233 921 141 533 49 373 257 358 41 469 833 541 281 681 705 375 857 97 561 849 290 769 399 433 417 196 265 461 329 126 441 628 433 133 761 649 17 854 321 953 821 333 881 333 992 367 149 936 33 441
965 85 427 537 35 145 435 529 657 369 297 601 851 226 881 921 345 483 695 721 899 57 861 393 525 593 393 805 645 109 729 439 775 777 491 905 513 445 395 446 177 769 321 177 361 937 849 128 129 925 167 853 460 896 573 233 865 101 313 140 905 157 537 417 817 109 863 753 361 13 485 969 714 377 335 201 671 329 321 705 417 312 917 141 585 225 529 601 977 17 41 569 629 719 397 992 593 89 565 222 637 397 588 333 953 877 493 241 617 569 161 523 297 25 165
225 145 73 853 251 598 313 371 21 545 473 855 656 377 153 803 449 12 881 937 289 889 941 354 860 77 641 459 141 201 602 313 295 41 526 297 441 469 657 955 650 825 320 781 761 895 609 107 831 673 433 705 186 753 623 197 289 161 489 401 873 933 913 645 881 297 65 381 337 33 364 407 937 127 81 125 199 85 256 349 363 161 843 380 685 531 825 69 457 583 794 689 277 287 215 393 281 323 199 881 312 771 953 633 3 629 929 129 481 95 713 771 440 733 660
583 649 294 918 482 313 753 441 361 677 819 211 425 317 177 585 621 449 269 441 897 249 47 737 121 189 538 781 849 25 609 401 305 209 42 93 745 629 25 953 293 288 563 49 499 881 102 329 633 681 225 233 527 481 733 777 121 225 257 689 443 869 961 273 171 269 385 217 5 697 1 539 417 349 809 633 897 103 249 852 653 105 973 617 993 365 843 865 691 655 597 49 491 873 473 745 369 413 905 393 761 608 418 475 517 789 425 717 465 553 419 986 727 33 305
249 913 285 253 81 419 981 985 759 321 390 873 697 889 948 341 657 65 599 418 225 903 365 501 345 759 145 521 361 263 895 181 249 847 481 33 449 541 283 689 428 417 175 497 257 433 765 749 897 181 14 349 273 353 760 745 661 241 9 281 925 648 745 705 209 681 929 521 761 281 721 769 717 89 787 105 211 601 393 603 989 9 177 939 423 389 665 387 425 641 671 775 883 689 825 756 657 17 73 377 184 711 753 269 782 865 475 129 274 785 257 65 905 981 449
955 459 578 454 729 756 473 851 19 537 581 601 361 733 901 265 16 888 327 977 743 240 321 621 119 440 921 373 103 53 104 817 181 191 473 181 417 188 897 613 153 261 785 525 45 321 793 757 569 729 260 249 269 201 629 516 371 825 193 53 89 625 449 209 269 209 609 681 801 800 697 511 827 105 569 583 263 315 161 769 913 493 793 589 205 689 797 759 77 703 201 297 222 909 369 59 707 457 823 793 989 192 41 927 317 675 497 339 693 505 785 417 409 817 477
9 781 218 69 557 361 785 925 921 609 841 145 71 550 689 315 545 465 965 1 453 321 415 309 814 77 165 537 425 425 243 785 901 375 137 457 609 249 753 538 97 779 27 243 835 13 522 409 777 678 125 401 809 73 197 583 935 241 59 705 184 461 680 345 975 385 705 992 169 409 357 579 224 385 321 287 345 825 496 589 705 729 349 713 689 985 665 793 666 625 964 792 873 841 649 261 961 341 289 545 370 73 825 905 665 179 633 7 801 226 341 34 797 952 217
609 765 505 736 599 217 316 537 895 837 853 153 145 377 129 943 399 865 563 689 77 593 181 345 797 641 821 417 847 981 345 705 475 777 385 25 363 481 371 471 937 845 205 553 417 265 353 347 969 428 913 981 771 363 707 313 149 867 701 529 949 676 425 649 305 380 929 179 641 241 169 257 396 201 947 121 571 7 444 531 313 237 151 673 160 208 321 359 901 841 97 385 709 569 973 425 413 711 121 427 17 505 209 809 379 537 5 445 545 585 121 409 649 401 657
679 90 861 585 166 705 807 587 497 705 735 453 859 229 817 295 715 503 973 73 353 400 149 473 406 401 505 433 593 113 525 957 361 397 307 133 905 217 341 169 617 409 531 633 485 116 146 951 825 579 531 577 353 313 353 545 781 369 336 408 522 981 765 658 462 441 609 877 609 356 49 265 287 73 745 842 25 396 993 297 69 873 509 219 843 276 570 481 916 803 465 81 573 467 797 713 177 155 653 233 169 457 531 847 257 49 697 649 209 857 840 9 929 735 427
967 939 301 489 1 521 473 277 9 825 401 961 123 25 557 385 360 53 401 363 353 544 169 163 423 557 659 741 827 382 520 992 193 269 625 113 570 256 305 137 833 17 585 533 125 17 481 645 918 329 121 739 179 493 985 33 793 989 337 409 561 323 409 756 442 246 745 305 85 311 557 97 135 113 833 173 791 32 73 353 409 863 185 45 421 749 153 177 979 755 369 295 1 577 385 985 431 949 401 577 769 793 9 477 67 210 801 69 945 213 885 969 57 127 545
489 621 481 942 345 767 137 950 39 817 113 107 953 155 769 415 782 831 826 241 485 784 761 125 1 409 389 59 901 289 949 389 269 473 633 175 993 965 421 665 153 619 902 401 264 94 713 809 309 999 691 649 656 54 713 651 1 215 524 541 927 73 969 317 705 665 193 931 561 689 299 273 289 9 859 300 161 889 753 105 817 489 893 717 309 107 551 800 313 185 817 221 667 377 141 112 857 549 237 438 433 241 153 388 425 1 181 207 941 519 937 89 81 921 569
1 839 521 95 49 754 217 177 717 829 569 711 937 133 969 369 913 369 173 583 157 289 449 409 303 9 469 443 817 385 273 417 949 93 161 969 877 329 468 828 297 489 841 881 617 569 289 362 544 393 81 33 496 397 609 907 621 953 697 177 745 913 185 601 591 495 265 687 403 233 170 471 189 113 53 729 884 767 779 465 21 369 773 523 345 161 825 278 483 669 336 241 305 553 433 581 721 401 379 321 278 577 369 841 624 505 493 551 105 297 105 261 201 995 841
161 489 43 433 369 239 633 621 53 161 580 769 81 49 877 737 695 532 298 261 281 534 71 835 841 471 681 587 527 355 597 496 353 37 105 351 345 973 793 531 663 245 713 241 355 521 525 121 393 881 761 601 232 879 683 370 545 401 583 587 839 157 249 934 297 129 453 505 431 985 329 877 255 965 625 65 967 61 986 961 489 65 233 433 217 701 413 801 545 768 565 91 331 641 225 509 717 149 777 1 270 329 89 5 296 825 131 895 877 943 199 347 281 265 921
61 135 681 465 9 553 505 571 747 169 137 410 769 315 51 833 353 605 403 741 905 510 377 741 41 105 225 222 481 629 595 25 669 113 143 225 58 313 109 625 65 382 791 609 833 663 857 697 241 928 437 625 913 945 657 340 320 494 361 369 697 769 193 83 41 627 601 422 673 149 109 5 545 935 783 76 675 985 17 13 713 289 729 934 959 961 780 729 686 577 93 89 288 755 401 209 113 23 679 857 463 185 937 481 885 241 361 529 161 585 621 44 257 791 509
137 162 883 125 433 353 769 347 473 387 149 689 873 233 457 637 873 589 753 153 955 253 111 313 313 17 457 813 126 49 167 371 805 553 961 449 853 147 329 138 607 255 25 341 981 545 566 997 585 237 857 713 857 529 663 952 513 961 83 813 373 729 777 705 384 385 733 761 241 13 336 345 524 49 157 585 369 585 425 329 57 143 219 641 251 432 761 409 75 577 145 16 919 141 881 505 498 353 586 807 39 226 814 851 633 287 59 167 51 701 469 313 627 868 505
761 364 673 519 561 497 689 961 399 297 936 329 951 180 73 815 617 925 903 953 673 515 81 33 567 81 321 889 597 945 280 517 105 323 937 957 1 9 397 969 277 721 821 249 497 997 913 635 94 833 905 593 745 177 233 247 73 172 210 133 817 685 761 685 737 113 513 859 937 411 985 273 928 853 113 745 121 655 317 921 177 921 191 66 389 433 745 418 761 587 369 107 41 507 675 333 793 497 169 944 169 235 713 737 945 761 693 181 489 761 49 893 193 1 177
149 381 136 797 105 217 683 529 454 641 513 880 553 900 985 483 905 673 343 313 21 749 775 457 77 384 169 856 452 105 41 472 103 57 625 137 107 615 357 609 889 649 33 625 97 773 411 380 285 377 753 513 65 729 901 681 330 97 65 725 391 841 107 449 601 925 817 185 137 793 715 193 432 257 157 781 409 705 893 723 977 25 889 284 213 313 315 801 166 262 109 373 895 89 865 349 734 649 215 255 81 941 387 815 505 216 857 255 87 274 230 61 293 743 249
985 375 305 525 95 505 839 529 89 17 913 745 863 421 239 613 497 433 145 503 625 53 768 641 713 33 129 969 583 633 725 883 567 570 481 182 465 815 561 481 289 923 497 83 853 481 805 258 641 825 277 483 107 489 623 698 259 601 829 969 681 701 735 251 974 267 915 185 533 289 917 525 409 216 511 929 533 513 209 241 209 449 785 169 799 947 974 497 585 97 257 329 848 65 637 821 220 497 734 692 411 803 769 77 967 457 257 291 801 985 81 89 94 477 865
989 436 329 961 9 563 347 419 749 595 78 609 317 817 425 521 457 117 73 219 484 657 573 857 77 737 869 745 552 799 177 313 821 673 129 712 633 841 209 775 392 95 105 429 799 673 995 163 669 385 917 418 13 477 361 337 749 601 557 425 338 553 692 553 47 317 955 727 553 433 977 951 713 320 577 575 962 425 163 393 277 425 713 49 677 409 653 597 641 775 169 773 859 321 554 522 903 470 437 567 523 261 187 969 85 137 561 601 710 477 176 233 121 117 353
497 577 7 697 469 573 921 41 97 805 809 681 445 366 792 21 861 803 553 313 465 278 425 537 73 325 839 681 671 925 801 215 193 924 249 373 273 505 817 905 529 868 175 109 546 713 555 361 49 63 806 593 769 937 657 329 121 219 9 623 986 863 165 705 839 137 361 281 377 226 31 409 133 57 585 817 334 390 459 17 425 459 635 513 525 29 629 873 993 203 510 101 65 825 145 685 505 207 648 701 745 257 417 65 403 793 809 42 970 577 207 954 350 899 349
555 165 417 817 81 177 667 368 223 785 887 668 765 153 505 137 357 208 593 151 495 237 825 317 95 679 75 491 745 260 581 121 613 521 193 121 107 417 863 937 645 41 743 41 161 491 761 69 395 305 895 553 26 497 681 337 369 97 386 913 753 793 177 505 825 241 803 77 687 17 681 241 721 113 681 509 567 307 803 793 105 421 475 737 43 841 33 731 409 184 97 999 1 409 945 167 389 55 929 709 857 407 409 821 363 13 940 401 365 413 977 942 269 431 409
225 819 25 453 393 403 871 105 718 353 739 489 767 489 497 321 784 617 953 529 401 593 49 961 959 809 563 425 677 213 446 813 577 747 729 89 19 193 917 357 889 889 321 287 305 281 859 389 521 729 955 865 549 57 433 545 165 939 162 353 1 441 97 665 233 337 717 273 793 505 5 937 585 466 41 101 912 647 501 169 609 118 593 748 971 85 73 705 469 395 767 999 881 905 937 166 681 531 835 850 73 475 433 239 561 934 253 57 889 263 753 246 581 989 144
673 921 999 89 801 497 881 81 891 47 385 677 590 671 37 85 874 809 649 313 97 694 714 25 601 729 753 473 369 143 239 65 425 185 41 177 369 301 801 873 759 777 19 953 681 517 195 121 185 447 703 377 593 405 985 780 505 141 1 901 617 571 52 505 893 335 254 657 163 153 553 446 835 683 525 741 637 765 753 795 61 793 121 377 665 301 707 745 719 407 345 633 473 327 833 333 669 297 837 527 956 705 189 873 11 49 861 527 859 153 497 15 802 565 445
175 261 809 900 578 72 380 356 905 146 233 391 297 83 57 401 553 311 703 633 311 717 665 137 489 505 105 481 487 897 613 641 281 348 501 477 689 861 153 909 689 857 677 240 73 333 430 245 297 897 825 897 84 27 217 993 345 65 589 805 41 161 939 369 885 957 703 711 702 780 125 390 577 281 144 897 101 47 305 937 53 813 977 659 355 329 705 97 292 797 519 821 105 145 391 777 937 469 896 453 649 551 21 61 801 513 601 977 33 433 417 965 801 41 697
192 905 825 989 213 305 151 577 357 265 323 849 681 89 849 376 441 657 809 153 189 733 65 899 243 683 938 697 505 433 633 321 907 431 499 213 225 777 681 765 17 273 389 637 33 269 161 761 153 945 56 729 481 361 817 937 251 127 697 832 407 497 653 417 185 971 91 369 190 847 954 889 777 637 727 25 808 589 431 901 395 429 411 697 597 289 105 721 369 207 769 849 793 615 769 665 785 174 993 213 473 505 303 761 690 601 292 795 297 519 283 43 823 865 619
705 881 809 609 879 923 437 335 225 529 945 385 217 633 769 209 153 865 969 640 121 561 161 543 845 273 873 848 487 961 25 426 271 473 425 425 44 47 623 425 11 200 329 363 645 312 161 497 937 97 681 904 225 315 423 111 777 953 77 124 287 281 345 993 916 769 877 355 277 53 361 169 233 359 94 601 973 181 961 375 409 993 551 721 825 221 401 494 592 641 378 773 22 718 673 945 169 993 797 265 153 485 445 673 269 153 678 945 865 875 457 805 398 524 657
845 481 967 577 785 421 150 713 433 473 881 937 846 391 383 925 625 659 449 753 377 204 513 537 301 689 933 421 148 953 945 265 857 897 185 681 939 489 445 371 729 353 682 83 509 483 785 109 509 19 865 797 841 893 491 793 969 989 993 544 250 963 177 499 442 713 411 591 915 297 545 558 321 713 617 311 525 959 337 303 841 587 825 597 673 77 912 897 361 17 264 617 821 609 705 981 537 89 677 561 778 407 649 913 456 665 177 855 417 775 137 685 569 961 587
727 595 677 29 672 305 623 369 889 21 921 161 675 642 319 531 105 761 707 937 745 89 701 422 264 379 941 673 191 511 15 636 319 981 661 473 805 529 637 521 724 745 57 493 713 986 63 765 381 91 783 829 185 217 529 905 615 589 225 761 345 819 265 205 729 164 801 457 865 110 527 201 653 25 396 697 421 336 785 581 785 865 609 553 817 327 612 713 177 401 997 119 681 704 201 193 332 871 705 345 150 373 848 237 877 585 321 629 569 633 107 69 505 907 41
737 970 385 181 273 677 233 473 761 291 604 313 441 678 933 561 306 1 601 615 207 155 595 556 725 291 107 301 481 449 13 609 545 398 799 53 809 375 266 651 165 971 996 49 85 125 784 767 825 769 737 753 281 25 229 617 509 233 625 809 125 149 485 235 529 567 201 849 233 289 561 905 779 481 641 235 465 999 338 794 833 685 273 129 508 553 602 489 465 611 607 649 205 861 373 273 211 181 383 3 881 121 321 745 703 977 393 857 95 689 873 683 41 521 685
787 363 457 313 795 529 401 434 835 877 189 897 425 51 313 841 163 519 85 385 757 131 619 493 212 812 202 161 334 1 981 33 601 129 401 585 965 677 823 543 969 185 859 761 312 625 968 973 375 737 961 545 402 57 167 999 338 937 181 634 493 929 151 799 146 653 777 653 105 206 459 181 449 53 385 224 775 785 273 873 241 907 289 275 769 858 742 505 273 105 585 311 481 321 233 845 247 547 113 961 457 411 913 285 349 253 905 81 41 306 541 102 553 175 33
45 873 233 907 991 757 841 569 637 833 672 217 947 739 817 685 717 943 855 665 749 378 692 937 412 249 985 129 567 637 581 465 737 307 481 945 741 421 317 997 217 433 778 457 539 833 472 774 561 97 780 469 49 657 430 849 489 203 941 933 353 489 353 365 83 953 446 289 587 711 889 494 619 958 877 937 57 71 773 867 665 641 113 641 785 822 571 903 495 313 197 233 353 345 745 547 185 5 325 645 931 515 593 385 361 766 399 521 337 337 605 521 646 601 221
753 153 17 122 537 185 969 164 977 961 741 465 209 413 515 565 333 910 902 661 313 139 729 535 618 385 537 413 445 145 929 829 852 297 905 257 577 711 681 568 993 729 953 981 445 317 769 247 777 537 209 785 636 121 313 855 453 307 19 625 985 991 57 411 357 400 99 601 385 121 641 590 561 993 881 105 9 569 189 393 473 677 296 225 105 385 535 729 345 485 17 17 937 689 713 377 921 439 929 113 891 129 665 591 839 169 473 681 321 313 793 854 815 116 921
237 605 809 795 209 669 577 209 291 33 345 65 719 798 569 785 227 101 37 833 205 444 233 597 127 267 681 929 41 629 591 101 408 319 737 433 425 132 217 319 7 603 702 145 509 64 713 305 195 569 825 438 217 241 513 777 19 577 535 909 916 57 725 809 513 889 561 167 5 329 427 461 8 525 197 849 249 685 807 817 821 775 443 9 703 215 121 49 876 22 553 947 481 401 561 473 637 261 893 849 13 517 777 621 324 329 686 601 545 617 201 964 689 689 493
513 541 233 100 933 765 265 241 601 289 380 825 65 291 903 985 697 949 25 409 585 409 13 677 697 185 857 549 779 591 37 436 417 393 917 523 825 865 257 649 793 65 651 869 809 669 777 77 73 945 648 881 9 273 714 25 357 577 745 993 395 839 445 425 736 993 529 745 505 81 73 217 382 657 489 439 169 429 993 843 749 822 401 529 917 925 337 729 21 970 721 345 42 409 33 241 809 936 873 889 932 499 291 717 931 129 675 802 527 137 557 17 859 423 343
433 193 685 785 852 305 791 919 881 939 870 665 715 777 5 935 441 401 902 881 85 753 521 104 49 387 553 951 489 993 181 532 633 231 505 641 841 581 727 215 209 3 965 545 958 977 882 669 161 197 367 643 682 753 15 715 29 690 353 501 648 849 865 495 121 681 723 313 449 234 561 713 682 141 627 409 729 629 761 897 153 169 673 881 42 985 627 681 73 696 97 513 705 815 49 613 833 305 313 376 865 383 577 977 57 473 249 627 360 386 926 889 810 781 625
289 123 186 767 273 289 289 257 911 49 89 401 309 644 289 87 561 410 449 76 185 337 561 970 605 289 719 308 369 405 217 17 29 631 460 126 228 226 977 249 977 97 569 455 75 913 577 321 425 81 91 809 3 177 134 737 493 15 353 781 309 865 577 23 681 734 156 227 169 465 193 588 801 143 65 881 609 14 639 743 349 641 337 577 629 879 591 675 353 707 817 748 17 553 105 793 882 796 952 237 181 625 485 567 25 499 385 857 905 81 377 89 317 534 269
641 329 609 377 33 281 677 561 537 861 909 297 845 169 893 472 801 193 633 266 965 433 416 317 869 137 433 913 593 593 851 577 779 513 937 897 441 593 759 921 905 705 321 219 345 435 105 617 353 793 638 57 68 277 321 738 247 669 941 480 489 863 993 473 742 985 881 345 433 277 713 605 985 617 201 49 12 41 1000 577 237 874 717 561 785 705 209 721 745 929 49 625 993 791 113 565 673 287 513 935 97 553 473 399 865 665 171 955 417 53 377 5 633 600 945
601 529 737 835 787 613 745 321 579 593 481 434 245 573 41 151 889 97 137 687 465 113 755 373 481 861 411 313 39 465 369 519 1 209 515 401 675 85 557 703 803 997 175 577 105 655 205 81 673 365 337 232 763 911 732 667 153 385 49 785 247 389 735 641 673 24 225 981 837 307 185 553 561 929 73 377 419 351 269 405 533 37 225 441 105 779 887 121 79 507 953 855 637 953 165 309 89 777 242 337 465 489 561 613 163 343 363 781 939 241 497 227 581 893 541
861 329 659 361 281 609 993 641 625 761 585 145 257 480 745 225 321 49 869 831 581 369 715 361 793 585 245 383 877 798 793 876 705 738 9 800 401 33 458 519 903 929 313 967 129 4 353 609 839 260 938 425 823 277 153 653 1 993 793 333 257 35 223 497 146 729 97 254 975 825 361 433 761 469 20 905 209 529 597 733 325 305 305 442 857 602 125 355 841 284 725 66 333 857 193 737 41 737 177 939 553 945 630 621 945 413 233 914 474 199 488 317 241 833 783
817 9 385 597 706 673 857 465 177 521 741 433 633 65 933 905 689 443 421 177 153 493 263 281 401 325 945 957 273 689 865 525 55 285 49 865 465 649 57 201 748 804 600 837 597 113 705 569 809 233 245 989 969 209 220 815 82 356 75 973 305 841 33 425 275 145 243 295 161 89 873 703 885 761 233 133 166 117 839 277 983 491 170 515 51 493 41 561 297 673 217 125 18 321 593 561 697 489 81 248 249 145 641 217 667 901 408 657 181 145 609 265 232 985 753
469 514 535 559 217 857 10 761 121 409 177 209 63 237 885 833 453 334 41 737 217 894 484 617 427 665 334 529 945 697 13 705 281 517 437 569 789 145 19 537 885 73 235 921 447 392 269 417 589 657 585 609 705 601 681 481 648 319 858 903 350 513 45 845 921 27 664 417 369 249 481 323 441 47 809 231 487 363 758 823 135 617 243 873 753 455 173 297 345 80 273 517 201 531 863 571 589 701 399 260 377 105 545 973 71 393 700 273 252 976 559 616 396 697 341
423 180 681 788 369 125 827 881 773 833 869 847 994 585 428 31 665 481 409 537 521 885 193 233 205 839 785 331 783 915 645 81 889 635 511 157 277 353 409 921 533 145 889 540 489 385 505 463 48 922 669 469 279 929 91 743 841 812 633 75 859 657 793 165 5 926 329 673 557 518 989 769 525 985 797 441 481 641 527 977 466 985 825 249 889 385 271 851 907 961 427 843 187 761 172 708 233 984 585 456 900 897 297 847 847 105 145 945 663 407 868 874 885 885 601
531 365 57 353 766 402 545 121 265 737 281 217 809 825 693 237 468 5 201 455 393 641 133 241 41 755 300 321 425 241 547 993 731 471 177 185 441 745 89 233 73 773 845 649 101 285 679 527 329 657 587 717 269 444 281 869 281 290 779 75 169 365 319 945 898 825 771 465 921 841 897 361 449 29 641 361 693 826 433 749 805 953 198 737 125 377 737 423 993 465 521 945 410 383 337 834 850 238 873 459 601 750 453 81 337 289 5 985 498 1 381 36 481 41 221
657 234 865 699 569 443 1 25 349 373 489 745 401 51 197 893 865 641 117 223 921 257 185 793 561 361 297 533 425 569 749 872 635 485 129 467 513 387 277 305 850 937 352 73 516 393 17 269 375 781 621 880 283 889 969 380 205 571 347 235 451 129 153 529 985 197 905 161 545 801 117 457 861 765 161 925 55 881 989 741 313 481 129 977 910 1 305 81 369 717 343 703 559 241 503 249 461 707 993 543 529 483 769 250 597 921 657 797 635 745 767 527 113 953 537
217 473 608 521 901 769 385 881 209 269 379 502 209 508 313 81 901 689 953 701 841 497 789 89 440 305 103 209 49 486 145 201 753 441 969 81 471 137 601 12 645 397 209 651 393 139 113 93 945 729 613 289 740 281 297 929 85 977 59 745 152 969 461 755 525 793 930 840 193 41 285 161 739 465 765 529 705 241 257 495 163 290 199 809 509 401 147 225 473 633 816 617 673 265 945 629 215 213 517 405 881 389 839 222 473 89 621 401 473 281 309 129 441 721 319
2 359 261 181 817 897 277 69 780 750 519 593 585 63 907 849 321 505 697 89 217 773 245 129 691 543 898 863 713 578 313 521 737 289 377 785 721 517 449 69 169 417 705 608 1 65 789 505 93 9 745 659 945 849 739 101 173 473 481 550 105 870 449 545 451 545 625 285 305 955 384 545 145 233 850 897 569 841 761 225 273 121 697 969 505 152 617 94 745 945 873 249 545 737 868 425 557 257 633 503 369 421 433 433 859 665 632 223 881 553 393 57 289 345 281
799 285 909 117 477 667 234 81 881 529 737 191 649 565 973 409 325 857 801 761 177 588 582 285 761 903 75 101 841 729 829 277 259 585 825 197 493 25 401 769 529 209 455 121 745 793 959 979 277 641 673 265 561 913 275 981 539 409 657 649 449 225 363 357 187 449 205 32 17 789 977 377 681 466 157 320 372 361 321 687 209 637 357 401 535 177 175 553 255 257 721 853 857 781 569 609 855 50 47 921 89 305 121 573 1 493 531 444 915 603 113 41 612 801 845
245 930 463 717 612 657 957 265 337 995 737 135 431 201 249 161 492 753 165 965 38 55 493 581 365 953 905 885 9 559 997 409 809 945 627 545 607 449 773 543 941 354 663 641 105 209 7 221 195 565 753 745 449 651 665 205 785 639 289 686 938 310 985 351 705 877 445 137 473 257 392 521 693 209 793 803 114 865 433 329 155 5 312 189 609 33 489 193 353 571 180 281 449 499 687 969 601 433 159 597 113 801 768 877 108 43 804 889 787 899 418 569 689 17 751
897 417 953 998 953 573 133 877 801 777 465 433 41 270 857 585 961 576 247 553 505 885 809 923 513 561 413 662 129 869 333 41 525 729 885 823 893 385 114 472 705 41 937 261 925 225 465 509 705 308 817 313 193 359 153 240 697 667 753 953 243 609 999 569 737 930 505 487 528 638 843 635 857 957 433 413 473 605 17 669 719 905 33 357 401 726 641 905 937 857 235 889 36 333 961 617 833 801 99 527 825 59 653 313 473 562 801 879 417 737 29 117 817 347 165
43 897 601 481 427 513 685 961 65 817 139 553 757 673 849 545 705 457 895 427 762 21 577 953 241 962 216 765 366 75 582 745 47 777 969 15 409 521 311 905 897 566 889 149 513 109 877 491 383 175 401 708 573 930 890 403 322 769 673 649 838 937 257 977 657 903 329 486 369 21 717 717 277 763 159 331 622 425 476 793 181 415 126 269 241 205 115 593 497 393 121 657 283 487 493 949 49 445 241 981 973 71 337 699 65 297 851 537 615 959 873 177 631 573 391
797 465 561 665 333 41 157 183 769 571 589 233 758 119 687 941 769 340 729 65 295 41 429 465 157 417 977 73 969 17 673 313 213 997 657 697 933 3 837 425 990 381 846 85 781 751 697 933 901 937 25 553 449 661 337 865 65 569 889 817 733 555 469 321 689 905 33 265 737 561 609 381 585 826 757 177 769 161 882 605 793 397 207 273 537 89 201 713 669 745 71 921 401 41 621 369 992 979 889 965 625 315 797 215 102 70 101 781 859 513 845 623 97 641 705
7 511 649 812 745 385 783 46 601 949 208 501 465 631 817 565 43 601 89 760 681 915 421 354 289 295 721 146 353 696 91 481 233 589 888 729 79 571 817 993 877 517 361 142 65 753 557 411 815 309 733 878 977 395 753 625 517 225 905 94 557 497 45 697 211 642 329 293 521 275 603 239 745 5 121 637 329 453 709 673 613 429 385 865 161 9 56 661 409 489 149 225 715 545 787 761 535 509 375 513 621 855 33 537 321 461 201 261 929 121 971 89 104 433 377
267 595 452 191 887 69 685 641 729 673 529 633 377 793 313 211 761 504 249 930 757 810 649 569 869 843 641 761 957 25 101 217 217 301 593 129 473 777 7 475 713 633 499 945 225 13 833 444 625 541 465 703 93 937 977 89 465 734 851 529 189 29 262 481 791 57 165 257 246 539 321 13 865 465 769 113 825 177 12 41 353 361 351 331 545 565 89 233 73 81 897 400 501 178 809 977 341 871 95 430 11 489 137 897 443 263 141 533 589 130 639 441 861 429 457
485 609 760 425 881 89 985 5 209 392 889 433 88 130 729 121 669 125 713 934 26 253 300 697 657 401 723 15 957 161 989 55 629 225 385 217 498 475 387 12 465 713 379 302 836 561 265 569 801 895 990 433 685 445 13 519 217 170 575 191 393 565 470 57 373 436 409 505 675 169 93 161 655 241 513 753 684 817 337 322 865 741 939 771 875 675 251 473 209 929 881 129 967 361 481 217 953 273 1 817 401 481 751 387 189 977 849 299 331 217 594 768 375 939 765
953 523 218 17 913 401 477 680 880 397 925 477 793 833 965 974 783 857 87 123 548 681 513 65 232 361 725 573 137 949 37 541 305 581 769 334 255 559 553 937 845 69 423 609 685 617 236 915 691 537 359 337 717 153 585 273 33 639 86 345 605 441 247 297 13 213 332 785 217 321 401 145 217 693 689 138 513 101 425 209 883 929 193 143 519 81 961 905 327 769 961 685 393 313 147 713 57 457 49 201 533 425 497 609 201 929 601 327 49 753 521 493 297 49 181
109 481 177 612 741 225 931 705 748 72 381 517 705 467 785 905 785 541 961 129 529 757 433 278 73 789 639 353 97 877 665 993 681 288 736 689 465 33 129 665 373 35 241 41 361 889 17 581 448 273 169 67 841 627 515 297 313 865 279 41 585 587 255 553 473 121 223 281 505 647 217 714 909 233 485 585 256 361 81 349 989 617 577 625 881 341 769 993 41 977 425 32 373 889 465 658 259 265 297 474 415 937 93 601 789 513 334 303 361 151 665 44 636 585 111
239 81 720 1 347 217 771 439 209 48 665 409 201 203 641 665 151 297 421 132 953 945 929 778 391 57 677 625 79 767 125 385 913 729 849 105 403 601 521 217 777 441 443 161 897 577 77 875 769 719 387 572 89 821 833 177 237 971 618 489 972 141 761 617 499 721 425 969 329 57 751 193 281 553 938 473 675 749 193 457 101 33 201 847 65 261 801 137 145 621 553 93 937 393 593 784 76 337 585 227 91 529 630 817 483 145 694 230 73 327 993 48 25 774 673
977 413 23 993 734 780 153 795 941 233 573 287 683 825 232 958 373 677 433 145 37 958 179 861 51 265 329 529 895 113 341 537 241 69 665 193 689 501 233 425 17 559 187 397 749 785 105 297 329 593 281 493 737 957 462 41 951 209 964 413 621 769 825 381 937 341 616 987 565 881 852 205 249 46 925 473 601 157 1 461 865 693 215 522 401 737 133 529 416 623 505 481 649 317 849 97 859 801 760 89 207 657 801 177 18 153 901 833 365 81 729 129 17 726 421
425 238 553 849 977 650 645 929 277 93 717 625 321 177 447 813 379 19 841 841 849 137 49 945 375 337 373 676 113 975 185 547 29 374 44 819 73 569 795 785 81 649 765 361 193 545 425 370 805 104 325 185 915 877 89 829 87 281 393 247 769 209 609 513 273 465 453 904 414 137 222 600 881 577 537 97 873 559 337 818 869 89 549 385 57 386 825 96 745 977 959 137 565 645 517 587 113 617 601 229 673 665 145 15 199 937 34 953 629 113 588 163 947 731 741
233 271 141 897 399 627 425 119 309 457 625 545 247 929 497 913 673 389 585 329 507 80 559 731 112 185 525 451 297 513 637 664 305 467 405 171 207 927 609 21 85 393 497 143 225 41 199 281 537 501 705 701 152 345 25 581 289 377 175 41 259 889 291 729 109 830 221 249 353 645 897 793 433 221 253 865 470 649 899 307 729 529 681 249 433 873 145 697 593 361 661 907 996 65 746 441 785 89 909 817 587 801 589 521 441 797 85 713 118 881 321 259 75 965 566
65 554 707 453 225 307 1 433 916 786 971 19 975 853 917 377 111 481 555 521 649 386 609 739 229 529 963 983 878 597 913 157 359 989 767 149 421 777 345 806 241 492 793 861 275 403 223 225 349 877 453 258 455 260 573 37 159 863 329 841 913 889 621 125 144 651 29 109 286 57 791 241 897 209 869 415 461 361 575 977 825 977 777 321 739 559 272 297 577 533 689 414 537 857 721 952 55 943 63 881 689 159 281 65 97 121 735 625 285 329 327 905 357 131 409
385 745 375 161 503 11 841 904 857 657 976 185 49 255 669 554 441 836 609 553 705 401 681 699 581 326 117 27 734 457 281 233 377 705 785 299 993 851 449 578 385 677 321 479 665 521 71 924 119 849 473 833 333 737 401 749 233 841 773 327 433 449 201 113 912 957 201 761 317 554 757 845 329 690 505 80 660 79 161 793 193 141 929 561 685 901 985 131 281 769 369 590 580 167 109 761 977 249 273 269 961 515 391 67 762 969 388 725 177 549 317 497 249 137 25
753 971 921 731 817 717 538 885 372 857 557 345 25 887 16 533 621 529 325 457 975 929 612 767 773 603 282 545 121 513 623 817 725 951 409 433 693 17 631 97 879 614 383 172 36 161 273 833 976 231 797 651 325 305 998 513 905 105 375 253 555 169 203 17 191 191 617 977 917 953 862 153 8 645 854 281 605 673 19 779 629 31 279 42 521 106 897 41 449 369 750 621 857 498 929 771 113 827 33 641 345 986 577 997 243 597 465 609 625 312 333 217 958 113 201
673 105 722 520 394 39 415 329 185 105 617 213 33 953 5 901 409 825 871 497 123 545 1 693 985 725 497 136 405 885 34 153 589 137 745 121 521 745 425 673 583 607 977 653 944 930 561 914 612 425 769 913 261 73 793 335 163 811 473 117 929 57 881 419 705 457 81 521 841 5 385 633 985 81 289 459 231 825 69 631 487 393 137 982 986 350 765 498 801 537 841 225 209 481 194 81 385 985 890 215 467 483 73 959 533 191 679 697 129 401 449 873 125 584 505
644 881 665 601 683 881 901 915 613 917 745 604 209 851 531 817 174 625 561 275 237 665 809 205 337 889 846 69 129 569 99 449 597 245 185 742 213 685 537 555 93 253 337 273 793 469 939 657 113 281 441 207 309 229 544 59 286 545 759 627 862 452 801 425 17 121 401 793 385 367 625 593 367 563 309 237 425 582 799 495 941 477 73 449 753 366 689 809 257 973 859 785 325 185 961 439 749 175 233 241 541 929 645 96 765 577 595 645 803 249 659 953 481 546 619
48 965 285 755 305 945 210 461 249 797 85 705 109 201 865 997 641 777 377 117 641 257 467 657 467 809 643 357 849 81 849 269 289 193 505 537 533 329 185 145 641 913 985 45 545 72 465 859 809 735 717 169 212 73 433 897 169 619 225 985 741 505 129 727 349 89 513 144 777 321 971 300 74 945 344 645 285 953 953 896 177 39 129 913 377 549 697 841 153 751 504 905 637 909 49 423 529 289 841 261 601 973 369 651 716 55 33 809 246 983 82 233 293 365 453
325 517 585 921 343 900 829 1 239 343 193 301 585 61 193 393 67 467 522 497 885 969 147 713 529 173 217 306 205 509 788 425 185 809 881 865 910 172 529 775 225 517 557 330 641 663 593 853 237 449 280 549 454 665 113 217 971 277 150 737 411 369 581 665 105 315 373 919 265 473 889 641 665 811 233 241 313 779 981 606 491 769 294 449 365 577 297 818 877 177 87 501 795 605 137 921 73 844 107 565 857 433 129 545 249 73 375 313 124 991 177 959 597 585 453
131 783 849 137 173 903 759 907 976 245 499 961 975 405 545 404 273 425 121 401 235 357 769 721 410 278 21 993 415 167 185 219 705 521 925 813 373 112 353 391 175 354 903 809 15 192 113 897 281 873 269 841 897 141 185 265 44 37 637 249 897 601 991 14 249 969 912 365 839 153 5 169 435 611 663 817 869 199 242 739 947 47 713 331 449 61 609 201 929 282 969 307 657 821 213 797 929 385 945 184 305 230 761 377 459 393 883 380 121 513 617 44 462 129 233
259 657 363 290 316 817 828 521 777 321 777 681 829 473 201 164 429 793 273 137 987 971 377 649 377 809 511 197 669 287 153 585 97 609 113 33 121 249 371 697 441 725 117 377 927 885 209 21 209 269 289 493 415 31 609 877 81 402 685 587 529 995 415 201 321 263 773 145 913 209 705 927 745 549 955 129 901 57 781 786 529 513 681 447 505 675 845 897 645 502 529 972 865 233 729 541 250 1 74 343 313 701 209 13 521 93 945 535 345 277 677 425 400 121 843
979 909 873 1 354 463 457 991 989 24 64 893 455 961 11 659 1 83 125 910 484 363 401 953 961 117 525 197 885 743 183 161 729 382 793 767 717 905 36 497 215 982 889 345 129 737 341 15 841 605 721 769 923 120 553 221 625 437 493 449 262 681 629 19 209 819 795 436 21 65 425 465 707 435 865 742 259 20 817 159 453 349 449 793 123 105 583 769 641 361 817 291 41 791 319 21 591 116 523 549 616 249 137 73 788 225 289 705 469 895 697 503 133 925 334
265 635 545 463 489 921 969 745 955 779 953 905 262 73 462 657 769 185 601 337 205 835 401 777 505 959 25 715 633 33 90 673 921 781 617 349 169 441 356 917 905 337 673 41 417 785 444 924 549 939 286 497 69 111 129 254 645 169 457 147 315 449 953 933 961 637 577 89 153 769 777 169 603 993 763 907 937 985 663 251 165 613 105 535 415 631 265 993 881 893 713 401 369 933 353 640 233 111 513 89 433 202 636 535 981 795 771 865 677 505 67 861 529 749 177
429 825 424 706 757 369 325 355 993 799 797 317 345 203 427 273 169 719 103 241 665 201 673 641 455 189 429 529 60 785 529 825 161 96 659 937 25 785 97 553 581 537 985 169 273 33 153 600 954 801 135 25 996 937 213 649 615 449 333 829 265 81 241 481 361 17 999 605 657 509 329 729 551 453 93 903 737 433 537 681 225 393 993 598 399 977 457 121 289 625 329 5 769 489 717 337 745 965 275 341 953 103 617 382 17 233 817 469 622 369 225 849 867 388 911
43 241 552 437 809 497 731 34 225 361 929 238 149 877 569 583 726 169 111 153 40 991 871 585 649 719 161 180 295 383 905 57 977 656 49 197 933 947 541 805 957 89 105 807 749 867 481 817 561 115 65 415 393 169 902 953 491 561 778 250 249 473 472 305 991 702 729 521 65 201 681 633 921 665 381 293 177 32 581 793 609 248 433 823 792 246 298 945 802 921 297 353 647 257 219 169 289 265 5 757 473 433 929 867 155 351 205 244 387 625 827 163 435 593 17
701 225 341 249 56 513 417 889 49 447 801 24 807 175 973 637 985 134 505 499 697 465 999 457 785 216 368 857 616 97 171 113 907 924 289 915 415 225 801 443 787 880 277 393 309 785 861 749 585 699 23 309 837 511 847 369 177 967 233 497 574 321 161 111 609 989 872 707 348 376 101 323 177 513 455 913 925 401 481 961 769 257 465 475 417 239 293 125 783 333 965 543 391 623 411 30 952 425 929 961 865 70 468 265 801 753 769 105 236 753 685 81 919 485 627
89 857 569 409 233 833 425 857 756 249 931 765 51 417 289 757 329 170 289 521 469 913 793 721 765 625 837 881 209 753 633 417 640 826 19 278 313 729 993 85 553 201 969 505 561 481 230 305 1 141 894 609 31 173 137 441 377 337 403 453 757 201 49 433 741 659 25 39 213 57 939 952 205 717 929 800 121 809 809 239 913 155 720 129 509 241 832 425 417 801 17 825 869 383 385 775 729 815 713 97 889 829 832 833 409 273 921 173 992 283 245 593 627 585 881
23 873 737 993 871 585 71 301 387 57 141 163 673 663 153 959 913 337 823 873 975 385 667 601 719 871 585 327 141 497 155 522 382 217 925 962 402 201 485 577 80 937 609 549 943 41 905 424 597 260 454 869 469 361 825 297 81 793 371 369 625 145 869 25 907 521 197 321 157 957 779 217 535 321 966 97 793 305 973 993 929 1 145 880 521 961 403 215 661 85 769 587 525 620 967 880 121 225 7 844 413 889 985 375 937 371 405 106 935 528 261 626 809 282 489
225 145 843 281 742 985 849 143 49 454 221 563 537 140 919 423 417 49 817 913 553 153 673 68 81 381 765 173 399 69 147 417 9 883 24 201 765 95 21 313 638 409 777 561 501 160 765 393 129 686 32 961 513 845 925 849 607 753 713 961 489 953 681 581 425 473 13 599 289 801 193 581 161 113 852 633 319 197 735 882 197 341 873 337 987 222 847 177 647 841 198 247 466 121 553 521 289 987 937 248 289 169 449 457 793 747 145 837 226 761 777 929 31 973 655
417 857 137 421 641 331 145 921 338 275 833 127 651 145 423 693 541 889 669 593 849 40 147 96 189 622 881 893 451 235 177 335 119 436 933 921 21 329 17 647 761 89 105 233 777 177 125 153 113 273 349 513 178 514 133 87 943 761 385 645 959 577 533 313 241 475 917 897 369 545 913 188 609 849 409 893 201 601 181 937 873 993 747 225 341 861 781 133 967 313 415 985 811 893 549 713 272 57 33 267 889 365 167 377 697 841 65 260 629 113 650 54 993 312 673
461 481 545 713 969 985 483 725 575 509 355 125 141 741 785 468 737 106 397 385 979 581 625 981 157 933 121 281 521 77 617 329 487 209 589 633 945 729 869 961 225 671 125 801 769 415 203 393 53 937 313 441 626 777 816 601 293 245 801 526 169 185 361 297 313 833 363 485 273 703 533 745 25 937 329 279 138 401 328 717 110 887 585 293 57 41 330 225 756 809 497 59 969 382 833 969 793 881 857 384 345 715 689 196 83 422 156 903 330 393 811 789 45 275 729
809 681 661 195 45 89 117 132 782 261 516 185 973 611 437 306 609 695 797 705 233 465 473 729 781 473 931 817 672 889 457 253 225 1 81 921 985 969 131 281 25 241 881 279 613 649 611 201 337 729 889 107 377 241 345 476 317 321 561 429 317 927 341 531 225 987 653 289 137 183 161 391 273 601 462 49 710 529 474 661 293 369 529 919 860 249 337 823 553 43 305 361 958 781 408 778 941 929 939 140 423 64 541 289 249 441 225 155 9 601 453 409 941 97 475
921 257 985 348 227 949 225 29 931 741 49 153 109 667 136 695 881 985 281 585 127 244 141 441 377 145 419 51 935 225 33 991 709 833 105 545 377 939 354 200 881 989 998 497 433 235 61 619 479 633 935 9 809 381 761 423 829 753 57 487 76 177 705 23 173 1 789 588 737 83 473 209 605 169 49 377 177 201 749 929 941 875 843 33 425 241 777 425 800 883 472 593 505 865 681 437 737 90 185 101 713 681 689 869 839 193 177 41 759 711 433 618 849 605 281
138 495 573 175 660 547 681 305 576 153 417 955 809 637 505 153 711 637 261 901 569 848 921 801 273 185 113 745 9 945 97 214 315 681 90 485 705 732 357 867 85 135 561 577 873 175 841 401 113 637 97 529 83 537 257 505 801 717 325 49 205 853 305 889 825 181 485 201 361 215 13 153 239 441 561 433 857 985 455 181 161 725 793 449 525 181 273 861 431 497 150 697 437 969 109 775 305 849 473 345 796 169 533 673 750 301 359 691 521 401 17 175 17 137 17
1 955 543 265 869 969 864 67 23 339 665 25 593 669 129 769 577 215 969 969 913 649 395 929 41 829 976 209 484 11 29 969 617 233 287 960 176 81 575 593 894 185 916 25 35 639 33 897 657 929 401 197 145 405 689 161 709 137 221 325 82 101 817 57 403 807 761 223 789 833 481 715 385 521 194 641 606 649 977 219 233 757 305 465 665 373 409 825 249 414 233 558 165 345 657 129 485 587 842 617 809 371 145 293 455 197 721 939 777 770 845 561 747 825 325
133 393 453 439 977 563 113 377 329 507 261 789 313 401 68 887 209 921 667 651 864 759 813 734 825 681 716 327 65 977 374 284 37 761 323 17 918 97 737 213 817 425 876 761 791 44 252 771 899 153 534 313 729 509 229 9 561 125 313 73 537 327 505 495 889 785 353 233 73 533 457 149 665 461 650 774 169 489 273 867 597 328 193 341 841 897 752 937 540 139 217 497 491 963 137 229 809 423 277 781 165 129 348 217 492 462 889 601 268 971 473 533 747 852 577
307 809 377 105 305 583 989 181 121 961 81 397 617 409 445 110 411 585 694 331 697 610 201 761 779 623 565 681 17 601 305 895 529 400 545 479 441 173 129 801 161 169 513 451 529 661 889 579 369 721 184 932 883 141 81 694 859 585 793 524 297 596 885 701 729 558 145 784 703 348 145 617 873 238 825 873 181 165 345 1 697 305 414 721 265 137 669 865 187 681 47 313 81 29 163 352 88 865 809 937 937 755 793 129 480 519 507 269 11 921 365 297 885 473 57
801 315 598 45 649 507 792 207 743 361 412 285 625 329 880 673 117 649 145 665 117 769 143 633 241 913 592 49 337 613 433 905 683 583 156 497 409 260 17 149 145 697 470 727 573 425 161 713 873 513 302 261 201 529 553 473 873 681 313 849 665 665 293 501 730 591 609 459 956 633 169 781 139 529 691 945 137 339 489 633 625 965 237 485 732 121 729 85 951 889 737 485 33 881 405 205 923 229 689 567 533 41 841 369 643 61 961 635 284 825 161 509 325 409 377
925 81 449 473 475 55 987 383 735 979 689 891 629 909 673 321 764 356 933 497 465 418 345 537 712 881 97 635 299 941 925 881 489 157 825 33 233 829 901 497 264 473 177 585 454 909 637 585 221 463 37 608 566 736 433 705 17 21 865 643 450 287 849 129 476 967 337 529 977 339 744 736 385 198 237 989 201 191 809 433 617 955 57 215 793 129 920 329 865 369 313 260 167 749 313 839 401 367 17 377 565 987 25 529 167 595 631 680 593 897 161 765 601 401 979
177 629 477 85 5 473 681 697 860 145 829 209 673 25 137 477 169 809 281 729 38 861 57 53 689 713 466 465 601 65 265 801 81 975 577 281 377 75 605 17 657 201 201 333 549 411 428 577 353 713 487 633 41 687 925 965 995 513 921 227 761 413 751 365 610 581 479 545 727 401 538 797 337 932 289 961 809 953 409 993 545 57 293 758 867 601 321 929 401 318 113 661 106 995 53 412 561 489 817 481 777 105 717 513 49 733 424 103 697 601 922 331 41 417 705
153 743 642 758 193 810 569 81 750 233 465 581 411 89 585 266 123 471 115 93 163 181 205 129 601 774 413 705 293 742 369 675 462 353 897 257 14 862 873 952 519 521 425 653 999 389 501 145 930 991 765 897 209 769 688 465 533 37 9 923 373 721 183 737 969 617 121 441 165 985 563 521 559 416 799 241 733 569 823 493 425 213 922 863 684 62 865 33 943 985 553 961 286 521 681 103 441 961 809 65 913 105 601 758 457 865 209 717 650 977 103 425 455 105 325
677 501 65 205 521 18 250 257 157 231 417 922 827 17 724 323 849 33 457 609 743 273 521 409 313 321 471 69 937 915 145 609 335 953 423 89 95 661 567 45 321 673 965 89 753 147 391 347 303 393 821 585 17 924 169 544 134 363 457 606 857 71 741 181 358 609 189 145 537 801 341 473 267 790 26 329 255 392 511 707 617 48 913 734 599 337 438 737 866 505 593 321 145 753 527 901 233 120 153 729 173 577 685 390 543 313 849 213 825 923 953 113 385 497 590
909 363 25 997 191 579 185 803 345 898 89 9 809 153 37 337 9 745 541 727 57 905 459 453 989 969 143 781 37 529 753 33 565 507 672 953 869 157 240 241 249 769 277 265 193 457 89 673 33 497 283 491 133 961 593 153 729 129 646 969 765 401 399 689 185 937 721 909 297 663 707 21 593 111 695 515 95 137 569 921 521 457 49 230 276 97 705 715 931 120 685 869 473 497 141 545 793 269 297 537 135 217 743 807 33 129 9 643 465 189 393 453 689 945 359
497 204 205 585 485 745 733 465 577 889 737 665 672 613 769 817 633 513 291 841 771 425 921 585 105 793 625 363 146 649 649 775 169 809 629 681 345 809 689 488 532 703 557 519 775 619 351 393 797 537 310 630 153 143 31 681 258 353 889 249 249 701 569 281 695 625 271 505 41 69 627 607 505 689 330 163 376 633 921 685 88 532 327 177 181 45 689 405 305 205 293 361 757 411 845 105 849 969 197 961 97 755 497 405 829 145 1 483 843 28 402 295 649 137 484
337 11 305 609 736 557 127 713 705 625 513 377 387 799 785 504 129 41 17 405 109 653 711 561 380 465 453 637 229 705 489 765 147 127 289 517 33 505 718 737 737 985 1 667 537 873 51 930 124 449 825 369 251 529 177 723 457 923 637 25 431 953 641 865 593 961 749 977 729 475 729 304 657 809 113 483 409 457 677 225 552 173 869 616 181 137 201 721 801 611 169 471 278 478 586 817 435 837 841 337 961 497 125 169 945 125 681 977 173 97 756 721 93 489 123
89 949 229 558 657 761 913 665 161 678 854 326 283 321 445 601 33 577 449 373 241 697 217 11 1 517 839 153 821 883 429 9 29 589 949 905 283 17 649 901 345 237 151 610 979 601 617 905 785 841 61 889 822 905 813 753 437 697 113 508 90 189 305 901 704 739 497 609 509 537 327 225 465 601 393 573 805 617 49 897 81 247 145 97 617 317 321 361 257 521 673 793 811 609 77 165 105 313 811 593 957 861 969 827 761 737 608 785 249 209 160 601 625 378 253
159 999 209 201 940 969 529 459 165 651 49 345 114 381 907 561 466 681 461 519 251 791 633 992 797 297 647 65 196 825 865 801 821 503 281 817 21 841 963 705 54 262 697 171 103 865 937 119 785 683 831 849 177 967 849 839 853 773 575 449 233 713 769 457 31 777 682 249 721 937 257 985 481 233 961 442 367 895 727 126 953 3 387 17 197 641 627 497 541 717 868 209 565 129 253 183 49 713 305 37 201 657 837 17 217 459 29 961 315 609 297 403 571 80 681
585 625 443 214 761 129 373 673 513 427 713 561 953 193 667 857 15 577 601 420 265 997 681 677 761 951 745 1 649 783 721 812 833 177 401 785 633 119 695 353 358 213 825 993 597 54 642 361 785 911 201 57 927 779 905 923 241 809 887 531 65 513 143 81 209 625 637 693 837 93 325 345 473 409 25 581 809 439 185 86 617 849 933 593 253 801 33 489 109 361 682 317 987 41 149 713 937 828 383 985 161 225 293 362 369 929 121 953 857 869 201 707 921 161 167
721 170 113 397 492 459 993 475 998 397 925 381 476 813 599 253 809 441 117 97 59 105 113 22 425 479 377 288 193 761 409 601 701 993 193 393 261 407 553 18 511 232 537 585 389 769 645 967 663 633 197 85 776 964 445 577 429 653 525 953 529 553 969 591 993 281 377 1 247 1 385 701 769 44 543 775 778 407 607 762 883 264 133 901 561 741 89 791 33 523 393 233 609 145 863 547 493 811 544 609 983 150 233 605 761 873 828 217 692 777 11 553 981 673 237
213 795 737 581 1 67 577 689 877 484 516 69 389 809 689 533 607 889 697 449 371 44 705 1 131 505 549 889 489 233 273 961 843 785 263 485 353 541 793 445 769 721 716 417 761 320 449 785 625 641 253 25 307 825 617 489 837 712 409 585 513 725 892 629 195 417 113 65 345 466 17 977 489 949 441 689 37 93 969 953 635 420 713 937 2 101 507 497 421 129 454 652 385 153 201 17 625 219 917 345 298 577 85 127 773 161 577 337 118 923 289 639 889 409 209
614 953 473 707 777 907 441 348 727 709 825 889 313 833 437 891 361 777 81 747 295 665 969 95 457 970 729 729 401 439 814 275 821 677 236 697 877 106 81 109 77 633 569 349 956 509 783 859 1 169 801 121 874 337 137 1 549 89 881 433 315 137 281 25 929 921 669 769 505 721 495 917 145 241 249 362 705 661 773 379 793 772 179 637 425 189 410 42 835 680 161 927 425 965 427 198 137 313 171 513 89 143 555 401 481 433 769 609 233 335 7 651 609 761 477
282 467 991 936 125 695 857 832 85 81 835 571 993 33 824 521 179 43 721 905 92 569 185 625 65 476 951 517 681 97 79 533 211 381 453 822 185 457 581 529 889 241 449 247 737 473 497 9 386 273 93 217 753 189 209 177 579 103 693 449 831 65 791 780 826 941 399 113 449 159 925 95 793 235 393 205 293 789 921 577 725 961 313 713 49 233 719 9 185 417 723 801 673 73 33 185 351 833 613 617 67 721 269 309 605 135 897 117 693 105 138 705 769 313 265
205 707 341 821 781 117 113 401 176 747 610 89 229 433 561 997 576 729 217 201 954 291 89 91 866 804 105 121 487 953 528 177 449 57 777 553 661 353 321 339 39 369 853 241 104 985 425 945 689 589 453 775 385 653 169 649 441 433 211 168 217 772 617 801 129 92 820 807 293 289 993 551 825 769 173 805 630 847 156 633 645 420 551 177 21 474 126 585 859 973 377 497 880 889 365 799 977 865 769 361 339 441 73 65 19 993 241 397 705 793 809 201 453 403 437
867 205 113 521 585 401 983 225 65 937 73 655 205 417 261 797 180 641 585 599 377 617 621 725 833 457 705 265 907 313 553 373 266 997 283 985 897 353 677 310 245 137 353 873 823 573 601 347 545 265 649 887 649 697 544 987 805 499 941 657 969 733 525 169 1 65 303 153 417 201 846 985 923 453 827 859 209 969 226 81 27 121 192 211 857 539 725 216 693 805 745 105 797 121 87 931 281 801 773 545 219 228 470 825 455 991 283 353 217 356 393 233 611 955 925
176 921 45 459 361 690 794 513 65 309 997 633 826 937 233 825 783 321 673 81 969 294 443 713 767 257 69 801 481 361 709 116 475 289 945 601 812 445 497 577 513 601 241 25 113 255 737 386 697 499 949 429 25 393 727 73 433 57 169 941 897 25 881 905 785 889 495 625 616 981 279 713 933 897 759 265 713 789 185 249 437 977 381 537 631 937 29 568 745 385 93 983 689 369 583 683 153 961 169 485 298 893 765 721 363 967 677 745 968 804 522 597 753 421 416
665 866 961 285 1 976 194 865 323 145 134 343 185 795 801 193 121 9 451 225 305 813 967 545 249 726 659 1 768 171 666 313 891 541 649 969 685 145 607 579 497 474 953 794 525 873 387 696 627 53 784 678 605 26 145 845 787 621 921 937 600 617 721 672 735 905 941 177 740 797 981 275 715 697 357 361 873 141 333 57 560 417 505 650 957 257 803 41 471 529 505 312 711 165 583 598 17 619 977 601 65 117 963 397 735 719 81 91 281 865 137 33 761 889 339
133 365 719 289 825 713 167 433 17 379 63 49 973 817 953 533 359 753 489 741 969 123 545 965 167 825 13 409 73 383 347 663 281 183 637 497 951 301 9 653 997 113 409 322 935 677 801 341 594 185 11 691 864 859 81 257 177 545 252 697 309 101 469 105 229 660 857 269 993 705 473 937 779 917 121 337 357 469 124 329 633 129 285 619 721 977 33 567 489 1 97 121 529 985 457 995 791 889 601 119 121 737 497 33 321 145 597 41 669 553 977 609 473 433 751
485 193 193 279 114 6 453 19 761 323 785 113 585 446 329 189 105 433 817 265 706 315 663 225 857 977 769 381 290 369 737 89 24 689 211 369 127 25 851 665 297 141 765 329 993 913 761 681 618 939 505 593 145 573 769 43 388 465 703 113 905 536 281 41 618 415 369 313 1 508 782 21 277 53 649 345 275 445 696 599 87 297 689 126 209 417 989 23 217 273 573 1 815 197 153 223 913 961 289 481 838 121 225 625 488 577 931 305 461 889 445 102 561 723 729
793 137 571 488 355 465 953 437 841 329 977 723 429 337 707 681 905 597 265 857 605 29 99 503 595 617 197 829 991 9 561 317 337 185 411 177 241 263 673 561 861 79 421 445 287 305 665 807 220 331 777 277 776 91 417 441 289 541 905 641 265 601 225 659 472 18 379 687 17 417 609 469 25 309 321 757 331 69 156 629 521 57 859 513 185 81 751 821 754 349 59 471 777 811 77 337 585 763 719 175 525 192 657 857 547 257 381 621 891 217 93 998 286 129 649
881 85 204 841 641 385 145 230 311 923 841 745 105 713 62 25 137 913 309 633 981 289 781 649 321 197 481 73 37 441 535 669 433 857 393 799 269 922 675 321 257 741 565 809 689 289 411 985 377 313 545 37 19 985 191 457 945 697 202 681 845 885 12 307 969 487 537 273 795 606 441 247 137 161 361 367 674 337 513 189 309 242 185 721 165 287 349 689 324 537 873 989 905 185 305 893 797 381 507 537 585 777 821 437 794 873 141 777 57 353 913 904 669 881 897
601 221 761 973 106 177 697 977 783 11 162 1 159 913 585 591 315 285 457 277 33 568 605 497 467 355 397 265 311 168 321 365 449 457 72 147 833 294 17 377 894 111 843 854 947 593 474 909 956 833 681 849 721 323 649 445 825 141 281 65 969 791 521 757 887 49 317 103 99 857 873 857 587 283 83 665 523 455 837 481 313 561 749 529 61 229 921 553 299 528 87 84 345 691 525 411 361 773 1 33 115 705 261 607 593 217 49 977 889 283 169 1 853 505 169
889 378 909 73 675 353 417 718 713 617 265 487 409 879 403 481 625 25 241 749 929 732 447 577 501 23 713 592 185 595 465 521 647 409 969 929 659 265 166 17 227 865 993 889 633 391 673 881 757 281 393 397 259 133 305 881 785 777 539 233 961 641 559 65 457 377 437 265 106 525 521 285 197 271 377 57 465 495 447 801 417 208 665 221 3 49 730 497 649 457 969 313 801 271 347 555 345 577 529 309 985 729 103 123 953 527 157 425 825 89 311 17 899 767 487
905 657 221 95 121 321 593 273 489 278 501 939 929 514 777 43 289 93 847 273 29 361 801 297 329 65 65 189 862 945 121 789 497 713 501 791 529 489 661 377 47 761 216 123 13 777 665 893 853 277 33 17 601 633 334 329 783 199 761 825 753 637 517 901 93 811 761 761 706 753 678 74 241 329 765 119 729 626 362 593 45 337 241 625 434 753 317 445 285 89 177 729 749 729 941 366 297 521 913 567 817 433 545 17 133 49 229 193 431 121 562 145 13 945 791
767 921 777 889 217 585 785 5 973 489 932 229 527 637 395 526 919 41 537 938 338 425 369 201 85 281 517 345 601 974 143 115 721 361 556 667 489 681 785 455 575 489 809 473 511 243 773 851 329 739 146 289 377 983 321 96 217 649 558 385 63 523 223 609 389 917 729 193 977 953 31 553 983 564 433 793 649 169 818 645 425 417 150 115 565 517 973 33 599 901 43 118 85 937 813 741 303 353 93 647 809 257 145 545 61 755 619 361 413 827 261 76 635 7 201
147 185 281 137 813 601 555 801 24 953 545 489 281 761 113 1 205 137 281 81 361 839 833 557 481 9 489 873 625 961 133 671 977 891 131 865 309 307 25 381 997 273 337 937 325 641 907 745 249 297 315 729 835 163 575 233 717 441 309 295 935 109 807 715 221 177 947 345 641 451 991 481 747 405 385 915 913 865 497 81 73 135 946 713 929 137 356 125 425 400 999 566 481 869 187 506 889 141 173 622 545 33 339 213 311 503 33 581 745 7 949 373 937 913 365
805 373 228 229 863 130 707 919 141 433 31 867 93 993 85 899 577 778 916 185 43 201 806 178 367 513 46 769 45 761 361 202 993 731 338 377 348 772 499 653 905 79 481 502 345 450 621 773 513 121 353 69 569 137 932 999 89 577 833 297 461 993 457 759 965 545 25 367 35 145 281 665 681 975 961 325 157 350 633 233 625 449 753 217 217 775 397 657 932 333 705 907 241 969 492 25 609 737 427 425 425 633 841 313 793 523 553 211 257 873 849 598 585 554 129
297 441 85 873 961 483 593 855 595 697 705 553 841 573 57 321 937 561 359 121 586 531 3 193 945 101 673 239 466 921 297 98 881 528 761 721 817 999 73 321 801 305 785 145 737 1000 213 55 657 381 6 145 915 181 209 133 465 793 641 437 241 737 152 81 1000 993 769 185 801 649 742 89 599 68 744 953 973 577 795 801 913 859 123 537 349 689 883 281 97 645 821 433 932 547 972 729 150 57 594 178 793 865 209 527 889 971 617 777 129 257 13 531 329 833 637
721 25 681 777 889 259 893 857 721 456 329 997 30 293 178 97 164 393 29 441 297 629 425 51 785 761 453 262 489 653 651 71 932 321 724 491 201 949 225 699 557 225 873 977 617 365 553 406 800 201 726 245 113 679 838 820 157 249 666 981 659 41 464 57 897 253 113 657 505 353 521 297 601 90 893 249 153 973 857 57 21 857 775 772 169 93 913 725 65 225 625 937 143 984 552 458 453 449 144 425 883 705 361 462 473 227 696 156 925 901 979 161 377 897 925
105 971 189 17 233 357 465 361 177 641 544 297 273 943 705 993 737 498 625 585 413 741 897 212 107 523 929 329 414 143 229 528 513 761 753 409 313 317 617 489 271 49 657 241 543 857 561 53 849 689 917 349 637 417 299 545 505 159 393 629 361 235 938 167 853 221 915 669 433 497 503 526 217 102 357 857 105 555 425 837 681 97 342 229 765 745 113 969 665 339 689 381 289 505 121 401 257 135 316 977 605 33 597 285 624 297 639 173 673 289 635 179 343 833 356
577 603 273 681 741 651 233 233 702 637 57 472 935 437 403 677 121 968 945 21 9 731 752 525 783 506 17 617 283 361 358 689 705 73 869 353 807 187 541 765 897 745 409 857 469 41 465 281 521 767 365 999 946 595 909 761 559 289 449 361 64 985 943 1 306 219 923 411 497 543 465 9 824 809 533 87 249 593 921 121 165 961 401 331 145 945 336 529 121 133 193 717 817 997 395 794 653 161 208 401 993 881 351 477 41 801 962 89 661 17 673 138 73 153 885
341 677 823 409 889 201 185 789 266 473 625 391 173 725 879 217 905 491 59 553 521 145 501 302 84 625 791 425 693 872 425 357 9 699 379 999 385 153 961 905 451 145 657 201 393 137 249 449 205 525 129 517 497 33 881 553 153 481 617 369 157 921 937 592 193 217 897 879 833 259 597 217 681 582 570 671 143 775 901 765 909 24 865 577 29 883 711 577 563 933 780 471 563 529 302 313 508 805 921 828 273 965 193 135 339 429 241 433 162 737 425 273 897 199 593
811 654 513 519 953 457 801 660 561 73 665 493 506 985 39 809 209 569 521 439 357 905 245 3 261 867 57 369 857 481 857 13 527 297 292 965 873 647 737 113 415 412 681 35 533 945 410 553 185 425 805 926 889 679 132 832 781 561 649 45 196 737 881 353 121 829 69 717 745 237 989 209 597 737 705 885 739 743 481 245 787 21 765 811 1 589 440 521 867 925 92 65 129 999 361 449 401 998 237 425 63 594 265 169 425 273 393 39 749 715 335 953 715 617 857
991 201 581 747 529 125 239 369 761 392 417 631 659 965 904 523 417 249 677 123 182 209 375 841 540 99 761 665 441 121 889 937 393 754 515 17 203 510 575 937 668 729 151 169 209 580 752 21 353 219 113 683 449 977 57 101 653 303 97 977 372 993 755 707 757 49 977 367 113 647 29 717 565 967 947 91 499 617 941 440 753 243 203 369 529 593 113 873 140 153 356 301 189 935 140 125 361 739 846 72 217 737 61 337 385 785 789 555 887 769 401 25 797 823 927
134 209 705 697 13 615 858 193 421 857 529 751 341 241 949 354 433 121 657 921 489 9 945 997 865 947 179 578 729 202 201 798 945 633 776 185 513 849 246 985 547 383 941 797 847 485 129 297 477 577 30 265 621 117 929 417 668 689 930 573 923 815 379 899 502 753 905 556 857 119 745 369 501 621 889 462 368 941 481 85 273 781 105 525 785 39 215 97 495 817 825 369 541 364 691 377 535 273 489 297 381 129 213 963 484 793 801 649 137 334 264 897 180 511 447
605 425 937 297 766 175 179 9 889 465 297 757 825 259 561 93 753 869 317 907 681 433 137 985 185 633 865 161 887 461 353 597 697 424 857 169 199 77 942 233 59 625 305 633 751 917 617 889 679 351 587 997 421 465 135 57 259 889 921 173 25 121 989 881 25 737 496 361 465 289 385 374 983 905 377 27 169 599 145 485 935 449 825 529 253 337 329 909 329 481 833 105 346 873 709 81 185 993 939 391 731 665 765 913 47 217 874 271 337 351 649 935 537 17 319
811 785 23 137 233 561 921 721 452 975 334 681 465 693 121 625 371 940 609 630 305 935 361 234 29 297 809 521 32 797 857 541 105 505 57 741 457 185 839 435 29 84 791 53 264 7 273 873 359 640 777 69 306 125 735 399 609 55 477 658 520 705 75 215 313 611 581 133 993 905 574 306 178 81 297 465 257 151 209 825 857 889 545 29 243 857 691 921 983 945 67 672 627 960 401 630 2 697 567 513 301 489 33 853 97 16 985 216 73 533 681 519 233 529 361
889 298 385 511 293 561 31 25 521 958 123 633 761 899 586 521 601 374 939 47 565 9 881 287 839 311 721 777 569 93 105 355 725 382 295 417 897 629 193 141 865 547 879 951 321 633 142 437 749 151 417 697 129 301 839 345 723 13 587 945 947 537 883 729 929 801 306 471 527 837 30 545 752 777 367 695 89 413 923 645 840 587 764 84 565 403 825 579 43 13 801 325 841 369 618 233 315 889 85 497 897 93 433 993 413 193 465 879 961 481 553 801 671 395 350
938 539 113 337 497 651 979 499 910 25 737 433 663 97 114 105 124 301 941 965 801 513 433 709 481 121 727 807 799 945 753 709 361 473 641 953 631 927 97 907 157 614 65 153 319 177 50 814 529 489 830 831 777 966 625 802 365 969 562 201 315 25 585 689 453 521 985 426 709 765 573 921 913 939 237 665 137 369 481 387 751 268 753 185 897 417 347 199 738 37 173 345 570 889 836 449 65 169 640 833 840 49 363 273 141 197 489 977 673 445 383 975 401 869 177
65 577 599 792 939 802 993 658 716 229 531 465 482 794 877 273 313 513 977 571 17 149 138 49 697 575 649 741 981 701 53 185 661 1 49 1 171 223 705 37 689 297 329 353 863 361 675 591 658 551 657 152 471 505 885 215 934 602 358 289 706 169 69 153 329 677 301 681 521 937 585 249 521 390 41 529 113 993 465 963 123 358 877 241 677 177 681 294 235 947 361 615 585 185 182 379 901 379 609 769 127 923 589 417 417 45 985 700 145 985 213 114 335 313 129
673 393 409 481 233 781 850 411 217 229 121 409 148 429 53 625 87 265 53 821 617 617 759 466 579 997 857 465 221 528 408 810 549 819 409 793 597 257 927 309 425 423 417 594 301 273 917 129 474 194 737 223 825 35 481 377 561 311 388 441 771 485 713 581 937 59 869 801 177 708 892 51 625 817 293 797 165 769 417 230 237 713 268 909 515 878 4 225 601 369 473 873 529 367 217 446 345 309 609 925 377 185 881 201 401 531 977 911 956 903 605 128 50 577 529
977 769 397 765 104 460 468 833 17 801 89 337 545 289 956 163 196 169 837 49 135 668 969 529 101 552 401 639 521 833 459 917 513 889 535 841 336 157 577 65 677 225 42 361 385 993 513 513 761 918 401 781 517 383 25 213 565 749 345 121 457 535 663 185 825 129 977 221 625 817 97 877 761 81 669 667 281 996 299 564 89 353 709 563 939 185 65 465 591 729 469 977 173 925 664 993 223 379 182 537 145 783 671 649 430 49 755 564 321 107 397 449 169 289 825
661 161 945 777 409 189 425 9 697 930 497 227 961 403 537 243 873 511 701 809 561 511 529 189 576 673 955 65 21 713 449 561 673 937 99 993 849 217 905 904 561 607 1 789 217 389 401 132 441 633 889 914 305 361 498 137 276 785 913 825 870 137 521 873 959 881 369 497 87 985 441 673 258 577 573 693 273 493 583 397 592 913 405 660 585 721 631 313 469 901 173 805 969 85 17 729 473 861 807 514 8 253 281 961 721 33 689 451 712 425 921 729 473 865 753
229 473 906 929 57 477 456 213 521 7 239 279 625 65 441 672 841 727 913 239 369 623 569 222 9 179 39 529 585 414 713 281 545 765 609 159 889 954 274 49 355 895 414 441 225 852 804 372 617 509 769 793 169 77 481 897 183 121 137 465 719 345 689 400 423 963 645 857 657 191 381 721 409 545 73 585 63 985 685 601 196 289 633 543 423 337 729 993 621 577 743 125 889 141 989 929 841 319 771 865 137 339 465 801 289 226 695 597 297 465 369 385 397 809 803
657 265 845 824 303 977 537 763 733 353 351 791 482 429 9 937 581 143 489 17 795 293 599 241 593 101 385 806 35 389 113 844 441 29 507 737 121 425 551 345 719 713 620 609 54 58 891 807 129 953 681 425 30 328 633 561 593 553 849 739 665 901 849 463 449 141 831 223 529 769 945 689 926 705 241 180 145 417 849 73 363 758 129 73 556 825 823 1 681 121 132 721 185 407 625 945 438 481 585 777 909 545 693 777 985 248 859 811 171 479 909 113 481 413 321
580 889 243 709 617 911 809 593 99 385 207 773 729 601 301 950 129 192 665 133 793 47 215 665 461 849 361 625 901 607 319 9 655 537 398 521 517 225 413 901 689 781 448 789 73 545 950 793 902 509 817 777 577 975 225 777 785 105 361 473 886 263 433 169 371 308 785 457 607 489 433 159 761 821 351 345 1 593 139 993 110 569 87 353 209 365 550 561 739 809 161 769 441 281 892 280 761 774 441 660 225 753 639 691 401 703 377 655 347 857 417 265 921 335 473
357 25 385 845 733 369 237 513 833 172 169 13 450 681 373 973 441 739 949 33 383 297 404 141 794 57 425 488 690 539 993 407 977 393 457 361 665 57 910 337 449 921 199 737 769 877 81 976 378 707 421 169 5 61 441 561 413 171 545 753 603 212 497 681 625 545 293 869 844 953 332 217 803 819 761 295 350 713 649 561 749 270 209 337 469 225 941 396 523 681 432 681 921 881 713 711 393 497 60 129 310 257 801 885 539 23 521 89 921 81 393 317 377 70 351
821 369 121 394 749 39 26 773 145 115 41 233 297 129 945 529 89 178 869 413 817 65 833 511 205 85 495 67 561 761 997 9 943 945 805 428 849 271 257 865 439 253 616 161 905 65 649 645 137 209 389 457 151 553 197 923 401 177 830 898 297 772 279 465 576 505 289 965 787 17 369 197 187 372 297 272 505 451 999 711 5 953 969 577 533 821 369 337 567 412 673 25 553 649 820 977 585 193 928 849 911 233 201 377 893 425 205 819 327 954 409 393 809 535 83
383 364 817 809 320 377 475 898 317 109 213 209 741 397 817 952 409 659 769 479 228 769 227 289 209 894 381 713 617 345 833 701 741 353 149 297 597 495 462 841 613 121 489 577 603 841 451 529 17 145 175 659 977 657 97 633 271 477 655 601 903 817 381 534 529 895 289 213 389 129 521 897 573 489 185 463 76 21 481 941 393 765 9 889 579 659 725 225 401 145 654 379 855 889 881 449 9 433 105 449 895 713 321 9 211 199 623 186 41 541 985 17 593 201 137
569 789 713 881 669 789 101 161 205 163 161 150 225 189 761 949 393 951 901 751 465 541 609 391 443 817 9 533 221 285 143 127 261 945 513 628 57 217 465 177 801 46 305 353 507 521 745 481 513 385 857 301 709 633 301 392 461 805 239 105 842 347 817 777 850 237 913 155 5 393 905 396 459 473 969 193 801 497 361 481 553 577 263 679 207 733 234 937 643 377 205 121 629 179 991 581 689 273 801 893 741 559 345 713 654 632 383 339 583 57 916 401 237 81 669
413 897 167 89 149 26 385 481 997 55 493 611 153 625 345 277 613 657 401 481 859 225 75 689 457 587 33 329 541 677 101 141 285 315 713 293 328 315 448 745 82 984 357 81 916 129 95 921 425 937 587 249 113 985 889 681 133 185 765 657 93 377 925 9 174 310 505 393 233 703 897 385 297 473 181 453 45 993 577 743 601 385 906 382 615 777 657 285 502 521 755 973 833 993 971 521 589 815 860 865 345 649 439 833 321 705 997 221 593 73 475 657 161 885 419
683 225 738 129 353 740 407 545 121 581 433 297 909 287 193 341 249 17 873 897 413 939 537 535 437 361 497 467 601 367 625 507 15 251 625 178 541 805 305 809 984 647 645 142 561 817 209 65 454 745 781 829 95 345 681 565 789 961 762 689 467 713 703 359 365 157 449 955 647 65 228 765 685 752 465 313 709 243 185 333 201 517 881 569 857 407 435 849 897 441 961 265 475 753 457 737 966 849 315 572 617 222 854 417 945 217 357 921 809 319 633 537 511 673 541
221 881 281 103 729 975 505 57 345 141 904 677 425 829 252 337 252 513 777 655 481 689 261 569 435 497 759 121 865 720 425 769 441 699 985 433 841 561 993 873 625 215 763 417 821 537 545 953 501 557 974 314 413 672 443 965 47 653 713 889 385 641 769 823 27 167 593 201 341 497 977 705 729 755 575 49 487 697 375 599 585 17 841 553 29 709 682 657 177 569 719 209 225 585 501 249 689 441 81 51 241 307 257 598 337 601 409 426 399 233 71 977 277 249 945
755 841 217 15 525 481 465 419 679 563 677 111 217 777 121 375 89 627 169 542 237 429 808 673 697 301 541 917 817 617 659 37 229 521 345 856 43 751 465 97 593 40 1 585 55 665 937 571 845 552 701 792 199 601 437 892 973 673 155 986 185 73 121 517 249 95 433 985 289 989 15 633 385 901 299 81 113 291 274 70 523 217 365 549 265 345 793 33 983 541 667 697 593 881 509 561 125 333 57 489 673 25 91 429 47 281 473 553 597 571 209 261 985 489 833
97 137 177 152 947 805 937 561 241 921 521 799 485 825 945 849 505 429 285 930 825 621 406 873 279 913 923 329 9 5 639 9 105 357 642 929 889 859 643 293 197 505 665 369 189 472 620 97 345 561 421 949 409 557 555 143 253 407 217 894 748 949 65 865 791 41 897 785 847 429 621 553 153 801 131 733 588 945 659 569 209 97 689 391 383 525 718 259 671 842 585 969 393 313 359 237 705 925 897 122 781 577 985 121 729 51 773 691 113 833 557 955 481 96 983
81 561 41 817 159 428 729 941 757 849 121 221 929 305 468 233 487 653 217 73 397 55 937 947 642 369 753 385 923 879 549 337 729 881 474 262 609 133 129 281 3 77 288 297 29 435 113 745 829 529 539 938 609 881 557 227 689 719 901 933 502 161 92 857 393 857 289 141 250 193 123 641 393 584 561 997 497 236 841 113 181 257 103 533 773 125 417 89 353 363 981 59 204 657 141 872 545 593 110 497 425 553 131 497 997 267 312 955 143 745 649 13 757 979 51
74 423 673 969 845 401 535 35 29 81 873 377 11 825 315 33 225 921 769 415 945 480 449 569 413 367 269 117 297 305 209 715 385 937 809 907 277 505 365 929 385 61 401 281 818 360 33 289 5 965 81 929 691 140 681 353 442 993 823 408 163 841 953 105 349 75 285 73 441 171 137 761 628 545 518 477 913 706 921 713 415 735 694 945 241 677 561 813 985 881 431 473 129 69 169 991 17 363 927 649 151 265 601 513 49 433 177 621 5 681 753 1 129 529 965
665 585 461 421 168 161 61 919 429 233 406 401 817 463 45 9 233 267 766 729 727 479 591 73 727 741 693 881 770 553 521 745 563 767 321 921 565 965 743 483 201 95 283 899 785 609 231 297 506 117 57 665 205 217 885 315 409 501 401 397 506 225 403 967 183 330 617 25 801 733 471 555 845 353 321 806 689 308 925 929 567 681 437 805 385 425 401 206 777 353 121 129 887 89 881 177 553 73 57 961 217 55 957 467 75 145 459 193 249 941 588 29 105 889 508
169 465 673 497 823 5 633 641 931 485 63 439 365 817 93 505 249 73 785 401 813 718 999 293 953 995 17 257 201 933 817 61 319 435 565 973 705 913 631 145 393 33 753 905 161 525 249 969 883 441 611 819 988 97 425 493 425 297 537 571 203 201 817 482 457 53 553 465 809 661 441 26 675 829 649 241 564 621 15 977 851 843 585 369 467 629 681 461 121 137 553 356 929 806 89 461 497 91 299 523 98 254 515 5 897 223 81 793 153 805 233 951 716 197 569
583 585 549 377 975 730 353 210 671 506 825 41 273 563 951 686 417 439 179 529 337 105 97 429 602 737 681 245 865 257 835 37 365 305 429 558 751 777 305 977 141 797 113 165 501 425 449 715 935 559 113 923 896 865 697 57 879 351 923 897 107 545 489 169 81 265 812 837 857 289 339 401 61 409 469 804 779 665 129 441 109 373 405 60 53 1 161 693 301 657 777 733 989 947 865 709 217 322 477 278 781 153 153 539 829 569 493 445 613 185 625 488 947 819 617
858 961 319 995 921 1 497 141 185 585 737 513 732 457 165 105 309 483 213 897 193 346 233 89 457 235 1 281 795 679 821 155 873 233 677 65 855 917 257 601 601 93 993 89 405 301 993 797 898 105 629 927 967 581 249 169 849 825 473 461 777 638 473 833 497 673 641 577 517 301 556 249 729 408 706 841 551 710 701 5 865 423 834 899 386 195 49 894 729 705 13 729 345 231 497 52 821 312 678 813 29 485 587 651 945 461 785 731 529 801 769 395 965 9 225
205 605 168 237 111 625 13 621 157 793 811 929 929 665 881 121 725 745 641 641 690 521 93 691 47 169 815 400 965 797 137 34 705 149 685 873 289 139 913 395 577 265 602 265 567 190 953 740 313 293 671 961 165 665 465 449 993 635 13 540 493 321 37 981 769 349 443 373 638 375 109 791 115 113 444 275 401 652 129 929 849 789 894 822 137 677 345 881 453 753 357 584 385 864 257 644 628 623 613 401 134 161 441 426 719 753 12 133 841 473 191 825 505 224 917
667 441 313 355 443 931 193 249 473 880 222 313 726 233 782 397 812 955 981 625 417 282 230 685 833 21 457 769 929 335 49 289 476 389 561 861 12 25 382 625 565 457 913 327 281 729 101 540 262 529 809 913 461 236 777 545 685 673 945 912 661 499 337 889 230 816 5 561 821 625 180 745 327 613 585 545 918 983 893 260 297 49 509 364 749 549 337 471 535 637 815 633 753 81 961 531 180 647 671 957 769 489 993 713 869 73 191 153 255 293 996 885 113 745 837
625 956 697 811 121 195 745 729 922 473 713 81 281 673 389 977 73 701 177 812 319 152 881 311 482 601 71 662 473 805 345 68 297 419 321 945 537 651 521 479 697 457 313 65 887 911 384 505 719 393 892 849 35 262 721 577 980 889 347 169 79 405 385 377 393 665 699 645 905 441 705 804 786 838 169 989 935 11 65 673 207 567 641 729 479 345 293 83 335 89 561 269 138 777 829 961 446 873 886 329 941 19 81 297 729 725 33 557 522 577 829 957 457 189 465
538 441 277 177 365 925 789 785 825 729 233 601 901 375 859 19 575 935 53 966 217 963 577 25 845 313 627 689 685 465 513 781 349 489 881 855 561 953 569 223 396 125 377 609 969 89 385 493 213 881 217 73 907 449 89 529 9 489 725 177 633 320 191 333 931 875 961 308 137 902 33 986 705 375 497 489 734 436 813 697 681 242 649 429 609 193 863 657 429 53 633 757 299 201 427 977 273 813 337 473 89 305 905 59 653 495 337 936 589 294 321 662 519 433 145
449 269 777 145 149 153 19 861 633 665 801 513 377 794 865 849 753 313 977 547 489 609 105 261 714 825 33 121 105 49 521 693 263 185 856 33 973 327 478 99 781 85 953 825 513 205 833 424 37 297 963 712 553 831 799 966 770 717 857 17 228 729 193 114 369 831 396 71 697 357 279 399 791 745 345 131 665 199 417 637 879 569 97 621 1 841 859 65 89 517 495 425 801 225 446 73 209 279 905 41 395 225 315 729 547 367 753 483 633 845 939 881 881 45 737
963 393 449 697 255 649 333 509 650 833 427 209 945 65 751 370 181 417 425 779 549 257 571 249 171 112 17 289 233 97 422 977 233 961 646 466 401 911 225 910 649 537 857 457 567 489 381 291 877 977 121 171 277 1 672 421 198 965 945 753 151 745 953 504 181 681 603 229 389 529 83 841 393 381 225 905 857 729 677 61 697 521 600 360 209 111 905 239 369 777 657 295 523 777 551 481 497 297 377 325 689 657 993 85 649 461 23 29 305 44 289 243 593 695 801
537 678 987 825 701 37 21 689 9 651 153 523 907 591 307 709 393 673 406 413 881 469 787 621 469 695 977 84 100 952 392 9 808 409 708 109 841 77 921 947 899 281 479 683 801 89 457 201 956 866 441 919 245 93 638 863 569 219 393 753 941 129 813 37 753 97 31 941 208 809 793 533 713 937 649 985 341 537 557 620 476 525 467 990 395 551 305 377 810 665 45 200 663 935 509 558 123 969 767 65 482 307 528 791 376 201 53 988 755 553 53 821 327 169 97
953 229 395 249 993 657 985 961 485 53 805 374 553 209 159 387 335 369 625 529 553 889 953 803 857 803 253 345 487 901 9 837 323 56 881 203 741 633 161 109 425 419 141 225 537 865 177 868 137 493 850 203 121 948 921 473 577 681 65 969 599 489 553 137 705 985 865 320 757 80 935 75 77 183 725 993 725 91 147 936 683 265 760 849 873 162 117 333 993 663 593 829 774 989 613 505 825 111 433 529 435 545 529 148 663 7 441 709 481 409 767 739 193 921 193
417 837 909 377 485 713 593 769 481 629 791 715 25 12 953 236 289 991 574 894 114 153 425 661 55 811 625 163 401 357 21 637 949 249 24 977 142 273 196 972 767 729 257 625 773 265 873 801 25 201 278 663 537 973 473 818 199 390 314 33 185 825 321 85 153 433 725 473 330 465 289 949 881 717 89 297 689 555 664 297 545 564 997 655 434 175 519 197 937 953 25 399 389 105 177 465 266 87 119 389 957 721 935 359 97 436 849 213 305 453 785 618 673 235 649
57 29 537 553 193 513 9 337 419 221 801 994 360 799 445 507 561 953 269 145 73 51 300 547 397 259 689 509 481 473 847 315 903 297 717 405 725 553 906 113 382 710 937 72 313 797 961 937 409 423 609 13 237 473 409 345 537 193 233 309 823 197 655 803 203 993 551 653 93 704 9 617 509 89 881 609 486 841 585 469 409 781 17 96 501 447 521 328 865 536 106 457 889 425 857 419 243 9 335 271 393 825 897 745 273 687 585 649 225 790 994 307 829 329 305
257 153 737 353 8 209 200 357 57 711 79 451 104 705 655 801 951 323 807 303 112 873 501 805 791 525 645 945 873 649 649 777 881 560 515 104 63 125 809 511 735 404 41 497 689 449 745 653 753 125 67 33 169 601 873 921 133 809 945 281 561 336 677 947 806 561 925 75 219 497 449 471 312 99 61 241 369 961 921 735 937 632 305 125 357 745 945 67 137 369 81 721 129 249 225 112 769 89 677 727 123 341 977 393 873 793 451 589 321 349 633 299 569 529 537
561 531 593 648 469 433 609 925 625 329 913 129 801 121 545 884 297 237 849 409 697 821 473 833 873 521 73 945 125 629 145 511 695 297 199 857 641 653 233 673 49 897 289 960 669 353 33 265 665 465 753 761 201 921 777 427 654 337 169 353 521 367 305 353 297 269 505 929 885 795 197 397 497 909 157 1 683 329 709 255 761 230 73 325 511 857 441 221 425 245 409 365 639 225 585 47 945 969 560 607 749 877 345 529 671 991 217 560 809 809 290 495 835 911 893
609 821 665 906 513 9 153 193 312 413 197 625 559 337 406 217 641 193 809 22 649 858 520 112 985 929 185 833 998 353 826 241 67 81 119 497 479 497 893 297 333 625 617 145 150 839 849 713 619 433 625 345 585 25 649 73 929 585 773 293 921 945 473 236 641 953 109 113 564 821 337 87 399 81 547 761 441 781 233 215 177 5 657 729 781 537 853 241 77 505 337 793 37 977 509 73 445 776 567 333 193 353 185 827 913 805 235 362 98 709 39 712 733 257 673
633 1 97 224 956 455 117 345 145 153 669 525 651 64 119 681 950 205 642 887 519 821 985 309 809 461 231 217 977 797 847 761 393 913 31 373 673 545 95 286 693 801 117 89 625 549 141 777 474 271 689 521 1 191 342 107 93 165 73 313 201 457 441 769 833 869 165 85 747 67 315 449 753 577 917 561 795 719 41 453 808 1000 865 504 989 849 313 813 953 273 957 845 874 209 573 569 825 937 649 889 573 825 23 673 583 185 41 249 369 249 604 239 923 207 899
889 485 97 449 873 305 39 393 353 703 437 575 449 203 905 800 643 849 681 155 403 73 693 314 721 658 476 241 732 279 41 705 856 585 953 817 533 325 184 829 207 73 639 823 415 476 849 41 430 657 241 561 297 366 553 485 633 323 441 513 53 311 817 843 929 100 457 717 657 913 645 337 69 65 67 877 915 77 473 197 27 469 121 819 974 705 193 241 189 57 553 305 825 571 319 649 41 429 686 53 9 833 481 741 73 513 585 503 796 529 387 813 961 547 185
589 987 347 597 321 51 97 31 121 218 533 473 995 865 443 865 281 347 720 233 199 665 389 433 521 521 953 416 734 465 285 225 353 20 689 41 913 241 583 737 633 689 893 865 393 281 648 661 179 721 761 117 737 785 711 913 483 317 305 153 622 901 11 475 286 235 463 194 581 25 697 927 1 361 657 375 965 714 805 883 241 297 693 815 865 236 285 761 145 161 327 57 765 337 297 269 426 593 345 137 94 737 201 137 129 57 323 529 525 889 993 241 715 897 449
497 521 593 317 421 569 459 324 348 257 443 481 573 169 145 689 959 913 761 185 903 969 121 894 704 537 245 105 769 333 214 105 601 961 193 755 417 497 481 735 339 689 449 322 721 483 931 777 1 55 625 864 89 481 261 217 153 783 251 705 169 241 701 809 313 985 187 421 337 345 187 877 441 785 905 25 125 553 601 177 983 749 135 135 145 103 241 275 705 891 59 621 755 73 319 139 965 900 125 671 817 497 853 50 529 585 23 25 235 41 293 982 413 937 289
393 177 681 983 197 297 553 260 359 589 784 744 18 801 475 41 633 326 545 460 633 529 75 977 737 449 209 183 177 733 617 393 345 297 773 633 325 813 797 423 941 89 72 369 443 681 217 281 185 950 579 537 33 395 33 909 141 377 367 26 707 503 909 17 285 404 441 433 991 33 513 881 318 733 801 779 555 426 259 175 985 169 441 888 487 833 169 137 774 222 977 205 171 317 481 305 575 457 943 37 273 20 427 803 945 9 129 689 553 648 248 961 711 369 273
513 73 353 609 461 57 341 289 903 562 133 985 903 519 265 61 893 213 785 457 268 989 9 881 872 357 828 195 921 353 249 409 85 969 320 949 5 464 341 877 41 361 329 554 265 809 705 705 449 597 725 101 658 1 185 649 463 637 469 657 897 889 455 753 325 49 260 591 97 7 295 377 731 287 369 313 951 881 389 49 503 729 505 329 949 981 665 177 237 617 106 441 713 107 394 929 425 749 223 883 839 167 25 761 865 453 401 433 89 89 499 989 921 763 111
241 437 375 986 985 365 525 57 57 417 969 849 437 878 185 917 681 413 279 641 346 919 775 444 445 597 212 321 609 275 473 765 425 769 961 143 429 105 522 401 769 477 649 139 257 713 108 201 447 991 633 394 608 957 653 509 933 373 281 201 449 393 409 257 513 177 113 377 561 489 205 531 917 129 9 125 917 369 453 89 767 125 321 452 673 637 804 401 273 509 433 281 853 809 889 505 237 697 720 561 706 813 669 17 865 942 515 185 433 789 745 981 417 518 689
907 373 877 129 827 425 953 99 985 138 71 947 785 193 825 659 569 641 933 889 787 841 67 183 403 921 453 619 243 393 776 269 377 505 573 569 31 299 297 520 705 431 289 77 436 269 801 873 101 233 481 415 181 673 161 121 857 185 25 117 113 169 589 673 797 191 721 305 343 649 245 303 721 329 73 887 297 853 313 421 801 283 157 647 997 457 921 761 865 55 681 589 33 981 337 829 953 117 725 369 660 505 417 265 153 745 965 185 477 619 28 797 781 257 133
484 115 801 437 961 517 357 83 765 672 759 209 113 891 506 438 233 225 985 673 449 409 673 65 153 537 945 541 882 905 629 237 601 369 349 410 855 577 145 613 53 489 849 287 889 977 642 77 33 783 296 617 277 769 15 257 865 585 699 632 445 761 625 638 553 937 989 99 781 749 599 567 285 112 553 761 473 93 233 255 38 485 736 473 953 185 209 333 305 377 153 801 81 253 869 905 739 905 109 517 129 379 981 273 329 673 497 173 593 813 67 734 159 45 105
385 97 565 269 167 101 867 49 653 913 445 905 619 361 997 33 865 281 97 57 295 929 845 652 234 247 949 176 433 105 281 313 353 937 865 323 342 975 571 563 403 801 646 857 269 990 367 423 345 441 757 897 631 485 600 141 479 671 233 232 5 73 921 601 17 585 923 193 325 945 55 337 789 291 329 825 50 92 956 595 295 57 523 787 817 297 393 344 714 239 965 661 137 25 929 759 826 265 862 721 561 113 871 905 49 653 361 417 591 943 921 17 924 982 813
605 633 985 713 574 953 873 648 169 801 785 33 961 361 966 907 131 177 302 906 492 55 829 304 347 285 86 473 417 857 246 369 793 26 929 865 716 493 481 306 913 783 465 101 821 425 33 817 333 735 330 919 127 713 955 622 512 577 905 873 905 393 519 865 629 609 657 979 155 409 230 385 857 657 161 185 449 443 881 365 327 275 387 879 783 801 207 45 185 977 913 173 565 191 151 629 93 893 31 210 255 631 113 249 589 663 557 285 17 481 633 539 519 617 385
641 357 673 525 605 561 333 845 675 137 729 797 353 537 345 705 197 96 177 713 483 145 81 945 659 664 845 897 569 261 993 708 281 193 665 93 410 457 693 469 257 716 949 941 25 721 689 961 338 465 559 736 611 926 361 913 617 937 9 321 101 989 649 321 421 294 501 230 433 177 745 457 201 369 97 241 301 857 705 53 121 691 427 965 503 305 301 494 541 649 633 97 657 560 645 257 475 419 337 905 901 525 97 767 217 186 197 145 462 555 417 685 692 865 597
93 541 173 137 493 873 65 373 523 74 313 115 955 33 571 524 482 653 881 691 755 741 350 631 61 223 957 297 113 153 369 864 49 805 743 311 921 369 95 913 933 379 65 593 207 53 497 733 281 33 263 155 185 175 597 738 895 277 823 297 305 125 417 982 745 745 273 1 581 835 375 873 719 575 889 425 425 448 989 465 121 777 529 504 671 425 806 449 41 844 721 121 294 321 253 223 642 193 778 27 141 769 161 185 33 510 982 955 729 281 233 651 45 733 939
