129 144 107 68
229 281 645 489 403 57 169 746 20 334 211 485 664 705 673 202 421 725 473 302 179 689 317 691 877 939 171 717 697 761 1 389 821 502 53 989 997 477 779 525 65 969 473 45 377 339 153 181 689 432 293 577 472 593 231 977 113 865 205 649 977 377 587 417 897 779 135 965 713 769 101 746 200 964 760 301 561 187 821 5 743 946 241 675 75 989 517 745 625 641 129 785 861 41 789 307 822 185 451 735 761 417 625 467 467 812 897 642 953 457 73 122 809 405 429 400 253 79 333 957 831 322 617 729 809 409 889 781 29 973 89 361 329 62 357 543 6 537 213 657 881 49 248 321
513 659 345 367 873 132 129 801 375 697 197 437 825 289 248 489 907 745 352 391 705 992 719 776 897 937 170 161 305 561 403 773 721 301 645 629 169 457 397 81 145 411 407 593 625 677 999 927 657 361 509 517 789 173 429 145 973 537 915 197 465 957 131 377 177 777 457 213 41 265 697 573 177 940 859 9 577 226 697 873 353 769 873 373 767 937 713 991 814 493 257 601 975 727 259 109 421 857 423 159 857 797 881 912 369 399 992 9 193 611 79 137 673 937 679 267 916 247 287 12 817 285 145 553 917 283 977 345 305 505 325 693 460 322 793 361 939 979 253 829 767 257 137 708
897 729 465 591 745 105 75 281 467 530 497 893 865 798 975 187 524 113 595 43 541 125 385 633 65 467 419 825 931 832 191 449 65 399 403 738 201 989 892 461 737 753 905 989 609 973 785 312 877 373 447 825 137 999 613 49 933 809 165 857 41 801 142 465 193 129 209 609 256 202 523 26 833 726 473 149 995 849 801 417 297 833 191 454 629 501 803 977 403 534 289 497 159 713 417 565 713 233 973 952 385 625 777 355 89 629 625 575 665 876 119 25 929 929 93 883 89 265 909 89 873 369 337 699 41 345 137 897 597 97 905 161 317 95 946 445 41 401 772 901 561 759 737 276
184 761 409 321 909 129 361 615 929 87 73 694 873 401 737 729 486 445 89 907 761 675 571 429 375 541 589 985 101 884 873 377 677 27 69 783 245 815 185 905 53 425 659 145 697 423 25 625 612 41 253 273 317 309 341 775 777 685 345 478 97 313 227 505 623 869 735 379 257 268 337 481 609 269 841 765 931 897 727 401 469 345 369 981 507 33 153 33 73 737 769 213 257 33 761 977 649 861 135 405 914 361 169 26 523 215 445 841 137 193 619 297 333 513 481 705 217 49 680 577 293 801 905 654 505 865 333 113 417 137 521 384 565 941 345 839 253 557 441 73 453 415 895 545
353 121 777 477 963 165 302 13 281 841 897 12 902 861 513 568 673 813 613 33 171 58 315 157 189 545 233 897 415 405 969 729 31 274 489 54 473 373 113 806 633 12 62 977 233 213 721 269 697 212 137 365 145 431 473 83 435 985 233 468 993 409 581 594 437 725 249 921 429 937 65 629 473 919 737 887 639 113 705 246 589 665 9 849 665 655 681 521 489 561 750 545 561 33 817 218 209 13 785 549 155 481 153 921 713 591 561 471 140 685 282 825 491 119 289 311 497 209 369 803 441 833 617 33 429 711 615 74 389 849 637 519 993 457 137 537 473 357 117 21 753 375 113 729
317 833 797 384 141 941 417 303 41 537 350 329 625 885 71 75 653 553 361 390 241 739 27 405 407 293 141 972 537 769 571 599 169 951 289 345 151 769 283 689 497 17 561 1 129 64 489 287 642 929 521 589 249 289 359 25 131 47 402 715 20 50 937 345 742 465 417 796 668 581 185 220 115 905 25 975 89 149 671 569 571 241 65 351 553 817 750 613 241 705 881 166 789 665 953 689 839 33 895 265 581 604 383 851 901 435 465 41 475 337 99 725 385 898 89 585 325 333 393 113 341 337 449 576 663 401 1 809 369 33 649 437 889 726 202 195 177 97 159 371 937 677 273 408
737 151 915 209 465 365 725 391 746 430 257 575 329 589 793 817 209 801 986 17 41 16 58 318 764 389 233 63 581 816 624 25 825 789 829 187 210 689 833 297 337 313 417 497 767 768 615 357 717 81 785 723 197 439 761 585 449 665 847 200 681 275 961 37 387 79 447 97 825 633 433 363 806 409 826 913 993 487 576 121 251 151 461 261 1 806 9 109 499 889 429 305 665 859 265 583 601 979 283 905 913 119 795 311 153 545 425 641 487 293 551 25 369 881 381 113 867 521 961 113 777 349 113 957 678 17 697 17 387 113 317 265 225 413 329 745 580 885 117 729 641 961 639 914
173 441 545 125 153 529 620 523 121 569 475 33 959 369 870 457 529 89 617 529 747 396 549 563 945 723 119 513 169 241 405 951 837 865 923 991 161 633 855 154 97 471 921 561 525 439 769 989 761 223 657 328 633 233 993 195 937 251 789 797 2 823 55 395 801 771 254 233 893 841 329 353 551 609 969 68 805 797 731 719 914 61 977 161 321 347 861 909 321 858 891 88 417 969 161 521 629 377 7 545 33 933 28 601 89 701 737 801 739 656 633 35 959 809 249 105 577 769 509 589 623 39 53 633 821 291 242 325 593 5 753 549 369 181 529 97 120 811 973 385 1 977 297 154
545 188 907 581 929 393 721 183 465 33 645 361 103 473 417 871 223 303 129 563 269 415 773 177 75 107 41 846 193 405 798 913 885 945 609 801 543 325 567 265 553 901 441 177 335 585 233 753 209 770 266 349 545 721 773 425 601 821 841 579 825 213 223 737 401 633 504 577 98 177 905 661 967 75 257 249 118 644 737 289 875 81 737 761 573 11 651 353 257 761 519 654 283 511 409 805 185 511 607 185 433 673 589 665 321 117 509 589 273 568 137 273 137 701 441 549 609 281 721 959 601 57 841 205 618 789 785 429 425 129 207 273 553 53 449 265 53 657 101 841 89 486 405 164
595 169 416 235 229 53 131 748 257 691 827 885 369 342 41 425 577 934 301 555 785 281 401 949 763 557 609 197 713 414 953 270 585 389 614 988 433 897 913 301 285 109 361 369 475 873 103 321 433 526 481 297 861 403 183 736 231 517 961 227 345 627 700 991 313 985 373 405 851 317 457 669 897 491 451 123 629 709 832 561 787 863 283 753 369 705 739 809 307 873 425 685 501 342 517 329 131 982 185 653 297 113 353 569 128 113 252 667 73 595 950 619 669 639 281 881 765 930 241 793 455 207 552 2 303 461 647 807 9 81 797 249 829 73 184 105 829 928 971 577 793 465 963 9
609 979 837 885 581 145 898 854 769 665 481 349 337 577 373 971 713 665 423 585 62 481 889 721 489 523 382 883 945 859 985 297 497 873 534 313 825 981 849 818 573 751 15 409 973 295 131 577 721 1 787 569 649 32 385 281 934 744 799 331 329 193 761 618 225 937 911 265 150 25 272 513 369 325 365 871 465 503 133 393 929 863 221 293 541 321 195 153 109 285 133 851 23 509 720 49 113 49 19 77 177 799 209 721 369 185 145 858 593 113 491 553 569 797 89 678 49 901 777 42 9 559 217 874 197 243 725 957 553 561 145 442 289 433 477 232 561 761 287 614 459 301 715 33
761 912 557 275 913 305 931 330 777 633 730 179 621 177 871 549 57 693 73 585 217 459 771 73 577 737 973 647 237 737 520 945 185 393 585 81 85 801 661 329 269 566 210 321 153 889 658 91 791 801 545 705 941 156 73 689 154 479 705 609 329 335 231 881 169 945 69 105 260 213 525 152 716 177 533 1 933 741 537 275 276 381 481 833 849 943 609 385 161 25 477 841 921 1 518 81 817 579 753 603 473 749 949 697 769 573 959 389 849 153 225 889 511 961 689 697 817 421 803 783 777 203 357 269 987 16 713 985 289 479 628 981 559 877 884 217 347 646 873 201 913 419 15 457
9 225 147 985 779 184 159 137 961 185 441 217 117 17 876 23 57 690 709 309 947 490 129 16 998 445 325 833 757 25 485 182 351 414 265 397 625 957 633 475 747 181 259 864 721 793 221 237 529 979 403 573 481 789 571 946 361 865 745 183 63 385 201 25 153 785 897 273 919 545 529 313 236 81 885 65 947 505 633 273 689 829 534 789 237 577 521 508 393 817 665 325 865 597 137 453 969 231 793 337 601 569 905 769 102 817 705 721 249 361 441 961 803 265 777 333 11 817 633 821 143 209 473 369 925 353 251 761 305 279 1 482 745 201 169 511 57 887 949 982 502 237 569 653
315 529 111 840 45 137 309 742 743 553 401 837 985 411 521 613 484 793 282 73 341 233 111 49 89 945 788 753 171 701 291 729 973 485 273 401 934 116 57 421 369 137 162 553 873 745 700 338 284 961 682 921 763 291 275 728 828 805 881 513 289 978 369 58 353 248 437 239 705 711 557 181 638 866 213 1 72 547 129 512 861 125 761 625 521 841 161 455 925 721 401 348 905 97 913 749 846 481 682 145 604 374 7 689 885 41 413 81 763 833 409 397 913 389 409 561 738 103 734 1 981 45 113 941 193 263 33 559 235 720 872 457 433 701 833 161 481 437 537 815 291 216 663 601
361 697 387 537 369 783 269 396 601 333 425 313 81 747 409 425 137 1 805 625 865 673 169 597 373 490 209 897 809 905 978 429 169 801 126 317 716 849 173 677 833 81 825 899 385 625 633 961 89 129 445 797 489 701 37 217 237 343 745 917 349 957 105 235 585 161 977 793 73 982 489 751 121 292 577 865 659 743 993 513 17 301 105 745 658 769 253 305 793 321 917 121 847 1 195 501 458 191 465 769 42 869 620 473 640 151 665 551 657 381 930 58 107 221 105 613 281 281 973 249 237 425 877 176 124 593 529 745 497 5 805 905 393 659 611 9 137 759 613 705 441 483 113 415
309 33 145 413 361 171 13 585 465 561 314 313 923 299 553 3 717 133 237 715 683 993 253 684 633 305 681 185 497 923 991 321 85 745 621 257 805 597 697 493 120 811 340 393 353 760 604 705 257 92 665 383 113 449 129 457 833 40 689 266 995 785 173 776 969 45 113 553 293 561 189 925 528 201 193 957 89 553 383 193 928 313 577 513 53 589 905 289 333 553 625 161 546 761 905 41 313 521 169 314 419 321 329 651 801 163 153 245 993 933 1 389 84 905 205 733 981 213 753 558 405 259 431 261 153 893 897 833 489 937 729 213 429 81 439 25 65 72 333 669 169 541 401 317
217 752 151 329 523 761 577 321 333 728 625 641 617 635 275 974 859 118 641 604 619 57 930 311 515 513 225 521 1 743 409 401 789 953 525 921 257 555 17 817 125 473 621 565 477 377 41 737 351 783 961 445 377 572 795 89 639 149 825 420 321 393 519 237 821 215 33 365 633 593 757 809 485 625 18 499 621 969 933 141 337 737 462 371 235 897 737 849 911 473 457 729 969 441 330 145 507 17 817 7 236 161 169 553 789 505 668 25 641 265 673 338 385 601 653 228 633 369 417 529 1 513 819 533 231 329 282 489 689 79 889 20 259 635 764 177 155 57 573 768 41 649 521 866
667 113 697 759 675 993 489 697 457 209 9 401 201 537 109 673 453 143 219 585 153 883 793 409 885 689 873 345 383 401 873 81 961 72 153 13 473 937 305 777 905 161 669 457 649 665 729 681 803 969 687 545 644 61 701 441 554 307 917 779 63 801 521 294 109 451 237 425 153 339 481 105 465 957 932 449 847 79 321 382 761 251 713 481 13 121 227 465 918 311 369 645 377 857 185 577 393 249 109 225 103 177 409 573 897 449 769 473 686 231 940 953 985 435 793 545 697 332 253 475 281 465 100 388 469 779 665 217 869 353 1 847 801 25 761 785 841 25 225 975 13 653 463 73
561 107 609 153 49 407 817 789 41 162 525 177 227 1 665 471 943 145 417 158 455 919 492 837 71 209 25 201 881 901 815 652 265 995 345 471 561 762 897 313 753 513 109 969 113 665 49 645 845 812 373 905 949 161 867 445 417 681 475 357 932 85 324 765 665 697 929 579 577 265 321 729 785 823 609 901 457 401 425 469 933 353 637 29 709 607 51 305 657 311 133 489 781 769 401 717 85 880 689 221 856 721 49 23 885 153 117 849 121 737 905 929 129 953 813 791 943 756 6 753 913 885 177 570 981 513 729 153 629 489 345 217 875 18 947 497 969 690 65 193 25 412 64 865
595 753 593 357 661 681 714 677 549 817 934 293 329 65 327 433 537 665 465 354 673 809 774 370 635 573 617 257 833 853 785 527 345 911 297 199 413 1 62 561 427 881 401 93 321 233 571 25 925 279 865 213 353 337 3 251 37 703 213 25 961 617 297 609 177 25 605 273 767 125 497 920 569 832 175 585 615 817 201 833 785 241 745 638 75 977 573 240 353 433 494 609 645 873 671 447 505 953 153 619 937 334 337 309 763 761 549 937 345 233 977 301 401 225 953 89 953 607 845 835 399 969 209 573 839 161 571 465 969 584 646 753 118 329 233 207 729 861 72 72 592 189 763 327
33 189 305 49 728 733 653 649 68 518 985 449 17 875 753 652 987 433 985 107 752 793 761 865 225 576 17 385 395 368 601 245 410 955 902 389 387 706 97 225 585 593 33 82 161 921 925 705 197 425 689 905 458 809 561 511 635 307 907 511 415 427 776 580 417 717 685 548 681 194 746 927 313 921 485 518 965 613 349 593 665 345 106 9 39 205 7 857 665 81 411 705 555 681 369 81 353 625 29 209 502 154 857 49 142 745 1 337 49 113 479 137 553 231 151 311 783 997 945 765 971 953 641 251 401 212 449 377 749 329 649 383 817 113 617 131 345 569 185 745 433 177 561 153
779 21 153 477 177 225 775 339 273 9 681 137 285 153 413 577 81 9 962 351 573 261 521 935 319 75 743 427 633 1 729 897 345 527 829 697 305 33 809 81 9 449 329 793 563 169 318 152 629 889 737 819 89 984 57 323 155 706 205 566 177 913 867 305 361 613 701 166 913 521 873 49 409 849 65 6 913 289 313 533 189 839 113 195 121 773 484 325 561 880 949 657 937 537 881 236 170 857 718 665 49 697 377 569 697 737 385 177 573 477 960 573 697 334 457 27 535 947 857 787 189 241 361 385 937 161 313 503 665 961 989 267 9 897 473 833 127 861 867 845 129 829 801 673
937 885 189 865 401 773 858 297 132 31 921 235 609 609 112 509 442 125 27 602 665 102 953 953 615 181 883 975 33 961 825 21 801 169 216 985 905 881 121 785 246 463 108 297 121 909 289 633 209 817 379 487 709 853 409 41 445 921 221 97 206 327 218 346 155 180 729 529 879 591 993 65 313 972 449 817 33 585 985 91 131 833 749 553 137 797 913 399 441 977 379 565 737 792 447 305 601 17 801 981 813 463 57 715 773 685 17 663 129 257 393 349 913 536 292 641 212 217 153 49 955 515 649 521 981 609 481 833 135 65 865 853 565 799 464 849 960 238 761 165 529 233 877 924
869 203 237 721 941 57 461 33 313 993 713 581 593 861 289 65 693 981 954 807 553 351 881 229 929 842 137 861 765 493 25 249 323 49 400 613 985 233 305 381 993 337 551 882 158 925 667 467 729 425 241 545 909 481 63 213 473 337 465 745 729 343 873 957 985 985 321 729 729 247 942 583 795 665 987 185 281 711 888 537 903 405 817 313 394 775 697 740 665 233 789 935 41 567 273 633 905 799 17 953 258 849 471 769 313 712 329 529 17 897 724 967 681 505 483 471 281 813 985 673 209 572 765 937 753 276 465 885 913 145 591 464 697 451 863 33 639 561 41 57 65 769 438 132
149 545 505 209 193 505 69 45 645 765 833 649 245 789 65 33 781 405 736 601 981 105 721 697 215 679 429 451 725 497 13 601 597 531 849 114 659 447 73 678 445 401 441 985 615 858 153 273 553 857 974 747 729 814 275 889 25 217 625 753 392 505 97 580 182 497 11 509 209 865 27 693 145 825 333 734 904 45 425 515 617 161 337 117 489 593 635 384 13 747 933 641 577 625 345 203 675 671 281 547 761 897 377 833 977 529 153 634 937 601 415 433 117 413 185 297 870 809 979 967 779 929 457 269 937 527 792 264 257 859 73 921 663 793 822 402 325 161 91 905 139 969 874 553
341 441 474 117 580 929 165 829 985 633 753 1 105 804 905 393 89 797 297 995 917 985 665 81 101 910 153 33 73 663 875 461 457 841 357 326 865 475 805 677 405 53 401 85 73 817 673 681 669 786 665 529 607 641 249 113 973 73 724 271 823 350 474 339 279 689 864 561 677 629 327 372 497 713 285 859 393 247 582 524 589 389 89 545 316 633 443 353 517 890 813 643 113 285 321 320 948 981 673 169 389 625 149 649 923 357 573 181 241 785 233 89 81 825 7 217 733 109 993 873 305 944 633 527 290 553 59 661 226 541 131 481 633 134 463 593 301 493 445 697 160 169 329 481
473 961 617 715 478 449 971 383 197 14 177 353 817 769 505 141 565 801 12 401 351 37 129 329 283 359 824 641 43 358 663 43 1 561 961 941 673 219 83 497 449 81 44 96 41 625 315 969 358 753 725 451 843 865 746 465 279 938 925 25 190 314 945 609 921 679 761 385 641 881 217 581 145 653 161 329 881 817 377 871 323 158 793 899 857 777 569 735 366 737 893 543 829 665 329 949 537 804 891 33 1000 191 66 937 657 729 653 869 463 93 713 78 99 33 593 460 78 668 199 599 785 197 441 367 425 129 817 953 439 948 41 535 929 449 749 769 435 705 613 294 503 9 29 531
227 55 295 141 849 131 233 945 269 471 429 89 369 61 961 565 106 1 577 619 513 629 869 99 801 652 537 429 233 521 159 209 225 942 123 401 287 666 989 593 844 985 305 937 109 769 713 49 217 470 955 238 185 41 109 993 944 340 841 949 273 301 778 357 493 553 45 881 317 597 966 857 405 433 935 81 729 925 172 417 685 593 397 401 489 921 549 619 893 883 153 609 609 455 985 966 65 93 913 553 86 165 569 361 947 401 9 821 999 801 733 417 550 753 633 225 433 953 569 745 901 41 409 153 361 441 985 24 129 1000 825 873 711 145 529 127 689 161 101 547 273 198 217 174
9 661 33 623 577 673 513 975 105 629 265 126 209 789 925 383 466 689 725 855 945 649 113 566 989 737 376 237 75 959 908 899 873 257 762 251 1 433 701 601 327 765 983 889 473 193 121 171 211 163 15 619 889 873 423 214 128 961 849 913 445 250 98 901 460 249 281 493 807 489 983 193 322 468 105 933 701 597 353 889 963 498 703 127 12 681 851 589 517 36 927 393 61 965 377 993 857 413 129 489 17 429 4 549 777 308 229 879 73 817 201 689 607 749 537 353 101 641 281 601 937 580 763 900 785 929 709 747 733 483 721 955 1 879 17 369 79 31 677 667 163 957 796 889
265 270 143 885 385 322 43 886 834 925 697 137 633 713 921 593 273 611 209 41 955 100 393 369 517 146 273 637 367 375 441 713 833 161 519 231 773 757 813 129 957 829 253 489 974 20 753 551 353 473 726 261 261 113 207 561 929 913 248 349 241 73 9 345 489 799 239 185 494 753 283 29 365 353 743 161 165 821 512 531 612 381 145 934 425 121 557 745 741 32 513 705 981 297 112 369 910 817 25 611 329 281 793 389 381 879 513 633 807 853 39 493 825 641 997 993 953 297 715 969 945 929 513 601 368 173 31 222 109 105 893 665 485 833 980 505 505 621 763 585 969 885 833 896
205 997 165 145 252 397 303 923 265 369 824 385 697 185 805 825 253 613 981 363 57 329 845 921 246 282 77 177 567 729 9 454 279 189 985 489 137 427 397 511 361 513 641 461 897 47 461 66 697 273 773 587 927 829 329 559 484 35 623 413 55 395 413 555 661 1 689 381 589 927 185 587 192 589 590 621 189 457 883 633 9 792 93 458 217 505 241 753 353 889 737 81 25 597 445 836 953 603 401 655 569 81 393 981 809 209 539 115 484 348 529 129 424 585 377 881 425 43 983 337 905 809 707 305 727 849 678 154 199 377 529 521 985 889 601 329 605 524 101 301 901 684 953 239
325 201 505 867 953 593 145 589 509 29 693 9 504 961 794 429 297 165 697 955 242 601 569 121 525 873 877 705 745 57 269 839 253 889 661 265 994 589 507 33 593 949 699 673 647 936 801 56 989 606 719 161 867 857 591 73 859 977 553 1 981 881 687 81 329 917 945 737 833 841 663 265 589 833 713 582 977 863 969 699 593 489 911 41 61 217 969 185 637 821 461 155 329 105 739 609 393 225 361 353 889 621 417 783 17 1 233 693 701 289 441 631 195 630 613 903 713 339 553 49 381 721 81 806 233 185 665 916 596 755 201 175 326 585 964 585 567 641 953 905 497 591 348 895
607 841 875 925 839 213 657 265 113 225 841 529 945 501 609 665 409 575 689 358 621 897 139 877 49 298 495 329 466 105 419 503 557 377 537 81 25 76 395 241 125 631 354 389 653 688 629 283 96 945 793 557 253 681 201 997 771 913 529 489 151 501 265 225 129 335 353 643 161 481 593 471 489 929 633 227 721 815 737 929 650 793 569 821 149 725 689 69 353 290 533 913 715 531 928 957 699 803 313 307 489 491 855 209 531 682 377 429 69 331 81 105 501 719 835 761 921 169 857 963 125 929 403 947 921 455 73 63 585 33 169 589 473 429 901 856 465 218 153 298 678 521 865 577
933 5 991 385 937 95 889 865 521 345 561 781 113 519 57 865 410 537 745 639 141 379 105 176 9 493 133 681 1 951 822 409 26 269 17 291 564 729 501 257 881 825 425 273 177 875 7 937 651 721 961 85 848 355 249 869 271 279 301 705 533 343 769 911 451 265 641 41 961 117 57 649 473 697 775 655 899 9 647 701 445 783 161 397 48 697 993 205 826 553 779 477 919 476 519 249 191 582 217 145 491 185 922 238 117 219 409 513 953 225 425 81 399 973 833 110 105 693 340 981 727 901 889 996 401 97 646 529 779 69 37 485 439 629 577 559 829 563 996 878 145 845 161 681
905 596 841 73 309 110 397 492 501 833 465 374 921 329 441 429 725 725 643 977 97 457 897 271 793 953 777 425 793 270 665 313 205 195 596 233 345 85 137 977 33 523 683 763 49 399 873 749 485 309 873 407 827 285 384 545 153 123 623 321 785 855 33 617 377 721 659 657 283 501 787 932 569 812 629 953 493 945 649 49 493 297 281 329 657 353 769 337 287 68 129 605 985 21 152 107 988 25 971 348 421 991 537 568 905 177 521 361 197 103 921 483 354 525 602 657 705 41 555 970 33 995 897 636 575 573 555 489 644 902 177 405 373 757 827 709 327 33 873 35 957 465 737 487
530 161 385 305 885 371 486 792 383 189 689 423 497 993 561 767 403 557 961 657 905 921 141 473 621 673 236 245 201 147 666 750 33 441 957 591 989 39 65 653 588 410 565 239 425 553 494 448 365 225 523 141 641 897 467 593 197 585 137 197 385 894 432 337 182 363 969 841 489 397 579 252 799 583 561 957 573 263 94 105 119 225 353 433 809 601 373 117 665 902 927 909 839 561 769 24 717 673 745 709 558 774 406 873 527 841 545 153 947 585 337 495 657 561 925 374 95 729 657 185 993 597 732 137 545 33 315 745 169 287 601 961 94 821 897 855 137 185 125 107 759 39 565 81
342 77 436 801 985 585 413 168 391 785 609 585 129 398 529 81 881 217 41 167 497 261 850 99 189 177 129 255 593 769 505 453 113 801 561 109 771 649 313 109 561 810 273 585 667 609 569 569 681 742 303 719 561 825 461 673 66 404 321 543 65 505 233 489 975 313 687 57 417 160 835 705 83 289 485 789 897 865 813 746 89 733 298 65 689 409 527 506 125 147 660 921 947 431 622 581 453 849 1 757 540 668 40 933 201 315 361 930 527 219 833 619 269 50 337 41 431 371 286 693 849 217 328 633 59 576 591 777 271 313 889 216 21 527 333 147 184 177 857 203 849 925 953 561
169 721 892 933 765 745 877 733 667 225 863 359 187 937 89 809 853 599 425 872 787 721 177 33 939 33 343 465 677 467 305 451 465 133 971 233 531 809 337 89 205 389 647 659 445 51 313 320 465 427 557 114 379 429 809 225 565 3 18 441 817 686 245 661 965 857 273 724 960 329 825 985 567 525 121 833 173 289 767 969 449 489 655 763 281 313 423 195 817 453 676 701 401 745 913 873 561 993 401 675 354 858 857 729 437 183 930 803 261 244 557 1 777 462 47 615 673 913 33 529 681 757 401 153 756 345 193 299 1 39 233 417 689 141 945 721 561 293 712 657 402 31 857 893
203 641 681 25 913 986 113 207 362 180 622 164 225 153 499 129 301 951 585 334 553 805 329 776 834 993 801 682 208 729 366 833 325 423 841 185 499 177 785 472 938 3 853 255 949 104 827 577 993 287 929 289 881 776 445 910 193 406 383 681 669 529 957 593 466 577 895 206 121 204 460 723 472 921 745 957 875 209 421 165 386 69 669 76 791 191 657 57 785 311 153 224 23 80 353 714 697 867 105 913 176 184 65 265 842 257 665 857 325 603 293 713 937 229 289 317 801 801 681 835 673 574 497 136 209 239 833 401 833 69 571 625 801 839 330 697 512 753 545 281 543 473 345 517
525 878 417 785 425 721 929 509 366 433 525 465 489 9 272 617 233 997 875 832 992 9 585 690 81 295 792 645 401 485 715 24 457 673 271 911 718 299 881 121 451 385 652 863 257 129 273 347 589 513 345 84 585 353 711 113 201 563 191 747 751 648 177 913 281 268 5 244 769 225 100 545 569 33 97 601 875 254 537 929 445 53 365 897 916 713 889 947 339 785 827 833 425 437 989 961 633 353 712 505 167 81 489 657 389 265 249 203 657 345 431 185 849 481 265 121 209 133 155 857 783 410 761 571 503 913 915 493 9 449 157 533 309 977 1 945 262 936 425 490 966 41 689 553
349 578 97 987 891 427 459 427 421 428 837 149 307 813 37 973 433 665 495 137 457 121 313 403 825 150 382 481 875 581 345 821 960 969 425 236 173 53 81 325 149 865 353 193 145 953 145 348 801 85 265 601 865 169 929 85 993 925 319 132 75 947 711 775 377 753 313 97 807 633 521 933 641 31 257 253 927 347 57 733 189 38 349 941 273 41 457 793 215 173 242 933 13 597 301 513 345 765 149 509 439 147 819 161 649 937 171 129 617 549 69 745 361 537 265 705 477 377 748 609 292 5 57 953 461 751 41 912 761 249 931 377 871 287 793 369 851 289 417 31 945 717 449 81
587 482 541 19 237 61 337 593 729 21 267 17 869 545 657 871 161 777 318 956 552 897 81 213 25 329 894 311 315 585 337 185 721 25 793 617 453 153 599 561 785 21 709 321 61 409 569 405 729 833 87 151 217 401 775 897 837 593 497 327 33 780 357 229 73 973 777 125 977 321 809 217 393 633 737 677 193 857 905 521 772 153 73 279 169 301 33 185 163 367 477 917 821 133 311 720 593 43 593 65 229 521 993 193 686 829 161 713 657 385 492 577 220 337 993 321 347 559 545 521 81 873 504 289 137 217 837 937 519 652 689 849 901 609 929 811 444 9 545 379 993 685 217 17
737 775 307 551 712 801 529 233 619 889 617 553 97 88 159 181 561 569 289 601 49 985 257 305 27 277 789 465 847 693 465 169 456 841 585 617 762 617 957 129 129 76 307 689 627 853 673 409 369 489 913 789 969 21 925 780 453 17 233 273 293 127 872 257 81 201 41 641 747 781 185 881 529 817 887 915 653 19 737 613 5 945 329 933 787 865 641 61 134 329 595 534 73 417 426 357 841 145 385 41 961 54 793 929 442 865 857 505 114 961 71 545 997 297 513 918 861 681 777 929 785 297 453 189 121 241 549 33 995 208 1000 201 839 393 577 943 385 209 561 743 633 997 693 399
977 657 305 521 402 567 257 821 275 623 105 129 949 203 377 809 697 625 695 361 211 765 254 993 218 337 559 9 893 407 30 81 713 305 409 943 385 365 441 648 955 413 913 349 511 562 829 42 905 795 129 225 86 897 921 241 546 941 409 721 45 605 21 593 441 189 169 13 977 625 781 835 109 201 793 689 825 49 313 73 417 263 260 901 840 953 145 301 415 185 53 647 1 825 787 288 46 995 681 441 5 261 225 935 841 185 581 23 569 233 308 769 305 604 369 662 489 573 201 787 121 247 947 206 289 993 310 113 361 807 457 925 381 324 901 861 49 117 9 769 773 293 967 401
283 849 201 49 909 261 585 95 411 817 719 839 5 83 665 993 300 969 281 617 687 865 617 809 129 563 625 453 561 66 17 181 844 385 129 209 389 193 749 213 375 177 425 463 195 65 427 513 819 197 141 939 313 993 625 649 579 869 533 708 520 629 993 317 83 761 906 793 743 193 481 296 777 329 81 505 626 965 309 965 651 335 113 277 537 53 373 203 201 721 401 57 817 647 740 407 265 329 841 65 213 129 769 781 700 909 569 521 825 992 422 201 25 665 488 415 745 321 145 753 961 853 657 319 651 753 369 417 245 745 25 973 194 417 985 377 999 337 57 905 81 817 594 657
133 415 657 221 737 701 737 777 433 401 335 328 49 951 247 745 933 521 880 641 985 177 213 331 57 527 217 723 861 759 529 583 297 507 170 242 837 543 643 497 657 227 451 809 33 785 986 705 673 849 647 269 873 308 513 777 277 905 497 143 765 619 305 273 913 649 369 769 257 563 505 343 753 25 668 89 793 293 137 423 105 529 905 145 521 649 365 945 121 897 701 35 749 417 717 9 989 87 693 688 449 303 953 669 136 369 660 177 897 553 65 913 921 669 397 333 137 359 517 188 725 921 809 733 499 295 301 437 480 912 549 545 113 785 385 241 873 873 81 289 474 65 185 185
53 321 557 129 169 65 169 702 385 273 81 433 753 473 881 320 585 737 49 479 645 213 489 425 985 373 205 11 636 17 252 619 477 811 215 961 313 806 155 161 441 101 423 169 881 409 369 745 139 975 9 781 125 139 723 189 57 409 201 813 149 229 361 102 633 515 465 865 702 993 9 953 449 71 617 345 353 505 609 647 249 647 804 60 409 679 2 241 942 391 652 35 29 693 49 473 165 353 513 628 401 521 257 417 449 197 653 825 80 527 753 41 473 28 601 701 225 81 333 521 421 483 455 681 627 743 769 151 361 129 145 852 219 988 309 897 737 981 8 157 467 885 407 84
591 423 959 827 561 713 945 61 401 849 721 105 189 761 81 673 221 667 825 75 721 221 467 387 701 279 1 617 941 495 445 19 617 609 265 481 833 405 956 483 896 233 549 518 45 497 529 915 561 245 649 881 681 361 633 512 917 544 835 355 854 897 775 903 281 833 119 475 865 763 675 477 865 265 609 390 265 601 565 181 577 705 401 721 743 478 663 241 501 569 899 873 673 501 825 685 265 907 9 47 111 545 204 873 995 118 893 757 455 737 931 19 159 361 905 340 525 951 473 205 253 169 201 717 5 569 721 702 325 785 557 989 769 401 769 285 213 638 29 421 913 101 897 75
249 426 113 715 377 725 713 521 465 941 85 269 271 553 256 489 297 400 945 76 897 537 227 827 335 705 521 225 445 945 329 743 77 163 881 545 293 5 863 441 667 665 243 329 153 215 583 701 213 669 969 881 313 977 433 967 417 905 337 565 865 265 985 873 779 929 979 223 852 511 520 819 347 719 927 25 289 225 61 701 274 641 758 505 979 5 209 697 449 534 709 697 663 913 105 911 957 946 549 689 449 289 489 480 749 693 765 689 405 452 805 127 153 176 1 841 921 129 357 957 245 385 417 497 847 77 496 385 713 949 977 129 985 165 612 569 177 999 188 473 575 573 323 749
905 585 977 585 341 281 553 691 157 921 505 745 831 345 951 811 485 715 75 349 57 465 717 805 251 977 860 531 369 60 849 907 235 817 968 137 430 817 849 637 878 389 301 793 763 153 257 173 397 513 560 777 521 673 605 345 89 203 221 595 270 759 188 937 791 474 268 243 549 359 473 579 470 647 861 663 901 89 914 437 649 17 671 37 313 967 357 417 42 173 773 903 299 935 990 457 33 493 577 209 168 775 21 35 609 241 398 225 97 433 710 349 879 421 585 835 147 545 499 961 267 481 31 309 266 857 121 375 289 9 913 959 669 625 161 556 783 313 123 78 773 490 455 565
978 265 253 302 985 562 75 793 513 394 609 559 352 785 793 781 801 900 881 337 121 617 609 431 184 685 147 809 328 772 681 819 361 209 134 717 89 263 377 809 33 105 561 33 481 769 705 577 588 815 173 501 17 653 657 345 985 481 653 705 569 75 265 581 341 30 329 739 825 627 732 564 153 249 88 973 1000 204 207 118 747 545 515 41 479 193 865 521 248 646 255 305 713 789 841 57 887 6 401 417 341 449 585 479 97 701 201 114 639 45 693 161 859 233 323 321 808 251 577 700 121 929 729 871 705 331 633 801 137 921 881 689 905 705 657 401 625 170 971 533 227 553 897 357
537 943 170 737 912 499 465 137 105 317 721 325 441 209 621 489 199 737 506 768 377 169 776 153 629 57 187 77 73 423 33 105 837 201 533 497 941 249 221 699 365 411 965 353 249 113 841 609 193 705 465 197 529 86 373 727 97 233 545 360 273 467 381 217 581 241 805 513 821 114 897 609 845 201 207 585 121 253 625 869 466 831 281 22 708 449 233 921 951 605 397 520 645 891 80 289 689 825 153 923 849 769 295 334 177 809 777 683 217 887 770 425 91 437 328 633 523 220 369 401 885 145 103 9 569 733 745 360 450 745 977 472 453 265 483 337 701 841 1 109 635 259 465 150
943 449 391 713 137 905 15 277 569 197 537 825 734 505 417 435 489 176 697 521 353 219 185 495 226 297 409 477 521 57 709 545 201 413 988 817 205 221 239 25 689 293 761 449 848 513 517 257 545 833 925 945 637 769 550 383 184 141 235 385 875 84 166 221 625 643 158 887 553 345 163 740 918 593 585 857 435 25 597 497 702 253 369 241 44 146 189 296 857 17 625 919 70 537 381 573 529 21 189 885 71 335 629 541 496 913 246 543 641 785 113 308 883 217 129 149 565 467 269 833 431 96 150 653 525 369 897 537 709 721 693 111 321 823 169 153 646 177 211 331 409 205 209 669
889 81 349 769 361 265 901 665 213 97 840 789 765 503 641 823 947 923 612 297 555 737 921 565 803 633 15 705 973 63 710 84 41 905 80 33 789 473 513 17 629 496 929 441 172 561 720 668 713 875 362 487 147 590 208 841 541 907 777 17 609 179 417 359 69 807 561 558 985 290 519 764 317 329 57 849 393 729 233 923 440 73 741 920 641 659 861 161 11 27 464 425 727 413 791 985 292 157 625 887 310 753 769 181 267 905 339 55 905 791 865 909 12 305 556 953 431 279 97 797 273 167 665 225 971 473 59 57 211 379 551 633 873 39 209 25 753 337 669 817 383 705 371 25
243 961 273 841 89 449 537 795 740 505 305 985 847 905 615 273 839 295 177 145 69 361 299 370 508 457 645 113 858 713 477 449 881 9 393 249 653 345 53 871 273 793 825 917 123 561 919 672 782 150 157 369 468 321 753 728 501 100 81 241 851 455 617 961 741 729 761 269 445 30 124 945 321 627 232 305 447 502 417 937 765 877 97 769 441 533 325 761 321 105 135 929 194 97 157 633 675 657 785 45 329 881 761 777 41 947 217 281 15 583 223 57 985 699 1 569 357 627 147 361 2 793 561 853 697 169 761 271 745 552 9 249 545 817 473 127 444 237 177 241 623 131 97 523
583 177 417 893 353 741 521 65 543 297 974 801 868 445 801 17 329 821 113 601 993 289 613 498 450 529 569 977 329 969 257 585 437 801 998 965 217 737 181 815 433 609 853 67 789 417 977 10 204 232 257 777 785 49 44 841 611 609 177 433 761 701 997 865 337 627 841 565 515 621 317 46 449 753 687 719 669 281 753 607 251 257 48 789 773 323 585 625 709 221 755 297 463 249 917 127 943 602 293 435 761 113 571 493 97 945 521 419 105 554 605 185 721 211 581 223 611 770 113 473 641 621 409 73 178 993 61 37 337 825 485 457 305 901 3 177 21 283 507 8 281 395 711 207
387 585 113 705 850 556 993 881 553 644 197 785 865 801 85 525 313 497 713 665 651 623 609 228 518 893 109 826 309 842 37 289 350 181 369 793 917 558 17 422 927 913 175 841 905 411 217 65 929 336 729 401 630 921 479 899 545 47 17 280 817 769 657 57 857 697 815 781 285 701 169 649 297 601 387 529 713 113 41 777 607 337 409 403 765 510 649 29 945 601 317 521 755 648 884 845 936 593 657 549 99 43 465 323 41 157 537 855 753 681 273 454 163 817 611 953 705 219 873 33 765 697 743 813 133 689 11 521 793 746 495 911 507 258 806 675 645 713 300 873 813 873 117 826
561 267 295 813 65 841 89 745 945 902 905 681 833 597 746 399 429 809 686 353 540 397 270 740 689 729 526 289 927 543 324 355 108 641 628 777 177 714 525 813 709 523 853 864 201 705 649 885 737 145 969 385 697 441 37 571 599 785 625 273 969 281 528 852 713 521 481 91 153 81 188 153 443 572 831 321 773 775 661 241 433 485 213 275 361 77 585 825 333 421 421 584 622 587 945 277 451 481 885 849 153 41 249 729 273 775 323 967 585 837 1 65 496 89 785 370 233 573 729 768 929 921 689 99 737 46 433 628 417 867 865 185 423 517 333 84 5 363 793 635 3 713 79 485
509 673 441 837 597 171 229 607 777 493 754 377 60 49 263 201 645 705 209 929 477 877 623 95 861 425 329 395 137 349 485 29 861 729 445 185 334 273 430 215 992 41 799 97 507 873 937 481 97 41 389 729 675 552 938 391 513 329 793 739 673 921 951 585 817 961 245 329 161 991 851 813 449 89 285 917 165 545 481 529 781 985 61 677 600 146 661 921 247 885 593 713 689 693 385 921 393 819 361 209 825 825 245 299 729 967 758 482 153 537 977 985 683 395 436 100 797 577 793 113 553 396 885 729 975 395 376 661 26 113 67 681 543 689 689 97 821 413 458 1 305 417 364 461
89 116 520 73 350 273 431 353 17 501 929 489 697 409 209 85 225 673 553 77 525 800 347 841 811 129 181 591 269 809 812 29 877 577 719 745 157 791 817 859 441 621 157 121 665 803 109 577 521 985 717 85 577 541 787 513 88 259 757 607 197 593 769 1 686 179 137 272 452 741 873 8 977 161 697 805 857 785 253 801 203 441 724 491 189 681 757 73 97 209 795 49 705 781 803 713 963 371 121 281 87 692 621 377 241 631 113 919 185 951 681 633 33 829 809 981 77 913 817 71 291 61 61 455 701 513 245 753 165 847 525 258 225 849 932 695 903 585 149 137 249 753 73 247
393 237 821 991 609 265 889 501 473 373 209 841 241 705 113 937 289 313 948 689 125 574 206 657 701 841 932 943 125 737 73 729 669 257 876 847 32 942 827 478 251 161 381 683 631 129 325 337 769 241 489 793 265 407 287 672 305 129 581 439 345 681 185 921 525 237 268 433 345 569 537 529 417 657 207 537 649 54 441 827 897 53 199 791 223 600 169 809 785 205 293 743 225 925 553 145 450 675 321 233 857 393 921 499 321 127 617 349 234 221 709 89 135 65 987 986 782 725 713 41 245 89 473 745 129 609 441 124 515 809 997 381 25 921 577 673 817 57 669 931 23 137 305 969
651 591 633 441 333 953 41 761 273 756 344 761 241 625 837 825 204 73 809 333 33 169 401 53 885 141 289 253 384 537 529 593 429 497 769 267 585 565 984 973 521 97 787 663 705 977 421 457 509 661 577 257 465 163 305 113 655 724 64 598 937 106 169 553 890 899 863 513 826 753 149 861 429 817 85 777 788 769 461 735 633 383 313 529 785 105 620 985 807 695 753 53 889 643 565 247 789 689 526 509 553 505 713 545 697 23 575 201 961 809 253 314 14 209 257 308 839 545 325 571 555 452 817 657 845 873 73 353 266 625 889 429 81 733 445 377 137 389 65 905 65 289 969 289
489 229 593 923 689 273 769 160 969 461 525 5 81 617 581 505 489 73 488 401 809 473 280 377 945 321 51 561 433 949 241 329 889 457 859 536 823 545 881 283 825 703 369 684 671 433 266 795 795 133 917 987 477 737 25 17 976 697 985 686 928 233 825 414 429 829 809 761 299 185 889 665 206 161 363 503 201 678 977 681 1 497 721 697 625 913 72 709 601 105 253 533 943 265 481 729 855 881 953 49 345 449 521 199 845 995 929 43 469 225 135 569 777 281 462 69 193 857 77 697 993 193 889 849 969 379 327 247 357 433 429 625 174 257 374 849 589 427 679 417 824 313 209 785
960 129 375 49 969 985 745 997 465 609 606 513 588 1 51 493 669 777 413 661 483 361 889 347 193 870 168 697 561 217 341 76 798 661 833 201 86 625 233 685 955 787 145 625 472 721 835 337 625 349 759 25 709 273 237 377 237 425 113 889 265 347 569 53 967 305 304 661 193 669 845 129 657 397 966 873 545 705 201 25 53 633 891 377 414 801 642 377 433 105 993 221 732 737 462 705 597 898 113 733 611 755 977 671 439 100 377 681 617 15 462 595 538 405 801 945 463 89 613 831 205 605 790 721 777 529 172 33 893 809 753 1 5 165 41 153 193 970 801 757 352 69 47 649
441 801 265 993 241 65 385 491 806 227 379 551 59 642 321 145 891 297 47 894 637 453 68 241 152 877 786 161 859 85 608 539 909 841 433 225 365 699 753 437 785 137 641 995 605 857 137 830 793 121 277 9 425 345 302 655 571 537 302 882 617 17 785 370 617 225 377 893 438 605 179 257 390 577 202 149 265 801 353 439 649 715 25 507 671 113 33 779 25 817 305 709 937 97 441 538 273 889 856 169 461 988 577 579 827 301 517 159 367 987 693 277 17 249 535 951 789 625 407 969 297 49 747 81 459 733 785 689 653 713 729 645 267 671 569 793 992 769 161 761 345 659 303 9
825 617 387 945 462 855 969 305 781 593 153 649 739 835 797 997 749 851 177 609 657 337 473 929 585 857 253 45 869 65 625 872 503 65 949 817 873 774 289 507 257 927 145 11 933 943 973 615 553 513 484 73 505 201 825 745 641 793 759 649 973 49 648 257 533 167 337 81 641 91 49 669 18 81 985 145 634 866 125 153 499 965 625 225 113 99 559 321 918 569 525 521 341 953 609 929 33 588 97 773 89 103 639 39 313 737 33 87 501 809 505 881 777 513 417 977 587 621 79 25 317 681 209 713 843 657 867 776 137 867 275 877 537 251 337 441 961 297 846 189 977 161 663 449
139 329 113 921 209 883 865 967 223 191 817 364 449 265 937 697 953 483 793 629 565 5 621 329 753 229 969 528 479 977 425 589 340 153 881 273 905 141 621 476 545 125 341 525 829 947 425 609 196 345 217 89 181 737 587 157 304 269 781 823 741 137 745 729 913 783 585 209 46 545 545 981 513 139 497 947 338 583 961 150 283 749 505 404 785 453 113 897 753 409 443 137 759 185 281 533 817 273 245 865 545 877 145 481 457 41 801 631 417 617 317 68 25 407 372 313 409 417 74 545 347 49 513 417 997 129 277 859 993 673 977 865 361 17 257 465 421 419 113 427 933 587 843 41
41 55 753 270 159 721 81 857 705 553 173 153 673 689 601 449 577 413 153 277 595 49 197 913 141 9 285 185 41 273 643 109 205 25 585 797 375 161 545 253 17 951 185 805 809 305 929 13 897 393 857 409 17 883 77 977 241 1 669 105 257 209 123 961 642 729 289 221 25 214 931 195 776 911 907 163 585 9 981 193 781 189 213 197 369 731 553 973 999 109 433 49 835 265 825 749 753 729 477 317 765 833 657 31 445 981 825 715 247 279 945 29 1 825 176 969 573 56 513 505 141 721 873 424 309 535 901 543 791 981 705 437 265 34 873 403 193 143 301 1 761 173 273 657
1 561 313 305 901 817 829 129 925 701 625 687 683 569 489 955 287 385 677 961 369 473 578 437 473 553 57 937 365 534 697 1 709 497 17 465 193 275 621 297 761 741 677 377 94 825 817 573 297 481 77 653 349 819 777 767 897 626 260 685 833 81 93 705 913 13 211 957 368 467 445 43 545 254 381 489 325 268 833 385 519 957 729 553 721 377 191 801 169 503 625 844 593 457 833 521 289 789 945 222 165 543 313 97 625 997 561 209 874 805 525 521 332 409 589 469 467 369 809 221 107 993 601 207 401 678 853 227 855 825 274 641 937 49 321 13 529 586 809 601 9 145 550 754
17 351 889 563 633 373 949 273 473 565 201 774 869 34 817 230 337 197 801 897 161 106 105 569 255 665 481 58 577 481 631 313 813 641 593 815 609 439 945 385 950 815 225 533 797 475 265 761 281 105 915 385 323 387 905 511 725 580 569 689 673 481 305 808 329 859 542 748 741 401 817 617 505 657 659 977 305 69 849 609 303 305 285 281 329 794 737 697 329 225 761 145 185 326 701 721 353 60 51 973 369 413 445 947 637 624 33 137 973 553 537 513 201 85 863 625 844 231 97 113 93 249 517 893 873 217 921 986 373 602 577 849 25 337 616 945 345 114 979 335 31 955 297 417
355 553 677 388 65 821 870 357 258 875 169 276 645 949 835 385 695 703 677 57 769 431 361 21 353 949 209 497 905 957 143 369 193 38 1 473 729 605 249 447 1 935 161 133 230 233 177 383 506 189 410 489 137 89 529 967 617 271 149 553 745 633 825 453 649 684 498 647 959 121 85 334 66 717 633 17 257 709 667 609 201 717 337 785 665 17 533 897 505 537 91 853 905 950 721 125 660 459 480 477 593 569 165 993 617 395 329 69 744 385 393 243 145 149 377 567 550 113 825 329 441 841 553 365 977 899 664 833 421 383 553 969 367 49 801 409 68 985 697 341 613 597 153 591
596 773 132 383 128 661 267 601 528 201 813 803 425 159 419 433 881 233 439 705 521 441 177 41 759 349 433 211 697 120 243 377 165 785 208 447 939 737 373 943 71 453 579 993 852 145 318 798 733 913 1 137 737 149 457 713 41 993 161 327 468 973 666 303 369 601 181 849 425 513 385 657 149 433 889 537 461 159 249 361 865 625 425 709 995 69 375 33 329 575 93 341 62 297 237 765 109 3 904 309 882 29 161 845 330 923 509 269 635 899 15 119 389 906 377 393 341 393 703 801 271 797 810 513 632 57 179 114 921 529 234 465 885 485 445 177 497 625 833 227 135 153 401 288
753 877 153 486 881 98 91 185 821 849 97 393 621 864 221 857 594 609 462 593 851 842 873 487 193 457 176 505 753 455 531 665 481 387 207 188 729 448 3 175 377 697 831 649 887 548 961 37 281 685 17 831 724 637 49 373 101 289 374 57 777 143 133 102 41 473 513 329 649 345 785 867 993 833 401 185 305 393 217 873 297 982 312 937 905 23 233 643 43 731 78 401 29 761 443 777 507 305 574 153 905 609 57 649 833 241 773 601 487 937 797 40 559 425 825 831 39 567 577 537 574 169 941 651 757 785 9 717 361 897 825 825 489 123 171 183 625 489 225 577 545 713 973 833
453 173 155 523 245 88 101 617 559 778 271 839 534 538 433 495 413 773 306 185 723 649 736 593 615 555 113 364 961 865 370 277 39 445 249 526 4 737 201 977 511 249 932 970 45 841 905 101 140 385 385 873 891 861 201 529 265 941 181 41 321 55 445 161 833 63 389 465 297 85 429 983 501 13 824 695 985 281 901 273 225 666 321 899 67 602 209 761 59 387 49 921 424 617 523 561 793 665 265 735 473 921 221 873 929 122 617 15 913 501 797 421 747 883 602 601 465 617 645 481 350 81 97 814 801 577 965 147 137 274 917 201 593 257 481 59 259 905 169 869 457 703 973 281
449 593 624 805 198 176 881 401 949 927 564 49 721 273 737 175 633 713 769 891 858 773 241 155 867 33 721 961 35 940 49 939 987 401 639 177 177 863 931 141 863 145 838 557 601 321 257 29 637 85 133 945 988 33 969 97 633 477 361 535 673 97 209 961 245 441 461 977 456 263 265 341 41 465 864 761 421 853 649 561 253 805 505 333 569 622 641 733 865 205 817 33 73 671 825 497 289 425 938 689 855 193 473 148 369 645 305 566 793 420 145 213 193 705 793 974 609 801 213 773 817 85 680 655 357 848 313 745 485 333 603 753 387 353 243 777 561 473 937 577 491 506 737 233
665 251 375 505 291 833 13 577 85 241 609 77 53 645 249 743 655 617 443 681 153 693 483 390 273 97 353 881 49 649 41 192 121 845 839 653 668 304 629 513 529 637 577 164 513 309 649 601 497 885 463 585 897 229 901 553 586 505 879 809 95 993 609 233 409 32 981 525 905 153 905 489 785 233 369 521 781 447 909 56 665 361 13 142 837 485 836 237 321 493 869 17 969 265 265 523 273 305 549 849 257 281 861 867 622 417 371 373 249 969 415 976 881 961 371 361 788 393 513 889 113 317 538 572 5 233 171 533 889 562 457 663 761 574 65 553 837 817 19 26 1 432 685 225
87 65 299 655 497 657 97 18 185 31 261 89 729 737 153 145 581 193 269 833 729 505 157 385 897 860 615 665 855 881 397 271 645 584 517 267 689 795 340 461 107 889 5 209 519 122 713 149 431 951 753 513 587 511 289 568 51 825 769 835 837 849 401 561 311 601 635 1000 109 820 663 817 406 798 506 801 73 825 257 469 451 811 521 589 793 593 829 665 21 961 297 553 327 49 689 973 794 901 769 337 905 425 761 545 714 893 761 349 313 65 973 472 259 201 635 689 262 57 17 17 745 673 447 57 405 625 585 553 777 497 691 189 889 33 83 13 577 897 597 945 633 147 241 773
689 441 953 743 105 692 797 585 117 177 617 949 771 641 707 727 213 817 611 49 769 417 57 493 753 793 9 776 266 875 901 629 633 949 201 417 731 154 255 321 409 161 633 341 429 401 563 845 425 87 289 878 713 865 945 716 565 801 745 695 130 625 199 213 533 881 599 737 625 177 95 999 909 881 911 561 33 961 893 75 841 708 233 391 561 513 697 205 781 929 589 782 549 969 329 24 377 477 593 145 537 517 704 273 369 897 761 353 65 369 985 737 905 445 377 379 417 803 993 465 715 317 369 73 323 743 61 793 779 897 529 999 663 475 473 225 492 729 305 33 425 320 895 273
493 582 961 787 721 810 105 145 489 793 797 33 147 379 450 590 697 476 257 43 323 441 877 185 9 213 861 761 312 304 775 281 967 496 25 853 431 264 201 541 503 493 800 233 613 671 585 469 737 484 529 677 273 29 665 685 629 489 97 477 465 281 324 625 509 281 269 44 371 281 185 717 97 881 633 313 813 649 633 609 777 112 841 679 667 169 937 927 231 571 289 249 225 757 169 325 173 537 837 71 357 7 809 913 814 437 513 251 667 305 295 865 581 832 849 623 397 11 89 603 829 929 689 9 481 465 357 425 13 122 693 949 433 473 157 633 257 377 641 943 982 233 771 65
937 677 937 237 401 415 949 270 613 277 641 857 289 811 865 605 23 609 153 65 273 113 466 657 939 131 171 819 293 818 753 201 254 5 865 233 265 613 527 543 561 427 49 968 637 320 409 639 185 993 872 705 585 141 875 760 673 273 55 993 225 992 861 377 281 29 641 609 289 497 881 186 889 508 536 657 401 409 981 689 317 425 665 130 185 129 529 913 915 785 799 393 962 741 274 301 336 449 697 421 673 744 503 273 452 945 583 477 309 361 409 209 33 247 799 993 395 633 477 217 661 993 101 81 429 9 511 61 457 273 843 689 281 489 427 473 955 175 929 509 501 657 641 521
57 11 577 436 25 109 83 275 291 497 445 691 541 569 37 748 633 49 977 716 921 971 73 697 433 633 924 225 923 401 323 863 364 211 753 525 79 689 224 560 569 143 445 201 393 177 365 401 901 441 781 775 665 19 497 473 249 993 843 721 645 405 417 641 425 65 721 641 633 15 762 485 169 174 321 831 99 905 865 799 717 587 253 73 759 315 527 485 721 225 880 605 777 846 881 537 73 225 977 645 229 537 725 739 405 649 137 885 33 777 689 875 345 853 148 834 943 753 131 363 337 169 937 249 249 717 337 456 408 130 517 149 202 510 449 49 925 233 628 865 289 383 425 481
306 361 476 969 513 437 457 149 619 755 268 298 577 844 563 121 881 445 907 485 577 849 571 157 337 121 569 427 911 457 353 537 97 385 393 88 905 65 487 963 247 699 325 825 881 209 649 645 985 337 137 73 323 385 509 57 560 301 353 75 97 720 729 835 895 493 635 125 587 358 712 224 609 365 577 993 586 744 897 377 993 817 25 941 165 937 529 109 990 49 937 715 899 973 857 457 257 437 225 569 329 491 561 380 730 142 201 921 653 303 405 417 655 665 969 885 439 896 569 713 225 991 257 877 597 301 25 145 875 147 153 463 625 857 313 545 183 517 625 409 25 233 97 405
531 434 561 501 761 821 845 897 993 71 761 57 965 225 574 249 199 25 854 127 377 481 915 873 867 489 311 670 543 930 937 597 24 305 557 473 697 285 851 605 105 53 301 885 569 633 375 777 45 109 393 921 915 910 841 424 246 185 841 317 575 491 665 888 38 361 987 185 487 284 725 335 345 497 293 593 81 25 403 17 281 867 1 121 9 707 212 569 441 153 697 865 977 101 181 381 291 767 784 761 761 113 901 395 281 117 120 697 845 877 790 697 969 457 516 417 305 301 951 117 327 769 177 801 201 377 137 383 321 887 953 554 393 729 309 293 633 951 649 949 9 969 169 577
573 15 829 713 225 713 231 529 373 547 825 297 409 185 533 21 17 385 549 665 380 380 537 17 865 433 17 769 417 834 920 721 817 561 776 61 849 755 885 97 217 985 977 361 73 265 775 631 137 71 427 945 130 623 93 913 245 649 612 791 315 697 781 473 629 299 505 665 33 294 883 701 472 633 633 969 465 453 233 289 675 49 766 81 889 729 312 497 429 359 297 457 345 645 25 67 865 377 761 555 753 425 663 97 93 253 857 908 617 393 233 717 729 999 524 498 93 937 318 831 835 529 351 593 803 55 187 237 512 545 781 849 623 697 709 673 499 551 605 497 81 875 817 29
801 513 889 633 825 728 575 939 130 737 929 655 675 39 837 913 422 369 873 405 353 927 489 769 957 487 525 689 377 839 597 730 473 169 401 865 305 817 941 629 857 505 768 485 995 507 849 289 925 901 965 281 81 14 977 721 717 504 489 715 239 733 559 415 851 81 505 113 5 55 193 785 681 385 281 227 787 361 529 186 41 987 3 937 169 405 667 309 889 78 369 485 81 313 137 574 465 773 331 257 757 617 783 401 130 873 165 857 833 894 743 161 513 903 217 609 465 504 477 913 297 625 473 500 288 86 113 1 553 105 865 603 577 467 305 822 889 357 573 621 145 239 727 492
883 865 33 797 585 489 313 406 655 977 348 113 238 449 53 153 80 795 489 601 81 367 847 513 791 937 817 713 757 953 969 33 977 9 269 172 153 159 13 601 194 163 485 321 625 929 979 457 923 461 721 481 57 265 805 545 757 713 265 867 205 591 705 937 433 673 101 766 953 327 731 749 705 505 305 549 955 569 642 391 599 865 165 789 305 974 965 561 61 881 913 193 969 455 248 665 985 931 477 477 897 665 865 328 209 181 329 17 501 480 409 4 617 837 201 617 97 281 473 673 183 827 185 35 240 713 129 867 529 297 824 895 557 825 281 570 777 850 951 487 562 982 59 137
735 779 151 787 237 85 825 155 940 313 353 740 561 999 553 881 9 913 303 561 720 353 199 980 881 767 817 837 887 617 993 939 785 521 279 321 625 201 253 681 16 981 105 387 729 237 425 521 933 521 413 737 181 745 769 437 145 339 462 9 129 393 129 993 665 255 849 228 946 677 945 141 337 341 145 369 801 379 473 459 377 529 248 381 601 961 969 383 821 697 441 241 687 66 205 545 393 698 57 523 745 211 129 547 923 125 673 873 97 248 33 891 313 881 617 369 157 709 521 689 769 437 729 33 473 973 173 264 741 257 129 339 449 782 697 609 664 465 572 705 75 153 121 719
481 669 597 7 561 973 520 193 240 292 673 361 80 863 857 769 409 531 775 821 889 633 201 657 873 417 925 131 980 125 649 313 321 857 841 717 145 362 57 393 837 815 153 883 337 921 349 489 441 145 649 139 385 312 57 549 453 745 849 461 899 481 833 97 908 93 937 243 657 238 638 909 589 367 33 241 429 550 49 967 471 905 773 715 959 385 768 377 215 807 578 510 189 813 975 185 393 487 553 181 823 825 511 273 857 369 89 481 711 709 927 197 249 129 729 175 737 357 240 497 985 297 369 433 703 41 525 19 255 882 145 630 721 671 401 529 169 755 257 59 773 385 93 506
137 497 101 195 699 1 791 794 11 73 757 801 985 789 847 83 518 411 515 657 125 521 837 645 705 152 935 73 173 537 553 529 689 393 393 1 847 451 854 1 817 169 689 969 552 73 677 493 44 625 782 428 763 339 225 229 551 825 321 691 209 345 193 665 198 141 801 709 884 33 241 129 99 131 459 981 259 982 145 837 657 977 817 73 93 529 59 372 689 981 369 357 913 269 457 872 727 185 265 229 617 393 448 89 569 417 615 792 359 833 789 55 105 763 123 589 1 981 962 85 445 353 577 829 113 765 689 634 113 316 881 647 133 467 287 281 25 313 447 753 704 409 863 818
921 571 689 829 209 617 153 125 777 69 421 313 767 921 973 579 337 738 762 967 102 725 655 51 293 795 657 901 769 65 665 574 613 176 289 969 557 121 617 793 175 633 85 701 409 817 801 741 1 593 533 54 960 445 453 627 801 609 513 302 745 993 649 733 295 353 487 901 529 615 913 132 169 693 433 393 289 409 705 228 679 261 74 449 987 169 353 223 158 425 497 625 145 409 793 307 897 559 858 735 677 681 239 945 881 17 985 10 111 113 773 721 281 441 54 462 19 905 545 675 43 945 301 525 253 841 473 595 14 669 33 313 585 773 65 959 128 469 993 721 761 745 107 145
753 394 346 233 207 962 926 531 557 451 501 617 745 73 513 739 528 151 329 799 284 405 9 89 937 885 624 313 631 191 557 585 829 695 15 867 235 169 484 757 689 917 73 825 145 371 225 479 489 797 545 623 65 625 243 897 837 115 113 999 217 946 673 577 49 1 209 594 345 489 633 969 241 577 785 547 141 479 233 961 609 153 729 249 989 39 403 523 945 737 541 811 433 995 145 81 555 961 816 825 631 993 697 73 727 709 79 689 69 953 575 105 445 491 533 892 153 117 733 129 310 677 535 865 177 435 481 37 145 955 127 553 982 193 259 353 375 729 465 201 408 585 369 977
177 233 177 81 143 137 867 81 61 477 342 21 177 899 873 489 331 969 309 261 257 785 665 631 673 945 171 141 521 177 83 761 149 1 321 129 309 747 986 57 937 609 817 513 161 721 437 713 593 241 453 993 529 418 321 645 712 895 621 681 497 982 273 468 771 13 753 249 869 523 983 63 401 73 145 790 465 451 139 106 217 707 489 631 25 510 749 281 321 191 961 550 509 437 400 441 97 863 489 497 657 969 145 859 527 25 549 702 375 141 925 450 985 177 841 433 758 314 241 57 721 929 353 793 695 223 489 673 265 841 993 993 733 649 25 279 705 451 401 209 813 115 689 953
999 599 17 553 277 601 4 97 253 681 205 889 891 980 809 589 791 14 841 363 201 241 742 171 843 773 277 429 557 513 691 341 529 33 809 353 485 707 769 455 871 89 873 553 175 289 789 157 257 981 559 284 497 405 601 763 145 749 663 179 577 609 943 994 525 261 471 237 785 204 434 368 76 412 433 802 457 463 345 827 633 329 721 279 447 193 407 837 273 409 961 801 161 249 743 193 989 257 833 676 965 637 545 645 977 453 65 361 213 128 361 221 374 701 297 241 617 633 588 707 633 297 185 801 701 229 665 193 187 833 197 309 663 991 6 972 341 774 89 657 808 57 461 735
809 601 541 469 377 547 891 497 65 9 572 197 879 85 993 833 815 209 841 245 664 885 601 127 613 533 473 569 457 265 593 561 537 637 17 273 529 264 657 481 21 981 889 807 585 133 969 211 761 913 569 753 176 193 745 961 329 845 853 865 147 531 59 954 33 1 481 953 705 315 287 771 389 833 617 849 157 825 969 501 901 673 189 753 705 721 17 104 841 545 113 33 529 755 551 737 128 239 49 125 793 801 259 475 393 350 175 466 601 25 173 359 937 560 749 999 413 91 933 883 33 653 857 649 937 601 383 481 97 73 231 569 681 209 542 217 157 409 881 999 881 794 49 44
587 873 391 707 371 47 785 715 545 833 353 841 231 691 581 943 81 41 81 777 473 361 641 537 17 137 409 552 817 905 9 223 453 289 121 64 975 513 833 738 599 793 657 681 300 463 607 689 331 128 833 123 245 544 473 401 889 289 209 176 337 651 159 855 977 657 69 820 639 945 393 25 76 425 101 467 989 21 433 833 713 983 478 905 661 549 513 479 961 577 599 889 817 933 41 422 688 889 818 685 606 878 817 441 881 665 29 721 817 821 285 113 485 129 70 889 585 275 225 245 158 516 753 149 17 967 265 233 597 382 537 937 569 529 1 630 663 63 949 145 699 249 873 81
732 369 593 309 401 397 965 724 265 97 953 817 17 745 897 675 401 613 35 497 161 674 603 773 323 985 941 229 651 129 261 841 117 163 569 9 165 233 80 290 475 33 467 522 145 83 487 123 913 185 86 409 441 985 295 845 503 505 559 577 315 89 109 185 565 552 297 977 593 272 89 429 553 481 701 337 593 53 569 250 367 545 985 56 265 729 495 177 775 145 533 33 929 155 7 323 989 573 632 473 687 9 657 309 993 161 507 178 863 379 761 329 483 985 817 353 933 598 872 451 93 577 103 415 39 156 591 573 829 225 613 689 709 617 84 377 145 213 169 186 783 717 189 979
799 53 953 777 809 657 967 997 89 969 441 195 33 493 505 4 737 865 761 302 519 633 893 873 620 769 101 648 817 973 721 625 465 521 769 255 564 865 977 929 997 119 681 72 105 209 948 199 881 209 150 173 88 885 421 641 513 213 985 593 363 693 569 955 745 265 826 393 269 617 805 345 281 57 179 196 345 137 926 869 561 882 993 25 791 215 411 739 892 109 651 475 469 209 617 861 601 681 118 967 189 729 287 418 843 453 899 508 761 133 349 344 535 305 937 953 273 33 689 741 233 661 233 977 977 997 781 469 427 897 847 169 25 129 785 49 705 75 801 169 179 81 807 986
994 601 949 193 561 332 785 266 657 57 563 239 193 629 309 845 313 259 61 607 851 433 249 313 321 791 441 561 497 23 497 177 715 593 505 357 451 547 641 321 139 881 369 866 619 325 365 553 481 899 745 73 403 783 205 769 925 699 667 109 540 508 626 1 942 529 669 289 113 113 689 713 397 637 327 471 689 529 499 825 504 977 40 973 935 945 449 129 234 161 687 583 922 745 309 122 653 193 31 975 338 365 241 285 361 118 363 661 617 357 625 296 167 1 81 697 473 499 697 75 873 762 734 161 417 937 593 271 1 977 497 853 719 339 209 249 649 267 337 373 493 941 937 849
1 18 397 750 513 295 649 45 785 329 467 431 709 577 585 549 1 656 865 187 411 673 69 517 191 311 521 85 826 508 9 396 129 273 193 343 765 757 825 785 155 569 801 365 669 837 653 441 849 338 225 891 137 504 838 41 513 196 757 937 313 926 745 473 347 5 45 193 457 633 653 523 241 910 609 619 767 161 166 331 54 949 801 505 71 229 275 593 721 969 793 857 854 571 983 23 313 429 905 937 593 201 851 985 221 85 197 915 11 977 33 865 470 799 841 745 145 757 305 78 313 677 105 185 177 834 321 153 257 788 665 193 309 353 889 581 667 709 885 726 870 501 513 883
137 839 562 353 761 893 429 737 9 181 124 289 361 321 25 879 657 352 17 17 897 325 829 157 921 103 249 697 849 409 532 585 49 239 45 675 859 953 385 703 617 771 69 48 763 729 761 361 489 518 89 841 673 737 481 57 253 561 465 989 80 321 881 857 711 841 185 917 233 9 505 393 217 377 705 135 953 265 963 617 833 863 559 305 449 497 881 609 617 518 783 772 313 653 125 769 787 617 549 265 193 731 529 321 953 79 966 481 433 539 413 573 201 629 236 881 685 703 491 889 913 353 813 735 557 216 271 281 697 49 940 409 63 495 283 446 649 709 448 737 353 459 537 825
486 681 385 177 41 371 345 911 285 844 657 517 881 441 665 897 183 981 305 779 573 192 405 677 257 649 893 439 393 733 95 499 201 591 135 865 881 884 542 97 683 137 465 353 873 741 653 805 233 765 357 849 533 900 89 110 753 305 137 513 44 617 985 957 665 981 289 84 797 933 225 401 473 561 468 641 97 139 487 137 49 93 857 889 681 825 37 861 121 633 241 389 123 159 221 68 193 665 813 907 465 417 881 433 513 785 507 605 241 405 561 773 425 609 32 505 553 561 778 449 853 241 377 913 587 295 613 401 32 177 649 777 993 969 9 41 62 745 857 943 937 509 793 147
221 534 817 473 501 77 673 929 493 506 161 537 82 177 841 801 553 376 337 993 716 851 523 61 523 89 443 394 71 97 453 585 683 111 463 33 657 397 313 516 57 527 431 993 59 958 409 691 441 997 679 385 953 694 161 869 449 897 744 481 499 393 199 273 793 821 972 673 319 881 441 193 925 559 319 145 163 533 777 54 825 50 933 705 389 943 635 698 385 279 275 149 618 513 709 288 713 665 631 233 481 307 849 889 562 41 489 970 709 795 489 521 949 961 401 969 969 625 57 282 961 491 489 553 704 857 121 873 671 345 941 993 537 817 992 201 527 641 225 761 729 249 819 8
114 398 561 186 573 297 361 99 410 943 801 369 673 9 535 985 713 865 181 476 89 711 225 898 473 644 497 929 673 674 93 49 527 396 945 261 569 137 309 15 684 62 156 882 233 233 481 329 897 511 171 641 225 993 977 57 611 537 635 401 222 153 389 967 585 597 885 561 521 879 41 590 140 875 841 41 1 308 649 943 145 177 113 470 223 255 589 465 449 833 909 879 119 219 249 563 281 12 865 465 761 209 882 332 736 997 589 353 357 367 889 403 897 809 1 425 473 897 485 886 509 993 377 865 417 793 857 349 993 897 69 765 865 837 873 893 808 705 729 353 554 917 577 552
429 165 177 913 217 273 473 595 401 531 33 849 953 113 809 359 209 649 361 209 475 217 907 89 73 241 457 950 801 300 261 225 530 983 349 637 424 289 199 441 9 6 553 665 801 617 837 169 317 745 481 377 377 404 353 272 681 21 674 533 49 177 249 273 777 353 745 57 969 897 599 249 901 841 839 633 359 129 105 865 159 25 129 723 651 121 949 385 397 737 320 225 649 49 17 131 859 701 233 65 707 217 745 394 5 989 985 239 817 449 33 823 841 921 307 157 377 77 827 841 151 897 377 831 697 289 443 185 875 773 797 63 699 277 351 785 393 479 877 113 977 285 25 152
91 711 716 547 273 201 665 553 791 805 303 105 433 928 905 901 893 115 201 25 761 937 121 97 859 767 653 453 973 509 769 713 945 971 119 321 487 955 113 279 853 241 485 877 825 769 114 545 593 753 793 829 243 703 779 485 235 257 545 91 469 493 749 53 905 347 729 81 145 273 953 273 953 953 849 97 848 49 337 673 465 749 647 125 937 851 769 681 737 21 751 805 750 873 132 801 26 937 472 777 313 754 159 567 113 489 695 849 604 753 225 343 356 426 441 351 557 377 757 305 361 209 357 521 163 975 713 194 593 537 630 159 313 761 193 393 469 980 857 17 745 741 613 405
625 225 666 561 706 189 747 305 380 213 514 981 857 169 209 465 409 529 555 761 697 782 845 513 485 841 170 338 751 936 901 849 729 255 345 289 553 893 618 337 73 321 793 441 301 177 273 617 901 761 865 243 221 217 481 533 503 553 297 845 473 485 577 913 257 165 87 661 705 161 169 393 817 433 868 252 696 637 949 985 401 561 89 257 541 405 697 489 988 23 162 244 611 357 441 425 793 633 843 17 299 207 569 681 369 911 389 521 961 109 366 533 743 29 343 211 554 651 475 21 57 905 497 897 313 933 490 561 209 65 273 865 481 896 57 593 297 521 499 381 384 401 333 753
313 409 224 145 569 157 210 607 319 321 881 50 769 577 49 945 153 927 165 877 425 221 662 393 129 969 886 732 233 787 937 526 513 553 9 437 265 25 949 373 265 725 521 187 209 93 49 435 521 151 216 549 329 229 777 489 225 185 593 825 633 648 183 642 847 118 753 5 429 665 755 496 689 985 729 153 91 257 575 369 391 655 179 670 191 807 953 611 17 441 671 101 329 433 632 697 693 745 235 95 651 549 485 703 788 601 449 489 661 863 289 860 833 732 232 295 680 564 137 741 687 268 361 204 305 589 67 97 749 889 869 991 650 505 140 895 777 497 89 905 737 501 633 9
197 143 177 451 383 419 269 561 905 427 463 405 877 417 385 665 437 9 841 636 73 73 137 255 88 258 829 997 319 945 627 807 561 724 673 843 371 841 721 437 221 998 665 65 661 790 189 953 53 961 109 929 649 169 95 633 274 553 289 609 953 289 839 3 723 897 251 395 315 177 948 980 105 728 721 360 236 433 833 807 655 601 73 17 823 951 972 946 541 685 801 731 581 617 985 502 770 721 305 457 553 545 881 57 953 973 269 884 813 921 759 65 681 93 225 729 755 580 577 585 577 827 761 403 247 961 713 321 745 161 73 897 493 181 777 397 77 975 399 225 921 131 365 637
596 929 813 785 434 611 379 489 53 735 377 186 321 83 753 353 777 641 41 529 557 457 457 69 850 409 301 413 473 534 209 533 441 169 863 257 449 185 665 10 855 593 26 426 446 137 763 657 406 885 385 441 521 517 905 650 489 269 780 473 89 965 569 482 17 3 601 683 569 921 821 285 41 801 689 51 821 829 585 905 685 535 33 441 657 433 489 65 409 53 201 681 429 24 843 517 353 307 89 3 949 377 522 25 816 49 196 113 801 685 783 421 61 64 883 761 601 476 277 403 915 651 443 609 497 753 49 501 617 297 689 977 565 289 621 285 145 173 455 713 541 445 353 993
169 785 430 225 441 673 553 237 63 639 55 961 263 193 85 235 129 119 353 179 409 754 861 849 609 109 259 905 655 463 609 793 753 665 25 392 33 181 193 329 433 97 541 563 62 601 804 737 249 749 745 873 85 505 921 869 569 760 201 887 225 281 806 345 361 585 585 25 521 295 721 25 900 181 989 825 419 217 499 569 981 57 329 869 225 908 209 441 897 581 457 651 393 512 305 709 315 685 65 618 776 113 17 141 169 899 785 477 217 9 313 361 103 123 170 295 897 325 457 883 857 521 97 768 777 305 585 209 445 607 669 229 221 665 685 191 926 673 761 157 753 249 97 493
849 425 17 31 274 215 965 77 881 241 205 197 524 918 279 97 777 679 371 481 641 985 177 857 529 573 109 841 691 151 714 15 753 922 537 65 353 449 961 601 97 813 273 301 297 401 737 904 993 833 645 201 317 73 201 203 953 953 779 941 229 529 113 46 289 342 497 769 611 617 225 693 705 619 248 249 833 89 650 833 369 985 721 545 9 609 921 905 417 64 881 110 161 657 649 729 857 401 612 801 365 569 577 599 249 405 945 217 611 225 728 767 137 681 505 257 737 689 537 47 933 621 29 469 643 450 377 761 1 617 367 689 221 685 481 165 513 961 113 737 844 22 245 993
399 171 973 473 361 477 301 619 993 665 269 221 689 521 9 273 337 247 345 769 609 359 243 269 225 753 985 905 873 699 309 67 601 361 137 721 1 371 573 867 169 373 688 617 341 657 985 569 362 701 984 580 241 465 623 409 125 453 929 887 633 119 449 943 25 809 781 377 509 537 57 895 330 575 801 705 753 473 61 561 693 755 404 715 811 817 49 452 89 53 629 538 719 93 116 593 445 25 201 467 881 823 671 49 121 593 916 505 125 269 638 47 5 901 925 9 609 565 641 791 725 737 217 417 187 345 559 225 973 679 277 298 191 161 537 361 31 421 147 901 553 73 713 779
201 941 217 207 833 462 666 918 345 471 313 269 333 457 993 409 232 665 821 121 33 467 890 889 513 41 291 941 968 237 121 401 857 545 353 139 36 561 145 83 39 921 985 689 999 853 929 657 280 693 396 123 644 729 619 11 722 937 169 905 575 777 833 225 470 665 589 869 429 753 377 161 841 257 70 745 193 489 776 839 217 945 509 601 971 225 313 389 822 473 117 677 137 853 753 29 487 557 721 466 504 601 105 529 861 693 729 305 901 777 468 185 665 145 23 865 592 729 723 753 337 35 385 287 545 985 202 889 327 768 678 139 3 665 581 393 133 561 893 505 293 951 665 929
957 369 830 89 41 993 121 427 193 316 541 969 409 401 937 107 815 361 491 901 905 897 706 761 191 9 457 317 181 369 635 901 635 825 705 1 651 113 853 257 473 697 19 969 853 89 657 961 433 641 839 611 522 973 873 121 129 314 376 613 526 723 622 537 655 257 985 839 505 129 759 465 353 406 601 917 97 13 85 787 423 415 713 988 45 666 226 363 258 857 881 441 814 353 305 641 697 479 889 22 9 77 861 917 85 339 567 771 742 745 484 217 741 31 30 301 297 685 891 337 265 369 313 977 499 431 949 581 689 269 473 973 837 551 65 395 185 129 867 889 687 559 641 473
127 221 111 685 441 225 913 741 929 845 471 281 3 453 17 334 231 551 813 25 172 769 57 799 161 157 625 301 961 9 489 921 193 841 569 781 917 113 161 613 35 997 617 526 573 910 461 605 903 377 445 997 761 697 393 649 477 73 1 625 337 665 657 493 931 165 569 265 593 297 65 105 617 569 765 537 610 741 185 649 9 2 301 97 709 519 209 601 161 337 25 181 969 23 513 481 801 77 473 584 267 9 85 753 987 141 31 966 254 973 165 907 193 965 823 977 881 689 487 383 57 116 993 833 527 934 209 117 16 421 577 559 641 677 995 153 473 896 521 987 821 754 609 271
417 282 9 936 275 137 145 965 352 129 895 411 665 457 693 717 697 342 161 353 717 771 519 109 493 374 169 787 905 905 381 193 385 638 829 473 445 993 475 914 665 581 105 75 11 295 569 325 473 37 865 125 701 81 197 757 505 233 209 233 440 869 785 825 117 633 779 481 163 785 111 581 967 785 477 159 849 697 777 653 537 29 201 625 835 761 88 377 521 827 419 308 303 15 789 453 617 209 289 473 313 393 17 729 27 561 136 681 666 397 762 361 801 141 131 73 57 589 193 917 89 289 245 145 89 825 521 415 707 233 297 403 833 649 493 625 732 289 725 585 831 749 505 713
169 809 462 275 121 373 853 414 977 791 553 677 825 222 419 953 141 753 985 841 825 257 617 812 9 761 249 119 971 625 29 681 705 353 889 449 712 461 410 281 497 517 487 679 158 691 473 673 409 171 103 677 813 837 578 583 609 493 589 129 965 281 864 201 889 105 969 965 817 472 41 137 768 642 521 961 629 869 777 286 794 61 292 369 249 121 387 871 461 977 333 607 565 297 137 777 386 363 827 764 345 233 675 470 396 417 521 65 305 671 126 585 701 373 629 271 657 146 479 47 465 925 86 833 293 388 473 753 419 49 421 929 239 401 281 529 868 905 721 34 313 437 603 259
75 163 539 849 17 1 361 353 791 177 425 393 9 785 657 953 233 681 903 947 749 97 161 963 627 825 466 600 383 883 597 265 899 682 73 601 297 621 72 448 621 869 701 761 273 493 854 623 609 367 315 340 649 857 961 592 833 29 333 905 925 837 277 569 693 713 406 711 983 145 529 93 389 119 449 237 345 156 299 11 569 143 145 645 273 745 1 241 247 326 193 293 105 551 753 333 421 740 449 497 241 617 737 921 221 961 874 161 301 177 81 739 585 145 455 127 817 361 545 127 537 113 869 353 913 835 113 881 721 881 545 149 945 753 977 201 705 697 279 521 17 25 845 809
529 5 853 745 17 524 845 545 883 529 436 256 325 165 161 603 97 57 393 301 377 209 329 845 113 894 41 581 455 785 297 45 849 1 841 664 56 449 873 937 881 249 789 323 449 841 201 633 809 925 712 289 529 91 377 147 867 745 57 753 503 937 969 667 23 473 705 41 895 785 65 927 313 162 637 833 181 505 64 73 937 653 157 785 401 833 305 133 793 873 633 105 505 928 901 401 737 586 395 545 561 66 471 809 757 801 853 297 534 239 793 167 929 340 44 273 975 39 169 360 593 539 665 299 823 289 56 921 801 873 915 729 161 167 769 581 900 825 817 505 314 391 393 613
217 687 879 973 105 785 425 545 113 195 281 209 345 385 401 187 905 609 769 357 403 489 103 179 948 545 381 1 841 909 571 922 841 212 413 753 705 651 97 321 889 265 457 855 57 753 1 618 169 323 661 577 457 805 129 25 927 481 21 321 249 705 141 9 989 553 793 489 432 76 537 473 243 867 481 494 721 139 841 230 822 513 927 209 224 881 30 513 601 693 335 665 310 100 505 891 573 393 893 527 963 913 288 142 261 661 585 305 549 6 875 501 123 209 505 657 367 129 37 601 889 709 881 433 633 389 953 97 769 583 539 293 69 769 121 65 609 721 25 141 729 533 614 313
431 17 636 901 581 137 329 13 25 925 832 219 453 609 116 837 705 398 821 841 873 749 617 845 745 525 303 202 713 665 997 65 280 623 785 609 257 165 401 313 707 889 128 945 991 177 121 633 634 881 557 209 517 481 945 313 913 382 333 641 550 729 209 161 386 269 393 61 477 493 465 825 65 855 709 835 475 585 257 385 65 929 665 127 121 789 564 345 903 753 467 509 38 356 27 881 553 27 273 513 409 165 577 425 657 921 706 397 872 861 265 91 149 449 189 927 953 801 487 409 361 385 617 9 785 733 528 974 649 510 296 833 769 849 537 961 175 57 394 605 681 461 353 25
506 641 424 281 449 87 217 893 405 733 307 625 505 233 613 377 169 225 663 263 313 26 657 909 649 804 899 939 467 405 305 807 413 921 375 859 889 695 965 665 673 409 927 273 961 865 121 557 801 649 827 688 191 955 272 193 365 379 97 673 245 320 793 219 589 91 263 839 641 117 77 729 753 399 849 985 559 721 9 341 305 517 960 113 705 525 121 353 95 457 939 265 771 641 45 446 813 233 985 869 921 193 97 141 333 897 782 809 443 715 81 617 673 329 377 401 193 897 361 729 125 963 908 233 738 977 169 401 261 273 859 321 165 161 961 61 53 785 22 873 617 723 939 181
286 993 346 27 333 369 851 761 369 684 794 899 459 639 173 109 385 367 945 931 801 241 970 369 731 341 457 211 599 262 21 809 349 319 589 927 541 597 849 833 262 521 388 905 637 443 899 871 89 181 29 509 506 463 972 869 413 199 615 529 409 233 73 405 837 464 515 509 189 310 905 495 625 233 953 765 271 221 665 695 313 641 137 705 633 891 287 848 753 241 421 217 598 921 561 65 600 591 695 263 241 217 231 137 521 329 937 39 993 613 993 183 121 781 51 649 9 577 551 625 127 347 433 664 345 921 256 521 41 919 565 322 89 300 521 945 617 297 993 443 205 934 277 587
166 385 281 633 505 353 1 411 705 715 569 274 569 309 545 567 273 401 127 52 159 153 945 401 341 801 289 941 473 785 237 39 953 49 561 761 960 429 97 921 5 642 765 261 953 994 113 760 780 567 801 89 433 421 609 297 229 597 489 283 25 833 33 702 660 271 261 153 9 649 177 317 953 867 631 515 26 105 180 229 633 277 109 833 881 281 777 129 811 569 835 201 165 170 317 252 169 445 953 833 655 536 693 901 769 957 153 543 705 108 991 13 963 322 441 593 417 607 241 429 103 801 657 77 889 511 817 791 86 767 268 828 89 777 241 680 871 357 523 725 785 358 193 81
801 215 573 43 537 971 209 279 695 505 497 133 945 622 817 32 349 374 553 741 481 699 947 565 679 271 338 673 770 705 969 169 617 622 869 89 490 257 67 513 459 177 73 217 106 113 237 35 173 777 81 73 888 261 873 126 745 377 689 889 898 576 178 903 79 121 321 57 817 509 241 505 485 493 249 241 791 777 587 929 785 29 801 117 857 224 157 973 898 201 333 41 577 329 305 673 65 393 655 503 649 293 384 674 625 506 260 577 865 25 117 305 489 39 243 939 313 13 641 281 713 91 585 201 553 25 545 693 161 465 913 209 89 811 535 561 365 7 15 313 713 726 266 798
581 202 209 57 153 225 521 345 434 961 257 593 946 687 715 27 393 999 341 903 703 649 233 313 233 9 421 344 49 532 793 649 353 787 129 253 331 549 45 521 252 217 947 851 201 878 945 457 739 717 353 1 493 121 809 382 461 1 137 19 737 37 917 89 78 141 917 201 659 637 181 41 473 785 61 67 129 449 785 561 159 421 389 240 235 526 417 223 299 318 228 513 673 865 577 473 465 697 983 985 225 95 563 461 53 169 646 207 207 37 293 369 129 633 134 561 89 625 805 619 689 301 801 393 655 965 103 937 745 389 185 325 112 477 705 459 541 171 553 51 913 665 930 251
896 29 317 203 473 809 538 197 913 149 141 273 821 137 265 669 657 969 945 77 297 113 331 977 939 65 667 301 969 881 73 205 249 89 953 241 405 545 777 609 649 801 801 933 897 384 745 243 361 991 741 585 452 753 689 761 561 387 569 425 325 849 657 967 477 569 977 464 465 201 507 732 418 913 576 261 869 825 569 752 369 23 25 193 609 389 881 713 985 887 704 169 133 933 857 23 753 25 705 701 249 61 577 955 20 999 561 25 142 311 498 601 429 365 501 637 605 849 593 623 36 253 209 447 847 169 333 785 45 401 257 235 587 698 777 445 425 243 353 81 141 121 874 965
53 28 993 969 985 865 417 190 156 601 175 289 373 61 130 985 263 465 557 85 961 776 461 46 817 441 17 19 941 158 25 795 817 357 57 345 339 53 255 993 929 705 969 481 35 545 393 833 995 989 910 699 161 430 529 165 753 849 698 245 929 983 301 155 989 577 25 545 148 107 373 9 433 393 449 409 673 687 1 44 279 369 583 741 57 357 851 663 457 513 821 895 263 747 864 477 683 521 151 37 513 260 689 249 721 617 499 117 561 41 978 614 29 609 663 599 201 267 553 865 245 861 797 112 681 751 527 2 423 489 991 672 9 433 505 969 357 529 473 437 817 937 860 717
277 9 1 153 831 246 561 529 24 221 215 89 245 145 283 19 863 441 429 319 794 587 315 983 177 587 705 805 625 745 697 202 865 115 977 517 157 997 217 689 737 144 345 30 801 993 859 201 227 124 601 121 401 188 622 577 569 203 593 587 322 84 865 284 305 129 713 673 193 493 689 249 372 181 73 81 337 915 35 513 849 361 457 863 205 557 503 929 17 153 545 377 209 529 217 347 553 41 133 261 945 119 69 617 477 321 349 225 245 463 727 257 29 777 714 133 795 289 619 807 9 97 87 237 17 649 785 969 615 561 261 931 49 925 881 805 562 153 897 961 559 833 875 509
