136 160 26 117
33 55 97 5 81 59 94 1 37 17 93 30 41 89 45 51 9 89 76 13 65 85 13 77 53 57 89 41 63 61 25 97 93 53 22 45 9 25 61 5 85 80 9 89 97 21 41 21 45 42 45 9 1 79 43 26 97 11 33 21 31 43 61 93 77 57 32 77 33 99 91 25 57 43 56 73 73 1 89 60 15 81 18 37 77 70 71 95 90 47 93 14 25 76 69 77 77 13 31 45 69 81 13 17 69 13 51 37 33 43 13 29 51 51 57 65 1 83 83 79 29 71 51 57 85 29 73 57 25 61 49 33 85 15 92 91 8 25 87 77 55 61 65 37 65 51 77 89 23 17 93 77 69 21 79 97 13 13 69 53
45 2 73 69 55 57 69 50 97 33 77 31 37 15 71 81 57 13 13 33 5 40 83 9 5 31 77 76 9 11 29 85 83 33 25 17 99 65 22 65 15 85 77 57 9 83 81 49 61 33 33 9 79 97 33 13 61 57 99 57 49 61 51 49 49 97 5 9 2 17 97 93 61 19 65 9 97 19 23 17 53 92 77 33 67 37 6 93 41 33 37 65 45 23 91 67 25 9 77 21 57 49 47 55 9 79 5 97 81 37 63 61 67 79 19 29 17 13 67 33 29 37 53 81 58 21 99 45 58 1 43 85 57 35 49 89 97 53 85 37 65 5 61 54 9 41 1 45 61 89 3 45 53 9 29 27 97 72 87 49
77 85 17 33 93 73 5 89 93 22 89 71 91 89 17 5 17 85 61 37 23 17 57 54 81 14 98 57 65 9 39 57 2 38 97 1 41 97 61 26 73 13 97 49 85 21 57 37 97 9 22 93 77 25 19 45 13 21 49 5 29 1 77 87 1 70 85 69 61 39 7 77 9 77 89 89 9 77 37 45 8 17 7 13 35 34 83 65 81 82 82 69 37 17 9 1 93 9 45 98 95 99 29 29 48 71 1 33 89 99 27 85 81 97 19 67 61 15 29 55 18 17 61 59 13 68 9 33 18 1 11 87 95 21 41 17 17 53 25 9 43 53 11 24 89 37 57 37 74 61 21 5 22 71 53 61 49 85 55 49
31 94 65 65 41 13 11 45 61 71 81 17 17 25 61 59 91 17 65 79 57 76 43 35 93 27 57 65 97 69 49 3 81 48 65 97 73 65 33 85 89 81 69 9 21 17 19 21 5 29 45 97 65 13 69 17 47 77 55 39 17 17 11 33 17 61 57 65 9 1 33 91 21 97 17 51 93 55 27 75 37 57 17 45 15 47 73 67 75 89 77 99 1 21 95 3 1 99 21 17 47 45 61 69 53 49 31 82 49 53 17 92 69 45 52 79 82 5 65 35 70 69 37 5 74 93 93 87 37 3 67 13 97 49 39 53 89 69 25 65 53 17 100 53 27 18 59 67 41 97 51 83 57 89 21 27 97 78 92 77
39 25 94 62 3 13 34 97 69 5 9 14 53 15 86 9 64 36 71 85 93 35 85 54 9 54 29 69 69 33 81 57 81 45 16 39 81 5 1 1 17 49 45 99 89 37 33 83 3 97 61 21 5 67 49 29 37 94 1 29 45 41 45 73 77 51 17 25 96 69 25 55 69 5 76 9 57 77 15 17 29 73 21 61 89 51 69 35 17 57 49 50 81 98 73 29 81 89 25 49 67 89 51 59 33 13 57 37 49 69 1 9 49 7 13 22 71 87 17 13 1 1 79 30 57 9 54 69 84 69 57 49 3 13 97 9 97 33 93 37 92 33 15 53 17 30 61 23 81 45 77 69 69 45 97 41 5 32 37 84
77 93 89 73 65 54 49 19 12 40 53 37 97 15 57 29 7 15 37 89 57 75 77 65 5 21 45 44 87 8 13 18 69 10 38 33 53 81 91 61 39 81 37 85 73 57 95 89 33 5 21 41 69 9 9 19 73 61 49 60 57 97 14 81 42 45 32 9 5 89 81 5 89 15 53 9 73 78 45 73 71 7 68 25 8 67 45 65 57 75 37 5 5 25 57 1 5 14 24 81 62 33 65 79 46 88 85 21 34 13 95 5 76 25 77 65 45 61 9 65 61 61 5 10 25 89 41 5 45 77 97 13 91 8 93 89 97 85 25 17 9 5 35 64 4 94 53 37 92 45 39 29 97 30 69 23 4 40 29 49
31 41 21 37 13 65 11 41 89 77 45 65 81 9 21 52 5 41 11 49 77 77 86 89 89 5 17 49 60 39 7 85 81 14 47 53 76 1 49 85 17 97 61 33 13 71 49 97 69 19 45 57 33 17 49 13 85 13 17 11 49 9 55 81 69 61 35 34 91 33 73 55 97 17 53 55 2 81 14 9 65 93 47 89 33 77 73 50 5 25 53 45 81 5 71 49 33 21 73 61 89 33 23 20 1 9 45 81 77 92 29 7 73 29 89 27 27 83 29 16 29 75 77 81 85 91 53 49 70 69 69 68 59 1 19 89 25 72 13 9 21 51 24 17 43 78 49 1 75 61 2 13 53 93 41 57 75 87 73 89
73 1 13 93 73 21 21 1 57 59 81 87 46 15 85 85 27 5 5 13 28 17 39 89 66 79 71 3 37 83 25 69 8 17 57 63 1 9 37 81 93 21 65 83 33 49 100 5 13 65 93 17 21 85 79 10 81 89 96 37 21 57 79 61 49 81 94 93 69 5 73 94 61 1 85 77 93 59 21 73 33 29 77 14 61 73 15 21 33 87 37 9 63 87 57 53 61 93 26 8 33 15 81 77 48 33 1 17 35 55 91 33 97 65 89 27 1 65 21 1 97 65 33 1 17 25 97 21 93 41 41 17 13 21 49 89 53 77 100 17 33 41 83 45 39 5 17 21 26 86 23 31 35 77 61 85 60 89 45 65
7 67 69 87 89 48 75 83 77 50 65 48 73 97 44 77 73 93 43 15 65 73 73 86 85 25 57 77 87 25 23 38 13 59 57 9 37 44 65 41 57 1 38 33 99 93 73 5 13 91 5 33 81 11 9 31 29 21 97 33 61 81 59 37 20 45 53 43 89 85 15 56 45 63 17 21 86 57 65 45 13 86 89 67 96 84 33 49 33 69 92 33 1 41 13 25 29 45 65 77 45 65 53 93 9 85 63 7 29 29 39 29 25 3 13 9 80 97 47 29 52 13 97 59 1 37 61 74 25 89 7 78 37 13 29 57 49 59 81 27 83 49 31 85 53 31 85 61 3 21 25 3 13 5 24 49 71 55 49 40
87 33 9 97 31 54 57 95 57 80 15 41 81 89 17 5 45 53 22 71 89 83 42 75 69 72 89 75 33 17 48 76 21 81 11 61 55 81 1 49 13 33 19 5 25 44 37 27 51 61 49 53 3 57 11 37 45 97 15 91 75 91 41 89 48 57 91 23 33 69 77 33 69 76 13 84 17 21 67 40 49 93 43 2 72 33 1 41 25 65 37 13 91 27 21 93 61 33 47 55 6 45 81 89 5 79 74 97 61 81 29 99 53 21 37 38 25 77 77 41 49 65 85 37 73 15 87 78 97 22 73 18 41 25 8 25 89 17 54 33 47 79 93 33 71 53 5 73 25 89 34 41 13 29 45 1 84 37 50 77
39 55 75 19 42 77 81 12 45 7 61 97 49 33 77 10 76 45 53 25 57 13 77 17 53 3 35 69 27 49 93 77 37 100 91 29 47 9 45 13 41 53 17 35 64 29 97 69 81 6 72 33 48 23 51 37 1 49 89 18 79 7 81 5 89 17 41 29 7 69 21 57 13 93 79 17 85 85 65 33 57 29 89 39 69 41 69 89 76 53 89 79 65 34 49 47 85 41 45 11 29 25 13 31 99 59 85 21 13 7 89 15 81 61 61 89 89 13 5 97 41 16 69 33 57 49 6 99 73 85 95 41 11 37 97 79 13 17 25 61 53 61 29 5 61 77 5 70 57 53 13 93 89 35 83 11 49 21 41 99
77 14 47 37 43 93 19 17 65 59 79 77 51 9 65 81 49 93 80 47 58 9 77 33 69 89 15 8 5 30 77 55 29 22 65 45 21 13 64 89 77 13 49 17 53 93 1 69 47 59 65 56 63 97 88 67 77 49 59 88 29 81 78 73 55 51 85 75 53 10 20 69 99 87 49 7 97 45 13 41 50 82 98 33 25 45 13 35 93 89 17 69 25 5 59 53 35 1 39 37 87 32 91 32 57 82 98 97 95 5 57 57 45 5 1 32 1 44 25 61 49 31 85 25 33 21 26 97 43 57 85 79 5 73 34 39 57 93 23 50 69 57 54 39 51 77 29 45 3 51 71 65 89 5 77 89 79 1 2 27
41 53 57 85 57 9 7 79 15 57 37 46 57 45 87 65 77 85 81 87 93 63 61 39 97 55 1 79 45 89 9 62 95 51 33 98 61 92 53 35 99 13 29 55 57 8 27 72 68 37 55 5 23 51 45 21 1 93 85 98 85 87 77 33 9 1 45 45 73 53 33 9 83 93 37 9 17 7 87 70 34 7 29 9 57 95 79 23 74 97 29 93 31 29 86 9 40 85 65 85 9 53 65 61 69 5 43 11 59 33 29 29 53 69 5 37 59 67 97 99 1 22 77 21 71 53 54 98 77 73 94 39 49 82 93 30 81 17 26 97 99 41 65 89 93 69 9 70 85 37 49 29 65 95 89 25 69 49 25 31
63 72 33 81 9 45 35 15 2 25 33 29 50 81 64 9 25 21 20 17 76 5 23 25 37 5 37 65 29 33 83 43 89 49 17 37 9 71 48 83 46 73 58 20 81 95 13 2 74 57 73 49 41 57 87 5 69 46 49 13 99 77 33 77 85 1 37 85 89 53 29 79 51 25 89 77 77 25 17 51 5 75 99 30 87 97 36 19 17 37 51 82 86 30 5 6 9 25 53 85 37 73 65 97 37 73 73 81 58 41 89 61 41 61 43 87 18 5 57 81 13 97 94 91 63 53 31 65 13 86 23 65 11 89 53 23 47 77 85 33 69 53 28 41 9 93 74 11 97 5 37 37 33 17 97 69 82 59 61 33
49 21 4 73 37 5 19 69 29 29 9 25 31 66 91 25 1 25 13 76 12 62 41 39 13 37 17 37 15 81 37 91 13 2 53 97 33 65 18 74 21 15 45 15 49 57 85 7 84 13 55 21 49 85 53 27 89 33 49 84 28 7 17 5 61 21 13 45 77 42 73 65 20 97 79 90 60 13 9 85 45 25 21 79 61 98 33 81 97 89 53 37 77 13 29 91 5 79 16 47 17 56 94 41 97 17 69 85 33 40 72 68 25 65 81 41 13 93 41 28 83 32 9 81 49 19 96 89 49 25 8 69 27 81 41 11 21 65 81 31 37 60 61 73 73 93 73 22 89 41 1 81 61 21 46 81 89 21 67 61
81 21 9 73 89 57 99 83 41 81 65 45 61 13 49 1 65 41 93 1 47 17 48 75 56 37 73 13 23 75 81 9 1 63 17 57 57 65 57 76 25 75 59 54 1 93 19 19 77 98 45 3 72 57 35 17 33 61 29 49 61 1 49 61 85 29 81 9 17 50 53 31 17 47 69 87 45 95 37 9 33 91 17 37 24 61 47 81 93 17 41 45 17 37 51 77 65 5 77 12 41 51 21 93 65 93 77 100 21 73 1 62 45 41 18 41 44 57 33 13 74 33 77 53 23 85 9 93 51 65 49 5 30 85 25 25 9 53 75 53 24 45 61 36 85 73 59 73 13 73 65 53 49 5 37 41 61 9 39 2
76 13 25 49 21 45 61 15 52 65 65 93 17 49 77 17 77 46 25 29 57 80 45 33 67 35 75 97 49 93 68 1 11 13 47 81 47 97 14 13 75 23 9 21 78 61 17 37 9 37 83 81 86 6 17 91 75 26 41 73 48 48 72 77 81 17 85 29 9 29 9 83 21 29 81 59 9 93 96 71 71 57 77 1 19 85 13 85 45 81 21 71 93 53 49 60 9 33 91 47 97 61 97 77 97 15 41 77 17 37 17 25 23 47 61 57 43 89 33 69 82 19 41 33 9 77 13 37 97 31 1 93 77 52 79 69 25 67 33 13 75 67 94 45 25 81 29 95 13 69 87 21 79 61 73 13 49 54 43 1
57 64 61 5 23 49 17 37 87 49 51 97 16 29 66 10 95 95 65 45 45 53 90 20 37 77 85 97 5 27 89 37 73 87 65 9 95 35 65 25 77 9 78 73 93 60 5 93 37 21 83 98 77 37 92 61 31 81 1 37 84 97 93 99 1 69 74 61 29 65 57 13 53 65 13 24 11 31 19 11 73 93 45 77 1 72 25 51 89 69 11 9 33 19 45 75 57 33 5 37 22 33 20 41 33 53 7 35 13 45 37 69 1 65 87 79 5 31 85 22 29 41 33 49 33 41 65 8 65 33 81 38 81 14 33 29 37 49 39 17 65 17 29 53 93 86 19 33 77 23 12 57 53 15 25 21 19 17 61 19
33 77 53 23 29 2 57 43 69 97 9 70 81 75 73 85 57 65 25 4 52 21 98 77 80 89 61 39 39 81 67 61 31 3 69 45 21 41 59 97 21 17 45 13 17 13 33 25 13 40 1 29 86 77 41 9 73 79 1 89 71 17 60 53 54 53 41 20 58 31 57 35 89 5 13 53 1 73 82 97 25 65 67 53 21 1 9 64 34 95 49 1 81 25 85 65 21 19 81 33 51 8 69 57 5 53 57 61 36 9 76 41 27 11 61 87 2 57 69 1 89 2 41 81 45 85 97 84 87 45 96 57 49 1 33 59 45 49 12 53 98 61 77 85 67 63 49 25 69 89 85 13 65 14 59 49 37 17 22 73
83 86 81 5 39 25 33 21 53 57 69 13 26 81 61 5 89 45 95 21 29 55 19 17 49 77 49 51 37 21 44 81 51 53 53 39 5 52 33 1 17 65 65 57 97 37 53 35 25 13 11 49 77 34 90 45 76 15 93 76 9 25 61 31 29 17 17 51 76 85 72 41 23 23 7 49 25 29 61 65 53 61 25 43 28 89 81 29 93 72 81 9 41 84 69 87 13 45 33 37 17 9 27 67 26 73 9 37 43 79 15 36 73 49 32 1 59 42 61 41 65 45 5 29 69 76 69 87 17 79 76 9 39 69 57 22 77 73 97 97 73 77 57 37 9 9 93 11 58 97 93 45 53 9 87 41 59 81 89 21
51 39 33 81 17 13 71 97 79 89 3 65 89 46 37 67 93 97 81 41 29 53 61 1 9 15 92 65 21 33 89 37 29 81 11 95 61 41 65 21 46 23 79 69 53 45 21 49 57 97 91 25 13 37 23 3 79 6 85 57 69 25 53 21 33 89 49 33 61 53 89 57 89 81 39 17 54 25 1 49 81 29 67 61 47 13 81 93 63 87 65 61 57 25 61 59 7 85 41 45 52 1 37 5 1 45 98 81 17 47 41 33 49 57 29 81 41 73 97 5 60 57 89 35 37 70 11 5 21 18 89 97 47 57 37 45 80 71 29 89 69 45 89 29 89 49 93 35 11 55 89 30 5 15 37 73 61 33 87 27
21 37 73 17 97 65 51 45 61 54 96 11 35 71 93 8 65 13 49 57 1 5 87 65 33 2 1 77 77 51 81 51 93 81 33 5 13 97 17 53 87 65 35 93 85 55 97 33 37 5 25 21 45 27 9 65 92 3 68 97 98 20 49 93 72 25 79 17 45 1 11 61 29 25 89 53 93 25 25 81 49 57 45 89 34 30 13 97 33 71 49 1 17 25 97 89 5 49 41 99 73 85 6 98 11 65 57 41 26 17 19 69 65 41 47 9 93 43 52 49 89 53 19 5 29 5 37 53 5 89 43 17 9 17 43 75 5 22 25 61 24 87 93 25 77 33 65 57 51 89 77 1 77 97 61 85 55 29 55 17
45 41 83 13 75 57 79 35 63 21 90 49 21 17 33 32 75 53 6 61 25 33 17 78 37 33 49 19 49 73 49 37 49 94 13 35 73 55 55 93 25 17 75 27 9 72 89 61 72 73 73 17 51 81 45 65 61 73 93 61 11 11 1 77 5 13 93 47 37 61 69 78 17 99 96 73 86 34 1 29 65 69 41 85 67 5 45 23 53 93 1 57 85 47 69 47 77 77 29 81 28 49 69 89 96 57 60 77 73 43 89 81 45 49 99 41 47 25 85 36 69 77 81 43 81 81 25 29 33 49 85 7 31 37 41 89 77 13 77 13 70 14 73 40 87 57 27 93 97 17 17 25 37 99 87 7 5 89 81 45
13 77 93 51 11 57 43 13 55 91 37 37 89 17 21 25 34 69 49 21 15 9 25 69 85 13 57 85 25 27 49 23 13 78 9 1 21 42 51 45 15 13 69 21 97 79 93 81 3 1 9 77 99 11 15 1 63 73 61 93 71 57 35 37 54 5 93 56 81 49 17 65 17 65 1 87 61 57 49 45 24 59 27 97 1 57 16 53 53 75 45 45 39 1 76 97 100 35 41 97 68 33 21 27 70 89 77 85 13 85 43 25 45 45 37 7 77 61 93 43 77 1 11 82 22 59 21 93 29 25 25 73 85 87 57 71 73 85 61 53 49 89 61 1 57 93 93 43 5 91 45 53 89 9 27 33 65 77 41 73
81 41 69 20 19 29 41 9 29 57 65 91 5 17 29 29 25 73 21 58 81 21 34 61 39 25 11 49 65 53 63 5 29 21 34 45 5 95 51 25 45 25 1 1 37 60 16 57 77 61 13 73 17 69 95 27 5 31 69 26 68 69 73 73 43 89 17 45 31 33 17 73 45 61 75 17 32 65 67 81 57 85 9 55 31 21 82 83 31 2 89 1 53 25 95 65 45 65 81 82 81 65 13 73 77 59 69 71 1 25 29 99 21 36 67 33 73 65 41 7 88 45 41 77 13 73 25 41 61 12 89 31 21 41 9 97 39 41 23 2 37 29 73 27 27 57 1 33 89 38 22 69 81 1 9 15 69 4 1 37
59 85 53 21 89 35 2 37 41 49 15 37 11 41 33 86 93 40 17 9 5 89 37 70 5 83 97 5 4 9 41 93 16 17 89 69 93 43 41 49 21 61 45 25 31 81 99 100 81 77 36 73 85 18 53 25 49 63 85 37 87 48 15 31 93 65 37 17 47 67 22 3 89 89 81 97 27 67 21 9 1 37 47 65 63 5 93 53 13 75 17 96 5 65 13 47 93 93 5 21 1 47 61 81 97 11 73 29 73 89 29 77 61 89 58 76 81 65 13 17 21 85 99 20 5 33 70 49 83 28 55 77 93 21 53 39 93 33 53 19 97 73 24 9 26 61 93 90 97 77 83 11 50 21 57 65 69 89 69 29
31 73 37 37 57 19 33 51 51 1 55 69 5 29 65 25 1 69 93 57 21 97 45 73 33 73 49 69 5 92 9 33 71 77 29 10 17 9 35 81 1 37 39 6 53 87 87 15 81 47 77 93 29 66 29 13 65 95 75 29 17 85 37 91 55 77 91 51 15 33 41 71 29 66 93 5 41 53 41 73 27 29 17 73 81 10 89 79 87 3 50 5 77 69 89 47 75 13 29 57 94 97 72 13 69 11 33 49 57 81 81 53 74 45 53 89 5 67 73 73 69 41 77 85 53 13 51 29 31 83 69 27 69 41 41 52 93 65 61 84 73 65 85 29 59 81 45 69 35 9 15 59 61 41 33 97 57 29 13 33
29 30 83 53 1 43 93 69 49 17 61 33 35 3 93 69 9 37 55 13 81 89 17 81 49 77 57 65 35 41 91 11 48 41 57 69 33 37 1 3 51 13 21 46 53 33 89 57 13 85 37 38 75 33 13 81 32 41 59 25 47 51 85 57 75 29 97 33 61 13 65 20 73 66 61 17 57 35 55 59 98 50 11 1 17 99 33 93 61 5 81 31 28 73 5 19 73 65 85 15 98 45 14 95 6 53 57 61 91 87 6 17 35 63 29 97 21 5 17 46 53 53 17 21 81 15 81 13 61 61 94 87 69 61 41 97 33 57 5 97 17 97 75 79 87 41 23 28 93 13 81 55 3 15 97 55 65 41 93 9
13 96 97 37 53 91 93 69 17 61 40 63 81 93 53 69 45 5 72 29 21 77 73 65 73 37 17 29 63 41 97 65 86 77 2 49 13 61 23 13 13 41 77 45 33 9 64 27 15 89 82 73 3 79 61 33 89 89 85 81 17 85 96 93 81 1 33 71 33 41 57 46 13 53 89 59 65 41 67 55 61 35 1 73 41 21 99 5 69 1 1 49 53 97 33 85 69 69 78 89 5 95 11 45 29 25 25 17 61 5 37 26 13 89 41 73 13 1 65 17 84 57 49 24 54 49 7 30 89 37 49 51 78 55 90 75 29 62 73 73 97 97 89 55 33 24 85 88 54 45 53 93 91 67 93 37 61 79 77 9
61 95 85 73 57 93 25 88 9 19 93 5 85 89 93 95 13 5 81 53 1 17 37 61 65 86 41 97 43 11 17 51 96 57 1 65 6 81 49 5 13 21 55 97 87 69 61 42 73 31 26 93 84 17 49 31 53 45 93 1 85 81 95 69 76 77 21 57 25 69 25 91 85 50 55 61 59 43 25 4 43 33 60 17 93 85 65 38 34 41 49 5 61 37 89 57 24 53 52 1 52 96 79 81 5 74 85 77 50 79 57 92 53 45 77 47 41 89 84 69 67 41 65 19 7 59 73 61 13 32 18 65 82 93 6 5 36 79 57 65 21 90 10 85 89 9 45 9 97 23 13 77 16 25 57 93 80 17 50 85
49 37 33 67 69 85 61 4 90 17 81 93 21 68 41 13 21 13 17 28 85 95 29 29 74 16 13 33 61 77 36 5 39 57 89 1 74 91 45 96 13 73 61 24 21 13 65 35 27 61 63 81 1 53 25 11 72 91 15 45 33 13 61 81 77 97 39 85 15 1 92 25 5 1 37 81 88 49 99 17 19 69 29 30 93 81 13 65 29 73 61 57 69 49 56 67 36 13 87 38 49 47 42 17 85 21 76 61 91 81 93 93 31 21 35 73 69 41 17 35 31 100 17 71 69 56 85 91 18 57 85 56 69 55 65 55 53 21 93 81 21 39 1 49 5 93 72 14 94 69 61 95 67 73 81 51 59 17 69 67
93 41 3 59 33 69 81 50 57 37 97 74 81 14 77 41 79 69 5 89 5 21 1 6 17 69 65 5 21 41 42 13 5 17 89 93 97 21 5 85 1 17 61 99 47 55 7 35 33 58 1 3 37 49 29 21 63 21 13 77 5 65 85 89 33 35 93 37 69 67 84 61 9 13 21 21 1 41 9 33 97 61 87 89 89 57 13 37 45 97 37 12 23 69 67 31 41 60 77 94 89 86 9 59 77 65 70 92 97 69 49 62 33 89 73 65 27 25 97 37 5 69 63 53 63 9 53 13 53 49 61 77 93 47 77 35 77 8 1 78 89 62 99 25 93 81 61 9 53 29 13 79 49 33 93 77 1 25 38 37
81 57 69 61 15 81 73 21 89 6 45 1 57 69 81 53 53 27 25 64 69 85 55 10 63 5 73 65 69 81 37 65 40 49 97 47 4 61 47 35 54 34 61 37 25 76 29 69 30 41 83 4 55 69 69 27 43 47 1 25 27 33 67 93 77 35 73 65 85 81 93 23 1 29 85 63 65 41 97 26 77 37 59 29 13 27 5 91 81 11 91 89 95 21 45 63 13 93 93 13 35 21 13 73 7 13 45 57 18 85 79 81 49 65 71 30 77 33 25 27 69 17 75 17 99 84 53 77 41 1 70 49 45 97 94 38 97 39 81 50 5 21 41 77 79 21 25 67 37 49 33 7 29 9 36 49 2 85 57 21
75 17 57 72 21 45 31 33 29 65 27 41 25 17 77 21 21 53 1 73 89 57 72 48 41 43 1 87 69 53 25 71 83 1 59 45 73 77 1 49 21 5 89 9 1 77 35 61 13 40 65 91 29 99 69 37 2 63 41 73 33 37 97 1 43 21 51 27 31 71 85 65 37 50 77 89 9 23 21 5 67 65 72 76 52 72 21 60 77 96 57 93 97 85 83 59 9 7 15 17 65 77 57 88 10 93 31 69 57 98 11 5 35 93 29 85 73 9 69 77 37 31 33 84 41 73 45 45 77 41 57 85 73 37 56 48 1 63 94 55 95 25 25 66 41 97 80 27 87 5 94 3 37 39 93 66 35 76 67 80
5 69 68 11 37 37 21 75 5 61 65 37 71 17 21 81 77 37 69 81 61 2 21 9 3 31 47 53 33 69 89 73 41 35 29 3 17 69 63 85 69 81 7 96 73 83 41 53 13 85 49 3 85 17 45 29 73 16 93 65 78 39 33 72 21 41 85 69 37 57 95 57 25 5 37 81 93 12 61 4 31 39 61 95 41 81 37 11 43 8 3 93 76 77 25 30 13 37 77 67 65 69 18 21 61 25 1 75 45 41 71 93 37 20 87 63 21 49 13 69 19 91 77 97 65 97 69 81 73 29 13 21 49 77 49 19 63 97 84 37 64 81 95 98 14 26 49 1 45 95 75 57 75 41 65 9 69 5 41 48
25 74 1 40 72 35 93 49 5 17 65 77 5 85 33 78 59 17 33 29 26 87 6 26 25 97 69 33 49 61 81 25 37 66 5 69 45 73 49 29 49 17 87 40 45 53 48 93 51 78 11 11 77 49 41 49 99 13 9 17 5 30 99 63 85 17 1 43 47 1 24 5 49 41 77 61 54 61 79 37 5 69 85 97 45 57 41 57 75 41 37 38 40 23 29 27 25 17 73 73 41 95 96 95 77 51 45 45 1 45 23 19 19 33 29 41 37 53 82 73 14 58 45 72 81 81 61 97 93 23 49 13 49 37 21 49 81 29 5 53 43 85 19 7 59 49 15 65 53 92 89 17 65 53 65 81 38 41 85 61
57 5 61 44 61 11 85 60 1 72 14 9 69 57 45 75 67 1 15 51 53 37 25 53 13 59 5 57 89 54 66 11 17 57 25 89 29 25 17 84 25 12 89 77 67 35 19 8 93 7 57 67 67 43 3 64 37 65 65 23 89 77 41 17 29 97 33 69 36 63 76 39 17 49 79 95 48 45 53 77 29 77 93 13 57 15 89 93 57 57 33 17 93 37 21 25 44 29 79 54 65 57 23 51 61 37 87 12 67 9 25 89 89 69 59 77 100 53 29 41 85 29 15 17 73 81 69 69 37 61 100 5 17 33 35 95 61 45 73 17 45 51 93 41 81 81 63 49 9 21 57 59 33 64 73 89 73 45 5 57
53 73 77 77 17 68 9 5 25 5 77 93 53 61 1 37 5 81 49 13 53 15 79 21 23 49 93 33 17 29 25 65 29 92 61 37 17 25 49 13 61 25 33 13 61 95 50 41 13 17 69 63 57 29 33 81 45 33 89 63 1 1 57 13 21 13 87 5 81 19 97 18 5 5 31 53 69 57 81 57 29 49 83 37 21 75 85 21 40 11 61 41 45 25 19 63 37 8 5 25 18 39 99 83 41 57 17 49 34 37 65 17 29 72 65 49 89 27 5 54 89 45 77 33 90 65 2 80 40 81 97 5 33 14 5 58 17 3 65 75 93 31 1 49 41 97 1 1 89 90 71 13 1 43 85 93 77 21 17 33
89 85 65 53 1 17 25 53 16 21 61 9 17 96 9 65 79 31 93 87 65 89 29 17 43 53 29 57 57 53 89 9 1 61 17 73 57 1 69 89 41 97 24 59 13 49 5 45 87 37 49 3 74 10 17 55 20 61 9 5 69 57 81 100 64 31 41 77 61 65 17 65 43 20 79 25 86 65 46 47 55 77 93 25 41 81 63 13 81 65 63 77 29 41 83 33 29 77 67 10 77 85 41 85 81 33 5 17 46 11 77 1 53 51 78 71 69 53 29 89 93 73 93 65 93 9 17 49 19 35 79 29 97 81 25 65 67 91 45 89 28 100 89 64 93 37 1 5 37 25 33 5 14 25 85 37 29 89 77 29
45 61 23 9 35 93 93 69 9 97 44 31 87 27 43 69 53 61 33 97 89 75 93 41 95 73 99 41 95 89 28 7 17 45 27 31 25 77 42 89 66 28 21 56 35 41 49 40 17 25 21 25 89 52 29 35 57 15 67 35 84 45 73 82 13 37 81 49 10 21 97 53 87 21 5 65 75 25 99 81 80 25 85 45 41 69 13 61 81 31 17 87 81 13 73 79 93 89 47 74 65 73 37 33 1 69 89 29 51 63 69 45 29 30 85 45 69 89 9 5 53 17 79 44 73 31 57 29 91 5 37 15 55 25 41 39 1 83 49 70 45 61 27 49 19 25 73 7 72 1 75 93 93 1 81 89 85 36 98 53
85 81 57 8 5 73 41 77 67 25 21 37 61 93 69 37 28 73 71 25 37 29 61 65 15 53 11 29 69 37 10 21 23 31 58 87 51 94 53 49 5 87 81 17 49 3 81 46 61 99 61 85 25 83 45 72 57 73 5 37 23 1 65 97 93 13 22 13 61 25 70 89 93 21 5 49 7 93 53 1 49 5 47 73 53 77 65 13 77 93 29 51 100 32 17 39 25 37 45 1 5 67 49 97 17 79 25 5 78 64 17 45 1 61 9 74 57 45 53 5 75 5 65 13 27 11 1 41 74 81 19 43 77 1 99 29 56 73 77 1 1 5 59 35 81 69 41 53 97 41 29 95 29 97 69 67 33 49 53 29
85 9 17 21 29 15 85 11 31 85 83 1 23 65 95 35 57 39 17 87 11 85 60 41 35 77 93 25 46 5 53 3 65 31 49 13 14 65 61 17 53 9 85 43 17 17 25 60 43 5 68 44 6 17 83 65 93 94 57 24 57 97 99 65 1 49 1 91 85 29 53 73 9 65 25 53 69 49 93 3 25 9 48 17 15 57 5 45 61 58 7 57 89 11 81 41 25 85 75 50 75 11 97 5 33 72 57 57 51 73 61 13 14 29 17 59 95 38 11 31 65 5 9 80 11 57 41 81 10 22 85 69 15 77 41 25 83 9 95 37 25 8 43 27 57 97 1 97 73 68 36 93 31 81 45 17 9 53 61 77
97 13 61 43 94 77 17 79 71 73 73 53 89 97 65 28 33 33 21 48 57 96 35 81 89 49 85 37 61 64 41 33 96 89 57 69 97 33 62 57 1 65 53 41 53 25 93 46 57 69 93 31 61 85 41 25 73 31 41 57 89 80 71 33 71 87 53 39 79 29 81 91 89 77 49 91 89 13 17 97 13 45 85 17 5 90 93 81 83 86 1 41 57 23 63 91 55 69 41 77 33 25 45 13 37 11 17 5 75 31 65 65 95 70 29 29 37 45 69 97 13 5 93 6 25 93 77 57 7 49 46 51 55 76 61 61 96 25 25 19 37 9 9 89 73 39 1 69 46 21 25 73 81 99 61 97 92 1 27 27
9 34 56 89 37 37 21 65 21 57 49 93 21 29 41 53 77 69 97 41 9 31 69 73 73 89 61 9 97 73 87 61 25 24 85 89 32 85 17 5 57 29 49 13 97 57 45 9 32 97 26 81 13 1 53 78 79 9 77 97 93 85 41 22 37 63 77 93 89 3 97 9 15 41 14 99 55 25 9 57 47 81 81 13 29 67 13 51 55 55 25 5 23 99 53 76 25 65 1 1 49 31 83 53 72 1 19 89 37 80 69 45 69 37 13 97 35 1 1 37 61 93 37 37 25 93 89 33 25 97 47 81 45 47 17 49 79 97 65 61 3 77 65 41 49 77 79 89 47 25 25 37 17 13 31 53 9 25 9 1
13 69 97 77 33 56 73 69 69 41 49 17 29 81 35 40 45 21 17 29 64 51 81 25 97 85 37 47 37 56 3 65 97 67 66 66 89 85 89 97 57 53 45 21 21 41 1 97 10 17 73 29 53 37 97 62 3 41 41 13 29 17 61 3 97 33 46 5 33 55 32 13 97 25 51 5 97 61 7 72 85 65 29 26 57 33 81 51 57 89 43 95 57 32 53 33 57 97 81 51 58 25 8 65 13 9 73 81 33 37 65 17 25 69 89 17 55 53 13 89 97 11 73 41 37 89 9 29 89 77 55 34 51 89 21 85 93 61 65 27 49 83 41 49 37 41 29 67 65 17 9 9 9 13 45 47 33 25 56 66
27 21 44 53 13 81 5 97 33 73 19 86 71 35 75 71 17 94 65 21 38 55 87 17 77 77 33 95 45 8 65 83 11 41 16 89 41 57 85 73 85 63 85 49 89 91 41 49 75 85 21 90 84 32 15 59 33 51 7 97 45 65 12 26 67 41 1 41 25 17 39 14 85 98 77 37 29 63 5 17 13 93 13 67 35 29 49 68 70 25 81 5 21 93 74 45 89 20 29 73 81 57 9 89 22 51 55 77 58 34 52 27 93 44 83 61 66 97 25 41 18 29 29 2 65 61 80 85 89 74 17 55 61 61 13 37 97 5 61 71 86 71 67 29 35 78 96 29 33 25 57 77 39 21 5 89 81 47 59 5
90 93 13 21 33 25 37 23 97 85 35 59 15 47 7 13 35 9 49 49 77 29 81 59 59 33 41 89 27 46 7 31 25 5 1 43 89 61 61 33 29 39 43 57 37 85 69 21 45 9 45 49 89 99 85 41 1 5 21 1 1 41 76 61 73 39 53 89 13 79 12 65 45 37 25 61 36 41 93 49 33 10 77 97 57 49 36 85 17 77 49 9 81 14 33 55 12 71 54 17 37 69 17 33 97 41 33 89 97 9 22 5 42 45 69 13 89 37 53 61 69 37 45 37 1 69 79 87 9 7 45 5 58 17 5 25 69 1 52 97 29 23 83 93 45 45 37 77 99 45 38 65 89 54 99 61 73 52 1 17
33 65 93 37 49 13 37 5 67 74 33 43 87 97 27 84 10 25 69 59 91 53 98 31 41 91 5 81 9 93 61 84 37 25 35 3 13 37 3 21 93 91 53 1 19 17 25 73 21 61 19 39 25 87 1 98 99 1 63 5 21 41 9 82 9 73 37 49 33 11 79 81 67 87 85 65 97 76 73 69 33 1 69 48 71 53 66 5 89 100 21 89 26 81 41 63 30 33 2 23 97 49 65 37 37 58 22 35 49 33 41 11 49 57 87 83 17 36 13 55 42 69 81 41 25 73 21 11 69 69 93 13 87 29 75 54 9 11 63 69 2 97 49 4 97 81 57 56 24 32 99 13 41 65 79 29 1 27 77 77
93 97 35 21 21 1 66 11 97 49 89 73 89 99 4 75 29 25 53 67 77 69 83 11 69 57 13 13 75 89 89 16 1 41 99 1 46 5 17 57 45 69 41 11 37 81 34 73 54 47 45 45 13 57 47 96 69 89 93 81 5 96 45 45 49 69 67 93 51 61 7 45 21 3 27 23 1 41 23 54 25 40 53 13 29 61 89 17 21 57 77 69 89 53 9 29 53 21 53 65 3 73 27 83 21 41 49 88 53 21 35 38 13 69 67 53 87 41 21 69 85 53 41 93 77 65 41 57 96 33 85 45 100 32 33 29 1 41 72 12 49 33 90 16 85 7 91 27 85 73 77 72 97 29 61 41 9 49 13 37
85 99 67 13 43 29 52 65 73 82 61 39 90 65 5 9 29 57 9 47 55 29 75 65 29 4 9 93 89 25 65 56 9 21 67 73 23 70 49 81 81 76 64 25 13 57 87 13 25 31 35 65 95 57 23 24 81 89 1 93 91 93 1 21 77 93 85 19 76 61 93 9 29 31 85 9 29 1 61 41 73 55 9 45 30 13 4 61 45 85 69 29 64 68 25 41 76 53 37 13 49 42 97 69 69 41 95 49 53 27 30 93 77 43 41 9 81 1 45 93 49 25 83 9 39 17 35 57 41 65 93 61 21 71 93 17 51 73 73 85 97 48 73 61 81 69 85 61 99 41 55 21 45 39 13 97 97 3 50 65
69 7 73 21 11 77 21 69 100 85 93 45 17 57 85 77 40 84 78 13 81 83 13 1 69 49 97 77 13 93 57 33 76 39 73 25 81 5 17 49 93 57 65 5 39 19 85 77 41 25 37 84 53 37 33 23 89 25 83 44 81 73 39 80 29 81 55 21 43 26 50 57 57 29 53 77 53 45 86 83 17 55 33 68 65 81 65 41 67 77 41 41 97 65 84 100 57 7 93 21 33 9 42 17 5 49 14 1 69 75 26 77 61 13 52 9 13 39 61 95 85 33 13 41 13 73 97 97 21 63 7 9 85 11 27 23 85 93 25 45 82 29 37 38 33 5 62 89 97 61 95 13 2 29 69 43 15 7 57 93
53 54 83 1 69 17 85 41 69 19 11 69 4 1 57 45 3 45 89 85 64 45 42 17 32 95 17 89 47 33 29 75 33 49 21 41 69 15 65 61 77 39 57 54 65 20 97 97 45 69 61 61 41 97 53 80 45 42 91 1 92 13 77 65 57 97 65 74 2 5 5 49 1 85 81 75 33 61 41 41 13 37 21 27 45 53 49 99 1 25 1 29 22 85 58 45 26 19 25 29 9 79 71 61 21 69 55 58 49 79 97 34 1 36 95 63 79 89 13 55 85 57 66 22 31 45 80 67 49 71 5 13 95 97 39 45 9 61 30 25 29 21 87 13 39 97 100 9 81 100 13 9 57 65 77 85 61 29 95 52
8 57 41 68 63 17 71 52 95 81 99 40 73 25 77 53 73 29 1 24 27 19 26 1 41 85 3 81 65 25 19 89 83 25 63 7 63 71 93 57 89 97 1 17 13 41 20 25 25 50 25 37 85 81 33 1 15 86 97 69 45 93 61 61 65 37 25 26 33 93 95 25 45 82 5 53 1 49 97 17 45 53 42 89 43 65 10 89 79 24 27 29 95 79 94 97 89 25 41 41 1 51 41 65 89 5 93 3 95 57 49 15 29 39 49 48 95 25 71 63 9 17 17 61 27 21 25 1 21 100 65 35 5 13 55 38 99 45 21 61 17 77 35 17 7 77 71 53 71 53 5 15 57 51 57 15 72 99 91 65
69 85 29 11 9 49 55 67 29 5 53 17 93 9 85 68 97 57 8 25 53 34 97 1 59 13 37 81 89 25 13 1 76 65 17 49 17 49 69 17 77 25 77 87 65 73 85 81 85 19 77 53 33 26 15 25 8 65 77 60 9 25 41 33 43 69 12 45 73 65 91 9 83 1 65 32 97 9 25 37 47 19 77 45 41 75 97 45 45 69 25 31 97 53 53 45 57 25 57 64 65 5 1 81 61 81 31 85 70 49 69 64 3 57 2 92 69 13 48 89 12 5 17 64 5 49 89 53 53 13 28 66 29 69 63 89 65 67 41 53 27 45 69 33 71 17 79 70 31 11 79 53 49 18 69 93 61 49 65 77
25 55 88 41 79 69 89 95 17 56 49 93 33 98 71 46 21 74 49 79 37 41 17 21 77 41 13 89 24 93 89 1 70 73 31 89 19 11 95 25 25 41 33 8 5 69 56 96 13 1 29 77 85 65 63 37 65 6 27 97 99 37 35 13 17 17 79 41 81 5 5 85 10 49 89 71 45 13 25 93 89 69 15 1 49 7 33 47 2 41 17 25 85 6 74 1 1 97 25 65 45 23 33 4 81 12 9 1 49 9 93 69 5 77 75 85 31 19 13 61 5 81 61 20 5 29 37 73 89 13 35 91 85 33 49 25 87 57 93 77 38 41 57 15 29 95 27 69 29 47 61 18 49 57 13 1 17 73 37 2
53 89 77 89 29 37 45 70 81 77 82 83 69 1 29 53 27 33 70 59 1 1 25 17 45 4 21 11 66 61 1 65 61 76 21 37 29 82 89 63 13 65 1 53 83 81 51 55 55 33 89 93 49 5 53 65 96 55 73 7 13 25 75 77 29 45 33 41 24 21 13 41 45 17 73 33 45 85 77 3 1 93 77 75 77 81 55 73 65 57 1 45 77 53 69 13 65 85 45 71 5 44 15 81 77 53 21 69 65 52 87 25 20 56 89 25 31 47 7 69 87 51 29 57 17 17 37 62 25 77 25 73 1 63 20 37 45 69 41 53 39 41 17 51 93 61 33 1 81 21 49 1 41 33 69 81 15 53 17 93
1 4 1 45 88 80 81 39 98 13 53 61 53 31 25 73 21 93 65 89 85 38 14 69 57 85 5 29 2 77 9 62 5 49 33 47 57 25 89 63 41 89 48 56 93 59 25 9 85 11 17 21 73 27 61 68 81 5 45 11 9 29 33 29 69 53 1 81 45 65 79 29 77 37 93 57 73 97 33 65 78 63 82 41 60 5 31 39 76 55 49 77 33 61 89 85 45 49 65 1 85 49 27 25 51 65 87 39 81 89 37 13 53 17 27 30 63 68 93 51 39 9 63 46 33 33 45 85 45 22 50 31 7 83 6 61 61 93 7 76 33 100 13 45 99 79 59 57 21 61 83 73 95 34 37 97 28 93 73 41
57 69 53 37 61 41 69 90 49 13 57 59 89 55 9 25 73 61 5 13 85 97 30 33 62 59 17 21 37 33 9 25 45 65 65 81 21 9 25 61 23 66 1 27 73 33 89 65 65 49 97 44 81 69 5 25 89 98 55 58 25 1 53 57 58 65 73 5 45 91 21 49 49 9 85 65 61 34 31 5 90 91 73 93 89 85 89 37 61 35 49 9 45 13 97 97 49 7 1 58 33 93 17 37 45 3 81 49 7 29 13 27 69 73 95 69 26 61 13 89 25 87 77 77 94 25 81 62 85 12 81 53 23 45 25 55 89 17 13 29 89 83 50 13 89 63 73 37 53 33 58 37 37 80 45 33 94 37 13 53
13 53 65 32 73 49 77 31 20 45 29 53 93 89 13 72 1 7 33 40 2 93 45 57 21 9 20 46 92 59 41 53 35 1 57 73 13 17 17 65 21 93 61 57 45 81 85 57 81 17 21 85 99 97 77 49 67 83 17 65 65 41 4 1 45 93 80 27 13 5 11 78 61 67 65 85 41 93 40 96 17 29 41 57 67 93 3 92 25 73 25 21 77 15 57 29 79 5 71 9 72 75 13 89 91 57 51 5 37 49 53 39 72 81 41 61 21 37 5 17 41 15 29 57 36 33 69 37 13 69 84 81 93 89 79 69 9 35 5 13 37 15 73 37 22 33 61 97 81 44 35 31 91 17 85 77 33 69 70 1
65 74 45 81 82 52 73 16 73 41 97 58 81 9 17 29 97 58 75 33 97 69 1 25 72 77 29 9 9 71 26 49 1 9 21 17 85 33 9 56 57 63 11 84 19 19 25 89 89 45 99 41 34 100 41 77 5 31 13 77 63 37 36 93 97 97 97 6 1 29 77 77 33 41 35 45 65 36 82 28 49 1 79 95 25 41 45 4 75 74 37 69 29 99 89 34 37 83 43 1 82 3 97 51 25 5 10 37 15 34 9 97 52 61 100 97 5 1 73 47 17 57 59 33 17 91 13 41 59 69 77 77 77 3 79 97 61 77 27 69 37 65 9 37 91 13 70 89 27 57 41 71 5 49 33 30 67 19 29 31
26 31 45 5 25 73 33 25 79 9 85 56 97 21 48 55 45 49 53 9 25 61 77 49 89 19 90 100 21 50 22 55 93 45 65 25 89 25 21 77 29 41 9 59 21 13 49 69 10 41 17 39 81 29 81 35 1 21 13 93 1 85 69 93 35 51 49 89 9 85 31 51 5 25 56 87 37 3 81 84 13 49 13 77 13 85 49 25 5 29 23 85 10 97 21 79 33 73 1 53 77 92 49 97 57 69 21 45 73 81 61 33 45 87 72 15 89 81 53 25 29 87 75 93 25 29 43 97 60 91 49 81 69 77 41 61 54 89 27 73 21 39 73 5 68 69 77 91 41 77 33 29 97 85 65 59 13 55 57 64
1 15 57 19 14 47 93 41 26 33 85 5 33 61 77 69 43 37 73 93 49 33 83 61 57 43 17 57 9 61 97 45 93 35 61 25 93 49 9 47 77 13 26 25 77 51 43 72 81 65 17 69 97 9 37 1 73 41 85 81 63 12 3 25 85 81 63 49 15 85 13 81 37 53 93 57 37 81 9 8 45 29 9 5 49 75 90 95 23 33 29 63 11 74 77 25 93 25 75 13 21 29 65 85 83 1 30 69 22 73 3 73 21 40 27 25 51 43 40 13 45 41 71 67 81 41 85 53 41 80 97 16 37 73 61 77 37 53 18 25 97 61 60 9 89 83 89 53 87 91 61 93 61 76 81 44 93 85 29 91
19 15 1 59 58 33 25 21 45 5 6 31 41 53 41 89 93 77 65 5 61 13 81 65 65 73 45 62 97 1 69 57 13 5 61 41 79 80 21 1 81 45 33 5 97 73 52 45 89 33 17 7 93 45 49 3 98 87 21 7 97 69 25 18 81 61 29 48 77 38 25 45 83 81 1 84 15 33 59 89 6 66 37 41 49 97 49 8 70 1 23 45 15 87 97 25 13 25 23 1 33 57 13 2 65 21 97 25 58 79 49 97 78 27 81 41 87 45 97 5 99 84 41 59 77 45 9 73 29 71 81 61 17 89 59 77 82 13 63 88 57 17 85 5 25 43 65 89 25 65 49 65 45 69 85 49 33 75 51 77
5 5 77 43 37 31 89 90 71 59 17 7 29 45 79 57 41 89 61 75 25 33 98 25 25 76 75 47 9 13 45 52 50 73 93 73 17 25 81 79 63 29 21 43 7 25 21 8 30 53 15 69 45 91 41 53 65 45 49 89 61 93 53 33 13 71 45 69 89 89 57 82 37 17 72 85 27 62 18 51 17 71 69 17 81 29 7 69 79 88 65 75 49 81 25 31 7 54 81 41 55 51 39 61 9 5 45 89 21 24 69 8 65 29 77 43 52 49 53 97 51 69 29 73 61 29 5 65 37 33 61 9 36 76 63 81 65 89 1 1 85 69 65 89 9 75 31 65 29 20 13 5 45 93 13 19 99 17 25 45
89 43 71 5 33 9 38 25 49 83 45 97 77 13 69 21 36 89 9 66 85 77 21 13 8 65 67 73 5 5 7 69 5 13 53 49 37 61 81 29 97 53 87 93 97 17 35 72 67 48 47 29 53 35 53 25 19 70 25 8 13 97 32 31 21 5 89 17 49 27 29 13 27 21 1 35 69 61 19 45 93 47 21 11 41 97 27 61 41 73 90 57 93 13 13 45 13 61 26 69 65 45 51 85 1 99 48 77 81 21 41 9 5 89 37 94 49 41 51 21 53 53 89 45 57 63 13 9 15 17 93 7 67 39 9 13 55 8 70 93 69 69 27 39 30 37 3 62 17 18 53 49 45 23 65 13 77 45 30 41
5 41 21 76 7 65 73 91 89 93 73 73 1 42 97 17 13 11 32 91 21 89 26 1 49 63 57 17 13 45 64 95 89 25 61 33 1 57 11 77 23 29 31 38 59 81 10 21 45 89 85 91 87 73 57 57 18 51 29 37 93 30 87 9 29 29 91 81 89 80 31 44 57 93 57 29 89 87 57 65 83 46 13 9 21 23 83 47 77 87 53 80 25 85 61 73 17 85 96 1 49 21 44 37 21 61 63 37 5 87 81 73 39 13 89 24 45 21 73 41 7 21 21 89 75 47 65 61 85 49 17 73 5 97 85 33 5 79 25 39 94 13 25 99 5 9 17 10 19 97 12 43 61 37 57 52 61 73 61 89
81 21 99 30 99 72 77 77 49 65 81 35 58 97 31 73 63 77 21 95 61 55 29 93 47 61 97 53 39 13 69 15 98 7 89 64 21 95 57 63 20 11 97 69 79 68 41 6 5 39 69 77 37 78 99 65 73 49 29 67 45 45 78 9 9 75 65 41 17 17 1 69 81 49 89 7 53 9 17 77 18 37 53 58 1 86 50 61 77 53 100 57 1 54 29 41 37 29 85 33 89 87 45 43 89 85 61 93 71 29 89 59 41 61 79 15 73 41 25 73 7 13 45 19 18 1 83 77 13 33 65 85 53 83 85 53 37 49 49 15 20 9 59 39 37 81 41 41 85 81 25 95 93 29 73 81 41 64 17 5
11 26 5 13 73 89 73 83 57 85 71 91 81 24 73 55 25 71 45 69 9 77 49 93 43 37 71 57 29 50 30 12 71 45 65 29 80 87 37 91 41 72 17 1 94 19 31 63 49 45 85 78 93 41 49 53 1 97 45 57 69 9 57 29 9 55 73 37 83 61 97 57 89 38 39 51 53 16 41 17 1 65 73 61 21 77 9 48 77 99 61 57 73 21 45 41 5 41 13 1 36 1 9 17 81 5 41 14 77 56 9 50 53 59 5 49 5 54 67 85 49 28 85 53 25 9 71 11 45 19 37 52 79 17 97 57 88 59 25 81 65 29 65 68 69 12 45 45 13 45 59 37 45 1 21 13 13 55 65 51
69 9 13 85 53 89 58 53 17 43 53 79 77 53 9 4 57 30 87 98 59 63 69 49 33 5 37 98 45 17 77 81 24 57 25 81 88 33 3 51 58 57 89 7 42 61 95 77 77 69 77 59 59 53 35 13 29 37 97 25 53 17 89 81 36 19 25 57 21 51 17 61 35 93 85 33 55 37 25 93 35 33 91 33 83 29 85 51 70 60 83 61 63 21 35 73 45 69 31 25 39 9 37 21 41 5 21 7 57 69 45 59 37 49 63 85 61 91 25 41 73 65 1 91 23 89 9 25 41 17 15 21 99 67 53 29 65 97 19 33 9 1 69 73 35 72 92 45 5 75 35 85 33 21 77 44 85 97 33 73
45 5 37 69 97 83 1 85 29 37 53 33 17 69 25 9 62 81 9 77 1 21 83 45 12 13 49 61 2 29 22 65 67 30 24 53 41 5 57 53 6 17 13 65 87 92 53 1 53 39 1 25 53 37 25 53 84 13 89 2 61 61 25 49 87 81 81 73 69 27 45 45 27 5 81 29 35 81 65 77 61 89 49 52 53 53 53 41 54 13 79 37 49 64 97 33 77 90 69 12 89 57 10 23 49 29 73 53 42 45 41 99 37 89 13 54 78 36 65 42 17 41 57 73 37 9 33 89 85 37 96 73 89 45 93 63 69 43 41 73 29 5 73 37 57 19 9 97 73 53 77 46 41 33 93 51 5 33 25 53
92 53 59 25 13 29 73 37 21 81 71 13 81 53 49 86 17 85 71 61 81 33 77 45 63 49 41 77 73 9 69 47 93 61 99 97 25 89 93 41 57 94 53 33 29 97 87 5 15 33 13 8 1 37 33 97 29 61 33 7 22 7 15 29 29 45 93 93 29 57 69 18 17 87 79 85 57 83 41 21 38 9 57 93 65 77 93 37 33 93 69 5 93 72 45 37 49 65 18 65 61 53 5 61 12 51 17 87 96 61 7 73 69 37 80 49 5 13 1 33 27 69 69 93 81 61 62 25 83 53 34 41 1 73 30 81 15 57 69 89 8 65 57 2 3 96 17 21 7 41 60 49 95 93 84 13 33 73 79 73
93 45 34 19 73 73 49 5 38 85 93 26 77 75 34 25 2 85 71 80 65 87 57 95 84 65 37 96 41 37 57 81 72 77 53 44 65 57 13 21 81 69 97 21 47 83 1 73 41 77 100 78 57 9 1 9 1 57 65 13 69 5 65 81 17 45 37 33 19 69 45 55 3 21 9 35 46 99 37 19 41 16 94 17 9 25 100 85 29 1 41 61 29 33 47 93 65 29 77 89 81 75 27 97 89 29 57 27 31 49 89 49 33 41 44 43 13 51 69 9 97 37 45 17 97 66 61 81 65 41 65 89 33 57 19 23 77 51 77 37 69 3 69 69 21 67 1 7 65 69 81 73 23 37 89 42 69 37 33 53
84 85 87 57 1 17 33 41 91 85 13 91 61 49 5 25 52 97 93 25 11 81 5 52 9 35 53 85 7 25 73 33 37 75 31 54 41 21 86 1 65 63 89 9 89 9 93 70 69 33 41 56 92 97 31 53 9 82 65 69 73 29 91 22 29 55 37 45 73 9 5 61 5 69 28 93 35 33 19 73 49 65 69 71 21 17 69 19 41 93 2 47 21 85 65 19 45 23 59 37 93 47 42 21 82 89 69 85 84 17 1 47 1 81 61 89 41 25 37 77 53 37 57 29 65 15 64 30 73 5 1 41 63 13 73 68 61 61 85 13 49 39 61 40 9 29 49 62 41 5 77 90 97 19 54 85 97 85 59 76
64 89 33 57 69 31 43 41 17 29 85 1 29 23 63 65 73 5 29 49 93 21 37 83 89 9 29 22 13 49 73 39 5 77 51 65 21 21 33 49 64 49 55 25 9 81 21 74 27 29 73 93 33 61 84 17 3 57 3 17 17 25 13 67 71 13 57 87 2 37 41 14 29 97 41 35 73 61 1 37 11 54 17 29 11 11 45 61 25 73 75 85 17 79 24 85 53 37 1 63 41 9 17 32 72 45 82 93 79 69 25 33 86 57 65 33 25 21 65 57 69 60 37 49 69 69 73 49 97 90 45 31 27 45 73 93 55 51 5 51 77 31 89 45 13 60 53 59 33 9 83 79 33 8 9 89 49 87 29 42
68 79 66 63 75 17 65 33 9 71 80 53 9 49 61 59 49 41 13 25 65 89 13 73 90 85 53 55 49 69 82 21 46 81 41 89 97 57 77 74 41 5 97 45 23 9 65 67 57 16 89 29 25 21 17 67 25 25 85 48 29 73 97 99 92 37 73 76 3 41 22 85 69 95 84 37 17 1 57 83 13 87 89 91 15 97 67 35 93 29 83 57 97 40 32 9 85 61 8 68 15 97 25 49 11 43 100 84 37 49 91 97 40 53 9 17 58 84 77 57 83 77 81 85 75 27 73 35 81 73 73 84 25 67 5 89 61 37 48 35 9 61 3 21 25 27 49 25 15 45 61 29 29 23 77 91 61 61 65 25
49 14 1 21 49 45 94 65 57 85 43 37 17 77 93 69 9 11 79 63 69 33 57 19 87 29 21 94 37 29 65 19 97 42 95 72 96 73 11 39 15 49 37 55 16 17 41 93 21 13 17 69 1 1 3 21 49 57 63 1 32 57 5 37 61 97 77 69 33 15 8 53 37 99 23 41 41 83 37 25 47 59 94 89 62 45 5 51 77 11 93 49 73 21 47 21 90 93 63 49 5 61 57 31 9 11 93 41 93 63 5 61 5 1 52 61 73 44 77 81 89 61 13 69 97 17 45 87 29 33 33 45 1 73 39 37 72 11 57 46 34 30 65 1 57 99 67 42 73 65 1 74 41 80 91 69 66 9 33 1
5 33 61 63 32 23 83 49 65 19 1 62 85 95 17 85 37 57 37 63 91 65 11 41 37 81 89 91 29 1 49 87 81 19 36 45 15 5 69 57 1 42 58 81 67 45 37 97 73 9 83 37 65 41 73 32 93 29 13 1 43 29 61 49 53 5 33 41 59 45 9 43 69 25 21 86 81 17 27 73 29 69 17 55 42 85 97 38 87 50 57 51 41 41 25 47 97 17 98 14 75 77 57 39 77 5 51 70 99 11 85 5 77 65 43 86 59 86 9 65 13 57 77 47 89 66 29 7 73 9 61 25 97 72 37 97 27 77 85 13 9 67 34 67 21 86 93 41 9 53 43 9 49 95 17 76 36 4 81 81
29 5 83 17 52 17 40 33 83 49 25 29 13 96 93 37 29 89 73 37 89 31 85 29 41 87 57 45 38 65 91 29 21 49 79 41 3 68 97 71 91 52 66 49 69 65 7 36 57 1 93 27 85 45 19 69 81 89 70 41 74 53 33 1 47 89 73 91 67 33 1 53 96 65 58 17 89 95 85 53 75 1 9 99 29 17 47 70 20 57 97 85 61 25 85 93 45 34 25 69 25 81 45 33 69 37 1 73 17 93 15 8 77 9 53 49 37 85 93 11 5 44 25 73 17 33 21 40 21 78 41 57 41 53 65 71 24 65 65 69 19 71 13 89 77 89 17 25 20 83 93 87 5 37 9 41 35 69 30 69
67 89 11 3 61 9 13 9 5 57 69 17 55 33 29 1 5 51 64 53 89 77 81 9 33 69 69 57 45 35 3 77 29 33 9 24 20 97 93 13 97 17 25 85 81 17 43 5 29 75 69 9 97 28 45 57 49 17 61 7 89 19 73 6 31 30 1 83 81 85 89 49 61 55 25 73 75 56 7 73 1 13 81 63 77 51 20 81 29 41 73 45 49 53 1 57 97 51 85 69 89 77 55 3 25 87 57 37 1 93 13 94 69 45 85 19 45 73 69 93 17 29 73 73 65 41 77 29 73 67 25 23 77 71 37 29 41 56 25 19 1 37 67 65 27 13 3 65 55 44 71 23 73 48 68 33 73 19 53 5
81 45 33 97 17 37 19 93 15 93 99 49 45 87 16 95 27 11 78 41 97 97 43 67 94 87 41 93 49 21 41 57 53 63 7 85 93 93 89 35 90 17 65 67 11 11 93 7 57 36 51 37 17 73 65 65 5 60 48 57 45 47 88 69 77 41 37 73 49 47 77 89 21 77 61 43 13 53 11 43 9 81 21 17 17 57 57 9 93 89 9 97 25 89 39 65 25 65 50 13 64 87 22 7 68 13 25 55 89 94 73 84 45 81 51 97 93 59 87 85 87 46 65 53 48 45 29 31 37 61 49 87 5 93 53 81 77 53 97 37 93 17 57 5 41 66 27 41 21 97 73 58 51 81 63 89 61 45 93 35
45 49 1 74 31 17 49 79 61 89 13 13 53 5 8 77 85 44 73 5 5 79 5 29 37 9 3 25 35 69 77 65 89 57 61 26 73 79 58 49 22 33 48 29 39 23 24 49 28 69 81 29 57 59 83 49 79 57 93 21 97 37 93 65 37 97 100 95 49 41 61 27 35 37 89 89 69 65 65 4 45 93 29 25 29 65 37 9 53 81 41 5 95 47 22 67 29 93 45 91 91 89 21 78 26 25 75 5 75 61 21 42 77 41 93 25 77 95 9 85 81 37 49 5 51 37 13 65 97 79 73 53 53 99 77 77 80 1 89 35 9 97 97 21 61 69 65 25 33 65 99 29 39 3 97 81 9 61 7 61
5 75 49 89 41 65 73 33 9 79 17 41 99 44 93 9 20 17 17 21 1 5 60 17 81 49 61 5 21 25 65 49 97 29 77 57 62 25 33 1 49 84 69 6 57 53 69 5 25 61 74 97 38 6 63 83 3 91 59 49 85 69 100 77 70 9 1 45 53 17 65 5 89 9 5 32 28 87 81 13 40 27 45 89 85 100 15 28 5 45 97 57 53 33 15 89 77 17 1 89 85 38 80 17 49 65 5 37 89 47 38 77 85 49 41 79 85 40 17 29 33 61 53 13 53 81 57 17 55 89 33 31 37 1 2 13 77 74 93 29 97 81 27 29 7 40 77 13 71 67 26 95 93 65 69 53 37 5 33 58
1 61 57 32 33 97 91 95 1 82 97 51 3 9 77 37 85 65 81 61 29 21 96 34 5 57 9 45 49 31 97 83 49 43 45 83 33 69 27 61 10 95 51 25 69 13 57 69 49 86 73 81 35 2 21 13 21 49 11 57 67 17 69 97 62 69 80 93 9 33 73 13 9 73 43 25 97 33 49 20 73 89 5 29 60 31 73 11 53 9 21 41 89 77 33 31 22 87 57 58 89 65 13 1 17 86 81 39 5 39 53 77 37 70 39 93 13 47 49 13 77 17 65 29 80 29 46 69 5 45 42 77 97 57 85 21 17 95 41 93 10 21 49 28 61 9 77 11 21 29 65 85 38 41 81 25 87 73 89 37
37 10 89 1 67 74 55 50 85 7 29 31 31 77 29 29 9 9 32 73 9 85 84 99 14 41 53 91 93 65 53 87 32 93 89 57 49 90 98 69 17 65 41 91 82 5 5 35 37 65 45 13 79 74 32 24 29 69 65 33 13 97 1 72 29 85 53 41 85 53 85 14 21 15 93 69 3 33 69 74 42 21 13 33 89 9 17 79 93 33 57 19 25 21 37 57 75 5 61 33 55 6 5 90 25 83 1 33 49 77 9 29 9 21 61 25 95 83 89 95 66 5 8 73 63 71 39 53 31 31 77 1 57 81 95 27 29 8 77 29 3 93 87 65 45 67 25 5 11 97 57 37 49 17 33 61 89 69 33 21
49 97 17 93 18 21 37 37 49 17 69 82 5 73 77 27 44 17 21 33 19 71 3 92 25 69 63 5 21 5 67 93 71 25 21 49 90 95 29 65 41 17 76 25 77 25 10 17 77 53 13 37 13 69 51 46 67 21 25 9 7 49 92 49 1 33 74 85 17 45 3 53 1 81 73 65 33 60 17 93 79 41 57 75 73 33 66 81 57 49 89 53 45 15 65 64 73 25 17 69 77 2 45 77 29 33 87 29 94 93 41 61 93 69 57 36 33 13 35 73 41 29 57 83 33 61 49 49 21 10 9 79 45 85 63 5 5 81 33 33 77 41 43 91 21 57 21 63 53 5 7 57 45 13 13 52 45 68 57 61
81 85 51 1 41 97 81 50 29 69 19 41 39 16 25 53 55 61 25 29 7 93 63 1 25 97 21 82 69 29 81 9 97 97 62 37 48 33 57 94 9 71 97 37 77 14 65 49 63 17 54 79 74 1 29 77 69 13 74 31 41 65 93 49 73 25 29 13 61 61 33 89 4 3 9 89 5 97 29 36 29 49 64 59 78 65 17 65 85 37 45 69 89 29 18 34 82 77 18 11 1 74 26 81 38 10 3 57 81 91 93 13 32 31 77 89 73 45 95 29 5 65 2 77 69 54 49 76 15 61 89 2 9 89 89 29 13 1 95 85 69 51 92 25 19 33 42 25 81 23 83 17 55 41 61 17 69 69 65 9
29 33 9 21 71 21 41 13 71 24 97 17 37 35 70 27 33 9 49 61 65 29 93 65 26 61 23 81 59 92 45 21 5 73 55 53 69 18 25 61 65 23 89 5 65 37 55 45 63 29 35 77 19 49 51 53 1 57 13 82 77 9 10 69 57 77 9 9 40 49 29 79 5 21 63 64 85 61 99 4 97 47 67 97 45 64 45 76 99 53 13 77 93 69 93 50 24 85 2 85 81 49 71 13 41 51 57 81 29 33 65 57 45 1 57 17 73 45 89 1 43 47 69 25 45 77 25 55 25 65 33 61 13 73 61 93 99 40 90 65 65 89 65 14 33 45 68 73 89 2 97 51 50 85 65 43 24 77 93 77
98 53 68 97 69 25 59 17 32 73 21 49 3 69 62 6 57 83 33 73 2 30 69 77 80 77 45 77 5 13 41 53 91 42 45 44 5 1 66 89 89 93 5 34 99 85 98 12 48 45 41 45 43 91 21 93 49 57 1 75 69 93 25 15 86 55 65 23 37 33 25 13 42 93 94 5 17 69 77 65 1 89 82 66 21 49 57 65 89 21 69 85 81 65 85 62 39 63 69 71 13 85 9 73 70 63 7 45 13 70 19 77 67 85 43 89 61 93 97 81 81 68 66 77 35 51 43 5 81 85 70 57 94 66 29 65 77 28 45 37 5 73 93 89 27 63 37 89 33 85 45 13 1 57 71 45 45 49 39 40
37 2 45 49 49 44 19 13 9 44 49 81 41 55 69 13 81 73 67 85 70 21 1 69 85 59 51 9 57 27 33 18 87 57 17 33 25 23 21 21 55 47 33 55 90 33 33 57 89 21 29 21 17 13 33 21 29 69 97 27 39 39 45 25 43 73 45 51 97 45 77 13 87 37 51 89 65 81 51 57 91 85 99 33 89 27 59 89 17 49 33 82 45 89 93 31 45 23 13 5 97 41 1 21 95 53 57 53 73 97 5 89 41 62 29 71 39 81 53 93 69 9 29 97 13 58 93 37 97 69 89 65 63 37 49 84 29 46 73 81 93 19 59 79 3 41 7 77 57 13 8 77 79 45 29 55 53 65 30 93
37 29 21 89 13 27 33 85 73 89 49 45 13 49 29 53 29 2 53 45 81 9 36 37 59 5 25 13 21 37 55 59 13 81 99 21 45 67 81 25 57 37 21 37 37 49 13 34 65 25 13 53 99 25 29 33 29 21 69 65 31 89 61 57 1 85 5 23 57 98 7 81 13 77 42 21 97 9 27 7 69 1 41 48 83 5 81 49 65 25 85 94 53 13 41 25 99 65 66 48 65 81 85 32 73 93 25 5 19 3 95 57 1 33 41 69 94 25 37 53 49 69 65 97 13 47 53 25 1 100 69 73 84 29 63 86 7 65 19 11 49 73 25 31 75 57 100 85 73 90 92 85 85 65 29 21 49 65 81 3
39 61 73 94 1 96 89 53 85 17 8 77 29 42 99 98 21 45 33 71 85 77 61 53 97 56 78 97 21 9 93 85 73 93 41 89 31 57 55 77 50 85 27 95 9 87 5 9 93 61 45 81 87 73 13 69 27 17 99 41 25 1 55 43 9 41 73 49 9 25 61 49 25 45 63 97 15 5 80 89 91 59 87 49 81 57 93 25 90 33 61 33 93 25 37 24 33 81 32 65 13 21 64 25 69 53 33 63 49 5 77 97 25 61 33 5 39 45 61 25 77 46 85 33 13 45 25 15 38 99 47 14 69 69 57 17 9 32 51 81 89 81 9 53 45 31 29 85 86 13 42 1 11 24 97 13 69 65 61 61
97 22 25 73 99 66 33 96 81 81 65 17 79 79 25 23 21 17 28 94 77 69 73 29 66 47 9 39 13 93 25 77 93 65 95 89 41 49 49 37 45 84 31 5 92 69 56 74 57 9 57 69 89 45 5 53 23 71 57 65 33 17 9 75 42 73 35 93 69 65 65 5 29 5 61 65 25 31 84 28 65 100 15 75 21 49 73 71 79 9 25 79 81 41 65 69 69 73 45 1 67 43 98 84 59 63 57 21 15 25 53 81 13 69 81 85 64 25 92 37 91 45 92 61 83 69 78 93 81 65 93 73 81 39 65 93 73 89 9 23 1 29 73 73 41 11 17 77 51 69 97 69 90 17 81 81 31 39 95 57
81 45 27 80 45 100 99 51 35 59 37 77 85 33 84 52 31 90 89 69 45 64 29 15 9 83 92 9 81 19 1 85 61 81 95 25 37 81 50 96 77 45 25 17 1 15 17 9 84 41 49 53 43 81 45 88 57 35 21 76 89 45 81 89 38 65 41 97 5 25 7 29 53 11 47 5 45 47 93 42 51 97 53 72 33 94 73 57 81 49 81 96 33 4 93 65 93 97 43 91 44 70 57 85 69 13 87 41 31 100 33 99 85 65 21 97 81 89 35 69 2 75 85 19 75 17 85 95 69 9 60 5 29 53 69 89 81 29 93 49 17 28 79 67 31 54 81 73 29 33 91 83 13 41 39 36 77 33 89 97
97 7 14 78 39 69 77 49 85 37 97 1 51 11 60 33 61 7 45 1 63 3 55 100 85 87 93 61 48 9 97 29 9 37 25 65 89 49 9 49 68 93 93 21 69 20 17 19 79 53 93 24 69 13 69 25 57 37 45 37 1 19 25 4 19 21 53 49 53 57 1 57 49 9 65 79 1 81 53 37 52 57 21 40 39 45 63 27 21 9 97 1 77 81 88 69 28 45 75 57 41 29 75 49 53 61 61 53 45 45 17 67 22 85 85 77 89 47 17 65 48 57 85 77 33 83 58 1 85 56 77 35 13 5 53 46 91 93 57 59 11 9 29 87 69 45 91 16 73 73 77 3 85 7 45 3 22 13 57 13
85 29 96 65 34 21 57 59 7 61 57 49 61 85 26 9 61 25 37 17 65 61 31 81 91 25 36 23 89 53 9 8 9 17 74 41 9 86 21 17 37 77 5 21 93 81 43 35 13 91 93 41 57 79 55 65 25 37 63 61 47 53 46 37 20 33 57 45 67 43 29 9 28 87 88 29 1 69 45 83 89 33 91 85 61 49 17 7 91 76 33 65 65 41 97 13 93 13 79 83 49 75 42 53 17 52 69 35 19 69 11 57 53 5 65 89 53 97 33 57 69 41 57 54 59 1 41 75 73 93 61 45 85 97 67 49 17 21 25 49 93 29 1 65 61 85 45 17 97 1 61 29 9 28 1 79 62 5 1 65
18 89 55 39 17 67 31 65 65 73 41 53 9 13 61 85 2 43 53 73 23 52 72 85 45 21 77 17 73 39 49 1 45 61 45 17 8 93 89 66 57 100 33 89 27 61 75 49 18 27 1 53 39 17 25 5 53 1 33 20 61 29 25 49 53 33 45 38 73 84 32 41 74 65 3 85 48 77 68 81 66 61 93 17 5 81 46 45 87 88 69 65 21 77 57 75 41 48 45 61 53 79 69 57 55 8 34 1 29 85 75 89 98 16 41 22 93 33 75 55 57 57 45 61 13 13 41 17 21 85 23 5 21 90 17 21 73 97 29 85 41 71 53 29 25 41 13 74 37 15 37 31 73 91 93 93 17 92 13 41
45 53 1 45 21 29 89 94 1 37 85 61 97 97 5 92 41 1 89 29 49 79 21 53 77 15 61 85 13 76 29 48 43 85 65 13 93 85 98 77 13 61 53 91 21 85 21 59 60 85 98 97 61 29 54 81 36 65 89 55 37 33 81 83 22 27 33 5 25 3 21 45 41 37 37 53 41 93 11 16 93 25 55 6 26 41 97 5 13 33 61 37 45 45 93 3 77 37 17 57 43 57 5 33 95 55 41 89 73 21 57 9 1 100 97 13 36 36 51 11 61 83 83 45 38 57 55 59 83 5 61 91 87 33 83 1 89 25 53 74 17 77 53 44 22 57 34 45 61 65 51 81 53 55 35 85 77 3 81 53
13 45 39 41 58 37 26 15 1 95 66 9 1 77 94 66 63 93 43 97 41 49 89 5 29 13 3 93 61 97 77 77 37 91 57 93 17 72 93 37 45 35 17 9 55 49 15 69 85 22 78 41 95 47 61 89 59 17 81 67 50 17 13 32 81 85 81 57 43 83 31 49 77 57 9 43 1 91 87 73 9 53 77 23 73 85 10 9 41 65 5 65 7 79 83 97 25 87 73 73 57 71 85 5 17 78 93 61 49 13 93 53 53 97 77 17 81 97 69 28 35 73 37 65 77 53 33 83 53 45 77 41 99 8 75 25 58 69 58 41 8 51 69 76 9 39 33 33 11 37 43 5 57 25 65 93 81 49 81 19
48 79 29 55 53 29 45 85 33 29 97 43 61 9 41 61 9 21 65 97 65 77 13 73 93 41 87 45 98 49 3 29 9 67 22 41 49 51 9 34 77 59 33 88 32 21 41 1 5 21 17 27 52 29 19 61 25 41 73 37 61 78 69 89 41 45 89 17 39 86 5 20 57 84 45 61 87 29 25 75 5 76 77 5 61 61 98 31 21 73 14 33 17 9 1 13 23 85 85 21 61 14 77 52 93 69 93 85 24 86 87 33 61 34 53 77 49 24 89 37 47 29 41 97 1 47 97 13 85 93 41 62 40 21 41 79 27 81 65 17 53 5 9 4 89 40 47 4 93 93 45 35 71 2 51 9 49 61 70 77
84 54 21 17 49 79 29 21 73 41 65 19 9 29 9 17 67 53 9 67 21 93 92 29 97 96 5 21 79 81 41 37 89 15 89 33 13 89 31 95 29 49 17 96 58 77 49 33 17 36 77 21 21 27 41 69 62 9 48 33 13 73 57 22 37 31 1 53 83 97 55 5 73 69 61 37 85 45 49 77 9 23 41 47 9 97 93 18 33 21 25 33 23 81 73 27 73 57 73 73 49 81 27 21 60 73 1 89 97 69 97 64 11 37 45 44 77 79 95 71 73 73 1 47 97 50 77 93 1 1 77 77 69 49 57 49 3 85 53 28 45 75 17 72 93 53 73 77 56 67 79 37 52 39 73 89 61 7 26 71
77 71 55 69 41 37 37 79 87 53 59 55 17 21 13 41 1 73 79 73 12 61 13 65 93 27 57 61 5 25 1 7 1 73 6 77 1 21 27 25 57 81 67 1 69 81 29 45 77 97 81 69 65 79 85 83 86 25 83 15 6 64 33 65 29 57 17 27 97 33 84 85 41 23 81 53 35 22 81 53 13 7 75 77 73 7 65 62 53 29 82 81 69 81 25 41 89 5 37 89 21 71 9 88 45 66 45 11 93 77 1 97 83 41 33 37 81 17 41 51 78 9 15 77 71 77 28 76 39 33 49 57 70 93 100 87 56 50 33 85 61 77 37 30 73 49 61 41 39 43 25 9 61 53 81 81 5 73 73 91
8 65 81 26 49 94 77 25 99 57 3 57 73 97 93 81 44 35 31 51 13 45 81 9 33 84 9 9 49 25 21 25 81 64 9 65 93 71 29 97 29 55 57 18 95 49 23 5 33 81 1 17 37 42 45 21 8 47 25 53 45 19 33 79 7 53 63 45 49 47 23 49 1 48 41 29 85 54 19 67 70 33 86 45 31 77 5 17 7 25 69 89 79 37 25 6 1 96 93 19 77 9 25 61 39 9 27 41 1 61 66 4 73 89 25 57 29 73 17 5 19 97 9 49 73 37 65 45 83 21 75 57 1 16 3 53 33 25 9 50 41 73 99 87 17 77 69 93 61 99 11 48 13 57 17 25 21 5 15 77
73 5 81 23 19 69 81 76 97 85 61 65 41 67 93 56 52 25 75 67 64 51 100 75 65 34 13 45 21 89 33 5 84 93 69 5 70 35 29 46 45 25 68 37 67 42 3 33 25 69 29 69 5 41 89 33 65 47 73 69 41 37 57 25 29 11 21 13 53 29 29 93 61 25 25 21 45 49 1 31 59 65 37 9 23 25 57 21 24 57 1 41 61 5 93 77 23 89 53 95 21 93 77 1 21 49 73 21 97 16 83 24 43 17 17 17 49 53 29 25 41 98 61 61 77 35 37 69 33 11 9 22 71 25 57 33 77 17 90 39 79 13 95 89 48 25 29 1 13 33 28 5 93 9 11 81 61 85 97 77
57 61 5 5 97 37 66 63 9 25 65 41 45 65 55 65 25 31 95 77 17 93 25 19 27 1 95 63 15 77 93 61 57 13 79 87 51 87 10 45 99 57 13 51 21 97 13 19 97 87 17 49 65 89 41 94 21 17 41 90 29 13 57 67 97 21 69 56 57 85 1 21 45 78 33 85 56 93 89 15 21 85 9 1 26 13 99 51 81 41 51 58 97 44 25 84 57 97 41 45 17 83 13 2 37 9 61 1 97 69 81 29 37 4 13 53 4 71 25 60 90 35 45 99 1 51 77 57 33 25 93 77 33 89 45 41 73 13 97 6 9 7 53 1 17 93 61 89 45 21 67 13 67 93 25 87 29 83 37 28
69 85 41 81 37 33 66 49 85 25 69 25 25 52 77 95 93 87 75 97 13 3 85 21 37 35 19 19 97 20 97 57 81 3 17 53 37 84 21 7 51 69 69 97 41 77 25 83 21 25 93 45 69 57 59 53 29 83 5 29 84 89 45 51 77 45 91 35 40 45 77 41 77 65 18 29 7 89 29 33 89 19 85 93 21 33 33 97 12 17 53 52 83 91 95 49 13 35 11 17 65 71 37 9 17 69 63 69 10 19 9 59 93 49 68 5 57 1 75 33 25 97 73 89 1 65 47 37 86 47 69 45 45 29 50 37 43 87 53 54 13 15 92 97 65 93 83 16 9 21 97 27 47 37 19 57 83 61 81 13
37 49 69 77 17 2 59 29 48 41 5 99 33 49 41 71 73 49 23 93 37 45 81 29 69 86 13 33 89 3 13 65 63 23 41 65 13 49 41 32 61 69 85 29 81 75 57 31 70 7 49 89 33 49 77 85 45 65 89 41 83 77 35 55 47 13 65 67 55 57 76 69 42 73 96 96 33 81 39 87 34 17 93 93 25 29 89 63 29 41 97 49 43 56 89 66 36 92 61 89 3 5 57 37 89 53 57 57 85 97 41 72 9 41 3 53 77 95 47 87 1 9 78 1 23 5 45 1 47 38 5 29 22 9 41 85 81 93 83 29 5 25 21 73 65 69 37 1 17 25 82 5 57 40 93 11 5 33 24 61
29 12 18 9 89 25 52 33 5 85 57 17 29 40 19 70 13 23 78 75 54 89 37 35 43 36 49 90 11 33 45 37 45 69 85 99 51 85 35 61 63 61 1 41 60 61 41 8 37 33 77 55 65 97 39 31 77 89 53 93 33 49 67 89 85 75 5 69 91 64 33 47 29 31 77 65 3 65 69 28 9 33 31 44 73 14 1 15 21 25 21 5 96 25 97 1 93 41 23 36 15 89 15 9 41 49 93 37 5 35 27 77 29 29 27 33 5 93 33 13 61 1 63 41 73 97 17 1 67 97 85 3 45 21 57 79 77 61 73 29 61 89 86 81 29 1 24 1 37 25 1 37 97 1 36 65 57 27 33 15
73 82 65 73 36 17 5 57 29 75 19 89 41 61 65 67 65 5 41 5 85 14 69 47 41 51 39 17 37 73 33 1 25 76 33 86 93 1 37 60 47 31 58 34 80 81 9 13 41 9 65 1 21 99 33 65 17 1 25 5 57 17 37 5 5 45 85 33 21 18 65 1 80 37 57 1 17 65 90 89 69 61 71 81 53 53 41 70 83 70 13 81 45 85 79 13 97 69 13 53 49 45 81 10 44 1 29 61 49 61 45 69 49 15 84 69 41 49 29 93 41 61 49 1 49 93 57 73 63 33 41 21 37 37 49 29 65 67 7 95 67 13 45 85 69 17 49 54 13 41 3 43 22 77 77 41 9 7 93 29
81 49 25 81 53 9 49 13 69 57 1 37 29 81 41 59 25 85 95 72 83 55 57 17 33 37 13 25 98 23 27 65 37 87 97 5 29 12 29 41 79 47 93 5 13 3 83 61 9 43 28 85 25 45 53 37 57 69 53 73 32 69 73 13 17 75 9 21 89 67 17 37 41 9 28 21 77 30 93 74 17 37 24 47 19 21 9 49 95 97 95 30 69 69 31 81 7 85 21 29 33 9 11 50 96 99 29 81 1 89 81 73 81 71 15 63 33 33 9 57 19 29 21 57 61 1 7 45 97 49 9 87 41 29 85 41 73 91 49 53 35 77 65 81 89 21 73 77 29 52 97 49 41 27 73 85 65 83 81 7
37 25 75 61 71 5 85 13 17 32 92 1 5 27 39 45 57 17 89 93 75 93 99 53 93 77 97 77 61 49 39 65 73 21 74 5 7 75 81 13 9 77 17 5 1 1 9 66 75 7 45 33 61 68 56 58 69 21 37 77 77 73 65 37 9 25 33 6 75 49 59 89 83 61 81 65 65 95 25 37 61 17 89 65 43 29 72 21 65 77 75 39 65 13 29 1 75 44 10 68 76 69 95 92 65 13 63 5 89 17 97 13 65 58 89 67 65 100 29 65 77 79 55 71 51 22 53 45 85 99 17 21 7 41 70 1 29 58 72 5 45 77 49 100 33 23 93 49 77 51 37 74 61 7 71 29 25 70 29 13
97 13 15 65 57 61 93 8 84 41 45 21 59 85 25 29 21 53 79 25 5 9 45 89 21 17 33 42 93 65 1 57 43 93 56 25 25 85 65 5 26 21 35 89 9 57 51 89 9 73 16 67 85 65 73 99 41 35 69 73 99 25 13 77 13 8 33 95 93 33 3 86 45 1 10 67 89 45 89 62 33 24 69 13 81 15 39 97 19 5 42 29 89 81 33 69 57 75 49 33 77 51 17 22 57 21 68 9 33 39 81 86 59 42 80 57 37 5 69 13 95 47 89 73 68 17 83 53 41 13 72 61 89 93 31 37 29 76 41 57 49 43 1 41 1 35 43 5 45 69 85 95 45 69 99 8 97 53 97 61
76 33 41 11 21 33 73 73 77 97 89 57 85 96 11 41 37 5 21 21 67 93 100 29 45 19 41 83 49 25 25 87 81 1 76 41 79 79 27 73 85 73 59 80 85 53 9 100 49 85 63 45 37 93 1 1 57 53 33 72 28 53 51 23 75 49 25 13 29 67 24 29 83 25 17 37 49 65 37 73 27 95 85 1 61 86 19 57 77 37 5 13 64 59 69 33 73 97 21 69 17 57 37 27 45 49 65 78 25 9 45 42 29 3 89 46 1 97 41 93 63 49 73 65 33 79 61 85 17 65 45 97 79 21 91 79 77 61 13 57 89 29 13 9 37 73 85 69 31 88 85 77 75 9 97 89 39 25 13 19
3 33 91 93 23 45 79 33 53 85 19 13 89 9 29 71 57 81 58 97 73 37 70 95 29 88 76 15 5 13 77 25 77 53 45 97 81 69 25 69 13 85 41 79 85 17 45 57 41 53 42 60 13 61 25 97 25 25 33 53 11 37 91 36 45 69 13 47 89 57 49 9 15 15 19 60 93 85 37 23 21 90 91 78 5 96 21 81 21 23 73 49 73 69 89 17 13 61 86 49 25 25 60 25 1 65 41 57 45 77 77 19 21 69 3 48 31 77 49 85 25 49 37 67 73 77 48 21 5 77 53 13 41 38 37 21 77 65 37 1 17 91 93 15 25 45 93 33 10 53 45 58 27 41 25 65 90 25 1 68
13 51 69 57 44 45 25 1 37 97 5 50 69 99 47 13 2 5 76 19 73 53 87 89 85 57 7 33 83 1 33 97 56 45 23 81 3 5 25 13 65 53 35 95 25 37 65 25 37 45 69 57 25 1 78 33 9 40 50 49 93 19 65 9 1 65 83 29 57 73 69 69 88 25 21 95 10 5 7 77 31 57 51 26 25 45 37 57 6 53 31 69 93 29 62 9 37 73 89 47 70 41 33 57 74 25 65 71 93 93 93 79 5 57 29 57 4 5 63 5 33 37 17 37 77 77 73 47 73 81 17 50 17 89 17 57 97 25 57 37 29 21 83 1 89 69 45 47 7 20 8 13 67 9 9 49 45 37 65 99
37 97 99 5 61 21 34 17 99 7 53 63 23 14 47 17 73 34 93 5 13 85 95 47 69 56 29 53 96 35 84 24 33 75 77 51 9 77 79 1 77 94 37 17 13 65 47 33 17 77 97 89 83 55 1 89 49 97 1 9 1 29 45 15 97 1 27 27 53 45 79 1 77 45 93 11 59 29 25 29 49 13 25 69 29 53 25 24 71 17 97 53 55 45 13 5 45 35 39 45 45 81 5 5 78 80 81 93 89 73 29 37 55 9 53 95 89 9 85 5 37 1 49 77 29 2 55 49 76 87 85 11 97 84 24 97 53 45 93 49 67 61 70 45 95 77 17 9 71 84 85 29 91 38 37 78 33 13 21 69
69 30 93 9 93 21 35 9 42 73 50 37 77 53 49 29 77 25 73 25 100 77 19 93 63 73 37 73 69 99 67 65 89 5 15 69 53 19 61 37 13 5 35 79 14 76 5 76 85 3 45 81 41 73 92 93 81 37 1 81 93 89 5 77 7 57 69 51 11 9 33 99 39 13 25 37 2 27 17 1 68 85 5 69 29 57 9 66 5 26 1 100 57 57 85 13 23 27 85 85 25 49 61 45 7 78 99 83 23 45 21 100 19 9 4 33 61 45 53 97 5 21 5 29 57 77 97 37 33 93 17 9 85 97 37 99 99 71 87 17 97 47 81 45 93 93 85 77 5 7 21 73 45 5 59 61 9 41 29 21
8 61 53 5 89 89 41 23 17 21 49 69 49 52 73 68 13 85 25 49 53 85 61 33 37 91 41 25 44 66 25 50 100 5 34 24 27 85 37 29 79 77 77 3 33 76 45 28 53 8 29 71 99 61 3 41 97 25 55 5 89 33 65 28 5 65 69 9 75 93 37 57 95 29 1 25 57 49 67 17 5 99 25 65 17 5 43 25 7 41 49 49 80 41 77 1 77 53 29 51 86 29 31 1 89 69 5 85 92 13 37 57 31 57 33 53 82 77 9 21 19 41 9 65 25 21 41 84 16 47 65 89 9 85 41 1 21 97 13 81 93 81 25 65 45 79 81 53 45 17 45 30 49 89 36 57 33 17 81 5
79 61 6 65 77 27 41 63 77 23 49 27 96 57 93 74 64 97 81 93 37 95 67 9 85 4 25 19 45 59 15 17 49 9 85 89 96 55 37 37 49 69 4 30 65 45 85 73 49 69 38 17 22 79 41 9 59 20 81 5 49 73 29 51 65 73 5 31 85 33 41 79 57 81 13 27 49 29 61 5 52 49 89 81 97 1 77 27 5 63 21 4 69 28 69 25 69 93 22 69 49 54 9 37 73 67 41 61 93 35 33 31 53 69 41 17 57 49 46 99 18 8 99 97 79 61 15 79 22 93 53 13 65 99 77 85 93 81 7 73 27 55 14 63 53 11 85 13 11 97 9 52 47 81 53 73 61 34 77 99
1 55 3 29 31 33 73 31 98 85 53 85 29 97 55 76 25 88 55 3 80 85 61 39 61 77 41 65 29 3 51 49 73 73 91 87 5 97 93 39 88 7 25 71 27 69 29 89 37 21 83 21 27 77 37 5 37 93 49 71 69 41 61 57 69 29 66 99 45 10 10 1 63 85 81 97 61 25 43 89 81 57 29 81 87 17 17 29 73 53 11 35 21 39 45 81 1 61 4 33 82 25 95 8 53 1 33 47 5 65 69 81 97 23 55 63 17 97 57 45 59 39 21 73 65 57 10 69 32 93 57 9 89 29 47 33 73 9 45 25 77 41 15 76 73 68 81 99 16 21 73 1 54 61 35 17 5 77 73 37
27 37 33 53 59 81 81 1 52 37 31 65 37 9 61 94 73 5 69 1 25 21 37 37 55 81 45 97 41 75 49 45 39 92 29 26 53 72 77 25 2 69 69 9 49 57 69 81 33 13 53 53 49 41 85 33 61 81 41 66 9 97 77 29 57 79 49 95 45 29 1 54 61 13 21 5 5 53 13 41 85 87 5 1 5 69 20 45 77 63 7 57 94 61 50 17 71 73 14 77 72 49 89 89 69 77 97 33 25 9 53 29 75 58 33 29 3 17 59 5 97 93 64 73 3 79 25 95 11 17 33 78 71 73 57 31 38 57 97 25 61 69 77 53 61 97 77 64 33 41 49 77 93 14 87 25 57 85 65 69
81 56 25 57 23 23 75 1 43 43 80 69 5 89 33 38 9 9 29 55 63 73 56 1 73 89 89 55 23 62 1 97 83 97 85 57 69 97 97 41 81 95 53 73 76 60 97 65 57 73 17 21 57 61 86 81 5 75 9 93 37 93 23 1 54 41 34 9 81 25 71 1 73 40 71 77 63 53 51 13 99 69 73 13 21 58 80 5 41 33 17 7 81 22 44 81 29 7 41 79 73 35 94 99 84 25 29 98 33 49 65 41 25 93 37 43 79 33 57 35 75 90 93 16 65 49 1 17 61 21 9 31 79 81 30 53 16 49 51 88 9 49 53 84 69 13 1 57 9 89 40 37 91 97 89 21 71 69 49 49
97 5 30 9 29 29 73 15 17 57 47 93 48 3 65 37 25 89 57 43 9 29 17 71 93 73 25 73 49 27 44 29 97 29 65 7 13 18 85 99 97 69 38 85 57 45 77 16 91 37 57 65 29 97 25 83 37 11 83 55 89 69 20 95 57 33 12 13 92 45 61 89 73 25 65 57 63 61 23 69 79 53 37 17 3 46 25 57 2 9 49 81 29 53 42 45 25 65 37 65 99 93 56 75 5 21 65 69 25 54 59 3 31 51 15 33 29 13 99 1 61 61 85 65 45 51 73 50 91 11 93 78 25 85 45 73 93 6 34 9 69 9 21 74 43 86 13 69 43 25 87 41 53 33 17 21 76 29 51 97
53 65 29 33 20 93 37 33 97 31 41 65 97 13 53 37 79 5 49 81 85 31 85 57 66 37 97 56 53 15 13 69 9 25 85 86 17 85 25 13 41 81 69 18 45 93 19 33 21 33 9 45 26 23 21 86 41 45 7 77 3 97 49 4 73 17 25 73 84 65 82 89 45 21 13 53 95 97 69 27 1 61 23 97 39 29 93 89 31 33 51 29 35 57 17 5 67 9 94 93 87 25 77 7 99 37 81 61 31 9 45 37 95 31 77 45 29 77 81 73 61 9 51 68 81 99 43 5 55 9 45 76 97 59 4 69 18 23 84 59 73 85 45 49 21 29 81 82 41 55 97 53 61 17 77 57 23 77 81 9
99 98 61 51 53 45 81 73 16 55 41 61 85 41 73 65 37 80 61 85 85 29 45 83 31 83 41 29 33 59 5 61 75 41 33 62 49 25 57 73 1 49 13 4 36 21 64 71 57 43 39 37 1 76 9 51 75 1 78 31 53 13 85 95 45 17 7 75 13 51 33 49 33 33 18 17 3 1 37 1 9 17 53 69 85 13 97 33 20 89 89 19 83 93 32 49 21 71 61 77 53 61 17 41 61 39 97 41 73 41 73 37 29 21 29 88 27 81 99 85 81 97 61 3 66 37 53 41 9 9 73 1 57 75 13 17 74 73 49 21 61 5 11 49 65 57 51 57 98 61 17 2 23 73 5 77 7 81 9 97
97 63 77 89 9 88 65 49 9 72 61 40 45 1 89 97 57 49 41 1 9 41 65 28 53 55 97 99 25 4 13 13 85 29 35 30 5 31 5 47 17 15 17 38 67 66 81 5 25 79 33 49 75 63 45 57 85 99 97 47 29 61 75 33 25 21 98 29 67 85 9 13 63 71 11 97 21 25 5 43 57 55 85 57 17 9 77 49 77 49 77 89 71 58 69 9 41 9 55 43 45 49 63 35 46 100 65 81 5 45 9 5 9 47 59 13 10 27 29 91 72 5 9 45 29 82 35 37 61 55 5 16 94 32 17 81 77 37 65 65 15 73 29 16 75 5 45 21 25 39 45 77 49 17 65 29 90 93 62 3
89 7 25 61 67 41 17 35 25 89 29 9 81 81 53 73 89 85 21 61 7 49 77 90 3 1 1 68 17 89 68 81 27 43 7 33 61 27 79 73 29 18 53 5 73 49 69 42 1 45 69 45 93 77 17 57 29 4 33 37 47 63 17 57 9 21 9 69 39 17 87 61 57 65 29 97 5 45 9 38 45 85 53 73 74 86 29 91 25 85 25 91 57 55 65 97 81 97 97 9 53 93 65 84 46 73 14 97 33 89 37 8 53 14 17 73 57 53 34 73 32 69 5 47 59 25 1 100 67 93 13 17 80 89 5 71 65 41 43 5 33 81 61 49 53 77 65 29 65 35 17 6 69 61 48 57 5 37 33 60
37 59 17 57 3 77 61 31 1 1 62 80 85 90 97 33 57 9 29 24 29 88 15 13 67 16 82 52 11 63 45 45 52 1 5 97 71 1 95 64 89 69 89 55 97 77 49 21 61 13 63 95 36 71 89 20 57 69 15 23 89 57 13 38 85 1 93 17 1 13 21 62 57 71 13 73 1 33 93 89 75 29 43 5 18 46 81 74 28 38 57 79 98 26 52 68 89 25 1 9 25 44 37 49 3 11 21 63 21 43 82 93 89 61 73 41 65 46 21 97 89 21 1 41 33 61 77 9 17 45 13 99 77 41 9 93 29 41 89 29 69 41 45 41 21 73 29 42 93 97 93 83 23 5 11 81 29 49 97 89
25 89 49 81 17 52 89 97 61 69 41 5 35 89 83 59 53 17 15 81 42 30 69 97 21 85 57 77 9 52 96 7 94 11 9 69 69 49 59 57 29 35 21 5 93 54 45 91 37 29 65 93 61 45 55 25 35 33 41 51 63 69 9 99 4 49 57 66 77 6 77 19 65 17 29 91 17 43 69 49 24 21 36 52 41 95 77 25 96 81 26 17 43 27 85 85 61 62 93 17 17 55 25 57 73 83 21 27 59 49 98 74 45 25 98 25 53 90 37 72 69 17 53 99 25 57 80 53 37 45 87 31 65 41 53 97 44 73 28 54 5 1 5 19 12 97 1 78 34 1 53 94 41 53 53 71 1 35 28 27
4 67 57 49 97 5 53 5 57 79 25 17 5 41 37 9 65 41 29 85 85 59 85 90 45 55 25 63 19 7 5 93 89 13 25 97 1 45 9 77 19 31 29 5 33 7 37 47 21 66 41 13 5 85 11 77 33 1 29 17 47 65 73 5 55 96 89 87 21 57 53 49 65 45 77 35 5 5 57 46 19 53 53 13 49 89 21 69 25 76 49 43 65 61 97 23 72 29 79 57 33 70 77 45 73 25 53 25 53 41 65 65 79 25 92 49 41 21 13 13 1 61 43 63 13 49 9 45 25 29 21 25 63 9 73 11 21 97 69 5 61 33 49 13 17 11 9 1 27 21 1 81 46 93 89 29 29 19 21 22
65 13 49 43 55 49 77 25 29 5 5 61 61 69 8 2 14 21 3 15 13 29 99 42 21 61 24 17 1 72 93 89 13 93 63 33 29 61 95 91 50 59 93 65 35 85 53 37 45 73 15 49 78 13 61 41 72 17 69 3 45 75 85 79 31 5 81 15 49 41 73 57 90 85 97 85 77 69 18 30 16 84 67 41 92 17 97 97 25 81 93 89 25 81 45 51 57 45 37 59 53 77 13 31 13 65 73 65 61 61 53 50 43 16 57 49 17 61 79 45 17 1 56 25 20 61 57 1 38 65 61 45 13 98 77 29 45 9 89 1 59 25 16 51 65 65 93 21 13 35 78 25 97 63 45 85 44 1 45 61
17 9 13 77 11 55 69 1 26 5 17 13 49 72 64 41 49 61 69 69 79 61 25 17 3 93 49 21 5 89 15 85 25 47 9 37 17 8 85 1 15 41 93 61 55 37 41 85 45 85 13 1 73 46 97 57 73 25 45 91 1 65 97 65 93 27 29 29 61 81 29 49 77 21 55 57 91 91 81 52 53 69 25 57 18 29 43 13 77 41 13 77 86 85 87 79 25 25 87 61 89 96 21 57 85 58 25 65 38 29 50 89 13 13 73 81 14 17 77 73 89 57 90 72 91 57 51 65 9 73 99 85 17 65 95 29 3 53 33 71 1 9 53 82 47 97 21 57 50 37 17 59 57 49 3 41 13 77 71 49
57 66 97 89 18 81 97 35 49 85 95 97 53 93 21 75 93 89 33 81 9 37 58 99 39 17 93 33 25 83 49 97 9 9 37 97 41 22 33 65 1 41 31 30 34 9 53 87 72 21 37 25 43 19 93 9 15 93 75 23 56 89 93 69 42 55 63 25 15 17 85 13 93 29 70 61 85 1 59 61 12 37 69 31 76 5 5 33 17 37 65 73 61 19 33 57 1 45 15 21 57 40 29 17 85 85 73 39 49 92 75 43 15 41 13 53 5 93 96 21 21 17 15 57 48 65 11 45 96 77 57 57 97 90 7 28 9 91 29 9 73 53 41 37 21 55 99 71 61 95 65 97 10 75 17 82 9 81 1 37
87 41 11 63 25 49 75 18 11 57 5 76 21 79 9 11 69 44 43 89 49 8 45 5 45 16 9 25 32 13 33 33 12 25 1 37 47 57 77 57 1 25 93 41 57 33 39 57 81 45 25 65 73 41 43 53 75 25 32 61 25 100 8 69 55 27 61 13 63 65 69 45 85 43 77 1 59 23 17 41 33 89 75 23 65 65 21 49 51 5 5 73 13 85 77 70 53 65 37 14 41 21 85 5 79 37 83 57 57 53 65 81 61 51 88 58 97 61 49 99 67 75 45 92 93 93 45 5 9 1 49 57 42 37 21 12 11 13 11 65 69 99 1 55 18 3 77 99 37 65 93 97 1 95 13 98 69 53 29 73
77 45 14 69 49 41 53 33 97 79 39 73 77 83 69 21 13 81 58 97 33 13 71 78 41 81 1 93 17 33 65 29 99 37 53 77 9 89 91 29 21 69 53 57 89 97 97 77 17 74 73 23 10 91 89 16 65 61 93 1 13 45 93 13 97 73 85 9 93 44 59 31 41 1 59 77 97 33 61 61 49 5 53 25 93 21 57 29 25 65 74 21 37 53 69 37 31 22 29 1 94 25 65 69 21 7 41 37 73 43 18 93 77 65 69 1 61 80 21 5 1 51 3 5 77 53 45 77 61 21 89 69 19 45 65 67 75 29 87 89 37 86 3 29 12 49 34 74 96 61 63 31 65 84 14 62 37 71 69 57
33 69 99 67 37 57 99 53 89 7 85 61 89 70 93 17 75 81 58 37 85 33 31 97 35 5 89 9 30 73 1 37 81 69 81 57 79 65 77 27 55 97 33 9 45 29 99 65 89 63 5 43 25 57 57 77 69 37 28 13 96 98 13 1 75 57 17 9 93 69 59 21 62 81 77 14 91 79 33 96 60 91 61 61 33 37 37 73 20 7 33 63 74 82 84 58 79 13 53 94 64 75 97 41 67 69 36 3 83 13 37 15 29 5 49 25 58 9 17 45 3 93 21 45 27 41 93 85 47 89 11 77 93 69 93 65 61 25 7 25 3 99 81 99 33 46 91 65 77 34 99 73 41 29 81 89 68 27 61 49
83 45 87 1 39 6 57 65 85 73 37 99 61 49 41 5 57 57 2 41 24 49 65 81 33 69 13 90 1 37 29 4 97 77 68 45 25 27 57 72 37 95 99 31 69 21 59 100 65 49 5 77 47 97 75 91 41 37 45 45 83 94 25 85 57 93 69 11 41 37 17 53 99 83 29 6 23 21 23 6 41 14 29 3 65 94 45 75 61 49 28 49 32 49 31 97 78 13 57 41 77 37 9 85 1 5 30 89 81 57 10 1 61 89 9 81 41 49 79 89 49 87 85 81 61 89 13 3 15 5 34 81 56 25 58 53 61 53 97 41 13 99 1 79 60 25 23 41 33 45 75 9 17 77 53 76 71 23 93 97
