3 1160 1269 1663
3 1011 1070 1709
4 996 979 1731 1064 869 202
5 650 602 794 1013 1340 1292 1703 1205 1148 1157
5 1277 586 2466 1166 1206 1095 1301 451 475 1230
6 1181 857 731 1114 1564 798 1117 1184 793 1248 407 477 410 1178 801
6 680 1125 1020 889 1775 1109 633 664 973 1381 1365 528 1334 1229 1004
7 921 1500 578 1252 1210 760 128 802 1211 214 512 537 1169 471 868 148 846 826 888 598 557
7 995 1091 1186 2455 585 958 1063 394 489 1041 945 1642 968 863 872 767 1569 1464 1341 1414 1136
8 682 1025 660 906 839 707 958 672 635 881 844 983 702 396 503 869 779 349 749 988 595 558 712 665 911 528 826 553
8 1369 1114 955 1262 773 682 1089 908 1080 1215 1143 673 827 960 1274 1060 1234 1224 989 1315 653 1362 1134 1242 1271 1416 1195 1497
9 938 1230 785 909 1042 946 1444 1173 1334 1362 966 602 698 1056 842 1070 860 908 1124 1258 987 1180 804 726 990 1201 1091 747 1028 1152 1148 1152 881 736 1018 764
