1000 29
0 116857
1 262566
2 185586
0 365421
1 131207
5 1303
1 576261
0 176737
7 872357
1 247145
10 551923
11 293060
5 254279
13 157495
11 688663
1 196885
9 277420
11 612134
1 837482
0 983182
8 720348
15 27910
5 768395
10 16115
17 601090
2 664047
10 587747
1 494447
8 760418
7 512274
9 237365
15 961968
32 904407
12 932672
8 938220
28 499783
8 156416
28 843130
26 877167
30 911706
8 407073
16 949191
31 128926
20 782064
0 513335
32 268689
20 304772
21 201885
20 107751
41 452128
40 683250
17 285730
51 753889
1 65427
19 57330
10 728991
53 293733
52 183892
37 98756
1 289486
8 517474
32 563664
11 113730
3 927930
34 499987
46 829904
25 969174
27 942828
31 114470
10 474857
16 352423
53 245875
3 446218
71 694315
9 787466
37 593011
41 513903
17 178308
59 648859
34 809855
58 632306
5 264255
81 243267
41 583332
30 371541
76 402224
52 859951
31 642371
59 555967
15 647870
57 268560
72 865969
81 726149
86 927319
31 560029
95 628724
40 905416
88 785417
52 360071
79 627918
5 448230
94 902668
10 724694
87 793089
29 426923
75 774250
91 670049
30 759447
26 68285
96 853842
58 732058
110 57472
4 794833
30 194911
86 102526
67 946064
70 96756
68 572889
58 149451
93 991654
22 718578
0 325462
64 931119
106 953331
26 586001
49 583083
13 925797
9 135196
65 572301
16 813758
99 47301
108 309547
8 583650
104 141046
99 843778
22 52620
13 200317
77 203555
104 292541
21 596888
6 301867
72 383610
129 748669
31 107097
104 2365
119 178352
118 831652
139 142064
70 835157
102 929669
76 513132
149 777435
30 978136
41 16301
4 78547
117 413996
34 448128
20 769838
95 514189
79 967623
85 589228
30 835667
30 914255
10 54706
71 390116
126 563096
106 929590
5 791008
62 803485
142 515120
81 201613
85 841418
136 108406
6 23394
165 766805
69 262700
81 968244
12 159537
34 893294
116 121846
103 73566
40 681605
96 546394
36 270718
65 20169
9 770775
170 938501
18 568397
20 911371
183 541713
154 825073
0 389248
22 589196
119 769541
162 970718
36 150778
32 529910
161 119320
45 606864
54 822955
161 485843
12 46373
123 580832
181 851721
32 271800
82 540260
190 856188
149 733394
166 303491
149 12393
182 159249
146 463002
47 270653
136 559181
144 860919
44 67312
208 578301
15 563131
147 203365
194 46305
37 305387
62 794151
32 30101
221 336819
131 142091
27 454688
111 149998
171 725363
60 365544
28 458921
1 83966
58 652505
150 788599
66 627937
58 695016
200 339189
97 71184
235 154282
222 245723
82 233992
34 100052
194 977930
46 427843
5 618609
180 436553
52 965557
59 588031
202 537929
170 447
196 310911
70 983741
249 730025
59 248247
156 985721
118 829862
111 423140
128 59375
199 106231
111 752579
224 984774
137 687591
245 296552
191 405784
34 353747
117 154421
192 527374
205 129625
17 515425
267 757168
210 304157
246 120936
52 509380
117 966292
201 847867
181 334472
257 375776
91 891967
13 936660
24 711334
167 686891
100 901375
8 542554
175 811251
94 41665
104 247802
115 487117
100 68134
146 903156
198 242791
64 670353
275 197095
83 348822
241 905941
161 928584
104 190700
104 926577
201 871949
138 686694
272 695947
34 939380
37 661626
262 887525
245 458116
25 756253
228 728404
270 699744
100 617928
135 167287
50 93552
299 481451
110 594006
108 444599
93 298801
307 364258
131 771547
107 158235
90 239216
289 514823
220 808659
101 878557
10 691235
187 863173
110 29177
111 380198
178 412292
109 169148
286 677547
278 963117
154 335752
22 367528
266 386769
255 816918
184 400115
51 829017
28 223434
108 877288
305 906057
159 222198
17 890592
162 921992
197 207602
332 840012
28 48095
180 992757
288 17816
32 367542
34 895219
291 604056
198 140480
248 978200
281 384363
257 914720
279 633547
203 947682
119 807411
159 238102
112 540118
11 327852
60 514487
21 33416
141 383322
4 99718
298 371406
195 772866
255 171446
191 313530
137 793469
226 582118
98 992326
53 54587
212 419524
10 589933
139 370978
317 85714
16 602569
266 16836
294 87249
283 488806
332 383201
262 21021
55 207971
279 561019
202 949445
91 189232
167 332257
297 92530
268 698782
30 166342
217 439302
307 863400
134 22961
66 661956
299 723563
59 581475
194 967969
132 533551
276 180990
389 297852
377 685993
20 668745
217 991623
347 532590
120 778347
263 343821
286 220469
222 480929
291 81896
306 981449
27 572967
387 150573
361 365895
170 184600
177 503478
197 831726
93 302361
141 66805
216 439594
317 251968
42 701845
125 310336
316 426245
184 756746
72 629338
116 925599
291 271798
316 900836
13 137298
285 542
110 870505
28 634463
70 102414
73 347303
227 574800
161 178355
336 981096
289 410471
104 196471
117 473864
19 561960
308 188466
389 333000
0 213508
225 355992
2 517399
74 918500
430 891901
111 234287
118 253548
284 492339
19 429672
62 512401
291 471197
103 106679
260 415388
211 608243
158 486151
94 326718
214 910429
262 613283
282 219773
59 403267
64 220726
145 563502
124 771387
311 536042
127 64306
314 164867
430 691801
90 141292
365 422359
337 952355
421 838428
317 267994
248 965759
455 553340
238 82001
99 552340
268 46245
410 107161
309 479510
120 563266
319 116263
479 471464
383 31074
440 822551
328 48045
159 496265
1 213649
100 993726
197 17161
418 498334
53 728290
131 5842
311 777551
300 175794
281 847318
337 460388
380 241469
78 728798
299 385969
373 177625
459 905474
471 351036
241 705829
367 755005
445 432799
13 293169
504 90240
359 776330
246 559050
494 117952
105 544056
436 325578
365 273594
295 186503
300 774956
249 225549
4 151997
203 902274
389 536781
254 94489
16 682033
290 791588
100 900128
165 666049
489 136731
471 353662
498 144831
125 669379
467 886672
249 857110
157 93236
509 592745
30 883203
127 895831
493 770631
452 749817
78 417107
180 382071
428 111979
377 371424
311 140292
204 147385
316 918151
350 176748
115 92623
192 897215
218 620442
299 998983
482 854636
506 542053
444 396750
548 184839
463 295353
37 714502
325 23544
226 751004
108 148443
383 873097
78 594045
165 449161
323 401024
56 42899
220 334931
50 529205
168 179176
497 88022
200 130328
56 513117
30 255255
102 240111
257 303420
62 37809
398 550508
111 949761
234 621411
83 981133
43 633798
302 441676
297 511225
543 231590
483 515089
4 243778
208 838076
309 147725
295 306784
258 300346
55 810353
38 659872
100 718324
273 545814
507 702378
358 150838
21 574273
436 975870
107 592058
456 667668
159 998280
554 615527
37 60814
78 277427
180 251357
103 806183
523 815439
408 594416
131 969976
598 234461
498 69011
156 541446
127 861178
19 703556
226 198362
440 592933
205 50377
343 889579
224 401722
393 208480
175 375725
357 995273
19 54846
284 679372
372 924897
288 679413
273 244114
492 559995
363 869666
428 86544
431 209921
171 480720
286 336437
32 755880
145 144547
489 317259
350 356979
64 925859
589 319894
154 611442
178 702167
23 732355
206 317104
180 126113
130 739752
62 958670
119 765529
450 807015
400 630019
346 477367
475 717342
271 472493
528 656229
155 131667
133 905142
128 296927
307 675530
559 593024
135 449095
81 359055
64 207845
234 267234
554 994152
446 100341
598 753546
566 918046
564 417703
419 497836
340 947161
179 632796
567 203915
14 300585
620 533818
338 471454
36 198637
525 272684
459 90584
187 447786
291 906341
196 723145
621 869972
147 725906
415 288716
412 391526
2 463607
575 650022
212 15744
658 113101
2 42171
398 418937
292 882490
240 745677
150 856462
169 995394
126 691567
186 861732
240 731782
175 218274
418 952501
645 557133
307 434560
176 577775
85 722866
177 628121
538 978352
627 649853
532 899161
164 15704
290 844652
439 552334
575 367358
630 809476
131 41789
231 433906
581 725114
482 979927
614 741717
37 118892
357 906659
297 723845
552 531662
90 251725
524 532963
363 325375
521 778089
370 446884
36 534979
310 987548
221 65712
120 608344
436 700963
314 899593
107 37246
654 911312
574 192049
200 593621
377 179644
176 706327
173 636697
92 541234
153 775428
108 838493
72 31169
236 299204
99 421587
364 369640
637 990381
481 563592
124 271614
649 356882
93 978859
86 220477
452 776522
524 230558
717 836841
433 84028
277 82936
712 609963
95 930085
281 94623
16 668467
506 212397
151 155399
574 343429
456 921510
451 584037
81 945895
232 833155
345 859127
699 443150
513 912443
543 905734
156 969819
181 261782
308 378482
363 133933
363 290495
20 1580
597 114833
742 757793
248 392498
656 314105
212 215725
158 798234
451 378106
144 658724
404 453622
325 183863
38 988174
139 315001
439 477910
364 647660
629 78092
619 251350
421 580483
631 869434
768 614907
655 127277
589 849260
310 588765
630 689036
549 82478
362 312541
680 635797
169 140505
614 609844
103 238343
26 399779
38 773790
218 640872
219 71096
34 930391
610 572295
721 936325
232 913484
343 457298
149 653141
177 143536
299 823487
30 622558
684 630201
778 132791
146 934096
125 317968
103 619936
139 400714
281 935419
43 11040
421 308516
239 686521
108 779853
753 354659
443 143319
364 572746
825 551396
579 268211
555 67990
482 762162
709 223907
803 787100
198 120767
578 465844
199 95075
571 146432
404 200405
337 725139
403 184676
70 830764
18 174503
178 946120
239 701253
1 871979
394 274907
789 202631
494 927056
220 552601
838 505958
812 128069
281 746356
157 29102
662 863799
15 953706
18 965820
807 855468
323 607699
498 135604
66 942811
296 199008
256 427761
204 615160
423 584263
685 159104
30 360137
843 138527
18 657670
12 219691
343 192631
42 138920
817 259763
464 988195
47 273767
276 241071
736 463765
36 789579
191 476227
863 985798
127 1196
32 527288
265 207400
520 521262
413 841478
245 200308
543 961496
779 927804
831 404489
42 89767
696 316765
253 152626
607 430240
351 716726
137 687491
405 380973
619 54812
556 490567
122 567358
865 317052
749 846809
779 182598
209 515159
237 968589
631 971501
505 197690
93 140377
491 89262
687 130242
541 381880
564 494840
15 776418
22 88088
669 737259
329 242800
817 639487
164 824314
54 102275
439 29266
224 513344
256 258413
165 164721
662 94948
571 985540
453 171525
143 44929
777 117315
406 407428
605 576183
869 88268
55 201523
370 161394
191 763680
438 973418
822 619066
905 380546
520 826500
210 25844
587 858080
24 35871
635 234647
581 863732
942 240857
667 392834
614 622127
484 461468
59 823242
671 748050
646 149399
491 677328
576 129276
16 622665
216 675405
537 145470
12 121387
954 79546
514 164329
850 685063
673 506431
605 772204
507 205630
249 336075
200 589960
534 244037
790 37930
3 583415
739 124359
32 619271
508 812245
804 286735
832 356949
944 147845
271 706369
845 542219
492 461755
361 808948
416 591827
205 318633
778 508605
770 571830
592 514646
653 99844
774 96846
897 617501
540 494833
855 99633
44 271506
708 516266
936 543986
516 92237
38 616945
117 66961
235 256180
553 365295
111 164851
236 991205
381 177988
