300 17
0 797733
0 322515
2 25812
3 958395
1 93374
5 244706
1 962869
0 228949
2 142617
8 702413
7 811708
10 975685
1 94513
1 76583
7 580645
11 882074
0 296035
6 832584
11 858767
7 370064
17 756512
20 520448
18 116185
22 41999
24 552779
10 466497
16 231845
21 759695
14 900759
8 591247
26 975636
0 413218
1 177807
1 745085
31 97263
17 127631
9 543031
29 309877
31 478285
6 857148
7 641206
39 466854
10 325548
25 37888
16 707170
13 418023
32 830351
11 938462
33 805115
18 564356
4 853351
20 893740
16 633002
4 811381
47 678109
15 44163
27 401188
46 955279
48 583374
19 614180
53 55459
36 574369
29 898985
34 705265
54 416951
3 307749
24 535084
62 637466
53 648774
57 356971
45 465809
22 207948
7 640524
29 476470
40 668856
69 419511
9 822163
72 234456
11 540885
61 850570
44 315092
80 708425
38 116044
81 260688
69 747552
82 692720
17 746698
5 169360
50 527820
74 375159
40 714349
54 437153
42 343976
91 136193
36 871083
82 923464
25 720625
50 891195
14 876242
5 518229
94 762831
17 17581
40 629080
57 636448
99 352246
65 73155
93 768045
41 870637
24 606431
85 849769
18 307981
10 386213
44 702692
82 872233
24 328998
33 468722
109 756084
8 995516
65 302664
51 249767
8 697208
23 887773
0 527356
75 555930
105 858540
84 71365
51 336972
68 880673
41 546935
74 481983
70 885900
105 853467
116 54501
58 924455
14 415475
45 458327
7 280739
123 828038
107 745242
102 533257
132 176066
91 705534
48 46184
141 391090
73 651956
5 934696
86 818522
31 519370
36 911471
76 806304
52 558877
96 139068
49 389367
128 869648
89 670859
17 616220
70 317787
64 614399
30 908510
56 427514
86 146659
74 130919
105 995380
151 360836
20 504508
46 465164
16 891179
95 41165
54 380832
137 481548
120 738154
153 961257
171 388140
135 515327
18 32183
48 217582
62 672002
89 125096
177 30397
151 430112
97 253613
8 381008
29 171912
90 539508
98 628552
107 110019
136 346541
25 29990
163 310751
138 528155
10 864085
131 940190
167 869079
159 724435
27 700218
106 433210
62 613445
77 447894
92 51051
142 775683
149 435474
24 294535
137 350754
187 471031
128 505088
120 95052
18 985688
172 797637
97 457013
6 330950
173 79060
106 732471
132 503805
48 150241
62 577394
93 148170
171 892348
172 303261
21 427116
70 104578
115 256330
208 796745
33 469806
70 705466
213 113520
53 635045
214 138619
184 426287
60 385301
169 309235
95 580362
221 426523
77 404091
129 77731
96 436968
40 344840
150 296060
209 566796
206 282099
73 709346
39 264093
143 939760
49 51402
102 605590
164 762952
149 408810
91 539353
236 570837
168 641758
102 131782
156 594256
108 492333
206 974723
25 154618
65 525134
136 385485
46 769541
191 74901
81 534631
143 728544
150 444650
261 781216
98 197374
91 634787
100 983054
227 751570
210 253519
38 405414
238 520981
257 166334
207 173381
34 521593
20 768704
29 864777
124 465098
272 257869
101 346376
163 930153
30 13983
103 475059
230 1838
138 955668
3 990001
245 463579
122 980800
245 562784
114 472265
174 48757
6 237891
261 586131
252 132980
264 341658
95 779182
210 187324
243 525225
216 633893
194 887200
29 585806
20 78546
212 421725
