50
596609 605611 2
596608 605612 3
596609 605609 4
596610 605610 6
596608 605612 7
596615 605613 7
596612 605618 9
596611 605603 9
596611 605607 11
596617 605615 11
596622 605612 12
596621 605613 12
596616 605606 12
596615 605615 14
596622 605612 14
596615 605603 16
596618 605606 18
596627 605609 19
596613 605611 19
596628 605612 21
596626 605606 23
596635 605617 25
596614 605634 27
596634 605610 27
596613 605591 27
596630 605616 28
596637 605619 29
596626 605618 29
596627 605619 29
596635 605615 30
596622 605616 30
596631 605607 32
596613 605645 33
596625 605597 35
596627 605599 35
596633 605623 35
596644 605614 37
596635 605613 38
596628 605634 40
596620 605640 40
596611 605641 40
596609 605581 42
596642 605608 43
596645 605611 44
596619 605649 45
596629 605639 45
596607 605605 45
596582 605598 47
596653 605615 47
596600 605582 47
