500
435419 507677 3
435422 507678 5
435427 507681 8
435422 507682 8
435430 507680 9
435428 507682 11
435430 507686 15
435424 507694 17
435421 507703 20
435428 507700 23
435443 507683 27
435421 507713 31
435418 507716 31
435443 507683 32
435409 507705 32
435413 507713 33
435433 507713 34
435458 507692 37
435453 507695 38
435442 507708 38
435462 507690 39
435428 507690 41
435471 507691 45
435441 507721 48
435463 507681 49
435465 507687 50
435465 507701 53
435404 507702 56
435408 507726 57
435438 507702 57
435476 507682 59
435440 507712 63
435463 507675 63
435412 507678 66
435448 507646 66
435463 507725 66
435489 507703 68
435466 507716 68
435453 507679 68
435413 507719 71
435442 507638 74
435501 507697 76
435456 507656 76
435444 507642 78
435498 507686 81
435475 507681 84
435477 507663 85
435491 507677 85
435398 507662 88
435514 507700 88
435423 507617 91
435463 507681 91
435486 507710 92
435470 507682 93
435450 507774 95
435469 507747 99
435490 507676 102
435478 507704 102
435424 507804 106
435430 507702 109
435472 507650 109
435526 507706 110
435399 507643 110
435443 507775 113
435363 507673 115
435514 507726 115
435426 507742 115
435391 507621 118
435471 507641 119
435409 507675 121
435521 507685 123
435436 507700 125
435435 507757 126
435479 507647 128
435406 507754 132
435388 507698 132
435470 507686 136
435559 507709 136
435523 507703 136
435439 507589 140
435301 507693 143
435559 507691 146
435465 507687 149
435547 507703 151
435492 507674 151
435475 507719 152
435381 507789 152
435518 507666 155
435518 507770 156
435576 507696 159
435548 507680 163
435413 507815 167
435414 507790 170
435530 507644 171
435391 507649 174
435493 507763 174
435598 507708 175
435456 507680 175
435349 507753 179
435336 507754 182
435440 507828 186
435456 507694 188
435604 507712 192
435518 507626 194
435557 507647 195
435506 507594 196
435546 507736 200
435503 507655 203
435559 507765 203
435389 507803 203
435552 507692 205
435358 507604 205
435399 507573 208
435498 507830 211
435567 507639 214
435613 507691 216
435438 507616 218
435407 507749 220
435632 507696 224
435436 507892 225
435398 507754 226
435531 507591 226
435481 507559 228
435524 507626 231
435479 507617 235
435567 507753 239
435479 507719 240
435622 507682 243
435558 507654 244
435650 507728 244
435388 507570 248
435432 507480 252
435276 507808 253
435385 507897 255
435602 507758 256
435448 507748 258
435646 507718 260
435424 507920 260
435443 507657 261
435426 507958 265
435432 507736 269
435601 507701 271
435269 507723 275
435465 507907 279
435605 507759 281
435646 507774 284
435499 507727 284
435655 507689 287
435308 507650 288
435384 507734 289
435342 507654 292
435674 507694 294
435665 507769 296
435556 507860 298
435523 507671 300
435721 507719 303
435643 507753 306
435403 507465 307
435635 507627 310
435391 507629 312
435444 507682 315
435400 507650 315
435510 507816 318
435447 507497 320
435590 507866 323
435415 507671 324
435168 507772 325
435484 507534 329
435424 507902 331
435356 507846 334
435627 507737 334
435261 507635 336
435678 507760 338
435392 507498 338
435573 507897 339
435514 507510 340
435703 507765 342
435729 507719 346
435621 507849 348
435753 507725 351
435696 507688 355
435549 507655 359
435392 507596 361
435389 507439 364
435717 507673 366
435175 507637 366
435568 507858 366
435430 507380 369
435409 507937 370
435601 507867 371
435461 507431 373
435669 507659 376
435546 507916 376
435611 507617 377
435414 507366 379
435726 507770 381
435534 507472 385
435734 507768 389
435495 507851 389
435470 507548 393
435441 507485 393
435231 507519 393
435514 507826 395
435335 507649 399
435193 507565 403
435703 507821 403
435676 507794 407
435283 507701 410
435672 507600 412
435628 507700 414
435465 507773 416
435466 507614 419
435592 507962 420
435608 507714 420
435577 507937 424
435603 507819 424
435510 507676 427
435646 507924 431
435621 507797 435
435391 507625 436
435060 507738 437
435780 507666 439
435185 507869 442
435172 507834 445
435849 507741 449
435820 507732 449
435446 507654 452
435483 507485 455
435815 507779 457
435294 507856 461
435856 507732 463
435778 507726 465
435216 507512 466
435844 507714 466
435565 507435 466
435853 507765 469
435816 507802 473
435494 508086 477
435828 507782 481
435796 507818 482
435524 507758 485
435638 507686 485
435907 507739 487
435783 507635 491
435837 507727 495
435282 508088 498
435444 508216 502
435519 507613 502
435347 507449 505
435514 507356 508
435536 507574 508
435473 507825 510
435799 507611 510
435624 507508 511
435903 507737 515
435906 507756 518
435834 507850 521
435300 507602 525
435563 508133 529
435310 507752 531
435485 507355 534
435241 507561 538
435964 507744 539
435512 508044 543
435771 507859 543
435340 507432 546
435608 508050 549
435754 507758 552
435666 507460 554
435740 507898 557
435875 507799 560
435062 507642 562
435901 507791 565
435616 508118 569
435368 507596 570
435271 507397 574
435322 507554 577
435900 507834 581
435593 507867 585
435906 507846 585
435560 508180 587
435136 507832 591
435852 507894 591
435752 507486 592
435841 507721 594
435126 507702 594
435972 507768 597
435142 507930 600
435922 507724 602
435725 507853 603
435175 507603 607
435170 508078 609
435844 507598 612
435422 508070 613
435226 507758 613
435837 507675 613
435556 507266 617
435837 507737 619
435568 507888 619
435184 507834 620
435683 507519 624
435611 507375 628
435103 507727 630
435913 507717 633
435747 507995 635
435622 507662 638
436054 507728 641
435612 507278 645
435745 507807 647
435581 507913 651
435813 508007 654
435607 507655 657
435591 507387 658
435368 507418 662
435767 507473 666
435895 507567 670
435882 507844 673
435385 507449 677
436034 507796 679
435726 508138 681
435973 507603 681
435358 507312 683
434919 507895 683
436104 507732 683
435459 508297 685
435894 507968 688
435496 507136 691
436000 507684 694
435178 507972 695
436131 507745 699
435913 507527 699
435505 508253 701
435772 508116 702
435358 507764 703
435891 507635 706
435370 507338 706
436018 507656 709
436092 507804 712
436059 507793 712
435310 507402 714
435886 508012 714
436070 507758 717
435987 507927 718
435687 507903 722
436011 507643 725
435871 507963 725
436169 507751 726
435438 507952 727
435658 507280 731
435933 507879 734
435580 507280 737
435901 507539 741
435614 507452 742
435515 507355 743
436109 507743 744
436160 507756 745
435760 507332 748
435323 507239 749
435430 508076 749
435952 507702 749
435152 508152 751
435707 507711 751
435957 507603 751
435390 507258 754
435849 508031 757
435985 507573 761
436087 507643 761
435672 507996 763
435980 507556 766
435855 508041 766
435816 507394 768
435285 507363 772
435663 507985 773
436123 507847 776
436211 507759 776
436013 507677 779
435442 507350 779
435725 507689 781
435615 507833 785
436143 507833 787
435867 508021 789
436077 507609 793
435697 507641 797
436028 507566 801
435376 508124 804
435559 508389 808
435475 508237 809
435559 507183 812
435712 508028 812
434850 507552 814
435807 507991 818
436020 507792 820
436173 507729 820
435422 507046 824
436148 507844 828
435815 508041 829
435234 508360 830
436100 507582 830
435766 507434 832
435572 508258 836
436097 507575 838
435690 507580 840
436034 507792 843
434904 507514 843
435624 507864 846
435489 507527 847
434782 507750 850
435354 507702 853
435737 507261 856
435878 507766 857
435848 507554 858
436283 507731 862
435600 507116 864
435561 507135 865
435147 507659 865
436156 507600 867
435653 507097 867
435301 508091 871
435837 507381 872
435850 507290 873
435647 507701 876
435574 507044 878
435700 507320 880
436228 507690 880
435698 508376 883
435785 507667 884
435346 507874 887
435381 507741 889
435635 507833 890
435668 507120 891
434900 507878 895
436150 507582 898
435885 507903 902
435651 507197 903
436134 507954 905
435735 507317 907
435681 507639 907
436180 507752 911
436216 507882 914
435140 508294 918
435689 507485 919
436257 507649 922
435434 507862 922
435151 507509 924
435930 507564 927
435873 507375 927
435780 508058 930
436275 507765 932
435316 507064 935
435651 508459 935
435395 507229 939
434874 507694 942
436263 507635 945
435418 508652 947
435319 508083 948
435756 507302 950
435924 507676 951
435940 507540 953
435834 507696 954
436205 507891 957
435924 508214 960
434694 507536 964
435622 507906 967
436251 507597 971
435850 507188 975
436352 507712 977
436267 507763 980
435980 507558 981
435896 508134 984
435845 507291 986
435155 507443 987
435588 508552 988
436192 507530 988
436164 507858 988
435075 507449 989
436009 508051 992
435455 508719 993
435933 508235 994
435451 507721 995
434973 507693 998
436067 507457 998
435894 507706 1001
435606 507328 1004
435985 507797 1006
435560 507022 1010
436371 507787 1010
435406 507020 1013
435705 507015 1014
435399 508657 1016
435583 507847 1016
435258 508386 1018
435120 507580 1019
436094 508058 1023
435750 508062 1025
435355 508667 1029
435423 506717 1030
435472 506778 1031
436115 507963 1034
435251 507465 1036
435755 508039 1040
