500 1647
380 388
92 103
212 237
109 151
99 150
123 146
209 225
311 314
279 302
65 88
204 217
458 464
45 69
98 125
21 40
180 187
366 391
490 491
4 48
454 464
3 10
291 293
80 83
473 474
275 279
372 392
439 452
340 344
451 452
46 51
468 475
185 201
102 108
229 243
109 140
11 32
205 206
121 137
35 61
27 52
334 359
479 480
370 374
202 218
35 40
126 135
111 123
282 294
82 86
215 217
70 82
479 481
191 192
116 151
42 45
93 149
192 221
68 79
446 448
39 50
285 288
120 129
275 278
283 292
267 270
396 399
310 318
479 482
177 182
469 471
72 77
19 50
493 495
385 403
332 343
31 54
247 262
70 74
104 147
499 500
10 55
280 288
16 37
254 268
183 194
37 48
373 387
305 310
93 131
334 348
43 46
134 155
71 77
299 301
321 334
334 339
370 372
15 60
264 270
284 300
37 50
458 466
4 22
22 59
10 51
322 343
180 197
64 83
412 421
162 163
493 499
78 85
212 236
305 314
285 294
417 421
386 398
213 219
216 229
214 215
23 25
305 308
425 428
414 423
54 58
498 500
279 281
322 358
13 43
496 497
276 281
351 359
104 150
494 495
379 404
17 32
488 491
107 126
494 498
24 25
35 56
468 471
313 316
104 157
19 33
5 36
114 115
8 21
452 464
281 283
375 400
105 122
330 351
46 61
98 131
178 184
488 490
104 134
43 53
24 52
212 235
33 61
274 302
468 477
50 54
162 167
385 399
286 304
84 86
2 49
233 236
284 295
491 492
180 182
202 246
12 15
443 457
221 234
218 234
378 401
179 182
456 466
33 48
250 254
4 9
56 60
353 357
93 124
206 244
279 280
164 169
371 377
288 301
178 180
64 68
381 396
249 256
7 39
63 83
107 120
115 132
383 386
2 56
388 396
45 48
209 218
21 55
293 302
292 300
333 356
112 113
248 265
381 408
281 289
325 342
92 130
415 420
395 397
109 110
257 263
439 445
293 301
9 48
241 242
322 338
183 193
113 133
177 185
118 144
298 302
41 54
310 311
332 333
15 27
321 349
379 387
106 127
112 121
280 292
29 55
333 353
111 158
124 145
70 86
90 96
8 43
5 42
347 360
452 455
306 312
80 88
186 201
286 289
36 39
162 170
118 160
108 122
366 382
165 167
62 74
180 193
121 156
103 151
7 45
75 86
488 492
448 454
390 402
181 201
14 48
121 135
72 76
310 317
478 481
151 152
294 298
148 157
68 81
441 464
92 142
195 197
182 183
352 353
274 287
437 460
410 415
478 482
349 360
25 29
41 52
105 121
371 407
83 85
184 197
414 429
76 83
4 47
103 153
30 32
215 216
23 54
110 129
207 209
46 58
99 153
106 126
462 467
29 33
478 480
238 244
341 354
255 265
322 337
320 324
257 272
209 239
432 433
410 413
192 201
324 327
24 60
389 396
16 60
333 360
70 76
277 292
9 44
116 152
266 271
14 53
63 67
85 89
368 408
390 399
103 147
470 473
116 117
307 312
337 359
1 15
65 89
74 81
282 290
416 419
327 330
443 453
11 49
339 364
31 59
15 59
212 228
474 475
378 384
290 300
105 107
168 171
119 144
4 18
76 77
469 477
122 158
94 128
66 77
276 291
370 393
95 141
133 145
484 486
493 494
314 315
67 73
398 399
207 237
326 345
115 133
91 117
323 361
385 406
372 408
16 48
267 288
46 47
487 492
90 149
91 125
383 405
21 22
215 243
73 84
286 299
203 229
41 42
437 454
48 51
4 45
228 233
306 317
378 409
177 186
232 242
294 297
346 359
95 131
95 113
365 376
109 154
424 429
215 229
12 42
210 217
190 199
437 462
203 236
436 447
387 397
67 87
379 398
21 23
129 146
408 409
382 392
224 242
322 327
252 258
476 477
339 356
80 82
9 46
320 358
129 135
294 301
187 201
20 21
321 340
47 53
6 21
320 337
114 159
286 302
17 52
487 490
130 142
112 150
280 291
163 176
74 77
451 457
440 453
180 185
3 26
101 143
369 373
259 270
381 397
478 479
97 133
177 199
100 147
341 361
142 154
329 342
105 109
454 457
259 261
329 352
352 361
253 266
495 496
71 87
213 220
65 81
340 356
330 338
108 132
107 111
439 472
307 315
442 460
24 36
7 8
215 219
180 195
380 396
132 147
320 327
4 39
17 34
11 16
372 376
108 119
21 47
189 192
328 355
321 394
254 265
13 21
283 298
23 33
15 44
91 130
280 303
70 79
412 415
26 53
497 499
23 37
62 69
96 113
128 134
278 279
439 450
6 45
373 404
184 189
202 231
211 228
63 73
62 65
468 469
439 467
398 409
181 198
266 270
232 239
440 444
336 360
43 60
450 463
62 67
470 474
232 245
106 131
206 237
62 81
277 297
110 111
2 17
444 466
167 173
96 150
287 301
62 78
328 353
29 30
306 308
345 352
389 408
249 259
26 45
68 82
65 82
94 149
74 87
115 117
93 145
386 392
328 344
220 244
275 296
278 298
14 34
380 384
211 214
257 269
4 30
309 313
18 57
20 51
102 151
7 27
76 79
333 338
173 176
9 33
451 462
16 35
493 498
124 138
65 85
299 303
69 70
180 184
493 497
389 407
27 37
281 290
33 43
442 464
41 44
381 402
163 168
92 116
295 298
442 443
37 60
31 58
113 119
63 78
446 461
164 167
99 109
442 466
72 87
109 128
69 72
210 214
431 433
103 155
17 39
19 42
2 54
126 138
144 145
71 75
323 362
456 458
369 387
146 158
132 146
483 484
251 262
292 298
41 48
424 427
102 158
128 129
202 215
10 54
217 233
64 82
376 385
174 176
185 189
312 314
286 303
92 132
224 225
36 45
231 235
126 128
388 393
366 368
14 51
281 301
172 174
103 146
15 19
97 160
45 53
410 431
413 423
26 48
126 146
12 27
101 129
349 362
81 86
12 14
75 81
277 286
187 191
51 59
74 80
132 152
6 28
133 143
102 147
87 88
72 73
164 165
306 315
381 393
372 406
382 410
205 239
86 89
231 232
67 71
472 473
123 140
181 188
24 48
288 296
69 81
205 231
95 145
102 103
378 387
94 104
366 403
50 61
202 216
73 75
331 345
335 346
11 17
186 199
109 144
288 292
38 60
77 89
64 67
37 59
113 159
27 50
49 52
295 299
453 464
100 140
8 61
126 151
114 146
71 72
369 379
164 173
250 266
344 364
452 465
331 335
49 59
281 287
387 388
470 476
207 240
447 466
287 297
381 394
122 159
121 128
207 242
494 500
371 374
289 298
178 190
440 450
27 58
188 201
39 53
296 297
203 234
5 9
192 200
21 27
320 342
90 151
283 293
2 6
339 342
36 53
22 58
470 471
102 113
285 289
469 475
420 429
73 88
68 72
6 23
442 457
15 40
468 470
106 149
117 151
106 130
387 396
177 194
26 59
390 403
63 68
21 43
106 140
208 223
333 352
69 87
188 194
164 166
106 134
334 338
319 325
3 46
2 39
471 480
393 404
145 157
376 405
237 245
2 51
449 462
7 15
186 198
379 397
27 43
327 328
440 451
39 40
107 144
118 156
122 143
339 347
389 393
113 142
47 59
447 449
392 395
282 291
139 149
281 286
27 46
183 189
203 228
121 133
2 53
117 124
62 66
138 144
313 315
172 176
357 360
17 58
25 26
290 304
365 370
30 38
206 229
212 234
494 497
163 170
31 48
278 285
54 61
194 201
142 156
129 153
104 149
268 273
37 55
97 113
23 46
274 277
107 124
216 228
83 86
284 296
330 339
135 158
168 172
81 89
375 381
106 119
120 151
202 204
18 40
418 426
105 110
100 126
136 153
211 221
101 141
247 248
74 76
374 408
181 191
290 298
377 378
205 222
173 174
251 264
30 36
196 197
430 431
129 158
310 315
26 30
251 267
281 300
103 110
188 190
351 352
83 88
10 29
179 200
219 225
469 473
98 107
222 236
92 125
20 48
451 467
64 84
127 159
339 340
82 84
463 465
368 393
283 286
12 50
188 197
285 287
471 473
65 70
142 150
186 192
97 139
4 6
322 328
178 199
23 43
104 156
412 428
18 29
280 294
453 459
173 191
274 282
177 197
328 352
251 257
494 499
461 467
13 55
337 340
161 168
205 241
221 229
133 144
63 89
23 41
312 315
167 174
22 49
249 252
445 455
205 234
177 189
1 49
7 14
40 52
7 57
213 234
40 50
438 459
19 46
122 156
190 193
332 346
483 485
337 358
438 465
29 40
130 132
217 227
4 20
165 172
322 359
39 45
330 346
106 108
218 226
111 154
292 301
161 166
376 384
199 200
229 232
21 26
487 489
65 80
66 71
207 230
437 441
25 39
321 329
2 34
114 129
417 427
14 30
447 455
354 361
19 45
206 233
187 190
368 384
146 153
10 43
335 345
94 110
66 76
325 359
224 243
360 364
279 284
443 448
215 242
72 79
274 279
10 35
386 390
275 297
72 85
72 81
22 40
253 273
373 401
20 58
447 452
63 82
484 485
222 228
69 78
379 380
288 291
25 51
162 174
126 132
420 423
275 303
126 159
78 84
104 158
311 317
68 71
25 46
1 48
32 37
74 89
206 241
205 217
259 269
43 44
286 290
439 448
67 74
446 447
433 434
135 159
111 144
446 456
292 295
105 138
450 464
30 35
388 401
163 169
320 323
375 382
24 31
204 234
1 45
2 44
26 56
382 393
51 58
62 84
323 353
162 165
65 74
70 75
277 279
266 268
207 228
327 356
177 190
32 60
38 59
279 285
132 148
64 79
20 38
66 70
68 74
223 230
112 157
139 156
496 499
256 260
413 424
22 54
130 139
288 290
48 49
30 40
33 59
45 49
228 235
8 46
93 100
265 267
338 344
453 461
109 125
8 33
113 152
276 293
69 88
104 119
361 364
282 298
135 149
179 187
308 315
288 294
28 49
444 446
67 76
33 54
16 24
183 195
329 334
368 404
276 297
339 341
51 55
377 396
36 57
186 193
11 14
96 136
18 27
67 88
5 57
118 140
8 20
472 474
226 229
145 159
181 193
276 286
92 157
297 298
21 56
128 142
388 394
299 304
275 290
319 330
73 78
309 317
178 191
63 77
319 333
326 364
222 247
188 191
29 32
340 342
276 289
19 48
252 264
426 427
4 13
419 423
196 201
118 142
376 382
214 236
189 198
62 72
250 265
202 237
161 169
212 214
134 147
185 195
8 32
377 384
67 75
322 345
67 89
494 496
411 428
30 33
292 302
90 141
166 172
446 460
333 361
170 175
365 373
20 26
280 290
14 23
379 408
388 389
489 492
326 346
60 61
226 231
445 459
21 44
437 455
402 407
137 147
322 333
37 57
454 456
3 54
440 460
65 77
106 156
321 326
373 409
97 131
90 135
368 394
190 196
47 48
394 399
302 304
481 483
50 55
30 52
436 465
440 461
421 430
208 211
286 295
124 127
216 240
77 87
68 83
275 289
251 263
325 350
99 136
252 271
324 354
292 297
206 209
225 234
212 232
187 188
124 149
93 120
206 246
278 281
312 313
102 123
22 48
310 314
37 47
448 452
222 246
276 300
181 190
367 385
182 190
26 51
301 302
143 158
15 57
253 259
249 270
231 242
9 60
69 71
377 404
441 451
211 227
6 50
470 475
374 401
208 236
69 84
21 38
136 152
242 243
329 338
101 123
52 61
224 229
331 364
279 304
99 160
2 47
223 229
11 19
39 46
469 472
19 37
289 300
340 354
72 75
416 421
321 341
169 174
449 460
369 380
103 135
392 406
111 128
205 235
124 155
305 311
436 455
367 383
115 129
315 358
214 235
256 270
163 174
143 149
294 300
436 450
316 317
2 20
496 500
256 264
21 30
438 458
378 390
81 84
307 309
2 3
439 458
21 49
71 81
438 442
135 153
187 195
276 278
13 20
413 427
480 482
286 312
185 194
143 155
425 429
63 69
98 127
222 244
435 449
278 293
13 18
130 153
443 465
353 359
55 58
114 126
113 156
437 453
137 139
415 431
211 240
290 301
133 151
338 356
390 408
96 110
213 236
50 57
83 89
151 154
319 343
319 336
69 82
212 221
15 32
21 53
330 341
218 229
10 34
90 138
12 49
12 48
195 198
287 289
100 108
76 89
181 199
293 304
376 383
30 46
193 199
112 114
82 85
234 244
2 61
325 336
22 51
203 208
307 313
183 188
35 37
349 353
468 473
283 297
98 112
22 26
139 157
3 4
306 314
447 457
111 133
291 295
283 294
141 149
254 256
67 86
279 300
178 192
204 223
5 54
469 476
368 382
84 88
34 37
416 429
108 127
367 389
21 29
183 201
116 124
102 105
298 300
94 115
404 407
367 403
274 281
416 427
25 56
389 406
14 61
475 476
268 269
327 332
12 22
387 392
92 118
107 150
441 463
278 282
103 116
132 145
16 17
214 223
62 64
110 157
325 356
7 28
6 37
277 300
171 175
248 271
367 400
6 27
186 194
94 150
274 296
7 43
252 272
312 318
73 74
218 235
405 406
276 280
335 357
248 252
374 389
324 325
26 38
327 329
485 486
16 32
281 296
19 60
120 160
39 41
326 332
220 235
296 303
18 34
471 474
340 362
330 363
143 145
106 109
274 300
10 18
55 57
81 85
91 153
26 41
24 35
103 107
323 328
300 301
285 304
255 257
38 42
70 73
166 168
432 434
223 244
374 386
5 22
35 52
76 84
278 283
113 128
192 193
2 45
18 21
1 29
425 430
14 47
120 150
80 84
289 292
469 470
278 288
227 235
485 491
127 146
27 39
470 472
278 300
414 430
175 176
106 139
141 145
335 361
306 316
274 301
18 56
16 58
205 230
334 356
277 289
412 422
10 57
8 18
336 348
42 49
207 245
463 467
471 476
253 267
124 125
64 77
11 40
224 233
329 351
127 152
495 498
26 44
259 260
231 233
275 291
168 173
156 169
497 498
71 101
67 68
442 459
424 428
225 232
468 476
91 141
29 49
47 50
100 128
289 295
13 37
320 322
130 143
118 124
165 170
128 147
294 299
487 497
21 51
366 402
289 290
290 292
188 196
94 95
349 363
402 403
114 132
41 50
118 119
19 55
31 38
16 28
367 407
105 129
274 285
33 58
88 89
5 34
378 400
78 86
99 102
363 364
17 35
412 429
324 355
210 235
469 474
372 391
447 453
428 429
134 156
109 134
16 22
446 457
5 55
433 435
168 169
359 361
345 362
369 393
184 188
107 135
28 54
47 60
306 313
214 237
281 294
289 297
95 133
366 377
279 289
106 120
11 23
235 243
13 35
35 42
398 404
133 134
205 216
374 388
284 290
427 428
177 196
248 259
28 48
27 35
355 362
406 408
272 273
65 79
140 143
403 407
178 193
382 407
162 168
