1000 3586
224 249
974 989
768 771
229 257
2 30
34 54
582 599
872 879
3 23
558 609
742 758
472 479
494 515
359 396
563 643
537 555
727 748
906 910
486 492
362 385
109 110
315 316
293 299
897 909
300 307
65 68
788 797
747 751
162 181
905 906
10 32
924 936
912 919
455 458
291 319
986 996
170 184
830 831
664 667
453 464
722 724
144 178
12 15
94 113
150 183
706 711
163 185
37 60
274 277
731 758
770 771
579 646
28 33
457 461
306 322
338 408
122 128
690 702
165 170
279 283
475 512
15 43
867 875
683 708
138 159
291 317
88 107
761 766
765 768
489 500
106 118
780 793
287 292
68 80
490 492
482 514
151 194
184 187
387 388
973 990
629 630
524 526
664 699
78 84
474 514
2 20
144 171
855 881
582 588
158 162
290 297
124 125
367 408
851 852
461 466
964 968
820 834
658 672
740 754
589 636
153 190
78 81
297 315
232 255
7 16
130 131
478 505
575 609
400 402
575 635
663 681
290 316
654 676
489 490
271 280
480 515
360 407
330 335
45 53
661 666
720 724
30 46
850 859
699 706
21 60
479 510
2 37
291 313
4 5
97 117
664 673
902 904
277 297
383 398
490 502
6 45
982 1000
639 646
155 195
380 390
144 160
894 904
7 55
225 259
277 311
572 602
4 57
913 915
848 856
25 45
142 193
891 909
74 75
912 913
138 167
185 191
207 208
727 737
223 252
230 233
728 738
719 720
159 176
514 516
504 517
572 622
206 214
739 750
230 248
474 481
681 703
293 296
375 395
580 606
233 250
35 45
315 319
889 906
505 517
20 59
569 593
890 907
208 210
925 927
230 259
366 376
12 58
731 747
668 678
62 87
350 409
276 277
900 907
617 623
402 412
102 105
737 738
821 837
240 251
12 39
751 755
561 640
3 36
18 27
291 297
730 743
298 301
521 524
971 988
531 550
733 750
759 772
185 196
658 702
528 533
993 994
348 365
324 332
439 446
438 443
312 318
878 883
349 397
15 30
792 798
760 770
777 792
485 513
971 991
229 245
441 447
458 467
28 49
165 191
271 272
725 726
288 300
442 447
552 555
225 252
233 246
385 392
638 645
108 116
206 210
274 284
486 508
169 183
311 314
358 401
137 186
4 9
666 696
480 497
693 699
900 906
438 449
262 265
281 308
481 487
45 58
145 193
565 626
155 198
476 497
168 193
174 180
475 479
349 398
166 180
151 174
654 675
942 943
637 648
339 386
177 190
974 981
240 248
525 529
102 114
29 58
701 709
989 992
560 644
913 917
457 464
561 601
291 322
144 151
443 450
735 737
614 646
264 270
162 186
675 685
298 318
29 36
271 302
604 643
29 57
16 43
1 41
17 42
89 103
262 268
687 711
154 174
740 746
372 387
648 670
343 400
506 512
140 147
63 87
137 146
264 266
518 537
438 441
807 824
501 510
142 192
896 906
632 644
777 797
364 402
478 501
161 163
6 9
34 48
142 164
11 37
4 42
750 758
609 639
670 675
143 194
657 701
3 25
342 350
521 554
360 385
675 677
557 558
690 693
64 75
524 548
506 509
904 909
28 47
166 175
246 256
202 221
921 924
15 33
490 503
735 741
24 60
168 177
561 598
523 554
17 46
896 904
82 85
15 50
494 506
896 910
556 559
822 824
276 284
344 398
106 116
594 625
332 335
657 674
558 624
452 457
389 393
929 931
574 631
556 647
285 318
42 58
762 768
297 322
483 509
364 371
523 527
342 361
955 962
751 757
201 219
169 189
193 195
922 932
606 642
778 803
239 249
762 772
913 919
799 804
22 28
232 253
222 256
1 25
807 808
236 246
159 160
871 872
272 319
532 551
595 612
568 627
34 40
490 515
365 389
562 603
478 491
927 935
23 60
788 793
356 394
761 769
846 849
842 843
576 629
233 245
504 511
381 413
63 67
347 359
888 906
788 801
893 903
806 808
232 235
806 811
206 208
662 663
900 901
146 197
17 44
568 610
457 460
234 245
663 665
430 437
24 40
774 788
592 594
171 175
18 55
307 322
347 353
402 408
24 41
97 102
157 159
599 644
239 246
946 948
55 57
713 714
740 747
21 31
227 250
239 250
336 380
726 756
77 90
732 743
165 179
820 822
725 734
148 176
773 785
138 164
806 818
424 428
499 516
829 833
531 549
230 250
376 393
159 197
508 517
679 699
728 753
560 629
877 885
929 932
621 647
973 978
612 637
70 85
275 291
291 310
843 844
490 500
352 411
370 383
238 253
923 926
638 647
901 906
520 522
16 60
388 412
5 16
807 810
502 514
569 641
311 322
726 727
278 297
216 220
480 482
28 34
154 165
523 544
557 648
325 327
790 803
571 607
527 541
170 175
309 310
68 73
103 106
582 604
636 647
513 515
232 243
224 226
896 898
262 269
850 853
168 190
228 232
439 443
825 837
577 636
144 181
664 696
439 451
898 908
30 35
143 172
778 799
750 756
199 204
271 285
655 700
814 818
453 456
75 78
147 175
965 968
752 757
539 555
403 412
712 713
8 23
567 601
282 297
744 754
931 936
9 13
233 259
970 974
472 499
416 420
760 765
988 994
737 757
862 876
488 500
355 373
446 450
961 969
569 578
279 306
603 612
574 605
264 268
269 270
338 381
824 835
460 461
294 297
556 634
583 640
417 419
633 642
444 446
821 833
281 288
273 291
734 750
480 487
48 50
289 298
889 904
37 53
27 28
325 328
77 80
194 197
443 446
347 381
480 504
35 39
341 389
3 40
682 684
6 28
178 179
458 463
81 82
282 291
360 400
495 503
507 514
476 484
431 437
811 819
396 398
272 310
736 750
572 623
783 784
811 815
139 140
465 467
907 909
223 251
229 241
732 748
535 544
203 213
376 394
149 166
774 796
331 332
500 504
876 878
210 212
569 597
473 497
43 54
939 945
289 305
732 742
556 589
852 859
240 255
662 672
673 705
88 118
301 310
271 309
50 58
787 793
615 621
594 611
20 37
605 647
386 389
560 576
633 635
261 263
922 936
158 197
822 836
48 51
345 381
681 704
820 833
580 610
835 836
888 891
564 634
653 688
244 265
482 506
616 640
581 628
163 196
850 852
366 410
460 464
342 358
79 85
560 584
365 377
482 503
176 183
933 936
666 703
155 156
305 314
584 617
953 964
660 684
808 816
573 587
810 817
962 964
890 894
571 650
808 817
334 335
345 396
21 41
347 367
141 142
339 401
774 785
938 943
461 465
279 289
304 315
276 297
454 464
164 170
477 513
144 154
570 580
459 463
353 414
564 645
338 360
476 502
472 510
141 152
337 410
325 326
753 758
475 494
237 244
143 183
566 612
304 317
864 870
900 904
734 742
297 306
122 123
349 370
589 598
901 909
773 795
739 741
844 859
990 996
666 678
195 197
814 816
749 757
869 871
989 1000
288 311
869 886
290 294
473 479
521 545
139 157
272 313
785 797
400 411
945 950
438 444
453 465
810 819
484 497
25 34
21 28
132 133
763 765
535 539
664 686
484 487
781 785
731 752
974 982
968 970
171 182
578 639
452 458
282 305
441 445
668 669
280 315
518 529
28 61
343 373
299 323
180 187
18 53
27 38
742 755
224 245
970 971
204 209
584 601
822 838
18 33
173 174
970 976
520 540
26 58
954 963
441 450
199 200
893 908
282 309
484 509
400 406
568 606
292 306
713 716
970 999
15 17
858 861
153 160
341 411
899 910
982 997
448 451
477 496
485 517
895 910
534 541
628 629
563 603
351 387
281 317
280 316
658 695
732 737
272 277
895 909
168 195
358 409
559 576
495 517
145 187
364 396
29 52
31 51
891 902
234 238
656 680
241 243
925 929
286 292
787 800
748 749
184 198
282 288
779 798
222 235
798 819
209 219
141 163
986 1000
487 512
729 735
735 740
21 42
637 645
808 810
557 645
764 770
309 313
420 427
5 10
657 679
505 508
673 683
430 432
869 901
607 629
153 168
564 602
900 905
366 390
271 320
28 35
244 245
780 788
27 31
888 895
700 708
16 46
812 813
578 626
294 315
725 729
871 880
484 499
921 933
138 175
363 409
668 693
218 219
527 554
23 49
579 588
953 956
751 756
499 508
560 566
112 117
208 211
493 498
430 435
812 817
32 44
559 568
350 365
363 386
651 666
594 643
629 649
142 168
50 51
287 291
176 189
488 502
629 643
607 649
166 184
671 689
160 167
149 196
263 265
456 464
565 586
474 487
53 57
563 637
123 128
142 172
822 823
153 192
478 498
252 257
225 236
271 296
395 402
986 989
140 186
149 155
634 649
660 709
141 178
916 919
340 397
31 40
895 896
747 748
491 492
557 643
694 708
945 947
157 184
766 767
478 500
292 300
486 510
389 396
587 621
599 606
681 709
848 852
445 449
928 930
569 647
273 297
244 249
640 642
894 901
157 198
890 903
370 411
457 465
752 758
777 791
161 180
784 794
614 641
889 901
226 246
557 624
283 315
171 174
901 907
111 119
170 179
248 249
730 746
124 128
146 157
874 878
313 314
183 188
882 885
672 692
261 268
785 786
1 18
455 464
816 819
718 720
623 625
210 214
743 754
6 14
827 830
354 382
798 802
721 723
651 678
96 100
624 632
163 168
616 645
362 367
447 451
337 386
64 72
146 177
613 638
528 529
36 39
821 832
432 436
488 506
694 696
77 83
484 513
271 303
329 334
284 302
382 408
6 51
129 135
358 377
736 744
5 34
628 639
972 981
806 819
491 506
702 706
232 242
281 287
38 47
659 680
796 804
992 994
606 649
567 607
2 32
352 363
357 370
353 375
785 803
287 321
399 402
917 919
928 929
145 182
382 409
765 772
47 58
479 490
847 850
235 242
441 442
927 933
512 517
974 983
351 386
175 195
439 449
984 1000
211 220
444 445
508 509
129 133
142 178
496 504
453 462
980 994
4 41
151 175
529 550
149 186
638 641
481 504
452 453
454 455
343 385
151 181
168 196
450 451
232 259
361 364
354 366
462 464
899 900
625 650
34 43
20 21
293 295
356 385
224 225
687 696
958 969
151 173
475 514
527 543
163 183
279 294
868 880
220 221
277 281
525 542
823 839
482 492
655 656
148 185
182 192
652 692
776 787
657 699
274 319
578 608
145 162
547 553
583 597
870 879
227 238
68 75
291 299
270 271
949 950
475 493
286 290
341 364
833 837
224 231
489 494
925 931
574 606
8 9
248 251
385 399
612 619
581 626
679 709
69 86
927 932
781 801
731 738
370 374
251 255
957 968
537 540
761 771
477 483
137 187
685 692
596 618
305 312
590 625
565 580
628 630
283 324
281 289
954 964
784 802
292 296
735 753
468 471
572 621
261 265
287 312
253 257
728 745
556 597
297 305
888 889
651 684
581 630
925 932
28 56
401 413
564 571
143 175
353 395
591 635
166 171
596 642
719 724
152 173
346 356
585 598
161 176
478 482
939 942
105 113
626 648
20 25
301 313
34 58
69 76
342 400
283 299
164 183
566 616
575 629
602 613
732 744
391 412
170 173
535 554
208 216
921 936
488 499
286 320
815 819
121 122
728 750
932 934
7 21
617 618
69 83
225 243
441 448
454 466
639 645
719 723
9 57
579 650
912 915
941 944
573 604
268 270
31 37
356 372
527 542
91 111
330 331
399 407
2 49
100 101
492 505
573 625
307 312
729 751
144 179
337 377
916 918
989 997
593 648
440 441
74 80
789 802
779 786
777 796
455 462
458 461
418 424
653 702
162 195
898 899
591 614
598 631
140 196
286 298
739 755
667 680
358 376
272 295
281 290
353 384
383 405
16 39
958 968
147 163
477 497
891 892
442 444
66 67
674 689
794 796
572 645
822 834
20 47
625 640
593 633
703 708
8 44
147 198
764 772
278 323
10 13
622 648
983 1000
522 532
527 549
453 461
429 437
80 84
564 606
855 856
73 86
70 76
417 425
814 819
158 171
831 835
368 382
728 755
141 158
283 311
123 130
148 188
991 999
582 619
487 509
336 391
76 80
604 609
676 687
549 555
735 755
6 52
475 517
590 629
578 598
473 512
582 600
348 359
715 716
636 641
2 31
480 489
591 624
953 962
352 398
144 156
153 194
293 298
145 185
712 714
892 897
286 296
166 190
366 387
526 550
512 514
494 497
138 165
565 612
361 392
931 933
822 829
345 403
291 311
889 910
559 635
606 608
214 217
422 423
569 633
569 630
675 679
2 38
1 60
469 470
375 380
230 254
533 543
296 316
483 508
335 378
264 267
355 392
32 42
82 87
854 861
922 929
634 640
743 745
824 832
96 107
460 466
586 617
975 996
963 965
3 28
370 396
12 22
153 159
805 819
156 177
234 243
796 803
681 706
565 596
384 398
584 630
773 788
731 740
729 746
607 621
319 320
377 385
603 609
971 974
272 287
948 950
566 579
894 907
717 724
19 20
6 16
153 170
17 45
141 150
280 319
345 367
27 36
841 845
730 735
574 604
775 802
262 270
149 156
300 320
472 502
438 451
545 555
559 566
577 645
972 975
11 44
753 754
237 257
721 722
561 620
367 410
427 434
953 957
225 260
565 615
976 997
831 844
959 969
478 510
605 629
806 813
927 936
727 752
982 996
88 111
6 32
557 580
654 680
10 11
388 411
148 180
93 106
26 61
736 749
567 643
42 56
668 682
602 648
181 182
43 53
985 989
140 172
740 753
41 51
789 795
139 177
568 644
357 364
478 507
283 288
594 605
296 297
477 508
164 180
337 372
158 183
777 798
354 372
928 934
468 470
163 173
681 695
535 536
364 412
4 40
383 394
23 51
299 316
343 377
206 213
367 407
931 934
498 509
338 404
121 127
597 646
557 571
349 396
760 769
143 178
790 797
45 60
34 57
477 515
8 20
26 54
171 189
340 400
10 27
9 40
862 864
786 797
235 260
336 350
473 498
152 155
474 515
272 291
307 321
621 639
745 756
290 304
293 307
324 326
206 207
725 753
626 638
265 267
526 547
864 881
344 413
956 958
562 619
699 700
501 515
809 813
674 681
7 56
473 477
280 317
656 665
172 187
569 632
225 251
674 701
496 510
70 75
524 531
102 103
568 628
393 395
733 746
345 405
740 744
388 406
29 51
901 903
739 746
211 212
149 165
822 839
308 309
526 531
171 187
237 248
564 616
479 513
3 19
523 528
972 991
304 322
953 960
660 661
74 81
228 247
698 703
735 736
784 789
206 211
69 81
978 992
337 405
271 308
583 633
763 767
923 934
135 136
459 461
438 445
585 608
144 148
899 905
971 992
799 801
232 248
557 634
337 383
142 188
563 599
677 691
205 214
925 934
22 59
897 903
144 190
965 966
739 753
862 866
284 317
436 438
122 126
736 742
494 501
359 404
351 352
725 728
431 436
55 56
332 333
442 449
586 635
792 801
651 680
264 265
374 403
973 992
434 435
784 796
223 257
612 649
603 619
874 877
833 838
959 961
339 347
271 305
159 168
141 159
139 178
417 418
955 967
888 893
922 927
614 628
959 960
47 57
971 980
676 692
200 206
974 997
854 858
557 561
15 46
276 295
440 442
947 951
912 918
12 42
732 749
585 606
4 52
602 629
979 982
14 19
572 589
890 909
889 898
662 675
24 44
993 998
349 368
722 723
129 134
154 170
289 304
381 412
824 829
730 733
94 101
626 639
95 113
354 403
481 499
583 606
148 155
21 53
154 166
970 988
599 650
173 178
745 755
779 784
729 755
587 625
228 256
242 249
155 180
233 236
585 625
284 296
916 917
271 319
564 649
568 637
667 696
601 608
49 53
478 506
177 181
340 369
140 185
92 93
339 362
717 719
594 640
778 794
561 629
140 168
779 797
27 47
953 963
952 967
911 915
205 219
223 225
846 848
4 7
474 517
279 314
732 736
767 768
465 470
725 746
16 37
572 591
728 748
172 189
291 315
338 392
850 857
2 35
737 742
289 299
578 612
272 297
266 268
868 882
388 400
731 754
578 648
921 943
798 801
236 238
242 254
222 260
18 39
43 61
586 604
700 704
283 302
76 86
301 316
837 839
662 708
31 61
445 448
275 293
602 611
794 800
972 987
745 757
935 936
310 317
573 578
212 221
175 191
28 57
977 994
62 79
777 794
225 256
200 213
518 520
342 363
563 635
244 251
354 381
669 698
273 313
542 554
812 815
689 692
8 19
518 523
667 686
530 553
239 258
402 407
576 586
494 508
148 167
69 85
590 627
422 426
416 423
369 378
588 622
888 908
791 798
895 905
607 622
678 704
342 343
227 251
330 332
353 406
227 255
566 581
15 27
6 59
988 990
763 766
392 399
342 378
291 300
283 319
338 359
74 83
250 251
445 450
725 732
788 794
374 409
365 368
6 36
439 450
814 815
520 538
345 362
628 650
341 354
906 907
29 55
172 190
654 696
11 12
289 310
90 95
370 385
578 580
367 397
595 641
937 948
157 197
139 148
281 319
454 463
261 264
35 43
357 385
875 880
479 493
606 632
894 899
137 195
65 74
166 196
15 31
865 882
283 292
224 237
156 168
795 798
311 317
500 509
1 29
12 16
239 253
449 450
457 458
569 577
528 551
929 934
104 108
33 43
148 164
202 213
568 642
734 735
45 57
265 266
143 154
230 238
714 716
734 745
123 124
30 48
608 613
152 189
741 746
251 257
239 255
165 174
453 466
829 834
727 735
215 216
21 25
33 34
353 376
534 549
187 197
201 217
585 638
274 275
708 709
896 900
673 693
742 745
596 641
922 926
158 187
987 993
793 795
927 931
922 928
17 52
746 755
604 626
631 638
955 961
363 412
556 594
144 167
659 674
914 919
571 642
505 515
487 498
566 620
390 404
238 245
440 451
937 944
931 932
565 601
99 108
569 609
464 466
607 645
163 188
302 309
152 187
435 436
982 995
278 281
522 550
200 217
821 835
281 299
368 383
373 389
7 8
288 291
397 405
572 629
141 167
530 540
137 154
769 772
226 239
481 507
889 903
748 751
478 486
689 711
594 614
827 831
911 916
380 406
864 869
519 537
727 738
812 816
311 321
485 499
651 657
888 904
672 698
896 908
455 466
820 832
810 811
46 54
576 631
417 424
980 984
32 40
960 964
744 752
787 797
446 449
790 793
144 183
130 133
784 786
564 624
305 310
558 578
447 450
789 798
38 39
519 538
170 178
673 685
138 177
957 969
556 603
324 325
530 539
298 309
12 41
275 320
337 381
283 314
148 191
279 300
17 61
255 257
18 26
937 941
157 165
717 718
926 935
144 180
805 808
306 311
356 398
203 229
176 197
92 104
4 48
262 267
783 786
536 554
682 706
489 498
359 360
137 165
175 178
500 506
166 183
606 637
362 374
368 409
791 795
192 194
653 710
69 73
285 288
149 198
459 465
261 270
842 844
675 687
562 615
167 197
138 169
561 565
732 740
564 642
16 51
492 511
141 165
763 788
568 609
910 919
488 489
247 248
600 627
173 196
598 619
38 53
965 967
144 152
720 721
655 704
923 936
482 496
529 549
903 909
994 999
203 205
557 629
139 173
444 449
806 809
17 19
592 602
145 179
985 999
324 327
789 797
523 547
766 772
911 917
789 804
851 857
37 49
272 301
291 314
925 936
497 515
30 61
806 816
146 164
615 616
488 491
707 713
651 656
855 861
285 305
170 197
175 180
141 181
493 496
749 756
730 731
777 779
365 414
764 771
391 392
903 907
557 564
899 904
316 320
395 399
957 965
597 645
275 301
862 868
201 216
295 320
550 555
873 874
864 877
233 238
42 61
587 617
782 785
657 659
820 835
626 646
568 623
23 53
564 640
727 729
285 302
174 178
271 292
579 587
239 242
661 685
246 258
444 447
63 76
279 291
971 985
653 664
958 965
953 968
762 771
285 299
132 136
558 645
664 682
754 755
64 80
137 150
88 105
287 304
288 314
562 605
94 99
344 388
941 950
2 17
970 998
959 967
408 411
245 251
865 872
289 300
870 885
501 503
775 795
159 179
295 307
145 196
730 739
237 246
759 762
166 191
291 318
11 60
561 573
53 63
662 701
781 789
83 86
521 533
1 31
239 241
602 638
811 814
277 320
3 51
127 128
340 374
324 328
911 914
743 747
19 27
983 988
397 413
173 186
903 904
609 611
280 322
654 679
193 194
1 8
777 785
566 608
4 24
300 322
300 310
275 295
926 933
768 772
668 681
721 743
560 617
568 604
340 405
13 30
46 56
298 300
482 515
571 612
356 359
774 791
923 927
590 616
256 259
630 638
430 434
586 595
571 604
455 467
526 555
843 845
444 451
795 802
586 628
339 344
482 510
578 600
357 374
578 629
364 394
149 154
653 706
29 61
22 53
23 37
518 539
826 839
494 505
337 398
131 135
656 697
277 290
672 709
596 648
974 999
355 411
442 446
137 151
478 502
367 374
232 237
795 796
31 48
223 256
894 900
791 803
726 728
923 932
767 770
584 645
68 83
601 626
415 425
862 887
68 77
842 845
152 183
130 132
571 640
241 258
595 607
167 184
617 647
47 49
144 165
13 58
763 770
337 341
782 791
350 403
482 491
229 240
664 700
759 760
820 821
151 197
441 446
410 413
573 599
152 174
65 82
478 490
288 310
227 233
958 959
574 576
882 884
556 590
144 189
359 388
307 308
782 800
581 635
56 61
62 71
570 646
67 85
281 312
783 789
17 47
22 24
402 409
686 688
598 624
520 528
920 921
145 160
909 910
339 367
609 613
616 630
485 505
479 512
813 814
961 965
438 450
501 512
186 196
559 613
380 381
359 390
288 322
480 507
369 371
208 215
891 900
777 789
752 754
290 321
95 120
161 192
585 631
594 598
989 995
596 620
199 214
449 451
225 228
169 180
13 21
300 311
283 293
484 504
445 447
223 246
672 693
738 754
374 380
922 935
364 400
379 409
654 665
808 809
493 517
517 552
911 918
200 211
570 641
12 18
925 935
430 436
8 15
15 29
479 491
284 301
238 255
96 113
276 302
283 306
229 249
342 367
896 903
628 633
526 553
16 22
363 379
493 511
921 927
290 315
575 630
561 632
17 60
562 625
8 42
95 101
610 633
287 318
303 317
138 153
25 61
563 601
348 379
14 25
938 950
749 750
359 362
922 934
90 107
32 35
101 111
4 43
734 736
583 613
282 319
695 711
152 180
597 648
191 194
730 756
177 182
212 219
415 418
151 159
239 260
214 218
290 320
589 597
58 60
283 322
661 671
566 602
822 837
725 742
169 186
937 938
143 167
289 316
165 180
454 460
625 646
699 709
897 900
44 60
339 348
889 891
81 85
570 625
183 193
161 186
956 967
483 516
452 463
440 448
355 388
34 59
266 267
461 462
140 149
351 410
273 298
562 610
372 411
383 384
577 590
666 686
477 511
726 735
364 409
372 404
592 645
337 388
354 399
8 43
661 684
448 452
42 51
165 171
557 609
245 252
145 171
140 150
152 158
795 797
319 322
667 693
565 636
737 744
605 639
436 437
276 291
14 44
540 553
382 414
801 804
370 373
152 164
443 449
847 857
278 286
156 180
342 388
596 603
273 308
980 990
543 549
841 843
24 27
230 232
781 798
600 612
574 642
896 897
520 539
4 36
289 308
142 185
597 621
475 504
79 84
77 87
367 404
720 723
4 21
540 550
743 753
341 409
248 250
662 700
196 197
567 634
895 897
581 600
728 751
955 968
271 299
55 60
440 446
15 24
820 840
13 33
20 31
834 837
683 688
68 70
456 458
140 166
521 529
405 410
130 135
401 410
476 485
658 690
954 967
116 120
165 173
154 167
519 543
135 188
560 578
454 462
892 895
730 751
357 372
565 611
481 483
163 198
34 36
354 412
431 433
615 617
820 830
556 613
552 554
987 989
727 746
478 497
790 795
590 639
773 777
19 57
831 840
287 309
488 505
351 414
249 255
620 625
918 919
522 525
115 119
496 502
660 689
433 436
652 702
75 85
674 684
263 264
226 230
593 601
564 567
810 818
452 462
717 723
837 838
652 703
830 840
823 838
799 802
561 600
674 707
153 157
54 59
291 303
154 195
346 388
940 941
574 616
120 125
760 763
988 999
975 984
282 310
817 818
443 451
618 623
121 124
400 408
17 33
394 400
563 596
342 344
66 71
110 116
445 446
920 933
929 935
238 242
586 647
432 433
358 402
9 18
946 949
987 994
486 511
481 515
773 804
25 48
827 832
278 299
565 572
72 75
176 185
776 790
827 838
989 994
620 624
729 762
361 393
712 717
71 73
534 552
295 300
255 256
594 607
956 960
892 893
206 221
744 745
923 930
6 29
5 38
808 818
605 609
488 514
210 215
731 745
33 35
429 433
377 383
947 948
131 136
64 71
668 673
941 947
958 961
525 549
263 266
239 252
297 299
980 1000
27 37
16 25
579 602
33 53
895 902
806 814
416 425
372 378
965 969
227 247
612 635
4 35
569 623
82 83
606 640
603 647
406 407
963 967
664 704
574 629
371 401
576 608
847 858
473 516
366 398
921 928
670 673
725 755
137 141
586 610
282 283
746 752
399 405
454 456
793 802
295 299
726 732
526 535
475 490
148 198
619 638
104 115
364 388
932 933
251 252
612 625
560 638
621 635
560 642
979 990
484 485
501 508
725 747
540 542
122 127
344 381
584 614
310 314
661 707
278 304
896 902
292 301
667 677
234 257
487 510
894 902
527 538
971 987
474 509
338 400
564 576
122 124
490 491
71 81
94 119
289 297
487 502
779 799
205 217
477 489
459 462
491 504
787 803
207 221
98 100
2 9
336 393
930 934
797 802
484 493
811 818
18 31
869 877
565 607
69 80
243 250
280 312
537 553
74 85
39 56
671 697
738 756
923 925
568 577
915 918
41 60
778 800
488 512
154 169
669 671
290 302
986 987
977 996
384 394
495 512
891 894
826 829
476 489
652 686
169 195
329 330
354 409
760 761
173 187
829 839
165 166
912 917
627 644
12 27
33 60
990 998
347 386
566 634
592 627
747 752
531 551
158 177
889 908
157 188
605 643
620 650
339 385
19 48
726 745
890 892
8 55
805 810
880 884
180 182
602 643
282 299
350 383
440 447
522 554
200 207
481 503
592 624
162 174
166 170
96 106
729 736
620 621
666 669
560 579
227 229
298 302
279 317
1 32
287 306
561 577
926 930
635 645
356 363
728 743
483 489
159 181
712 715
79 86
916 921
893 906
143 169
456 467
7 58
975 977
663 683
487 500
828 835
733 736
779 790
953 961
485 495
302 318
927 930
813 817
164 186
848 858
826 836
154 172
484 496
662 685
921 923
489 507
582 596
974 978
729 745
544 555
783 798
739 754
415 417
660 708
473 485
575 617
575 614
558 621
107 112
725 752
933 935
632 635
809 817
926 929
577 648
588 613
438 448
365 410
3 22
892 903
779 796
406 420
245 260
182 195
161 167
472 477
943 944
971 976
14 39
313 320
273 285
43 51
384 414
182 185
296 299
345 407
229 238
477 488
446 451
499 504
329 335
33 57
231 249
429 435
560 596
138 194
529 538
853 854
727 751
363 384
661 683
941 942
760 767
653 678
455 457
956 966
894 909
237 251
738 757
161 179
159 164
697 709
596 626
1 38
807 812
599 649
130 134
361 404
294 309
480 485
343 396
336 397
279 299
849 854
491 514
611 644
991 995
718 721
353 408
808 811
687 691
350 363
192 198
603 615
611 629
472 494
371 380
282 318
272 290
888 897
576 646
360 411
973 996
237 242
145 154
495 497
575 587
793 800
598 612
732 735
739 744
156 165
10 58
738 753
204 210
310 319
38 42
768 769
455 460
433 434
433 437
556 615
180 186
343 389
30 52
589 615
476 506
310 318
982 985
599 627
728 731
810 814
340 345
178 185
174 187
339 399
572 576
473 486
6 11
621 623
22 54
518 546
7 48
143 146
638 644
313 321
630 636
138 151
230 236
143 195
484 506
725 750
223 235
813 815
510 517
631 647
501 516
956 961
924 935
124 126
1 6
138 139
418 428
603 649
308 317
293 308
441 451
454 457
529 543
273 316
739 747
278 316
864 872
480 492
333 335
298 322
15 45
547 549
593 640
609 642
691 707
346 360
137 138
2 5
611 617
494 516
497 504
161 162
275 281
743 746
653 673
368 399
302 307
89 99
343 395
286 293
8 49
535 551
787 801
580 598
661 663
107 111
652 659
137 213
45 59
16 19
140 159
161 166
277 283
785 793
591 611
353 381
340 413
741 748
570 589
477 509
370 394
157 171
42 55
261 269
419 427
288 306
653 677
226 236
65 78
301 304
893 900
396 400
245 257
342 392
981 990
589 603
111 118
460 462
628 641
767 771
278 319
321 323
379 395
570 636
668 672
866 870
312 322
175 183
10 59
210 218
460 467
387 392
862 865
474 494
567 621
453 463
563 648
744 751
30 60
365 379
421 423
445 451
973 975
34 35
571 599
474 477
522 553
5 47
773 800
561 562
439 440
924 934
200 203
6 8
93 105
779 792
366 411
143 173
671 677
261 267
326 327
911 919
129 130
391 404
994 997
176 194
862 874
587 591
744 758
603 627
727 728
141 177
67 79
477 492
614 624
154 192
847 855
297 311
871 878
584 647
134 135
14 38
668 703
892 902
929 930
954 966
852 855
489 495
458 460
112 120
70 83
463 467
214 215
922 931
848 850
765 767
441 443
188 190
484 507
534 537
230 231
657 666
273 280
5 50
863 866
202 215
776 801
473 496
892 908
738 746
660 671
170 183
976 1000
91 98
3 6
726 739
836 838
618 625
304 305
504 516
231 258
522 543
660 692
7 26
895 903
951 952
302 303
452 466
117 120
520 537
590 600
147 191
362 409
18 22
789 803
472 496
149 194
299 320
657 675
777 778
19 28
651 677
141 157
275 294
152 194
36 59
354 384
488 493
539 547
112 118
111 115
953 969
186 198
133 134
420 425
157 167
163 192
442 451
580 601
976 996
191 197
289 312
337 382
533 547
147 162
346 359
1 10
558 603
586 596
816 817
359 413
723 724
63 80
897 904
523 574
281 296
874 879
439 448
478 493
456 466
243 255
809 811
778 804
2 46
277 280
542 549
354 362
729 749
263 267
200 204
564 586
728 746
595 604
871 873
187 195
350 373
48 54
147 193
296 304
115 117
160 187
624 634
352 358
170 181
929 936
729 752
561 578
454 467
897 905
425 426
531 534
364 373
432 434
676 684
729 738
21 35
280 291
297 298
725 731
125 128
579 633
809 810
629 646
30 47
894 910
964 966
807 818
588 624
481 517
244 258
603 607
661 690
569 644
283 305
252 256
6 37
777 790
572 643
25 38
181 193
21 58
352 357
206 217
676 677
806 807
598 614
731 744
522 528
17 55
953 967
153 178
761 767
865 873
3 44
748 752
175 194
544 546
151 192
8 26
773 786
40 41
228 230
172 175
937 947
14 32
576 579
570 633
356 362
158 196
90 92
677 711
232 238
736 737
155 165
363 365
64 70
612 630
569 572
238 241
303 312
561 650
336 369
865 880
393 407
373 406
186 195
562 622
698 707
162 188
18 50
131 134
150 163
576 617
844 845
750 751
181 190
224 247
617 630
735 748
22 61
283 303
810 813
981 991
101 116
904 908
592 626
412 414
929 933
477 505
827 834
3 15
336 392
963 968
5 57
5 26
854 856
199 221
81 86
964 965
905 907
377 401
820 826
740 757
734 755
846 859
534 546
521 546
580 609
734 740
595 628
559 611
735 758
616 637
4 51
271 287
143 158
576 626
13 34
652 657
263 269
957 967
172 184
350 398
155 189
165 172
20 29
562 565
376 414
890 901
612 634
277 318
69 77
415 424
238 249
503 508
776 777
176 193
730 748
11 26
492 498
470 489
425 427
486 498
149 180
6 7
863 871
440 450
571 618
683 693
9 31
139 149
812 814
98 109
379 387
992 999
560 614
742 753
202 206
479 501
732 746
273 289
343 367
823 826
612 626
26 29
230 251
161 196
157 160
19 51
726 738
457 466
626 644
851 853
568 584
672 701
438 440
776 785
835 839
563 572
928 935
976 991
882 886
557 582
303 314
599 618
912 914
737 741
459 460
848 860
501 506
145 150
154 181
455 461
468 469
462 463
174 176
337 354
660 674
52 53
921 930
