1000 3148
732 756
572 592
227 228
850 855
713 714
623 631
214 215
63 92
896 897
72 86
578 579
646 665
550 553
534 546
486 487
926 940
529 532
935 937
815 834
519 529
186 188
63 81
145 147
593 599
585 611
709 734
669 689
67 76
7 13
452 455
536 543
283 288
102 106
760 761
930 933
110 112
51 53
200 204
470 484
644 661
100 106
618 624
577 598
237 240
652 663
67 91
671 672
537 540
66 72
116 117
919 921
761 791
361 376
93 94
784 806
284 292
588 599
456 466
228 233
371 375
652 656
227 232
617 636
395 402
536 542
433 440
809 820
734 752
186 194
648 652
639 693
38 45
145 146
17 19
120 121
309 310
469 482
586 594
963 978
420 439
740 743
35 48
622 628
32 34
497 498
707 715
423 440
580 605
51 64
577 604
592 594
468 475
917 937
725 744
573 604
811 828
936 939
729 738
517 524
525 530
852 857
583 599
712 733
652 690
660 670
621 624
923 940
618 623
584 604
649 673
63 66
441 444
590 602
724 725
727 755
932 943
843 857
638 657
654 674
149 152
66 77
448 452
66 85
788 790
52 76
476 490
544 547
710 720
742 745
650 688
361 372
235 243
584 590
907 910
350 356
980 992
917 938
110 120
96 101
511 529
844 847
428 429
814 835
200 201
401 404
868 869
111 115
666 697
698 701
72 79
979 981
576 601
940 942
44 57
16 24
337 338
196 202
794 804
78 89
52 63
828 832
574 604
435 438
817 820
847 850
321 322
844 851
442 443
890 893
662 679
41 46
439 440
846 855
575 588
220 221
52 77
141 147
727 746
577 595
185 189
534 543
491 495
901 936
572 585
771 787
766 776
949 951
69 85
257 258
595 606
649 665
698 700
771 791
614 634
580 603
491 496
502 504
158 166
705 745
471 490
937 941
461 463
616 620
821 823
651 672
920 927
709 726
810 812
683 692
270 272
809 832
810 811
983 991
666 686
995 999
56 88
477 479
820 826
35 43
652 662
112 119
56 66
661 673
640 663
445 449
664 681
15 17
662 674
281 298
774 802
504 505
646 694
762 790
60 71
83 88
7 12
17 21
130 134
838 839
60 70
222 223
4 6
729 741
567 569
841 847
845 857
172 173
332 333
50 60
53 80
324 325
48 49
114 120
664 673
54 81
924 942
979 983
209 213
647 663
61 91
612 633
572 584
111 117
99 118
714 735
77 85
283 297
187 189
470 492
845 846
419 421
520 523
521 524
345 373
643 648
664 686
814 821
56 71
911 912
917 941
809 816
983 987
770 789
660 673
712 749
414 417
737 738
390 397
406 409
10 12
928 930
996 999
815 835
655 694
579 609
209 218
581 606
53 75
972 973
95 102
621 625
55 74
903 907
876 878
249 256
14 18
73 88
716 729
662 686
354 371
434 439
751 756
980 987
587 608
254 255
306 319
421 432
130 137
963 964
654 675
877 880
138 140
200 203
576 580
281 291
282 285
454 455
591 596
475 479
6 8
844 853
661 678
863 865
352 362
974 977
814 830
320 327
725 730
419 420
655 684
727 732
653 657
62 83
575 587
114 116
357 359
129 133
640 644
539 542
82 85
658 694
988 991
248 249
472 498
769 802
284 286
913 926
838 854
473 481
549 551
422 431
874 880
54 93
650 661
720 739
932 941
705 752
65 82
97 105
607 611
712 754
837 838
259 263
444 445
113 118
863 864
259 270
323 327
227 233
76 89
586 606
356 381
248 250
729 737
655 691
742 755
578 580
582 583
50 75
365 370
442 451
850 854
293 298
279 280
274 277
3 11
542 547
657 693
710 756
506 508
158 164
901 911
617 621
739 753
188 193
551 553
269 270
64 84
573 576
916 924
517 519
838 845
129 130
900 905
707 757
820 833
795 799
958 962
425 438
20 23
458 464
309 311
355 381
668 684
374 377
643 662
13 18
866 868
701 702
19 20
360 377
469 487
661 697
332 334
517 532
701 703
946 956
112 118
37 46
821 822
949 952
482 496
431 434
40 44
964 970
63 82
645 665
585 596
921 933
510 527
959 962
320 324
743 757
563 564
928 937
873 876
111 119
918 942
306 310
617 620
1 7
526 529
717 741
619 634
150 158
921 928
567 570
334 335
348 378
716 718
473 487
249 252
355 368
924 938
605 610
860 867
724 747
707 728
655 674
427 434
59 81
79 86
78 84
847 852
917 933
566 571
468 486
122 125
847 851
238 239
616 631
764 786
882 888
903 906
475 496
592 597
425 431
674 677
284 288
199 200
507 508
65 81
520 524
373 381
188 194
422 435
559 563
388 400
35 37
282 287
773 793
471 495
559 564
922 937
387 404
179 180
215 220
1 5
947 948
730 742
421 427
71 83
244 253
65 74
588 608
517 525
705 740
187 190
711 712
171 172
267 272
460 462
638 664
673 678
741 747
60 83
241 251
630 635
640 686
810 832
433 435
768 783
734 755
226 229
917 927
2 9
469 494
1 8
572 594
61 87
56 68
149 153
459 461
34 41
280 281
523 528
117 119
591 600
388 392
873 877
919 940
786 808
568 570
317 318
649 687
968 978
43 47
325 326
90 92
782 804
573 574
283 285
52 54
577 610
712 718
846 856
811 823
52 65
473 493
615 636
267 269
96 106
422 437
14 23
737 755
727 734
80 92
646 676
584 610
847 853
743 756
706 740
426 434
307 319
750 751
562 564
848 853
258 259
896 899
299 304
339 341
650 660
425 435
460 464
643 689
921 940
32 42
578 583
469 504
474 480
112 115
590 597
973 977
639 677
589 608
260 263
678 685
322 326
192 193
957 961
579 583
403 407
339 344
519 531
921 941
385 400
277 280
989 991
185 194
714 739
576 589
929 935
655 687
512 529
52 83
320 326
664 697
592 604
712 753
914 939
267 270
814 815
221 224
643 669
442 450
178 179
652 667
920 925
660 668
150 174
392 404
82 87
902 903
642 671
638 661
657 694
195 204
969 972
763 798
535 539
415 416
528 533
63 93
469 496
429 436
432 439
445 450
57 77
54 65
55 81
99 100
14 22
151 153
578 601
404 408
924 928
665 684
821 833
68 84
601 607
389 410
441 449
613 634
560 561
198 201
105 107
112 116
596 600
853 857
838 850
234 236
660 690
195 205
693 695
776 799
98 101
951 954
273 279
615 616
724 731
336 344
904 912
730 756
39 44
842 850
586 588
583 601
709 714
257 260
425 437
175 177
56 65
419 432
101 105
838 851
974 975
180 183
63 78
729 748
199 204
672 683
150 162
87 89
765 794
763 804
715 744
528 529
664 677
726 727
615 629
383 401
994 999
947 949
477 494
478 494
984 988
50 85
534 541
625 633
516 530
679 688
185 186
585 607
431 438
822 826
629 632
148 159
862 864
39 46
282 291
359 371
473 492
130 131
810 813
841 854
573 585
384 386
386 404
823 830
730 752
265 279
539 546
540 541
468 478
283 289
443 450
650 657
902 905
471 478
827 833
432 434
617 634
579 606
716 751
519 524
665 690
716 745
725 726
652 653
915 918
487 492
436 437
758 759
246 249
873 874
778 806
923 933
706 713
670 685
312 318
241 242
539 545
625 630
109 116
309 313
979 980
424 426
247 249
602 606
542 544
859 860
456 457
639 691
33 42
576 611
710 714
779 799
718 730
445 447
752 753
50 71
516 525
4 12
507 509
810 827
441 447
50 70
575 605
95 106
208 217
472 497
830 833
15 22
409 412
645 648
560 568
663 673
716 730
612 613
338 343
710 723
499 501
119 121
95 108
915 925
706 708
905 909
313 316
584 587
640 682
706 718
515 520
721 746
627 632
321 323
197 199
809 823
424 430
23 24
421 437
580 600
581 587
759 761
646 663
99 101
554 556
886 890
946 954
901 912
673 676
579 589
569 571
642 694
2 6
770 787
864 868
914 935
281 296
935 942
148 169
101 102
433 438
101 108
14 15
737 756
574 608
666 677
613 622
642 677
714 724
71 92
933 935
330 331
739 740
383 388
744 745
430 435
191 192
979 988
577 606
647 666
651 670
663 664
865 866
668 670
100 105
709 756
711 749
775 802
748 755
944 949
723 733
481 494
820 821
705 709
444 451
575 582
683 689
849 857
917 943
54 86
916 931
709 754
72 89
805 807
446 448
960 962
980 988
975 986
483 494
644 684
916 938
728 755
481 493
26 29
843 845
486 489
822 823
883 884
966 976
820 827
249 251
953 956
913 925
944 952
684 687
441 451
984 992
749 751
307 309
969 977
649 683
104 107
15 20
900 908
822 829
16 17
62 94
813 831
716 747
706 715
716 740
809 814
95 104
786 803
914 941
469 489
97 102
659 670
920 926
572 591
424 434
60 76
18 24
685 696
431 440
475 478
90 94
957 960
425 427
477 490
68 81
799 806
841 850
669 672
284 294
613 630
186 192
818 833
891 892
713 752
105 108
142 144
512 528
578 593
772 798
340 343
561 562
929 931
419 423
593 607
475 489
156 157
986 991
773 775
396 402
572 574
966 975
573 597
950 953
749 750
733 742
823 835
77 91
459 465
736 743
658 692
35 49
770 788
913 939
921 923
866 867
535 545
95 107
548 551
128 132
921 922
906 912
161 167
414 416
65 67
228 231
775 785
449 450
74 84
288 296
424 432
959 960
579 580
9 11
513 518
4 11
261 263
572 578
667 669
639 687
917 926
727 735
819 833
687 691
480 482
587 602
813 815
423 439
677 682
725 731
709 748
667 679
444 447
341 342
415 417
237 238
50 59
768 789
247 254
707 713
531 533
769 795
175 176
738 746
79 80
721 726
236 237
725 734
613 623
728 749
650 651
902 910
36 46
660 694
777 793
538 543
88 91
3 7
710 735
625 636
924 931
714 742
477 492
914 929
723 747
926 937
56 74
536 537
208 220
85 93
687 690
1 6
845 855
651 692
9 10
588 601
425 430
461 462
148 158
559 562
432 438
551 552
307 312
99 106
77 93
699 704
711 742
349 356
726 742
62 91
67 74
574 593
307 316
35 40
809 829
742 753
652 691
767 775
871 873
809 836
815 820
156 169
867 869
125 127
916 925
419 440
653 678
365 376
382 398
904 906
926 942
915 941
368 379
542 543
300 302
917 924
816 822
929 930
536 544
938 943
470 479
15 18
572 589
179 181
433 436
488 490
550 551
633 636
308 316
57 62
336 339
331 332
678 681
238 243
459 460
712 751
848 851
62 79
386 403
443 448
512 521
499 500
707 747
70 83
665 693
966 971
920 936
121 124
487 490
932 933
336 352
722 727
40 47
723 756
686 696
745 755
614 629
467 477
671 687
638 663
112 121
579 599
638 654
781 800
652 686
465 466
644 697
588 594
575 585
656 666
655 661
805 806
714 752
543 545
773 790
422 439
364 375
744 748
478 485
725 737
54 62
642 678
290 296
839 840
186 187
657 696
129 134
383 394
576 600
337 343
356 366
97 99
691 692
390 411
144 147
628 630
614 616
423 431
424 440
718 738
657 688
229 233
875 877
851 852
815 822
920 940
639 666
649 689
620 632
582 585
50 90
195 203
422 429
53 77
92 93
400 405
6 10
246 247
125 126
56 75
712 748
769 806
566 570
199 202
643 678
589 598
717 742
195 196
51 79
577 599
701 704
885 896
310 317
901 906
109 118
784 797
371 380
249 254
591 609
709 723
480 490
365 374
283 295
109 119
629 635
526 528
351 366
713 729
73 74
931 943
21 23
376 380
870 872
230 231
579 582
59 82
77 81
191 194
338 342
650 679
201 202
51 69
851 856
619 631
786 792
288 291
478 481
840 856
901 902
468 471
300 304
345 406
965 975
420 422
618 621
624 635
228 229
973 975
262 263
839 852
939 943
4 5
799 803
204 205
614 624
884 898
768 775
549 550
268 272
382 395
122 126
29 30
65 69
648 654
673 683
73 83
576 608
534 535
513 528
707 750
472 481
153 159
301 304
584 605
320 328
581 596
222 224
758 760
863 869
586 604
965 978
726 757
299 303
356 377
589 607
838 840
348 358
100 107
420 437
443 449
731 734
137 138
459 466
122 124
812 818
963 974
303 304
566 567
33 48
487 493
666 693
823 831
534 547
309 319
716 744
736 746
723 724
352 356
190 194
567 568
567 571
453 457
705 706
59 60
261 262
36 38
683 693
651 665
904 911
719 738
649 657
15 23
534 538
519 528
156 167
615 620
488 493
479 486
654 683
257 259
634 635
709 737
208 214
57 84
187 194
676 694
227 229
936 940
817 824
336 337
871 877
227 231
672 678
242 243
538 542
396 410
579 602
853 860
576 577
72 85
476 485
238 241
926 941
677 688
920 938
964 978
112 113
523 530
409 416
719 751
650 662
286 295
718 735
684 689
717 727
257 262
199 201
370 375
101 107
762 768
644 671
849 852
813 833
739 757
372 375
404 410
50 67
745 748
206 210
963 975
444 448
136 138
647 689
109 112
994 997
560 564
668 696
829 831
286 298
86 91
548 552
913 942
717 747
781 787
616 625
409 411
206 212
661 671
580 588
908 912
813 820
706 748
101 104
864 869
731 752
572 587
448 449
5 7
476 481
813 825
864 866
235 236
882 896
677 689
493 496
228 232
384 402
446 450
666 678
384 406
769 790
715 755
582 596
286 293
574 582
101 103
709 733
721 757
900 906
613 620
534 537
581 591
394 406
649 664
724 751
677 684
164 165
640 643
56 91
8 12
995 1000
708 742
656 658
660 667
97 100
979 986
42 48
649 686
414 418
60 64
286 294
656 669
676 690
766 803
431 437
424 436
837 847
535 547
352 364
916 932
109 113
979 984
918 940
746 757
198 210
340 341
703 741
819 831
346 368
738 755
688 694
210 212
884 892
582 592
435 439
934 941
422 427
185 187
196 205
59 62
467 479
944 945
314 326
402 410
740 742
914 944
661 669
484 485
900 902
166 167
186 193
64 89
887 889
80 90
230 232
638 692
447 449
476 484
527 531
65 89
509 530
382 412
656 661
738 754
702 704
110 117
929 937
614 617
645 689
208 216
44 45
923 929
428 436
38 43
98 102
2 5
984 985
433 437
724 732
400 403
234 240
111 118
969 975
35 38
141 145
916 942
364 381
82 93
659 695
813 818
584 593
273 280
329 331
840 853
837 857
839 853
189 192
663 680
662 668
944 953
528 531
698 704
867 879
590 610
820 823
128 131
812 821
75 94
342 343
842 851
862 863
276 279
302 304
917 940
914 922
173 174
489 497
903 905
535 546
370 372
262 264
383 393
679 687
655 657
742 756
621 626
2 12
171 174
422 434
514 519
78 90
703 704
909 911
522 528
54 79
251 252
963 968
726 734
55 65
387 411
763 767
16 18
837 851
963 976
917 930
423 438
556 557
400 409
442 446
189 190
681 693
719 753
574 596
863 867
645 659
226 228
37 47
915 928
569 570
128 133
972 975
51 62
303 305
658 674
345 364
723 751
266 271
681 690
657 683
385 399
685 693
982 991
207 210
665 696
674 681
51 88
900 909
614 631
171 173
863 866
482 493
729 739
585 594
53 82
214 219
585 598
127 132
60 94
919 920
820 834
981 986
339 340
423 427
110 111
686 695
386 394
920 921
226 227
606 610
674 692
275 278
974 976
476 482
582 597
207 220
672 685
236 240
158 160
314 317
914 924
650 683
668 690
302 305
310 315
106 107
207 213
786 790
426 427
560 562
645 654
637 677
824 831
441 446
649 658
4 9
765 796
583 608
726 740
586 589
123 124
995 996
97 107
889 899
686 687
729 747
196 203
913 941
666 669
769 792
2 7
694 696
699 701
715 730
917 936
684 696
645 684
667 668
970 971
914 928
431 436
581 590
40 42
510 526
664 666
651 667
773 795
919 942
173 176
707 756
720 752
720 755
637 660
513 525
872 877
384 411
713 715
428 433
579 608
390 394
199 205
71 75
711 747
6 11
675 677
637 665
945 955
124 126
159 162
893 899
810 822
488 491
915 927
5 6
197 198
192 205
34 45
37 39
768 779
461 466
708 750
816 832
758 761
601 605
767 773
195 200
851 857
52 93
714 727
707 745
132 134
848 854
917 920
614 626
548 549
483 487
712 737
669 694
101 106
932 937
981 992
105 106
458 463
156 164
386 402
993 995
444 450
9 12
573 589
188 189
754 757
889 897
700 701
821 832
222 225
922 928
971 977
394 411
467 471
681 689
665 666
668 672
38 49
723 752
574 584
729 756
260 261
584 591
921 935
677 685
493 495
652 669
665 692
572 579
423 432
900 901
388 393
714 743
639 672
545 546
325 327
810 833
596 597
745 756
548 553
59 89
616 629
14 20
642 644
979 987
614 619
885 890
365 379
925 926
468 484
70 74
86 90
771 802
647 659
967 977
323 326
579 595
201 203
638 648
659 681
207 215
831 832
221 223
70 87
417 418
810 821
572 595
822 835
396 398
35 41
737 741
481 490
148 149
822 832
967 976
580 582
838 844
921 942
597 601
640 677
426 428
52 55
414 415
793 799
151 170
663 665
44 46
234 241
542 554
237 241
659 675
709 732
651 680
762 774
648 660
113 114
859 861
998 999
355 379
678 691
621 634
211 212
19 23
641 669
827 829
652 681
390 392
259 261
84 87
653 659
258 264
83 93
809 818
699 700
816 835
17 20
648 659
812 817
573 575
933 940
52 81
577 603
613 628
351 367
648 692
645 673
363 364
480 483
736 741
17 24
468 490
247 255
131 133
72 80
678 693
558 565
186 190
584 609
913 920
638 651
630 631
365 371
964 969
69 86
16 23
668 669
291 296
338 339
640 642
52 68
306 313
799 807
653 656
922 931
347 358
815 821
340 344
98 103
577 586
133 135
245 246
63 89
259 264
273 276
709 752
723 742
814 831
51 90
593 606
462 464
700 704
816 834
933 942
628 635
145 161
44 48
572 605
578 604
720 740
921 924
36 47
816 821
671 680
258 260
501 504
874 881
196 199
882 897
472 489
53 58
192 194
182 183
858 861
654 678
339 343
552 553
769 780
842 845
711 725
864 867
728 744
551 554
590 600
102 105
100 102
733 754
871 874
588 607
245 249
459 463
352 366
663 685
646 655
82 84
809 833
431 432
725 741
57 59
886 887
336 343
934 939
239 242
969 976
234 238
178 181
707 729
902 909
935 938
430 432
767 782
351 375
777 806
948 950
460 463
520 522
146 147
664 667
612 618
815 827
625 627
585 602
61 67
506 507
936 942
419 422
614 622
914 940
383 412
809 817
77 83
576 578
138 139
796 805
717 756
312 319
448 451
470 494
549 552
37 48
993 998
302 303
719 740
983 992
185 190
388 408
723 745
424 429
810 834
647 677
884 897
549 554
215 216
26 27
50 72
679 681
523 531
103 108
32 48
62 68
132 133
4 10
735 756
654 663
707 731
103 104
40 45
699 702
645 677
643 675
924 935
293 297
622 631
906 909
130 132
646 662
425 428
176 177
6 12
689 697
142 146
385 386
308 317
136 139
637 645
265 270
198 205
39 43
720 754
455 456
698 699
352 359
7 11
321 327
360 374
199 203
424 427
244 258
570 571
971 972
843 855
894 895
583 591
585 587
885 889
843 846
927 928
60 68
469 497
656 680
275 276
512 520
38 47
929 942
586 591
202 203
118 121
148 154
845 854
416 418
354 355
474 481
734 756
674 682
644 660
579 597
647 675
291 297
654 671
843 844
538 540
925 930
206 209
47 49
159 168
223 224
714 734
95 97
689 695
862 868
524 527
874 879
823 828
845 850
717 755
189 194
887 892
94 97
839 842
71 91
432 433
477 481
802 807
17 23
715 727
741 744
526 532
489 490
920 922
594 604
535 538
730 751
906 908
359 362
641 678
20 21
579 604
18 25
637 644
964 973
680 693
876 898
444 446
572 599
840 850
346 363
710 721
115 119
612 634
478 484
597 603
385 404
395 408
710 724
312 316
511 527
158 165
568 569
924 934
64 68
281 300
490 493
67 69
510 516
603 608
667 682
6 7
306 314
323 325
53 81
421 439
946 952
453 456
436 438
645 663
740 752
711 727
920 935
258 263
714 740
809 813
196 198
416 417
841 851
638 688
769 799
656 677
149 168
945 954
653 696
322 324
339 342
891 897
552 554
394 409
326 327
774 777
347 378
731 754
590 606
744 747
865 869
321 324
708 724
813 821
510 512
900 910
299 305
785 804
474 484
52 64
708 749
996 1000
216 220
647 669
469 471
813 822
705 727
418 436
98 108
39 40
336 342
930 932
503 507
136 137
383 406
671 678
323 324
951 956
837 840
459 464
643 687
573 595
933 934
858 859
622 623
679 693
710 713
708 739
606 607
518 523
680 689
724 736
719 741
395 407
734 742
901 905
75 89
51 78
18 23
480 484
733 748
603 609
355 357
184 186
784 804
679 684
651 673
821 840
725 733
707 710
209 220
109 117
202 204
574 611
578 606
426 433
612 623
15 24
475 491
666 691
735 747
845 856
949 956
394 408
717 722
907 909
875 876
617 633
541 545
718 728
458 460
26 28
400 408
883 886
850 852
929 939
136 140
424 428
914 937
10 11
576 596
637 659
716 733
540 544
360 363
887 896
14 21
221 222
642 662
919 925
422 426
389 400
996 997
916 943
612 627
72 76
64 69
637 646
713 746
814 819
935 941
830 836
922 934
730 741
824 828
614 633
925 928
711 728
810 815
599 634
981 989
813 816
665 670
244 251
57 94
589 602
71 93
63 87
386 405
719 754
720 737
627 629
759 760
301 315
29 31
597 608
840 855
425 444
616 618
483 491
662 690
986 994
623 632
99 103
54 71
823 829
441 448
55 94
513 533
69 84
812 835
801 805
128 134
45 46
198 199
60 86
501 502
686 697
837 845
970 975
902 907
292 298
492 493
572 581
39 41
349 378
944 946
52 84
637 685
98 99
207 217
938 940
652 674
141 142
650 680
188 192
53 68
485 498
301 302
926 932
811 824
816 819
88 93
723 740
28 30
226 230
511 517
534 544
431 439
479 495
300 303
720 757
52 88
229 232
338 341
429 430
442 447
815 828
628 634
267 268
189 191
57 64
114 117
432 436
728 739
860 861
235 238
664 680
736 740
961 962
419 433
116 121
187 191
58 68
675 682
638 674
988 989
161 170
234 235
915 930
148 157
84 88
649 680
915 919
769 776
728 735
652 682
95 103
390 399
396 401
601 611
746 753
576 599
489 494
839 856
516 521
522 532
993 1000
500 503
259 262
283 290
54 56
309 315
584 594
902 908
782 788
870 881
20 24
461 464
814 828
764 775
234 239
310 316
468 482
646 686
422 440
656 681
113 116
358 360
52 80
179 187
968 973
300 301
26 30
624 625
981 987
45 47
3 6
660 695
2 8
892 895
602 609
482 490
356 369
33 41
710 732
483 497
722 748
3 12
917 919
817 834
828 831
662 694
854 857
299 302
348 380
359 363
585 595
818 836
188 191
5 9
941 942
649 662
318 319
740 751
410 412
501 505
538 547
260 264
534 542
643 682
966 967
540 543
56 63
674 685
990 992
184 190
964 975
722 754
839 841
644 649
461 465
612 616
753 754
654 670
745 747
967 970
725 746
714 754
463 466
390 395
705 754
117 120
613 633
577 605
459 462
815 825
223 226
249 253
840 843
98 105
891 893
837 841
818 834
424 439
629 634
420 427
957 964
555 559
397 413
705 725
905 910
926 938
843 851
37 45
907 908
390 410
76 78
808 830
178 183
888 898
443 445
581 582
180 182
727 747
828 835
949 953
488 489
951 952
919 930
903 909
637 690
655 693
579 590
257 261
510 530
915 926
967 971
637 683
594 606
502 503
55 77
34 40
650 690
14 19
96 103
142 147
810 820
347 357
382 403
124 125
347 365
470 490
516 518
789 806
360 364
3 10
902 911
737 754
623 625
328 329
675 687
924 940
947 951
539 544
585 590
729 742
706 754
1 9
420 433
80 83
573 601
382 390
429 439
826 834
161 168
35 44
661 691
720 723
512 523
965 974
301 303
924 943
16 19
54 77
537 539
470 478
518 528
778 789
937 938
586 608
52 57
952 958
591 604
499 504
521 542
998 1000
393 398
406 411
39 48
274 275
454 457
579 588
742 752
780 787
584 598
179 182
594 598
851 855
616 626
427 436
832 835
617 630
707 746
430 437
141 144
111 121
148 170
650 671
260 262
714 745
281 287
660 666
15 16
613 631
391 410
338 340
839 854
656 685
223 225
722 756
735 740
931 932
221 225
591 597
652 683
536 538
580 584
525 533
593 609
360 376
152 154
470 495
538 544
393 396
731 750
640 655
901 903
476 489
708 733
351 353
184 192
390 402
580 607
486 491
573 593
366 377
58 67
423 426
615 633
718 729
838 848
21 24
337 339
621 628
650 675
39 47
36 37
927 941
612 615
888 899
742 743
314 318
641 676
573 598
321 326
725 729
579 611
383 396
968 970
109 111
117 121
935 940
972 976
654 681
385 405
28 29
193 194
69 74
527 530
579 585
234 237
410 411
447 451
129 132
151 163
995 997
997 1000
122 123
900 904
945 952
769 801
583 584
577 591
659 682
244 245
485 487
850 851
161 166
578 603
136 144
918 937
603 604
664 694
674 703
735 737
876 879
309 312
981 982
913 930
774 789
949 955
783 790
109 110
728 734
58 91
716 752
694 697
650 673
749 752
349 365
641 666
268 270
960 961
767 768
901 904
851 854
664 695
423 428
744 750
849 855
572 596
763 766
813 824
210 220
97 108
522 529
710 725
926 936
637 684
930 934
518 522
921 927
315 317
421 435
841 842
642 683
150 152
563 565
632 633
574 603
953 954
576 585
57 91
888 891
572 608
419 434
282 295
657 692
274 280
915 934
185 192
717 733
114 119
460 465
299 300
713 736
33 47
471 477
424 435
425 429
582 607
151 162
715 718
621 631
874 878
537 543
838 846
500 504
128 130
98 106
638 652
673 690
914 932
711 731
848 857
33 43
69 81
196 200
202 205
823 826
131 132
389 393
575 584
383 405
235 237
708 752
634 648
2 3
737 740
50 84
658 666
846 849
921 931
895 906
42 46
68 73
165 167
844 849
536 539
384 405
382 409
3 5
175 178
866 869
673 697
706 755
257 264
900 903
71 80
54 59
283 284
870 879
788 796
479 498
324 326
586 587
644 690
269 271
844 852
927 940
641 694
986 992
549 553
731 733
27 28
840 852
96 97
717 730
467 470
474 489
945 950
215 219
343 344
577 609
674 676
240 241
712 713
423 436
5 8
96 108
229 231
397 402
724 752
266 267
18 22
612 619
885 897
571 586
534 540
341 344
933 938
651 682
34 47
58 69
513 529
155 157
560 565
646 695
424 433
649 682
310 311
152 168
112 120
679 692
540 547
345 352
728 733
525 528
472 473
64 86
656 657
639 689
756 757
815 836
653 690
31 49
237 243
463 464
481 483
849 856
642 655
669 675
455 457
534 536
595 610
928 939
231 232
152 155
198 204
6 9
423 430
536 546
229 230
750 757
692 696
812 827
335 338
964 974
406 407
37 43
732 736
913 934
151 158
458 465
767 774
57 65
740 749
948 955
196 197
537 547
783 802
518 531
577 607
395 410
430 436
906 910
615 628
52 66
573 599
474 487
304 305
929 940
919 928
661 668
813 829
392 397
936 937
680 697
365 368
843 852
846 854
879 880
827 834
519 523
691 696
450 451
79 91
535 544
823 827
583 585
103 107
640 653
582 591
993 999
545 547
842 852
464 494
511 520
16 21
515 517
575 604
195 201
589 597
56 58
595 602
471 492
905 912
65 88
777 786
428 438
670 686
336 340
251 255
586 599
400 412
965 972
600 611
717 728
619 633
536 541
714 744
441 450
301 305
468 487
38 42
5 12
464 465
936 938
426 436
573 577
386 388
287 297
661 692
762 800
862 865
535 541
184 189
862 866
143 146
137 140
980 990
813 836
646 669
113 115
838 847
485 494
825 826
422 430
487 494
544 546
930 941
383 402
275 277
311 316
659 674
420 424
289 293
555 556
477 497
965 973
310 312
239 241
228 242
840 846
602 610
714 759
664 670
904 907
969 973
907 912
555 557
951 953
765 769
916 937
240 242
474 477
62 80
269 272
587 597
593 608
85 87
664 682
467 492
478 486
814 816
763 784
423 429
79 88
250 254
865 867
969 974
746 750
25 27
975 976
676 697
612 629
668 686
