100 259
78 81
54 68
51 57
51 54
66 73
84 89
33 74
46 77
1 2
98 100
21 27
3 8
38 69
79 82
2 13
49 67
34 55
39 72
81 88
17 23
71 75
20 27
52 70
39 77
84 88
44 47
20 21
19 28
40 56
8 10
1 12
66 72
44 71
38 61
43 74
46 50
2 9
1 5
80 89
34 35
73 74
56 69
30 43
45 77
19 20
49 68
35 50
14 24
40 61
91 93
48 62
14 23
16 27
6 10
22 26
40 50
15 18
23 28
22 27
36 74
5 10
18 27
6 9
90 92
18 25
45 73
32 65
82 92
4 8
82 83
48 50
23 27
82 88
17 21
54 74
56 60
75 77
3 4
37 76
38 68
35 36
50 73
92 97
43 53
30 31
26 27
32 77
41 70
1 18
16 28
28 31
17 28
55 76
47 65
36 45
16 22
80 88
21 22
49 77
46 66
57 70
57 64
68 70
84 87
64 72
37 57
3 7
72 75
94 97
52 68
9 12
17 19
3 9
39 68
57 58
69 75
64 65
49 76
51 70
1 13
33 76
16 23
14 20
83 88
10 13
22 28
42 58
60 62
39 74
33 64
57 77
32 50
21 24
5 13
3 5
17 27
58 60
2 4
15 20
59 67
32 74
14 26
18 21
34 50
35 43
22 25
49 56
59 71
32 43
55 70
63 64
16 26
49 63
29 30
19 27
18 22
43 75
32 36
21 23
43 54
81 82
65 75
50 57
21 26
79 88
81 87
35 48
38 50
35 46
73 75
54 82
19 26
42 73
16 21
20 24
56 74
2 6
60 75
80 85
94 95
33 43
61 77
14 27
37 41
16 25
48 69
57 62
9 10
14 25
60 63
17 18
80 81
17 25
78 80
78 86
17 24
86 87
86 88
14 21
15 26
44 51
62 73
78 79
41 48
6 11
33 42
1 4
54 58
35 61
14 15
40 63
98 99
14 17
18 26
38 60
38 55
24 28
62 70
49 62
4 10
14 28
8 12
84 85
38 66
6 7
29 31
33 54
46 75
15 17
95 97
60 72
35 62
90 93
95 96
47 75
37 77
50 67
41 53
79 87
58 76
35 70
1 11
15 24
99 100
36 62
15 22
78 89
15 28
14 16
18 24
94 96
19 22
4 7
97 98
5 11
21 25
59 66
19 25
63 71
