41 4757 190
1612 783
3145 3039
363 356
934 617
27 16
1654 963
335 294
927 358
517 227
1163 749
1083 1063
739 583
34 43
1239 275
499 504
213 93
816 80
1219 228
332 125
1133 48
13 4
1031 17
1474 223
1105 835
1128 528
844 337
206 92
847 391
1461 1393
2449 450
128 46
743 514
1849 1771
241 64
841 419
650 654
305 72
832 745
1889 1267
726 223
485 317
825 539
1571 73
1515 1179
532 229
546 206
593 143
480 82
1071 17
632 145
806 637
1055 276
713 561
816 169
1649 980
732 204
1226 202
199 42
135 53
1098 664
874 589
638 623
282 122
589 439
325 26
654 646
297 139
631 419
484 484
1487 192
905 154
1250 248
1508 1426
1997 894
1252 90
465 141
797 693
1505 1257
929 490
1061 1065
1503 133
682 554
632 606
1069 533
871 557
799 317
817 324
1516 1476
641 309
128 126
154 97
702 636
1006 528
156 148
699 671
2896 558
920 501
1743 101
1842 1019
252 216
780 404
1783 913
1772 1747
422 403
971 938
1824 1111
611 619
915 809
436 235
2 10
862 230
2032 1230
1379 55
482 132
615 345
825 660
604 376
756 225
1957 1923
470 416
951 814
997 750
1718 1729
621 519
1362 1017
1240 266
777 242
1026 332
352 184
824 756
1906 825
1729 1688
298 56
523 234
768 71
1653 1127
1615 223
198 61
4720 3724
37 8
1472 977
727 89
536 195
2022 719
1703 800
1821 549
770 666
90 28
373 234
567 246
759 266
2045 1134
797 644
589 153
1069 581
1334 48
1642 1200
669 90
43 53
1882 347
1719 662
1156 513
1497 1159
1800 56
890 158
570 573
2015 1187
599 14
762 628
560 134
821 706
922 292
1987 1003
497 461
1351 82
939 175
1858 1683
1262 1082
253 154
445 52
375 75
925 556
206 14
647 101
2604 1250
1621 1160
552 251
69 8
914 678
1093 666
