49 4999 195
292 11
143 97
399 103
842 249
575 78
1032 497
660 93
1056 682
1991 463
348 90
1754 745
682 349
224 9
807 453
835 579
913 153
1359 1102
1085 481
2418 2111
2581 1632
1210 867
2321 204
600 47
526 451
207 212
135 121
923 63
2072 1590
991 769
1013 74
1607 97
937 168
1546 1544
909 532
1401 404
1948 1097
1650 76
1396 843
1880 140
134 3
1589 403
1214 1046
2135 1199
13 8
1455 1176
182 184
2026 985
508 468
210 213
2255 1888
2505 749
1838 697
508 196
148 105
1312 990
2377 1789
1310 1010
1725 1467
861 575
1607 385
806 117
11 20
900 677
1340 703
2319 1792
158 69
271 21
4366 2077
633 365
941 629
1311 937
1046 681
749 212
848 250
104 111
785 197
598 269
1041 482
610 561
1965 779
1013 242
672 273
2392 2225
922 306
771 302
1468 840
956 413
892 844
912 911
734 21
2104 275
2161 1063
2402 554
1800 635
424 176
373 151
1720 1484
1689 103
1590 1197
1962 74
276 282
704 146
1632 299
425 356
1568 788
2107 1552
406 380
918 867
2284 1156
2715 985
1486 873
1324 736
512 165
693 45
984 559
585 29
3480 3149
603 140
331 132
20 2
2349 2308
824 720
939 448
780 358
87 39
653 299
2835 1960
422 334
1089 163
1177 649
470 242
1944 1011
1408 1209
182 109
2124 1492
763 17
1930 1134
616 611
2045 1410
709 404
1210 816
419 370
1019 1026
878 589
964 114
1610 810
528 25
1266 716
717 249
1384 212
303 112
1274 502
55 19
1423 21
735 536
816 568
1503 854
522 227
1317 310
651 82
2389 36
642 395
322 198
711 396
1500 520
1422 330
1044 995
4206 2523
793 311
167 89
1269 1169
1026 999
435 246
2102 517
1370 739
599 294
716 250
775 563
1539 1171
636 149
1376 1202
967 362
1252 1234
768 291
652 125
1651 243
638 117
1090 201
968 113
248 37
945 660
138 95
983 744
802 231
1883 1857
