50 5000 200
325 26
928 664
1351 855
2372 1283
24 32
3587 258
1114 977
299 306
1526 466
1483 1330
307 229
1684 784
513 90
849 34
1793 1391
1492 615
353 225
2120 531
609 560
770 375
99 13
964 812
438 196
595 313
744 305
250 194
1430 1210
1411 1317
570 132
779 423
626 143
967 753
802 679
327 95
657 473
842 578
1885 1433
423 219
995 584
536 290
1161 902
868 392
1355 133
371 5
1101 546
1090 900
215 13
2196 769
2032 2005
772 217
1233 1217
1590 91
663 377
1480 1295
34 7
1984 1901
1258 761
925 372
833 727
1543 1278
532 122
924 53
681 625
1320 98
4256 2398
744 169
605 17
486 185
1719 1418
1575 1350
615 197
787 300
734 302
534 471
2945 24
3515 3509
511 500
271 34
576 441
127 18
568 295
2024 90
1430 1376
521 412
457 168
1463 1375
862 329
100 43
2575 2499
999 495
1162 683
1541 261
737 594
561 201
885 837
791 536
1367 1265
1306 480
550 453
101 27
1359 918
1203 1195
917 844
433 137
1088 103
94 89
904 525
2325 1016
598 353
1079 453
1982 537
2057 249
547 456
414 234
1668 810
17 21
2498 136
758 710
59 49
1112 108
2265 1073
1623 82
869 268
4131 1417
3125 2798
1366 1049
509 269
1749 1062
1781 1070
1470 1439
806 337
630 564
1423 150
2141 1741
703 485
930 850
2011 110
1179 798
177 172
676 372
2407 2293
1215 447
702 420
504 505
1426 916
660 492
1817 654
593 313
152 82
632 389
1435 789
1241 1210
163 144
1377 922
1838 375
922 793
630 461
877 849
733 257
952 857
1213 726
642 393
813 326
72 53
1165 348
143 65
1544 935
1292 120
679 83
1485 188
2022 84
1755 994
1223 411
384 324
440 283
130 101
445 424
2000 1088
884 593
717 364
1562 220
192 10
1616 1336
971 265
659 646
912 216
1196 243
2892 2914
3346 1866
1654 1508
3886 3049
1114 16
1384 1236
847 634
1125 1105
1353 1122
291 109
700 316
2292 910
812 726
