500
509 4785 702
7485 8711 35
7592 1492 234
9044 1119 794
9969 5032 405
4355 8859 652
7582 4273 732
7450 7415 381
8570 3913 559
253 9668 750
9283 9036 251
3246 7409 791
5057 5092 765
4119 3566 79
6715 2843 258
1695 4966 870
215 9461 9
4029 4952 389
88 8914 48
7124 6360 546
5384 8906 245
4927 3493 125
4707 5145 30
759 8084 59
2152 7091 370
5652 6034 294
8472 5045 954
4501 908 965
4726 2455 192
9133 6554 614
9660 7563 229
3900 5874 542
5952 1277 173
4878 6841 327
1791 8293 56
6172 8283 343
5027 2438 599
172 7927 553
9725 8151 404
1793 9538 413
9862 1154 752
6571 1031 830
9432 5735 806
2826 3265 512
9969 8952 278
7411 9251 84
9030 7872 22
2494 3995 267
5830 1984 876
188 7446 246
5675 7033 679
6125 9060 957
865 6126 206
6703 6958 634
8080 2210 988
5318 7668 46
6532 7879 137
4110 8617 153
4294 3510 386
1645 7472 765
4051 4407 333
777 8719 53
3248 8493 730
3918 5609 186
1942 9991 284
3591 9279 238
6236 3652 596
2920 6635 367
7382 7848 373
6574 4767 343
5681 1595 311
8477 543 359
2850 9384 339
9955 7375 543
4617 5233 114
2744 5266 457
4763 7454 522
7043 2544 648
4638 6035 610
7410 5045 476
7689 5788 379
663 6484 122
6360 9 398
5201 3132 165
9668 4041 243
9072 406 454
6166 3225 60
4682 7056 162
9588 3076 516
2785 8859 34
9292 3478 62
3469 5153 320
5132 3758 379
9003 8528 127
8611 9617 69
7660 9421 59
8388 8239 534
3458 2039 731
4965 6653 107
7711 3388 165
4386 5476 305
9542 9802 40
7817 8869 620
4529 8199 257
6734 8151 436
7652 8457 59
3303 6458 525
3955 9856 573
179 5203 6
8121 8539 155
4584 9795 855
9728 9142 187
6151 6318 106
2434 4490 207
7278 9678 690
9470 2271 106
1874 3329 150
7621 3937 37
1271 6101 572
2554 7010 691
4445 3103 275
5166 4720 364
3969 9303 203
8533 6144 257
6206 5165 356
3777 4669 193
4295 6772 149
5692 564 226
6132 1676 127
3434 9853 382
9095 7928 568
5879 4932 309
527 9135 157
9879 2383 524
5152 348 456
1504 4786 39
5151 9356 355
6060 9682 14
8040 1288 398
6522 5998 376
1142 9763 460
7925 862 306
2436 4272 53
8290 7069 299
5515 8008 499
3577 4053 163
1580 7108 147
3740 8306 2
4304 7944 177
1248 8534 28
183 6134 14
3006 4494 199
4526 8553 297
5132 3504 249
4913 8583 56
7963 649 91
8047 9813 565
9886 643 178
4424 2030 231
3086 5921 294
8816 9067 89
5480 7310 155
8608 7727 185
4687 4745 43
2048 6143 345
3049 7871 37
1559 3586 85
9195 9632 109
179 5337 116
4003 1637 190
387 5701 188
8822 374 93
696 9062 544
1664 4544 13
1111 7154 20
8068 7628 460
6324 4862 13
6653 3231 25
2089 9162 69
7433 923 169
2021 8400 707
4084 7194 518
2330 9431 469
7142 4791 59
9225 8655 79
6765 187 58
4461 3988 663
7943 5314 445
9344 9844 357
2487 9126 83
6551 8875 125
3761 3546 241
4846 8730 50
1465 6766 197
7794 8540 74
5592 6367 92
3244 4090 107
7922 7692 119
8710 7321 220
248 8870 272
9551 2668 210
3080 2823 66
2942 2233 500
7412 8991 124
2263 6569 79
5893 816 317
7111 499 220
6909 1931 594
9468 2133 46
6821 443 72
1849 9268 84
361 7133 286
7706 6247 313
9461 9488 158
1181 7246 343
5403 5897 58
8776 6614 187
1085 7528 79
4817 579 266
8528 53 74
862 6802 47
9406 3867 94
4443 7784 148
7067 161 31
6099 399 218
3296 5276 81
2801 6137 54
7575 301 378
1088 4037 436
2758 2473 78
2453 6577 111
3524 2960 364
7720 3603 11
1884 9358 64
5533 2073 47
3837 3408 94
5636 3951 328
8867 1506 87
937 8120 236
7910 9501 40
9398 4229 37
4264 2685 198
5814 1104 26
8317 4206 239
474 7540 346
9831 9927 970
5879 3795 123
3565 5991 118
5858 6631 131
2200 4250 166
1980 5883 107
8806 6073 59
7876 7501 161
1928 3611 563
5555 2123 138
9521 4710 414
6051 4519 208
2326 3536 37
2776 5899 129
5910 9229 39
3356 3534 138
8215 3325 324
8364 4759 83
5157 1940 167
6702 5543 351
9305 6071 66
7654 9010 13
783 5623 108
2970 9778 302
6400 1106 74
1108 7816 64
9176 3555 155
7635 6924 22
6175 6591 397
5542 3725 92
9377 7492 175
2495 8241 146
5365 6333 139
1270 9586 89
2394 3269 327
5603 9702 33
8030 4203 68
2825 3863 284
2151 9526 11
1189 8702 222
2106 9370 97
8968 8852 47
6089 4162 144
4349 8385 109
5681 6916 49
2421 6894 130
3644 5482 244
9434 5488 15
3008 9151 229
6321 582 8
504 4568 175
561 9593 25
5133 7983 92
1820 4463 273
6592 669 4
5247 2223 105
7000 6285 99
7273 4045 236
5934 8855 69
9218 7624 147
7551 30 213
3966 1308 156
3702 2776 45
6052 3849 9
6128 8549 43
318 9262 115
8060 123 250
7587 1234 188
6765 991 7
32 9572 113
4304 5749 62
7406 8413 45
9689 3870 132
3250 4776 51
1708 6682 102
8574 4492 143
7802 6909 396
121 5035 8
9585 186 413
3446 4199 95
178 8496 164
9662 8864 107
4576 4968 91
1824 7026 48
7110 4894 95
5900 3344 202
7469 4448 104
5712 9180 39
8168 6693 141
5780 6788 139
9773 2925 30
7392 3379 164
4707 5818 197
433 9421 30
4834 1952 286
7745 3888 51
2445 6131 339
8546 3367 32
7604 6108 17
8746 3442 166
3888 4186 191
1263 4930 310
346 6005 45
3661 4446 13
1656 8775 170
7671 7338 33
9117 237 4
8674 213 56
402 5475 34
4848 5346 174
5706 6397 208
4435 6499 66
3208 4856 234
5993 31 153
7579 1825 412
2712 4268 62
9797 2061 301
7234 8077 119
8943 7299 142
6958 6648 131
404 4927 17
2404 9997 176
5458 8161 17
7713 3083 145
1308 7016 14
7473 184 59
7057 4993 238
149 5799 102
4378 818 94
549 5923 85
7087 9134 220
5438 5970 96
2418 3112 1
9637 7314 116
3549 6147 180
5213 8475 271
979 6692 155
5447 4558 125
5448 6230 75
2581 3695 145
8289 3874 7
7819 1270 94
3133 2118 58
6419 3178 142
8598 3585 22
8760 4780 6
5903 2996 121
1884 6295 148
6960 4953 64
3094 3030 65
8047 1921 39
8675 9270 313
202 6671 169
5975 5638 429
4041 7873 31
8615 3803 22
6973 5402 25
7349 9268 56
8197 1957 75
4119 7789 10
5130 760 4
9686 5659 18
6421 4432 174
4218 3971 130
4073 9108 93
881 4730 23
1564 8675 87
5498 1400 50
5261 6746 211
605 8658 129
7614 3455 89
5814 9812 174
5497 3525 100
4185 938 41
4408 6996 6
5456 153 83
6296 8215 20
3147 1917 111
7080 5238 56
6657 8688 144
7327 4680 11
5669 9529 3
148 7368 1
7520 5672 148
6118 3374 68
1960 6754 147
8838 7789 178
9981 5451 274
2194 2904 141
9857 6636 674
3370 7335 60
9742 5227 194
6701 5255 198
8977 9686 94
4785 8001 197
1261 5875 34
547 6173 58
491 6660 326
8795 9816 136
5717 4560 213
6625 738 15
7166 5596 84
9329 8697 54
8257 8514 18
7415 4781 149
181 4919 129
9166 8913 119
5292 4411 61
6421 1837 81
5053 8816 108
3247 2776 182
1981 3090 12
1451 8859 120
8797 6156 276
9180 4480 64
176 7733 178
668 6369 80
8993 9911 298
3547 1555 1
601 5728 51
6385 3392 171
1094 8597 10
9945 9459 46
6883 8964 74
1261 9025 256
4097 8981 10
10001 3882 634
1767 6820 3
5245 8844 52
7273 4337 56
8906 4857 137
9760 9339 129
4787 5325 15
9039 9083 11
6158 3747 47
4027 6578 25
7903 7453 47
7890 5327 31
8011 8725 5
9286 9537 7
2836 2218 25
5686 6592 16
4929 8728 69
6264 6330 38
4193 1116 219
2446 2732 146
4021 5347 173
40 8167 57
7866 139 20
7904 8158 54
6314 4270 4
108 6714 46
1095 9828 29
3901 6786 268
9171 9406 83
