800
9532 2939 32
4115 9108 11
3162 7344 6
8251 5933 31
9532 2269 62
8904 7601 46
5014 2106 7
3854 3883 45
6353 6186 23
2727 8181 66
6782 8131 86
8819 60 54
6880 9641 57
2874 4185 18
8407 6496 10
7543 801 13
8849 1045 48
3546 1723 19
4073 9474 11
9784 9868 5
4946 3883 2
1967 3745 22
4290 4156 89
2168 9876 75
7209 4798 22
1561 3799 71
6927 6537 91
7460 9352 1
6656 5500 82
8529 5094 88
7729 6419 40
1079 4102 9
7364 1771 23
4842 3789 17
3346 4804 62
2899 4820 30
9449 5081 66
3876 8037 79
4817 3839 25
8779 7406 43
4949 2168 27
6590 895 89
3766 3464 46
3331 7771 9
4254 7753 58
1806 4898 37
7073 1579 67
6682 245 94
1387 5985 50
4753 6600 69
9521 4014 84
3872 3354 19
9494 4806 28
8667 4204 70
5774 1719 94
4797 8609 45
7458 2106 19
4388 4983 95
5292 3583 76
9156 1969 44
9224 3291 69
5132 7513 88
2961 6826 27
6412 8265 16
5562 7543 19
792 6744 84
2560 6009 10
6502 9263 74
9190 9596 50
4385 4331 6
4564 4521 1
8882 8464 27
7854 9313 71
1824 6043 79
6105 6784 99
3951 5206 94
4172 3279 85
9170 8169 76
6455 4920 25
735 4769 59
8132 1359 70
1072 8543 7
6563 7751 61
7711 2756 16
3930 9410 22
311 4954 72
1426 4345 72
7710 1978 44
8237 9924 33
740 8661 53
4689 3891 56
3537 2967 13
9417 9426 71
3114 7190 63
3483 2573 83
8998 3999 79
4734 1797 4
879 8927 58
8762 8176 19
3075 9155 97
7702 9006 88
7742 3029 51
5963 2468 30
2163 4224 19
7022 258 55
6078 8879 79
4367 9565 14
2891 8255 16
2280 4046 43
6075 7369 78
4006 9188 8
9988 8130 57
9637 8250 96
8518 7837 17
942 8750 48
9610 8652 68
3878 1125 65
3918 4460 87
6710 3715 76
4722 7901 78
6827 9876 7
8430 6450 79
2368 4293 65
5579 6190 71
6131 6345 85
323 8920 92
1476 4847 71
9489 9575 42
7646 1817 6
7868 7730 10
2169 6123 95
3894 3996 45
8951 2983 47
9014 7099 73
608 7498 28
5292 4019 45
6562 7025 3
4167 2626 24
4680 7048 8
4102 9319 43
5187 5399 72
3934 7121 5
4167 5771 84
5586 4502 82
353 4754 23
5532 4854 41
318 6135 73
8272 5875 23
9985 5329 81
4085 8661 34
8065 1945 43
6057 7692 1
6924 9146 31
392 6582 60
3540 3726 74
6376 3068 70
4242 9072 66
5687 3183 23
2516 8378 76
2184 8588 43
7806 8991 97
7633 1943 38
6833 7415 66
8940 143 80
2888 2661 52
1098 7566 74
2892 7862 20
9301 5927 51
9650 2118 70
2648 4525 56
5475 5774 35
2950 8973 66
6349 7505 40
9802 8363 25
3812 8554 57
3938 7408 23
4457 7455 15
7915 9661 54
8208 5718 5
4898 6310 52
8685 3437 81
8857 8225 34
7278 925 26
9980 7207 27
629 6273 100
8058 9654 38
5633 6496 32
8574 494 7
1584 8543 49
4496 2814 68
166 9030 99
3172 7647 68
8973 9595 23
2829 4302 25
5732 3416 92
2625 8400 24
289 9815 40
5797 7491 22
1873 5115 79
2880 4234 40
7498 33 100
670 6960 83
5533 8785 37
3744 1551 44
350 9348 16
7371 3349 78
6615 8982 38
6098 1103 28
852 9856 21
3635 9087 1
9688 5496 19
9930 9990 95
7596 2894 32
8894 3470 51
1346 7429 50
6786 879 28
2541 4187 37
40 6241 77
7835 8736 49
1514 9089 41
8303 7018 87
7362 6464 3
2498 2953 34
8059 7803 48
7310 5470 100
4615 4167 74
7764 7808 98
2469 3589 75
3068 4856 78
8845 4333 28
5841 6993 65
5213 2352 31
7513 6310 66
6966 184 52
5784 8284 16
3434 2926 77
1341 9048 3
4852 440 82
9151 3492 24
3100 3123 82
5379 1188 84
4719 6870 39
7981 7597 8
903 6382 30
6234 1629 14
249 9408 84
1701 5111 72
9932 4167 58
2825 4235 8
3242 2451 36
7568 1831 78
4434 2074 86
5743 3924 87
1456 8047 71
3844 9691 14
7653 5710 83
4524 6808 22
8394 325 6
4144 4207 40
2002 5747 42
8513 8977 22
5325 9159 46
6072 9485 78
909 7360 19
3156 9949 75
2131 5781 91
8629 9011 99
3518 5228 10
4733 8266 22
6878 5200 17
1133 8366 67
7759 2169 37
8288 5977 50
2947 3866 84
3955 9216 37
7559 1424 77
7636 9042 3
2126 6555 60
3163 9334 24
1149 6074 1
4584 7954 8
4190 9752 46
4556 5700 39
4253 6582 4
5577 2980 93
6082 3513 90
4554 3293 98
8434 4732 72
9268 6450 79
6591 2557 91
4422 3701 93
2735 5472 88
8708 2743 45
6340 2205 63
6636 4163 30
9397 1703 96
1550 5048 90
1310 4905 22
3625 5187 19
7734 9368 94
9433 6115 76
3918 1444 56
5808 6564 54
5999 4231 17
8193 8829 37
4846 7282 20
8740 1204 19
5652 9899 85
6324 905 93
3583 6567 91
8429 7879 95
7317 9672 34
2371 3445 55
4467 2740 37
7445 4546 33
3934 7509 37
5609 738 76
6437 1794 40
1816 6456 75
1367 7780 76
7143 7370 86
8642 6933 50
3273 2077 24
3757 8645 27
8032 3520 76
7183 8059 52
8093 945 14
9297 9591 23
2637 4163 79
7253 8630 83
6596 3617 70
3866 7807 82
9780 9360 18
990 8224 78
9759 8584 18
7292 1857 83
9261 5002 71
4716 9767 72
5710 3631 5
5282 6598 14
8455 9051 70
3625 7312 44
3031 7683 66
5318 5350 71
1328 7551 65
8448 1956 70
2859 7984 88
2096 8148 67
1739 4755 72
9912 4720 8
4068 4575 3
7162 8439 92
6158 7516 78
1635 6504 45
5622 7219 67
4855 6518 42
3003 8056 98
3558 8430 59
9612 1617 60
6985 1709 87
2969 4380 53
9241 2527 22
6942 699 72
2234 5527 22
2076 6483 57
41 7483 94
9715 4203 75
179 9712 8
8829 1695 62
4950 538 43
2038 6913 67
8359 1036 90
9572 1826 79
8566 176 20
5875 2257 53
802 4689 17
6805 5900 19
4725 1239 41
9933 2961 24
1620 6563 61
4103 5256 6
8602 7479 1
3513 7543 82
782 5930 57
6577 587 71
2848 4043 34
7976 4635 85
77 6740 35
3398 3167 72
3356 4156 68
1519 6875 48
6632 9184 14
2450 5390 54
2660 2508 84
6468 5 62
9604 2296 26
2201 5347 14
6741 7553 60
6604 3455 65
7663 4815 46
8760 622 8
9318 396 57
1734 4548 39
7048 4348 91
3049 2995 80
6283 193 19
7122 5338 88
5407 8434 49
543 6967 25
9557 308 63
6873 3913 68
8047 2468 31
2941 7699 64
4902 4565 92
4795 4380 100
8965 1245 28
9538 3439 98
3438 9158 99
746 7736 45
725 9438 11
3404 8016 5
7784 5171 81
4236 1655 20
3736 4428 12
8583 4910 30
8486 6668 56
6030 6764 31
9357 2433 54
4933 2906 28
6441 1079 55
2815 5801 79
6318 3878 13
8172 1220 74
4088 8433 31
115 9031 22
129 7903 45
7523 9722 17
7460 8710 53
1897 6403 66
5833 5845 64
7109 1705 30
3469 4220 58
5933 6022 13
4872 8597 91
5230 9192 21
3734 6369 85
958 4841 70
6044 7585 47
1209 6648 39
5317 8762 76
2889 5418 29
3683 3614 93
7273 4808 69
5430 9250 26
5614 1641 5
2545 3266 38
3479 4439 87
3215 8147 93
7603 6155 66
7848 3553 39
7272 480 27
8350 7281 10
6498 8406 37
9299 3659 87
9264 3200 17
5386 4603 4
9827 464 89
7632 7085 20
8351 7541 55
5076 4843 94
4148 6296 9
5466 1057 68
1689 3663 8
7131 7190 36
8549 1587 72
9731 5998 29
7319 1421 27
5320 4709 37
908 4241 33
3212 9474 70
8702 7194 33
7420 2318 32
4127 6889 3
5125 2310 65
8253 5304 2
8544 684 5
3463 7580 22
6614 1756 18
7859 3704 75
1680 3684 48
8880 1196 41
15 5680 39
5246 9775 22
6347 9365 9
3551 3032 5
8755 6165 56
4020 2251 53
4415 7891 71
4067 4868 61
4990 3725 48
8111 3917 15
6011 3447 55
4574 9657 63
2822 2848 57
4567 991 59
7400 649 96
7777 1154 28
4359 3498 5
3286 9431 44
8743 2143 19
2384 5716 53
2828 7279 13
5146 5694 88
3902 2894 12
9181 5085 91
4028 3473 72
6435 8288 67
7721 9846 18
9598 9588 56
7424 6660 7
6167 1436 13
4095 6687 59
8803 7773 31
2755 6893 67
5098 3504 36
5242 2086 94
5294 8602 14
9664 613 17
1929 9822 74
9852 1942 62
7809 3527 23
5952 4055 52
6320 9755 93
7773 1065 66
6704 7688 41
5941 193 67
1842 5076 13
5241 8689 38
7226 3516 12
6307 5529 88
7490 3849 82
7645 6804 49
7807 8879 96
2052 4813 90
6139 9838 84
5773 8409 64
1190 3950 58
4523 1306 51
9773 1924 19
8340 9242 94
8130 7945 56
7277 1172 44
923 9124 5
2096 4521 62
4980 276 78
3555 5413 95
4340 3133 65
903 6929 10
5826 3441 52
5113 8073 1
3751 2395 26
7135 9046 82
5882 6899 18
5813 2674 54
8229 5599 14
6152 909 86
3480 6698 31
1127 5588 2
6158 5509 60
9827 4023 49
2122 5098 22
4092 4304 87
7765 2622 16
8943 4675 17
8109 9841 97
5520 2546 38
3206 3037 26
6906 1903 74
376 7577 79
8714 8466 20
6510 7211 13
7474 2906 43
3505 4817 56
5880 7065 82
2684 5151 71
3522 5569 91
8205 1317 3
9266 7042 83
9883 3416 77
3240 3937 95
5630 379 60
2447 5164 75
7381 2360 82
170 8551 8
5418 1608 54
5676 1635 77
2476 4528 61
8477 6221 19
2707 7447 25
4214 3488 10
3029 7307 90
6370 7020 39
6897 2255 35
457 9204 90
8439 573 79
5771 9351 28
7732 4304 63
4049 8208 65
6457 3496 46
2578 7931 1
2850 5005 47
1113 9104 31
8179 2515 23
978 6923 63
5657 9274 11
6451 6858 8
4600 9936 2
3157 3490 14
7263 9128 95
9684 2004 76
4732 4303 76
5538 7315 56
5680 5460 96
9052 8870 40
2678 5007 30
2757 7299 36
2428 4926 42
4553 7834 28
4901 1267 100
251 8411 39
9619 5728 37
1420 6574 82
5226 7271 55
3359 2028 81
2625 2626 58
9329 4854 65
2077 7006 11
6309 8553 31
7421 9756 36
5212 4914 53
7222 3844 94
8969 6564 50
7071 6703 58
9796 8921 93
3976 3868 19
8619 569 61
2283 3175 56
8140 6825 3
6290 9232 25
906 5601 33
3152 4103 5
7829 5733 88
5307 4 94
2740 4086 36
1676 9102 7
5046 1321 33
2675 8630 72
8647 352 81
8896 7158 16
9243 4419 47
3726 7823 100
8418 7040 35
7000 4733 75
8910 1675 79
8250 9710 27
8934 6115 59
7241 2509 18
3599 4653 8
5439 9550 93
3145 1939 14
3518 4349 25
7039 8482 26
718 4775 2
6119 317 40
9117 5536 98
6781 8391 7
5069 8495 53
42 9926 62
1593 9346 67
1349 4630 76
7677 5179 30
7476 9563 8
7206 3144 94
760 8934 15
3304 9653 33
9126 8377 34
8731 1270 11
5073 1590 17
1474 8833 29
4630 7122 42
4228 3763 30
9811 8436 41
4536 6084 27
8757 8326 45
7835 7680 3
8600 8584 26
6765 2718 74
4550 8832 81
9469 5172 86
2557 3554 22
8192 3811 18
9341 8582 91
4254 2059 52
3522 9979 46
8501 5817 77
1593 5239 16
8241 5717 1
5280 5916 80
2807 8581 75
2209 5177 96
3022 7150 34
6260 5720 70
1456 7246 38
1845 9937 92
9814 9331 20
3911 7577 76
9606 1738 56
879 7737 93
4554 7234 16
415 9807 41
1278 8433 27
6284 4466 69
2685 5854 55
630 7822 31
992 9921 91
3395 9381 97
6801 8051 60
2524 5989 19
8284 7657 54
9195 5700 65
1973 5492 59
967 7543 69
5941 2630 3
5665 8904 16
2622 6962 94
7705 2187 12
9724 6333 34
6288 3249 18
796 8439 28
2819 7092 64
2975 6372 79
5139 8394 81
3558 3588 71
4976 4868 48
2491 5858 68
9360 1143 96
767 4956 69
8000 9988 92
2239 8614 78
6477 3628 87
1874 9257 30
9973 1518 79
9114 2331 16
2262 7930 1
2691 9782 24
4981 5697 80
9506 9207 81
9339 1819 23
2791 8454 88
951 9456 95
4168 2779 34
900 9009 20
3460 4310 45
7715 8815 53
5367 9686 66
8947 6287 76
4561 1200 50
5957 9186 26
154 5866 91
9964 9896 25
8858 1874 33
8591 78 52
3109 3958 20
1892 4434 13
3563 2951 25
6158 3161 66
8463 9889 83
7352 3259 55
6786 7108 27
7317 6211 51
736 9489 5
4888 5425 90
3754 7062 17
6190 8457 64
119 8244 47
4651 2506 87
4284 6019 42
1749 6515 29
4637 5018 43
8874 9229 14
4377 9022 9
9600 1127 31
8717 1346 90
4805 9965 88
5873 2648 6
4955 1533 89
34 7006 49
9853 7775 71
8264 3790 94
9796 9799 28
