301
1 1 1
9055 8146 15
286 4152 5
8476 4115 25
2438 1579 12
3767 5461 27
1281 4024 12
8133 8782 25
9811 6661 19
117 6953 12
6625 4405 11
4685 5402 1
2493 9334 28
9491 4338 22
8057 2067 11
9036 4169 29
1296 3505 18
3673 5983 17
5984 1035 14
1654 6274 26
6378 5504 13
2014 1244 18
5035 3241 17
5104 7396 19
6227 2449 6
7525 7875 28
3127 6560 4
33 4414 10
9095 17 15
2216 9071 24
8150 5513 22
7430 4415 14
3435 7411 6
6970 1690 3
1300 4955 20
4964 31 30
8902 2355 24
6301 2237 15
1135 2075 9
216 208 5
4484 3913 8
3271 2167 16
7426 7000 12
8623 429 8
5324 5964 13
4900 9059 4
8841 7325 28
8934 1482 26
4799 9118 4
3384 5235 17
3552 6887 20
4006 827 19
3408 3921 1
3416 389 11
6809 4085 28
9740 5614 8
1051 3120 18
939 9768 30
4546 67 12
9972 1434 8
4235 5846 9
3634 4499 23
7092 2087 6
139 5847 15
4794 1483 26
8463 5594 7
2036 2356 13
7526 763 14
1673 6070 11
6568 8213 29
320 7692 19
901 2733 16
2339 9030 19
856 7749 30
4612 281 10
7366 5206 17
5388 3044 19
6562 4285 21
4028 4870 14
9221 1831 3
896 4882 24
120 6992 4
4267 2688 23
8664 4850 18
101 6 9
6644 5038 4
7217 7428 27
3134 7653 16
950 8748 25
1335 6557 4
9095 3587 27
9111 5554 12
1096 6893 16
5126 2246 6
1184 2483 22
7184 3856 26
4896 8461 22
9882 5162 10
2234 6260 25
6204 7260 19
5977 3510 6
3456 3263 1
6584 5192 8
9330 9688 28
1925 8773 15
9927 6269 27
7064 8606 3
9783 8573 3
2676 3937 8
5321 3408 23
6755 4725 29
9117 2688 21
9152 1386 17
4139 3589 29
8649 9749 20
5825 7574 29
3714 2199 27
6993 4599 4
7288 1494 27
7087 7625 18
9000 6248 12
4672 2842 2
1435 7884 18
1478 8895 9
6701 9176 29
8940 234 13
1846 5630 15
5442 1695 6
2837 4090 1
5392 9763 13
3195 9384 3
1351 7035 21
1104 770 13
8668 6325 14
4234 6707 8
9959 5970 22
851 213 7
5349 4362 20
5223 9145 18
5058 5934 28
1245 7317 5
4830 8881 22
6721 4723 25
3158 3090 28
8191 9529 4
3508 1427 13
8780 2193 2
6000 4793 26
5568 4253 16
2572 7539 19
4611 2320 24
8710 1206 28
7345 2850 14
4723 7290 5
7790 6535 9
1409 142 13
2138 4025 15
137 5448 27
7058 8267 4
7102 4183 12
6772 4426 24
6967 2827 4
7783 7258 14
3635 4161 18
406 9259 12
6718 5401 30
4143 2182 9
2557 8036 14
5789 736 25
9801 2721 13
1094 1880 18
2685 9254 25
9212 7171 10
1558 2222 29
190 512 27
1190 3634 9
5702 525 22
4109 966 9
8306 6957 18
12 8862 5
1046 5233 5
4300 1391 27
3340 3758 26
427 5637 8
7186 6095 28
3073 2627 6
5944 5929 22
3557 4541 28
2555 8083 8
6591 3935 29
1364 4948 18
9669 7698 18
3921 5840 20
4394 1847 14
424 8224 29
4034 9277 4
1297 5698 19
4933 7553 15
3745 9373 10
2203 3906 2
2475 8041 29
3772 6107 23
8245 9608 25
2470 7060 11
8757 2798 28
4784 4008 29
9986 5552 10
8369 6480 20
8435 5902 11
9637 6730 28
2434 3789 24
8996 8700 15
9595 9515 26
5910 2749 8
4189 7468 25
9975 9716 18
8790 3837 8
9118 5641 16
5247 5268 17
2885 3901 23
7163 3307 14
8986 805 5
5871 8039 10
5955 182 10
566 5013 28
5273 8377 2
7107 3437 20
3840 9582 25
5255 2121 23
3450 8907 24
7036 3847 21
9290 3162 21
5706 137 29
5567 3339 24
1803 7936 26
4534 4442 27
6122 8809 8
6600 3880 5
5495 1114 23
5170 5353 4
2203 7495 19
1597 7305 7
7935 5250 4
4400 9787 9
4723 6790 25
3948 7270 3
4437 2927 23
404 3810 9
1487 4242 19
67 7187 3
6609 6565 11
4668 6595 21
9237 6963 15
824 230 29
8246 7718 5
4090 1140 10
2051 8940 15
5018 8036 2
5383 6864 13
4656 8838 29
7820 5874 19
5223 4650 21
4576 8988 7
9525 6949 23
9341 5347 25
1302 7301 6
8461 5284 6
9308 3055 17
1613 5130 25
1911 543 3
2668 6283 7
7374 5538 3
1882 7458 25
9308 5342 18
3140 6714 29
7983 4168 22
4000 2061 15
7772 9673 23
7924 7423 5
74 9843 26
3666 5790 25
943 2177 9
2502 4648 16
4495 7555 8
6112 1632 29
8413 5446 25
2720 1976 10
7512 1638 18
2783 4928 30
6853 502 6
4366 5286 2
8400 7370 19
8593 9616 5
6015 9033 6
3485 5988 5
3926 7976 30
6303 2306 5
4903 4940 3
6474 2886 8
7538 1112 8
9598 6997 8
