100
1846 854 7
207 857 1
221 286 9
71 1886 7
1122 1494 4
1501 1807 10
1797 1090 10
1429 991 4
230 423 7
222 1814 1
349 602 8
725 595 8
867 607 10
600 809 8
300 1238 9
1019 163 10
1059 1262 7
580 358 7
594 1120 8
1277 948 6
726 216 1
1770 749 2
742 379 8
183 1150 3
765 799 2
646 547 5
652 897 10
872 1312 3
1467 1328 4
565 1410 9
582 58 10
623 1265 7
1084 259 1
1162 1994 7
515 60 2
599 940 6
342 1059 8
691 1746 8
1277 1363 2
1675 351 5
1731 1858 6
1868 408 9
697 1817 10
1434 1072 2
1376 1959 9
773 43 3
1142 58 5
381 509 4
304 247 2
1394 1382 1
1714 709 3
441 1288 6
911 1579 9
1354 1334 8
1448 1965 9
1809 1072 5
1458 206 9
1391 1432 9
804 1122 9
1209 1108 6
390 293 8
161 65 4
1773 600 6
1623 834 4
1309 595 6
911 284 1
1910 44 10
556 844 5
397 1367 10
1604 5 4
606 1050 3
902 1527 1
1108 544 5
1040 418 5
904 74 3
1467 1702 9
1949 1282 2
544 1416 3
1194 111 9
1214 545 3
147 1900 7
1785 1854 3
63 676 4
294 1135 7
1031 300 10
290 1460 7
650 670 4
1930 922 1
1927 1921 4
1203 191 4
1794 1690 6
200 1439 10
389 1289 3
867 1868 5
299 336 5
1803 558 8
1571 226 7
783 1894 10
1617 1090 10
854 1613 1
