60
186 61 32
168 172 19
61 10 30
33 136 25
159 82 19
5 22 21
3 180 4
141 127 10
54 50 43
88 184 40
94 98 43
125 28 22
11 96 15
152 46 18
167 16 1
188 201 50
69 166 6
20 191 40
32 66 11
171 136 24
172 103 26
99 22 24
166 193 11
174 23 34
141 78 5
137 166 10
22 163 25
80 195 4
112 70 18
63 142 14
9 57 18
77 163 5
41 98 34
198 176 16
8 121 18
7 164 11
146 68 2
63 171 3
30 100 10
48 33 4
37 31 4
131 190 28
56 38 4
115 146 20
138 118 7
35 81 11
115 3 11
56 163 6
175 10 10
138 61 7
128 175 7
157 134 9
152 170 10
34 119 1
65 157 7
52 10 3
83 148 15
133 15 2
49 168 6
148 63 3
