1000
6572 2616 9
5893 8397 69
2293 3149 74
7288 3459 32
2780 3667 87
3267 7479 8
6330 1092 88
3773 1830 69
9237 219 19
6323 2374 33
6235 9501 85
4790 3435 82
8910 4390 12
3412 2983 78
7042 7580 46
3263 9185 85
8096 7522 9
1861 5754 39
5357 1147 23
112 5565 80
3324 6457 37
6317 5095 26
4038 4136 32
3001 7516 56
8158 1054 63
7582 879 98
6522 1324 99
7244 6340 93
2353 8078 70
171 9217 4
8586 9074 82
7901 601 76
6995 6670 80
8620 2519 6
3781 2151 59
5875 384 34
312 9444 81
4304 2107 53
6840 2645 55
4102 7756 38
1881 9397 70
8083 1955 85
3919 5460 9
4235 5298 6
9625 648 11
4681 9669 6
979 7397 59
8321 6886 53
3136 9971 95
5933 2857 38
6985 1644 75
9940 661 85
9921 5304 70
4301 7416 77
8385 8744 93
4179 6350 69
9399 5561 74
727 5339 11
6147 7524 18
5711 5522 65
9559 6405 85
4193 9144 60
3028 1986 2
3854 7661 68
2032 7087 88
3773 1539 26
4532 9202 20
5905 9878 28
5536 2851 83
3873 7315 20
8059 2362 58
4068 9678 21
9322 733 29
9825 1386 45
7704 5451 20
490 5173 12
1042 7376 66
4162 3719 61
4981 3752 47
4142 7931 28
4891 8793 55
6141 5113 41
4268 6046 37
6800 884 16
3071 3917 98
7500 805 70
8162 8874 86
4149 10001 68
7915 8498 41
3593 6148 87
2077 5348 68
7860 316 100
1526 4413 6
5778 7154 46
8257 9201 76
3526 2941 9
9991 6195 90
2844 6405 20
2988 5833 79
5998 7089 97
3475 2696 21
5591 2142 13
560 7377 34
6750 3624 85
2554 8492 77
6472 287 75
508 9900 95
7561 307 77
6850 7733 77
6442 3495 90
7720 6692 49
3044 3592 11
1401 4216 53
1852 9639 25
169 5401 86
6159 3833 100
8424 5896 23
5477 1841 38
5767 675 68
8715 6559 65
1414 9342 22
8010 2331 40
4886 7912 80
7518 2522 42
5710 402 23
8266 8741 31
6156 2411 16
8195 7212 96
5761 6765 28
7020 2211 59
5 8011 30
5587 610 31
9058 6788 14
9045 3076 66
9279 7252 8
8307 6481 96
3788 6087 17
6352 8964 51
6392 8332 81
1311 6495 51
1781 7949 17
9182 5041 70
4409 9598 44
4353 2888 19
6407 8079 62
9481 8281 60
7921 4438 81
3611 7770 4
6507 8543 46
6839 8564 19
1821 8258 52
4163 6442 48
4967 1282 50
6582 183 93
4475 795 48
6632 3069 34
9753 3770 49
8349 4479 23
6489 8875 28
1715 4665 26
3191 3994 48
1081 6205 74
9075 4546 28
8710 5058 80
8708 2934 98
5366 6692 43
3520 3909 12
517 9413 76
724 6128 33
6088 2751 9
2203 5219 37
6838 5635 53
9455 1086 45
5764 7376 34
1125 3945 31
776 8315 5
9109 6357 92
5804 8525 54
7382 7503 34
7049 294 9
2837 8518 97
6029 3561 51
6707 7416 52
2702 5624 31
9666 7379 30
9617 3564 96
5389 7566 95
9933 7375 43
9432 8903 28
5017 9345 59
3394 5123 27
8934 1328 56
4535 9607 31
1721 8766 100
7611 7664 28
5252 6496 82
357 9152 94
4725 9411 12
23 9143 6
47 6292 56
4351 8714 99
2266 7563 13
4469 9926 69
7108 1503 83
9023 2619 70
6551 5946 30
3075 4026 24
311 6785 54
1833 8892 59
4250 6635 89
3883 4078 8
5211 3173 32
878 4838 26
8506 814 34
438 6382 70
4048 2302 10
3921 2782 96
1898 6649 50
6550 1983 63
3549 3366 100
6799 8090 23
8774 2699 80
5990 4922 96
911 9376 23
2432 9405 34
4983 2939 66
7147 8557 21
9633 5107 37
6966 7946 87
2483 6341 79
9632 2888 7
1623 5837 88
2918 2352 47
2702 6924 26
5886 9564 72
8104 9370 65
8532 4970 89
8047 9204 10
7525 2745 55
9492 6510 85
1672 7810 21
3672 3553 66
4055 6092 37
1053 7832 20
3309 6663 50
3331 2608 41
8628 8460 95
9949 3105 11
1789 4624 87
1612 8601 3
7891 7915 84
304 6250 66
6008 2534 71
651 7269 75
5947 1890 58
6564 5988 100
4581 4129 41
5030 4532 15
236 5263 77
7941 2279 37
7870 188 75
5897 4620 93
5650 6201 63
9978 1636 16
5437 5343 12
5099 6571 50
2689 7199 77
6288 6775 69
8452 4213 61
7520 2919 27
3793 5534 87
6162 5023 22
7795 3728 78
1017 6024 90
7020 9684 49
3590 3819 47
9699 4022 100
5304 642 80
6435 8015 27
5877 223 55
7014 926 54
7488 9215 90
8510 5129 43
2022 4838 46
3282 8225 16
4632 7242 41
1926 3982 71
2704 5396 68
3370 4743 36
6588 6305 85
7030 626 65
6131 4913 10
4000 8047 51
5082 7880 84
4289 5560 74
5710 6658 24
8176 9827 16
7068 5157 67
3808 4255 74
9796 7299 43
5104 8973 13
8162 5040 98
2464 8478 33
4132 9420 32
3043 6660 29
1660 9512 70
4213 2370 73
3004 2332 66
8649 7991 86
4680 2228 21
8385 5508 64
3041 8817 71
9581 5682 46
6236 854 68
2367 9418 43
2549 5421 21
4207 9451 47
9662 4736 25
7679 3862 53
6580 8760 93
289 5817 19
6045 8894 82
3656 7923 94
1750 3568 54
590 5066 66
2722 6414 80
5236 9244 30
1973 5784 33
9081 7498 68
8161 8116 49
7947 2792 97
1226 9647 59
2740 4153 10
5198 2950 6
6835 5495 40
7191 2946 50
8122 6912 53
2639 2789 31
3079 7353 33
3914 3900 75
8063 1891 56
4702 3894 82
1772 3921 90
6938 3941 51
337 5240 45
6087 2801 50
8328 2966 33
6901 5926 97
9954 1305 54
5479 8476 61
8895 5787 46
1980 9445 34
2903 2683 62
8917 8584 9
2113 4170 38
5139 7071 53
7271 9077 4
6144 6881 71
6653 7932 31
9984 1099 49
1929 3416 75
4586 1135 32
7667 6386 47
8737 7330 74
1895 9488 52
2660 2497 39
5686 5050 70
9429 7139 95
6026 4567 40
445 8313 21
1610 4834 36
2289 7481 17
2649 7411 91
7523 2010 96
2143 3788 98
1697 9675 91
6246 7468 48
5152 6600 6
8582 195 62
9550 7339 72
7340 121 81
1381 9495 87
7698 5354 89
179 6159 45
971 5275 63
2111 5453 75
6970 9239 81
5131 1220 71
9041 9425 92
7801 1264 87
9165 1781 37
8981 7111 39
8817 5727 55
297 8487 37
9144 1634 65
1032 6613 12
6138 6552 41
5516 7292 67
3554 2382 72
8063 303 51
1136 8684 51
2317 9890 75
5661 8582 7
446 5916 91
9637 768 79
160 8628 66
8646 6600 2
3032 3848 28
5988 1165 82
2203 6579 34
3596 7432 68
4009 1970 26
7709 5608 14
1552 8366 10
7346 4637 72
1934 7945 46
9806 7604 57
5159 4799 60
8394 1839 39
2439 2625 62
7442 3417 84
164 8504 82
5214 8618 68
6406 565 71
7548 3471 52
2402 9121 81
5907 8945 8
2353 3472 21
5762 5418 15
9071 3659 3
6838 97 56
6927 7123 22
4863 6936 77
6633 7615 74
4806 6571 33
868 9782 22
3508 8204 87
7439 346 50
6278 6616 2
9285 5202 37
8226 5573 35
9020 2314 58
3905 6855 8
1381 6978 80
5598 5497 23
2722 7091 11
3853 4178 7
2846 5800 91
6793 1980 1
7180 5557 33
9456 3959 4
4968 1692 17
9779 6978 12
6388 7074 41
7505 7962 68
6041 9788 6
1430 4117 67
5810 12 13
3413 1784 53
9381 7166 40
4855 7344 91
4008 8796 71
6122 5955 27
4634 1165 94
4449 4148 90
7505 6293 21
7502 3600 46
8365 3520 30
3727 6367 100
468 5036 41
4541 5118 49
6348 36 6
6727 1095 40
8220 1832 12
9005 1118 47
1954 5386 61
758 6700 89
9211 2861 38
7085 6201 49
8737 7629 15
211 6924 63
2567 3342 34
2692 8367 1
1256 4284 48
7160 9574 29
6590 8162 46
4769 6201 81
1137 9113 21
9141 4299 20
9240 344 74
2788 5305 31
9432 2839 53
5457 9522 35
8613 3310 11
5506 6088 32
3420 6582 14
4275 1495 57
6880 8875 16
7424 2001 22
8240 2673 41
1627 3898 42
7525 4630 10
7357 943 46
9576 9214 90
9675 9786 9
9392 4546 13
7697 1178 89
8932 3095 53
3336 8923 86
3220 6750 15
7257 4737 51
5816 2706 7
6132 5234 9
4480 5705 32
6788 633 82
6854 7659 70
6112 7375 40
1599 9614 12
9973 777 2
128 6360 8
8070 4249 4
5154 5677 6
7196 10 76
7425 1501 20
9900 395 95
7793 5992 79
6422 3343 46
3302 4422 75
3808 2995 33
3470 7571 10
6322 4957 13
6804 4919 16
6484 7047 63
2693 4146 6
3072 5066 54
4292 8860 92
7298 5903 43
4553 4490 45
7169 5536 3
6866 8282 71
3907 3754 47
5258 736 29
8058 8132 51
3473 6213 30
5334 9325 31
3830 9010 99
6934 3156 82
4518 901 33
8554 721 86
9676 2588 90
2076 6020 6
4953 8208 71
8730 288 64
5666 6789 35
1450 5842 56
2022 6924 9
2621 3302 63
2357 5647 98
9610 7155 66
2283 6112 55
4884 2801 13
6170 4526 65
9811 9947 80
7127 6788 66
4055 9765 81
1606 4527 17
3799 2613 4
2828 5782 12
6909 9004 83
4908 4570 60
1432 5152 68
9419 8360 40
6418 184 4
1286 5059 72
3450 4998 54
6600 3550 79
4236 1930 44
7556 8933 41
7041 9080 62
4614 8432 55
670 5120 61
4965 114 32
7818 4790 73
6365 7721 55
2658 9060 13
2143 6786 88
9579 8486 68
8583 4669 88
8252 3120 26
7152 3494 72
1931 8264 20
2704 5870 2
7872 8080 39
5821 4924 90
8738 6128 39
5981 7139 11
4202 9088 54
1437 6412 24
858 8695 44
9985 1798 42
5019 7456 33
5915 6268 80
3910 4491 79
8310 726 56
7529 4904 65
1021 7678 32
7187 5938 36
8820 1810 56
2886 9686 6
7739 1024 69
4697 810 66
8310 2566 62
5548 9355 19
8501 3808 95
4105 919 95
9282 2581 40
2531 6867 39
3644 7814 89
6894 5079 90
6317 4504 12
642 5293 75
8986 7701 12
5452 7503 44
5430 8145 73
8420 3482 65
3279 4664 61
4244 5341 72
7152 984 91
1443 7259 96
9973 7103 89
9955 2831 12
9996 6651 73
2516 3356 7
3936 3476 42
5121 6056 53
7607 5564 56
277 6661 23
4118 7505 65
4274 5876 69
1807 8028 26
9295 2801 95
6090 6046 88
5312 6421 42
4442 9724 12
1037 9885 94
3896 9993 2
5610 4548 24
9237 9604 17
1616 8387 1
3962 7565 68
6869 4009 18
1404 7526 32
9347 4079 39
6408 5700 31
9569 3068 35
8040 4856 91
8147 9655 37
9323 1065 25
2459 6066 48
8176 8348 51
4131 1338 56
5320 6834 42
281 9332 50
9219 4465 2
2847 3435 17
4705 8282 73
822 9560 13
7618 3875 33
6412 9971 22
4718 481 5
4841 1186 100
1598 7607 10
5075 4871 70
8741 3714 64
592 8252 21
519 9882 4
8086 6983 97
7952 2530 96
633 8300 84
8242 4249 36
1833 7424 8
8636 7089 67
4139 1684 21
658 4428 18
8912 1704 21
366 5965 75
6726 2142 39
2595 7559 46
6576 7741 72
3728 1526 34
6473 6786 85
3145 2559 66
1710 4167 69
9858 6328 85
5938 5175 12
448 4617 20
8127 6875 11
4964 5059 74
2989 8192 87
5056 4305 6
4814 7660 7
3278 6736 71
2676 9026 47
9499 7240 6
6925 1330 88
2656 8623 97
3869 4912 65
7629 3319 70
4048 8180 23
5108 3462 89
9109 2601 71
9044 562 22
8684 3414 92
6083 4731 49
9443 6432 14
5739 9372 51
3527 6533 12
4150 5338 55
5237 4526 73
3162 3468 62
4687 1694 81
5679 9738 13
1596 4920 36
6227 1553 33
9523 1168 94
6985 341 18
8395 3927 61
5034 9189 9
7100 5319 86
2090 5905 15
6737 6715 45
6265 8356 83
4086 3411 93
4315 5064 43
6742 7586 96
6686 6976 4
6443 3731 66
7185 3308 68
8979 8888 12
1209 4387 51
4912 1105 42
7101 1236 13
8837 4693 76
2362 6862 25
7333 8475 56
8190 5243 91
5473 3283 47
3790 3068 60
7102 1379 35
3472 8464 72
7665 733 21
9633 3908 33
6724 4087 55
8383 8933 79
6467 5039 80
9303 8062 80
6650 1130 59
7050 6235 15
2988 9984 31
5550 6887 25
8711 2346 60
4507 9751 87
3533 1600 74
4380 4281 50
4184 4272 16
5548 8121 39
9544 1326 88
7562 2540 34
1323 7692 73
2158 7885 14
4591 9258 23
5250 6040 46
545 6961 4
3817 2658 84
9125 3063 29
4404 4955 56
7974 9295 97
7271 9216 12
6290 6102 72
3207 2771 1
3174 4826 57
4161 3014 88
7806 2339 36
5627 3716 9
6569 5186 80
3830 9240 64
400 6790 69
6330 7757 23
3888 6241 37
8880 7343 22
5242 6656 88
2515 9109 77
6819 4944 68
9684 7769 26
6464 9772 38
6229 7114 37
2532 2598 17
6793 1294 81
4348 5925 69
7051 3774 4
3494 4500 66
6028 5553 92
3235 2716 15
8566 6298 8
8166 2082 88
4264 1283 13
9319 2678 1
2307 8430 67
2015 8279 92
5040 7560 79
5296 1617 85
726 4712 47
9694 5173 31
4100 3626 76
4967 3556 3
3823 6914 42
8839 471 8
6305 2986 45
576 9259 41
6283 5867 70
3484 1533 48
3055 4307 51
9503 7577 51
4848 7108 85
4246 4467 9
7461 1544 70
3896 5178 8
8627 4225 27
1767 5542 31
6393 945 75
2275 6520 13
4120 1477 68
2174 6483 45
1798 7715 8
758 8222 13
7581 1038 38
8988 1824 26
8424 2069 49
2973 6133 57
5408 332 19
8365 4033 37
6598 5096 72
3214 3256 100
4514 8931 93
9218 9745 93
2249 3232 99
9215 6275 60
659 7352 19
9742 5724 28
4563 6872 84
3121 2034 76
2173 5937 17
6676 4410 47
5095 3736 42
5786 1515 96
5653 930 16
2439 9484 60
8485 1507 87
979 7520 75
4963 5378 97
9010 18 69
6750 6390 12
5629 7399 71
5737 8245 32
1152 5322 43
9476 1458 52
3808 7794 26
7593 6947 2
9761 4484 30
608 8680 85
7644 7203 10
8987 3504 81
7986 3635 50
6832 7170 86
2488 8104 44
9963 3227 1
7908 2082 3
9200 8663 30
9171 685 81
9920 7582 30
2220 8418 29
7046 2462 60
3523 8397 5
8509 9991 36
5730 1584 14
2194 8759 80
6417 9859 51
7293 6079 12
4431 4823 14
2897 7150 92
9988 1265 24
243 9857 99
3487 9968 77
2776 3367 26
9755 3927 70
6078 6154 29
8328 378 100
9253 7297 11
9590 3260 76
6185 6291 91
5519 1481 20
4917 5025 23
3878 1720 65
5546 8677 46
6111 706 31
9248 4990 23
3209 8917 83
8594 1975 90
8289 8307 22
7214 2884 60
7829 118 23
6166 2980 66
8390 1964 90
5298 1268 11
7559 6640 66
8947 4353 97
7699 8546 87
8736 3204 88
2030 9559 67
1023 9378 18
8217 7000 53
8936 4004 54
9680 3008 80
77 9931 63
8386 4326 6
9194 2303 88
3299 8355 20
3921 8680 84
2868 9979 63
7173 9119 60
4677 9792 55
7172 5173 97
9698 27 69
1719 8071 17
2725 3816 8
8485 2305 80
8294 1224 71
7400 6985 69
5072 4601 96
6898 4800 22
8419 2514 19
6981 4267 64
9421 2295 17
1667 3422 18
9206 5578 24
6832 7848 100
8795 1035 45
5898 3231 15
5315 4044 57
1591 8153 91
6433 6029 46
9005 2401 6
3035 7864 85
8556 5124 28
1584 7305 33
3463 7065 49
3548 6144 42
1035 4888 25
9471 5397 68
6538 7570 19
5248 1119 54
1590 6246 79
6941 7491 92
1264 9415 15
9913 4746 86
6417 2636 81
2646 5732 29
9676 9994 6
5349 5435 52
5977 4187 80
6462 6497 88
6749 8258 17
1462 5932 69
6212 4411 75
9717 1211 100
4983 6981 33
4240 5494 58
5740 2487 95
4070 5685 90
8959 106 48
7787 6682 57
1818 6115 38
1971 3074 15
4144 3567 36
2537 5654 18
4417 3448 32
3925 7006 7
8507 415 13
5316 5836 96
4954 8850 79
1876 9717 24
6553 327 93
3578 2462 62
1833 9239 57
4453 7385 22
7844 6885 83
6964 5472 72
5227 8614 1
6589 4596 15
5893 7424 65
