300
43 18
-40 11
45 -41
37 -41
-5 -45
-18 -42
-27 -27
12 34
-47 2
-49 1
-7 15
-44 5
-25 -47
-28 8
-25 27
-37 -13
-49 -1
-39 49
12 -26
48 -13
50 -46
-9 -19
-34 33
14 31
-1 14
49 -13
-44 -19
29 30
-21 -43
-26 19
16 -12
-26 14
17 43
2 36
-8 0
6 -7
-22 33
21 24
-9 -5
-14 47
33 -14
43 -10
-46 24
-27 -5
-15 44
32 -25
49 -12
47 20
41 40
-21 -38
50 -26
-25 -27
-40 -1
46 40
-27 -14
19 -12
-45 42
23 -39
39 13
-23 -37
-12 -13
-13 -18
25 18
-26 30
-33 0
-5 -21
-20 39
34 -15
-26 24
0 6
45 -30
14 5
37 2
44 -15
25 -48
20 -35
47 -37
50 21
-5 21
-43 11
-21 17
-35 -5
-8 20
-37 -12
11 -40
-12 46
40 -43
47 -49
5 48
-23 -36
9 -24
40 -29
-9 8
-23 -23
-5 47
-10 -48
-25 39
1 21
-19 -22
-13 40
3 -48
25 13
-17 -17
43 47
37 -33
-46 41
-25 -17
-5 39
-40 1
-15 1
24 -11
18 3
12 45
21 40
-30 18
-16 14
18 5
38 -23
4 -36
-22 36
-47 14
21 -20
-50 -4
-13 -48
3 6
43 -14
-41 0
-9 -35
-48 -8
-16 41
12 -50
-22 47
-29 19
-39 -40
8 -21
20 4
17 23
45 -11
-50 -28
15 -5
10 48
9 34
47 42
-49 17
20 -6
32 19
1 15
-17 -48
29 42
-41 4
-6 50
2 -12
20 31
-41 -4
-27 33
-9 4
12 39
39 38
12 -17
-37 -10
49 5
38 12
0 -12
43 4
4 -38
33 -22
47 -46
42 -39
-47 -40
-33 -19
-11 -26
46 6
-20 41
-34 8
39 10
-5 -26
41 8
-34 -36
16 -17
-6 13
-43 -14
20 42
-26 38
-46 -7
-44 2
-44 -3
41 -32
24 -7
40 -32
17 22
3 2
-20 -18
50 -50
-14 10
-3 15
-12 -50
48 47
-33 17
-17 -21
18 -30
-44 43
11 -19
-2 -10
-22 13
-26 39
1 -7
-13 43
-4 9
-16 -7
48 9
-37 -15
-41 16
-16 15
9 32
16 -10
-10 -47
50 49
-15 -5
22 44
14 17
32 -24
48 6
39 46
27 -39
20 -23
-17 -42
-36 27
-44 -48
-26 -37
-7 -24
2 37
28 -32
46 -7
-39 -18
-40 8
9 44
25 45
35 -45
44 10
49 40
-10 28
-12 -29
19 -31
16 40
37 -50
-41 -41
0 12
8 -12
-26 -41
-33 49
36 40
-45 -23
-3 -3
-39 -2
-4 1
-8 -40
36 -46
-23 -4
-10 -27
-10 -45
17 -38
-16 36
22 -10
14 -12
-7 -13
12 16
-43 13
33 42
15 17
23 -18
4 -19
-39 34
-10 -22
-18 22
-47 6
24 -10
-39 3
11 -42
21 17
14 -48
46 39
-40 18
37 40
-48 -50
4 44
-10 46
2 30
-14 50
-31 -15
-49 35
2 27
35 22
-13 13
-28 -19
-42 4
-42 -23
-28 -50
-40 -48
-24 -36
-44 1
