100
-32 -10
9 5
-48 -34
33 -13
-50 -36
18 7
-23 21
24 -21
47 -7
-25 26
8 -10
9 40
7 14
-28 40
46 18
-5 -5
35 48
20 -39
-20 27
32 -9
-10 18
38 -25
8 -19
39 47
19 9
23 16
0 3
46 -27
15 -11
-8 12
11 -3
-49 -3
-20 22
16 -21
-21 -12
12 25
-7 38
-37 -40
-20 -41
7 -15
8 -47
15 47
15 -18
-7 -28
40 -36
-13 -41
-6 49
40 -24
31 4
21 -5
-40 -40
42 -15
22 -3
50 34
-35 41
37 -47
-34 1
12 -34
-38 28
35 37
31 -9
7 -36
-9 -47
-44 49
20 -13
-5 -8
22 -45
37 -14
48 -49
36 -27
-49 27
-14 45
23 25
-33 -16
2 -1
-45 -16
-30 -32
-49 -33
30 -4
-28 38
-16 45
43 11
21 10
-47 29
-34 0
12 -45
8 20
-26 50
44 -24
12 18
4 37
9 25
23 47
-19 5
-10 -29
-29 -28
-32 -28
45 7
24 -5
-1 47
