500
-49 5
-46 36
-24 -47
24 25
13 29
27 -11
27 25
36 -11
22 -19
48 -27
40 31
9 -48
9 -26
-47 -20
50 11
-37 -7
24 16
32 -36
-13 -16
-31 3
-41 12
25 -23
-5 -24
22 -46
42 33
-36 -48
42 -14
-9 -32
-20 0
45 49
50 -8
-30 9
16 9
-40 -45
15 22
33 28
19 24
-8 -36
-12 -5
-11 -10
9 -12
39 -44
43 29
-45 -50
-32 -34
-39 20
-31 -28
-15 35
1 10
13 26
23 -28
39 25
49 34
16 4
35 -48
28 -17
-19 9
38 44
-46 -29
-50 -46
-23 10
-4 4
14 -9
-40 46
17 -42
30 46
-32 -47
-9 4
2 45
-5 -4
30 -39
47 47
30 -5
-43 32
31 18
-44 -10
-27 49
-35 16
-31 26
3 -48
17 11
-3 45
46 -26
-26 -25
27 35
37 45
6 -13
-4 18
10 42
-7 -41
6 -2
-8 28
-10 15
20 -38
-41 36
-34 12
35 46
27 10
-22 32
-12 49
32 -1
12 9
-28 7
-46 -46
-7 -12
17 -8
33 -37
36 -46
-47 -50
-26 -14
-16 -26
-31 6
31 43
27 -47
2 -7
49 17
-36 -42
40 11
-39 -13
-34 27
20 -25
-39 -38
7 -40
-8 -1
23 6
40 -28
27 5
35 22
-47 -25
-19 -49
2 33
-8 35
-27 -12
-19 44
45 33
-21 -18
-15 10
-50 -10
35 -39
-35 -9
-30 35
-25 2
39 11
-30 -14
30 -33
31 7
43 5
-39 46
-29 -50
25 40
-31 43
-22 -26
-34 -46
-33 35
-2 -33
-39 -10
-18 -5
-7 -18
-48 -7
-11 -19
-41 3
-1 -46
33 9
32 -35
-42 48
10 15
34 -50
-26 -47
26 -23
39 27
31 -41
-40 16
-50 5
-31 -6
-23 -33
12 -47
-12 1
21 1
-15 -49
-35 14
-19 -14
39 -2
46 -4
-30 20
29 1
-23 -13
39 -31
-34 -47
17 -28
-42 12
48 -24
20 18
35 44
7 -25
-2 28
12 16
3 -10
-3 21
26 -22
-33 -20
-33 -10
-7 -8
-18 5
-43 -12
35 36
27 13
4 42
48 -14
-43 49
27 21
-24 27
-13 8
-28 38
29 -41
-36 28
34 15
16 34
-45 38
31 -4
13 47
41 32
25 37
6 -49
34 45
-22 -25
5 13
-21 -4
47 11
-28 8
-49 27
0 6
-48 9
6 -28
38 19
21 49
12 43
46 -27
46 48
33 33
11 47
-1 48
-49 -3
11 13
49 -24
32 -29
-16 -5
-35 -25
29 36
25 -45
47 -21
38 -33
6 -41
-40 1
-2 36
-19 -6
1 -24
-20 39
37 43
35 1
-19 16
10 -44
-7 -16
41 -11
-32 1
20 35
48 31
-33 -50
-30 -35
20 -12
28 1
-1 11
11 -36
-29 20
-2 39
-39 -28
-18 4
-22 49
-6 15
43 -41
-32 28
-10 1
12 -39
45 2
-37 26
42 -39
-42 -15
-2 -42
-5 -35
-29 -45
-15 -28
-5 -5
37 29
46 19
2 9
37 49
11 -4
-15 42
-31 -16
-9 -7
2 -10
-46 10
-36 44
10 27
-28 34
34 30
-17 46
-40 -39
-42 32
44 17
-39 -47
-36 -10
37 -18
-25 -40
17 -19
32 -39
11 -50
46 39
21 -35
-39 -1
6 -45
22 32
30 26
-48 32
22 22
33 35
25 -20
1 -23
-4 -46
5 48
21 -20
43 -28
12 -44
39 -7
20 31
-44 -18
0 28
-22 28
-22 44
-15 -25
8 43
19 -27
-23 -37
-37 -12
-45 41
8 25
-50 28
43 -5
4 17
-41 21
35 5
49 20
-5 14
-46 18
-39 -40
-12 26
39 -1
-36 -31
33 -19
-49 12
-4 47
15 -32
-44 40
12 15
45 0
-34 -13
23 -35
11 -38
-32 -37
-50 -27
-50 36
3 -26
45 -14
15 44
22 -2
-1 9
8 33
-38 -36
38 3
26 -41
50 4
-20 10
-28 5
-38 -14
47 35
28 -19
5 -5
-9 31
-35 29
-34 32
47 19
-20 26
45 28
-43 25
-4 -11
-37 -31
-50 47
5 -25
-39 49
22 -40
20 33
-33 -29
22 -44
-20 37
21 -8
23 43
-16 14
-13 2
-14 7
12 4
40 -37
-33 17
38 -32
-48 34
16 -44
-9 46
29 -35
22 -35
-2 -43
15 -35
0 7
31 -14
-2 44
2 -14
-25 43
11 -45
-20 -28
8 35
-33 -34
-34 -24
-8 -13
-7 9
-23 -11
-37 -23
-47 -1
-48 3
-23 47
23 -31
-3 26
41 49
-47 -35
-16 -39
8 -21
36 20
-15 -17
-23 -41
-44 13
32 28
-12 -10
7 17
49 9
-50 15
-36 -8
28 -2
31 32
27 9
4 -41
48 -47
10 5
-44 32
-9 23
22 -28
-26 30
45 13
-21 2
27 -26
-42 22
48 -20
-46 0
44 40
-25 49
26 46
-50 27
-25 -37
25 -3
3 47
-39 -15
-11 -34
-13 -31
7 5
17 -48
34 27
0 -11
-11 -28
-36 -21
31 31
22 -47
-9 27
2 26
-34 33
-48 -33
-18 -37
10 -34
-1 -50
19 3
32 -13
-1 -36
-37 37
8 -15
24 3
21 31
