400
-44 -28
36 -13
-34 -45
6 42
28 39
-4 40
-35 -17
-30 22
-7 -7
3 -20
-15 -43
28 -8
25 -11
43 -34
-48 -15
40 -41
-11 37
38 17
19 -31
49 42
26 8
-14 -4
0 14
-12 -25
-14 5
-24 -37
0 -30
18 1
-22 -41
2 36
-39 -11
-34 -27
-46 9
48 25
-50 11
-32 8
11 -33
-42 19
39 48
22 11
47 -17
1 31
-20 34
5 -9
44 -9
2 44
-24 22
38 -47
-13 -7
-50 -41
-25 48
-18 8
36 15
-4 -14
-6 17
-17 7
38 28
45 40
50 -10
-12 40
47 -44
29 19
18 -27
-26 4
-29 28
-34 25
43 22
-21 -2
-5 -31
-1 -30
28 4
35 -6
-36 48
-7 -20
35 -43
32 23
-40 48
-35 28
-20 -26
-43 -47
-8 -9
-40 38
7 -7
-26 -22
10 44
-39 27
48 11
44 -50
-11 44
-26 18
-25 -28
-2 -48
-46 -50
14 43
-9 20
-12 21
31 10
21 4
46 -4
-15 10
40 16
27 -13
-14 17
12 -4
-21 -42
38 -27
-39 -42
-29 -18
-32 11
-10 -13
25 23
3 18
-1 -36
-50 -34
-8 -44
-44 -24
-29 -15
44 -42
-29 10
36 22
31 -35
-34 -16
11 23
-39 16
23 36
14 6
32 -48
-2 -45
42 -42
-46 2
-21 26
22 -47
-8 -4
-33 33
-40 17
32 5
-3 9
39 40
24 8
-9 -8
-13 20
2 -14
24 38
-50 -35
20 19
42 -47
21 39
-33 35
-2 1
-36 -38
-14 12
44 -26
43 13
-22 20
-16 -40
10 -2
47 9
-36 -25
-25 -30
38 14
-1 26
40 -14
-32 21
3 9
-18 31
-19 -30
-5 30
-7 -24
-14 -20
42 48
23 -46
23 -31
-21 2
8 -13
28 -26
30 19
-16 17
27 47
-36 50
37 -14
-6 -46
-1 -18
-5 0
7 -33
12 -42
0 -5
37 44
13 27
-10 -19
-8 39
31 20
-15 -4
-29 -24
-45 8
38 -31
42 24
-38 44
-17 16
-33 23
-39 -34
40 25
-45 0
49 -42
-41 -11
37 23
7 8
-13 -20
-16 49
26 7
-19 45
16 6
2 7
41 -40
6 12
33 23
23 -26
-47 47
28 24
-29 -26
41 15
-46 -16
-17 23
-40 9
-2 26
32 -25
-20 44
-35 50
-17 -34
32 1
-36 37
-28 -15
-44 -26
21 23
-11 48
-19 0
22 -11
-17 -11
23 30
32 21
48 48
-34 40
-21 20
-32 -6
-16 -30
-2 17
2 26
36 11
39 0
-28 -39
12 29
-39 -1
-4 36
-18 -37
-19 47
-2 -1
23 -43
-44 -22
38 41
24 -17
-33 47
44 -6
1 -13
50 29
-31 -3
4 -43
-21 33
-20 29
9 2
43 -50
31 -37
23 21
6 9
43 20
-1 -14
38 13
34 -7
-29 -9
27 -9
-49 -47
-18 -44
-27 35
1 20
24 -27
-41 -39
2 -46
44 -2
-27 9
18 40
9 42
-49 -14
-2 44
21 5
-46 7
38 -32
2 -39
-47 -26
-28 -38
46 -28
8 4
-40 37
-21 30
-4 -47
-48 20
-9 -46
-1 50
-26 29
9 -27
26 -1
-27 25
12 34
14 -27
45 -37
28 44
35 17
-1 38
-32 -27
50 -38
-37 -15
-3 -25
-44 -43
45 15
47 -25
22 -5
-15 -21
-25 43
-24 -5
-38 38
3 -46
-36 4
-19 -5
13 -18
23 -20
-48 -24
-7 -30
15 -1
36 -16
-2 -17
-24 -49
-49 42
-2 -9
-25 18
33 -5
-27 -30
-19 43
29 -38
22 -2
6 -41
21 -27
-8 19
-50 3
-49 5
1 34
-42 -44
-45 41
47 15
36 14
-35 -47
-50 41
45 -48
-22 -32
-32 40
19 -38
-40 -10
-24 26
48 6
14 23
2 -31
-10 -9
28 0
-36 -26
47 50
36 17
12 39
-46 -11
20 43
42 -25
2 -35
-15 29
-38 48
26 -44
39 -40
-40 -18
26 3
-49 21
47 46
12 -39
5 -15
-21 -24
43 31
-24 -34
33 38
49 28
29 39
2 47
-44 7
-3 -4
-6 -2
-30 40
-8 -29
-14 -13
