450
-34 14
-6 22
-24 -45
2 48
-47 -17
41 -30
32 -19
5 49
36 17
47 -26
-39 -30
13 -43
50 -14
49 33
10 -23
-38 -13
8 26
-50 20
-30 -9
46 -34
-17 40
14 8
-22 -25
45 -27
23 -5
-17 -10
29 -44
-40 45
-11 29
-28 0
19 -17
-40 -32
-10 -34
-23 -26
1 -28
-15 21
21 27
-48 -14
14 -34
-27 15
-23 -17
30 44
46 29
-19 49
33 39
-40 -50
14 -44
25 40
-35 -38
-7 10
40 -15
-40 -47
-49 -42
9 27
-7 35
30 -14
43 -26
-20 -1
-11 -35
-1 12
9 24
49 21
20 44
-11 10
-24 10
45 24
-37 23
22 -22
43 30
17 41
-8 28
-30 35
-13 35
21 -25
15 33
43 22
37 -18
32 18
42 17
-23 31
-13 -50
-12 15
6 17
17 8
-22 28
-49 -36
-10 -20
-19 26
45 -16
39 10
36 12
15 -20
-16 -4
5 19
32 28
-41 15
30 -12
-46 -47
32 41
31 -50
-45 -40
13 29
0 -44
-33 39
-36 40
28 -45
7 46
49 1
49 -50
50 2
-39 -12
44 49
-26 -24
-4 -5
26 -41
-30 38
7 -47
-32 27
-40 -22
-39 -36
-14 20
-50 13
-8 -47
17 -11
-10 6
-42 -14
-44 13
-22 -4
-33 15
47 11
-35 -30
31 -16
9 -20
7 49
1 -26
48 -27
-14 -45
29 45
6 -2
-11 49
46 25
10 -47
-38 30
-8 41
28 24
20 -24
42 -36
-24 -31
26 50
-4 0
7 50
46 16
48 43
37 14
-14 -26
39 -19
14 41
-7 43
-47 14
27 -41
0 -24
29 -33
25 12
30 -35
-20 -6
30 5
5 -27
-3 -28
18 -24
-48 40
-40 7
-21 -38
49 -30
-36 44
-17 -13
-45 -15
-17 -3
-18 -11
35 -13
-12 37
-48 20
33 -49
16 46
-35 33
50 43
-40 -26
37 19
-21 48
-7 -38
30 25
18 -26
44 1
12 -25
39 19
27 -46
21 5
-45 14
-10 7
-34 -23
33 -28
20 -35
39 26
47 30
28 5
50 3
12 -14
-47 -43
-49 49
-16 37
33 -30
37 -8
47 15
-44 5
-46 -25
42 -18
-20 29
6 -34
49 -42
-10 1
17 -28
-10 -27
27 3
3 0
-27 43
-23 0
3 -48
21 -42
45 -8
20 2
28 15
-33 -3
-13 16
-9 -50
19 -49
-21 31
-20 11
-15 26
31 -12
8 10
-43 -3
-43 23
-13 -41
27 -39
19 32
21 -40
27 47
-21 21
5 2
4 39
24 37
46 28
-22 30
30 28
16 7
8 23
28 -4
45 31
-47 25
-36 37
26 43
-42 -49
2 -2
-28 42
-23 -33
20 -47
-47 -7
38 -7
-6 3
0 -3
4 20
15 4
-16 4
-40 17
-18 2
-34 -44
6 31
-18 -22
46 41
47 14
12 27
12 -19
49 -35
39 15
27 -16
-19 -7
-14 35
-30 -48
-1 30
42 1
-48 -10
40 -35
4 -38
-30 47
18 -20
15 -24
-38 27
-24 3
-44 38
-29 50
-37 -42
-31 -36
19 45
-46 -29
-40 -46
-37 36
-19 -43
-20 47
-25 26
25 -10
50 -44
3 21
45 7
-10 -35
-40 13
-9 16
-21 45
-1 -4
16 1
-4 41
44 -26
39 -24
20 43
-1 -13
-37 27
-10 -16
21 -28
-22 -19
-40 1
41 -28
21 23
12 -43
34 8
-2 -19
39 -46
-23 -44
11 35
3 45
4 -24
44 -40
-20 -22
49 -31
41 -50
-4 40
32 29
27 -20
18 15
-18 48
-31 29
17 25
35 11
-49 -13
14 9
-6 -35
40 -47
-3 -35
1 -35
-36 -2
22 -33
-45 8
-21 -4
-47 22
46 -4
17 -19
3 -2
31 48
-13 -25
-15 18
-12 49
16 43
-14 -25
40 22
49 -11
-47 26
-31 -38
-39 48
-46 -35
-27 20
-5 -16
34 -32
-28 -11
-1 48
43 -39
17 -47
30 30
5 32
49 -1
9 47
-46 13
-31 9
-10 34
10 -50
27 -31
-9 -21
21 -5
29 -38
-18 36
48 22
15 27
38 -41
6 0
24 -38
27 -23
41 42
-35 28
6 27
-7 26
43 -10
-40 -42
49 44
38 20
-43 28
-1 29
22 33
24 -12
41 44
30 -3
-19 -29
0 1
20 15
-37 -18
-31 -40
-2 -4
37 27
9 -43
-15 17
35 -36
31 18
50 -16
35 35
-9 -4
-38 -27
34 27
-44 48
-15 13
42 -37
47 -30
14 -12
19 0
-46 -48
1 -2
5 -3
-16 -6
-44 -19
-27 46
-14 17
-7 29
9 2
22 -14
-18 -13
-17 -23
