200
-28 18
-25 -42
-45 -45
-7 -1
-19 38
20 48
-12 12
-32 4
-48 36
-44 25
18 -2
-5 18
4 11
40 22
50 -3
-29 -4
16 41
-24 -37
-48 -27
26 39
-18 41
-12 15
9 -18
33 2
13 -50
38 -19
-23 -8
30 39
-32 18
46 -4
19 -2
-29 29
45 -27
23 38
-25 -19
-29 46
2 -3
-48 21
-30 -35
-8 23
-13 15
-4 -29
-22 -32
9 31
37 25
-39 18
2 -23
-37 -33
22 21
-10 -4
7 34
-32 -30
-36 -34
-1 -38
-15 22
44 -47
27 25
25 -41
41 -29
-42 25
5 23
9 -46
47 -29
-21 -22
-26 18
-40 -44
-49 6
43 -50
17 34
29 49
-22 21
9 -32
-44 1
-1 8
48 29
38 11
-16 -28
47 -5
-27 38
45 -1
45 22
30 -1
13 21
38 0
-21 35
35 -31
12 28
-49 48
-15 37
-36 28
49 49
-2 26
0 -50
14 -23
-13 -9
-37 -7
33 -20
-31 -10
1 -38
-28 49
-41 -9
37 7
48 -16
47 29
41 -9
28 -14
-17 -10
-42 -20
-9 28
-27 43
-37 -18
-45 46
23 -49
-49 3
27 -20
-36 39
-42 -25
-41 18
17 31
-26 -7
-8 25
6 33
36 -12
23 -41
-23 -25
-37 9
-45 -2
-20 -1
-24 -4
-4 2
19 -6
20 36
-22 -7
-12 33
-32 1
29 -42
-45 16
20 -30
28 35
28 18
-24 -32
-13 -43
9 -50
-23 40
-13 -37
-31 28
-4 43
-46 22
-43 -3
2 39
8 -9
46 -33
15 -2
-47 29
-7 6
1 -34
4 -36
18 15
-22 4
-11 -36
46 -34
-32 -37
41 8
4 -41
-4 41
39 -42
-4 30
-10 -41
41 -7
19 -3
20 8
-17 22
26 -48
14 23
-26 27
-34 -50
30 -19
46 -27
-4 0
9 46
36 6
-4 -41
46 12
8 37
32 -35
41 50
32 -42
-34 -41
13 13
-10 45
-44 44
-8 -5
-24 23
35 24
-47 -19
46 -38
-15 -6
-14 -11
-32 35
-10 4
