500 500 8100000
5150 10795
11509 30255
22718 31653
17701 16236
25218 11163
17064 19301
15236 30477
21373 30878
28137 14151
8212 9849
7093 24397
16830 15797
18659 26748
32097 8756
2998 29295
5744 29185
5962 6688
19994 13713
21614 19535
25282 25929
31926 5928
9136 26689
27595 16160
27910 28744
6918 6944
8181 22312
31549 31717
27440 24875
8413 8871
30625 2269
30265 2808
19804 14356
26658 3056
1233 4654
16568 5255
6213 13210
9343 1858
27011 2714
26038 30994
20430 11590
8676 22393
16923 20693
23987 14830
29053 17944
4865 25219
26593 8007
25909 12741
32507 25344
28623 4579
17280 28813
25412 7443
6294 31078
25608 818
12169 13302
24556 29354
10175 11170
19882 2201
27374 21000
2750 3120
6540 13700
19320 31065
7047 249
20816 7836
10551 10446
23417 21059
24721 26934
1465 700
15005 31157
2423 9792
29994 6624
5398 19890
17600 23396
11649 24266
25302 19785
19975 14706
19525 27768
14954 19568
17405 32123
14130 23878
28150 13189
7239 1878
5738 18610
30143 13898
31042 27535
9973 8115
7630 9693
17371 32752
6840 8338
5265 7762
22075 26913
30518 23678
5776 7163
5118 21778
30377 6230
6020 19851
4898 8493
26466 32614
885 3976
1280 31877
29549 31229
4777 13013
28893 30071
12004 21294
16785 21302
6657 8058
21893 23
23026 25626
10581 26902
20572 8325
11509 2321
30446 9010
674 975
13810 7353
10776 29248
2337 28213
27654 17414
26300 14060
6591 23093
7384 25906
30002 16215
6394 20106
21788 8372
19939 4879
22908 27856
11181 20498
17480 15156
24087 26117
19038 24945
17694 21911
28861 22883
23501 30753
18933 23731
341 5953
10204 22943
22624 10180
5507 9470
12451 11210
11624 3454
11954 36
8173 13361
9753 6401
32265 20040
22952 29130
7230 13342
5646 13386
8651 24952
23210 23314
6178 19211
1181 21276
3740 11582
12324 24750
9836 14386
17445 19329
6866 15615
23559 5667
6545 16449
967 17562
32674 5588
31304 30282
20010 27099
28139 22297
27562 23303
26464 11216
1397 2582
22204 32196
9576 17049
30411 10679
20437 8443
31399 22009
15808 22975
14729 5074
1870 1545
19680 12325
21114 6496
21664 30541
23050 25778
21981 28747
24769 19096
26520 21283
25815 2268
8665 16003
10150 15161
766 28838
23974 31585
16210 1912
6811 16965
12001 3067
19981 28304
19851 19689
25593 5236
344 19611
24006 31402
6923 17961
30586 26804
17658 3539
11566 10854
21532 20639
13504 27812
12132 30532
16327 22381
16717 12359
6604 2329
10167 25956
30391 22238
5617 8239
1415 30361
7447 8699
6982 30155
20126 13051
2620 8674
27949 27815
31076 17851
8110 865
20508 24676
23206 21337
2592 14630
29633 13486
1977 29891
5042 23254
11826 4092
31289 17215
27788 25430
18565 30518
30835 5150
17853 9481
22384 5803
20954 21608
2143 9699
31415 14865
24868 21505
26475 28333
29850 6293
3542 3316
5324 32715
26234 31512
17768 24305
4748 25441
12912 12852
10315 8212
32563 1962
6545 7834
380 7062
26792 32222
15625 2535
8030 27639
13118 14593
15452 1799
23323 25024
2739 17763
21868 22714
6072 10484
12607 31941
15122 16861
21659 28346
25873 17501
23919 30328
10050 13815
3785 14635
11072 30161
7752 9422
3020 9307
30164 13550
17440 11824
15756 29873
10625 32321
16896 25112
8980 6960
2721 5761
5106 13306
13430 22640
11134 24537
25872 31374
4087 5481
27071 11250
5961 7433
22278 7584
553 644
15437 8527
28000 18929
16342 9584
28007 27607
14066 12907
2101 23701
3701 19756
341 8961
5991 25310
11323 16976
3068 8694
14552 31542
24774 25716
11884 10317
13866 3941
2204 14779
32273 2989
10948 5136
10719 15363
7566 22125
29865 5181
19140 19435
7587 13774
11106 3130
9943 13709
7152 3977
27677 28344
19214 14758
9799 1848
30289 8295
11932 2342
26957 4424
5768 13711
29427 6741
26513 29812
17694 6731
8077 1557
29288 7162
15634 22896
32322 237
28719 11268
13124 16205
17241 22234
13249 14083
20648 27846
30879 25117
22340 3563
12901 25715
17690 5245
16534 16010
2259 32459
13118 10168
16390 14972
2762 21385
5548 13592
10780 9826
25813 21963
11999 7524
29594 17510
9240 28051
23123 8615
17150 7736
27402 5306
13836 8836
11567 20991
4692 13941
16780 32526
31510 766
17020 6137
9105 19810
29784 14801
8985 13793
23091 30315
20330 18838
711 5475
4412 27552
8622 26210
26392 22912
18646 2205
2665 20162
22063 19358
27350 3040
27046 3399
29647 17507
30551 14612
20582 14411
18942 19616
8545 31921
2479 1387
22925 14251
6856 7130
13397 21360
26915 12159
31378 27836
29584 18587
2469 118
11138 4833
20676 7313
32008 13693
14481 6192
4863 27733
10481 5901
11143 18063
8475 23579
4275 11859
5615 12138
2437 7634
2698 23371
22297 9607
5911 1206
4640 10172
20967 25320
31888 27985
20165 6736
7066 30649
10371 16044
11741 13381
18649 16496
20953 29861
25200 18791
28838 20652
20793 19612
16613 21843
21763 19835
30200 9473
23117 8756
28526 27913
17752 13664
31937 21620
29569 2791
2372 18434
26318 3105
17495 18283
20423 24379
6621 6122
27015 19933
3824 32764
23570 32521
22227 28774
6377 2119
13351 15989
26076 6655
31330 21385
2592 19238
17278 30165
20897 18460
11758 3680
23193 26837
14038 4175
24930 29240
1147 25959
32393 1732
13561 974
2851 2681
1332 4369
8036 32246
25616 13931
24429 5343
17893 2629
2662 2945
19501 13049
32717 32697
5504 9947
12045 20753
18883 11642
9555 19501
13980 1571
11677 9574
4136 22439
14100 1716
10737 19806
30107 13521
15386 1388
28840 3995
2269 13379
29778 29115
30264 8554
6316 13188
28642 24956
21330 21789
9604 29043
18241 5091
31014 5926
18156 28425
12775 11025
15500 24449
18162 12117
27831 18208
22189 22527
18228 23293
7732 26765
14862 3354
1285 2735
15079 14662
4349 586
31375 6465
22147 25282
30421 17442
14595 10617
24221 15606
3998 24979
31795 21674
543 13565
6623 25387
12849 3757
5306 7115
1232 12843
4543 231
8190 27728
2341 15046
28855 16717
7149 21957
19750 15344
26551 11185
1817 16931
19673 31861
691 4790
23218 31221
9568 20574
22076 19257
12558 15869
3809 19150
24475 4131
387 400
8 362
264 392
67 319
31 176
292 299
24 189
179 366
159 348
105 310
290 398
23 65
377 498
324 392
399 401
225 411
87 365
253 315
74 140
148 172
206 355
280 400
133 195
146 225
20 81
13 326
116 198
313 473
229 476
234 401
116 417
141 143
6 415
76 236
326 411
171 180
385 425
123 322
133 152
82 424
269 331
79 345
77 427
335 409
416 481
155 191
182 201
204 354
8 345
146 251
71 450
66 394
452 457
4 435
19 37
62 265
150 293
248 327
70 193
101 172
97 417
124 187
27 419
201 279
87 166
361 498
354 403
178 205
390 464
76 166
312 445
90 256
281 317
346 466
238 295
331 459
89 381
129 166
25 497
191 295
9 437
73 147
229 271
141 430
17 416
191 488
78 420
146 299
11 169
285 430
181 353
238 404
478 490
252 423
26 230
138 331
62 127
53 321
96 143
75 483
305 396
262 342
110 287
223 395
215 390
41 172
19 417
68 165
159 369
261 375
75 157
224 440
58 105
35 214
37 415
302 488
364 428
316 487
66 360
54 439
165 291
125 169
42 404
246 486
132 315
112 205
26 236
47 226
417 470
46 288
263 439
1 4
83 149
24 398
223 384
365 371
180 283
22 150
224 455
247 442
237 266
357 390
224 462
416 469
12 52
299 316
7 42
79 351
195 339
352 356
135 157
31 319
425 498
437 484
63 176
416 450
149 341
41 366
145 245
72 481
81 271
129 310
249 378
40 432
201 332
12 346
44 81
310 412
83 85
158 488
178 390
348 426
193 439
152 400
207 457
248 376
2 119
214 474
140 312
316 326
175 310
161 349
179 277
12 43
370 391
230 260
19 449
94 275
53 259
70 362
20 352
77 280
17 455
187 215
247 467
414 423
23 245
9 150
92 431
226 419
275 451
62 115
126 443
103 355
22 370
118 198
52 132
61 310
102 402
3 51
254 370
245 281
44 159
427 433
126 424
103 161
21 297
51 445
427 494
357 380
19 265
30 140
155 219
140 465
316 373
3 459
280 333
127 201
67 431
82 133
126 275
171 498
185 494
174 358
44 114
220 441
64 426
446 498
148 342
102 411
150 417
403 406
34 319
137 336
176 368
145 410
84 122
239 435
343 431
39 480
334 458
229 325
40 75
123 401
153 279
90 461
172 275
127 199
25 233
98 482
342 403
42 266
148 287
88 105
88 157
479 498
64 297
55 94
1 270
142 150
405 495
275 335
205 217
73 75
345 431
13 449
222 333
374 463
389 499
208 283
78 455
56 158
57 447
50 482
136 233
249 263
162 346
337 362
372 434
177 498
191 308
173 214
6 148
306 394
168 273
405 416
99 341
4 11
120 272
162 229
314 472
277 442
26 112
183 294
187 211
97 194
92 367
357 495
16 466
9 156
207 237
121 209
127 134
159 500
265 468
182 269
200 368
418 474
152 268
229 316
284 376
93 418
146 232
5 71
73 99
236 288
51 404
360 402
295 435
237 411
272 314
80 236
2 241
42 55
111 151
113 125
269 479
295 458
325 332
163 455
225 347
97 451
54 272
203 258
246 493
297 461
164 500
207 248
63 120
121 350
176 308
121 241
259 347
394 486
3 113
391 406
371 440
18 408
25 238
195 237
10 173
399 496
454 464
38 151
57 142
221 348
175 177
166 418
120 421
240 338
2 80
389 431
327 441
314 382
152 294
285 296
281 405
321 447
201 338
166 319
193 360
148 454
78 240
135 307
8 31
412 413
40 88
99 338
166 384
37 116
163 362
113 313
115 262
239 272
30 171
17 432
339 400
351 437
33 315
169 211
317 376
159 210
180 272
321 388
48 197
172 350
169 179
37 483
2 234
88 311
35 197
243 335
144 358
134 330
167 487
74 376
137 333
184 335
183 219
221 495
64 274
217 286
292 450
306 326
203 239
80 438
101 192
221 329
240 482
238 432
327 425
12 436
60 414
65 190
265 456
65 313
90 249
84 359
129 211
58 113
86 213
139 306
381 448
388 487
171 281
389 443
69 205
394 488
121 357
52 398
279 292
69 90
195 362
419 492
27 390
244 374
77 215
98 155
386 441
120 363
11 323
29 143
14 474
50 191
366 496
281 436
115 267
14 222
95 431
204 413
108 498
236 363
200 267
68 204
256 326
58 89
50 462
169 217
60 293
73 311
176 422
164 199
205 290
108 258
288 307
98 308
306 464
14 305
180 211
156 297
396 411
183 399
380 451
12 322
237 436
91 280
26 38
351 458
227 448
89 481
