500 500 19800000
25668 4522
22386 11798
3694 9175
22295 9158
19893 19209
27632 20886
27722 3552
3781 32458
28506 22099
25954 4769
23339 24655
18249 6178
32103 31648
31396 12056
12728 9493
15741 3676
21652 15071
28465 31570
22619 20539
28194 23222
12447 25681
32173 16025
1986 91
18524 5542
29383 265
21084 24490
5986 3876
28721 2900
30801 2931
5544 24889
23535 29147
4365 8218
263 30665
1695 11882
5606 27093
16449 1291
9652 3231
9586 14169
28676 1277
28543 15465
24233 2905
28151 23954
3531 28244
28512 28205
6715 10415
8744 12442
10756 3692
479 3204
25411 21808
9379 31333
17720 31724
31963 18508
6044 21948
25384 7134
25653 15376
31896 21914
11945 11273
20765 14690
24208 21286
9790 55
4044 20255
29197 14149
15645 9489
31321 4127
30960 13276
29732 1611
10360 9673
14167 32257
29952 9585
23221 16432
26496 23002
19470 30658
25198 28130
14517 5153
28118 9953
23092 13562
2477 20106
31549 833
31331 29714
18660 7029
17335 18581
17420 27941
17871 6837
26399 13235
12424 13700
21507 27736
16651 9892
7753 28008
32161 12204
1447 727
25544 26318
13480 13309
15494 19127
22434 5782
2813 19895
8169 21261
18752 7202
1858 15866
26469 8694
26522 10985
16603 5053
15096 23645
31742 32437
6065 13588
2025 9263
15579 3725
11403 9269
17155 22728
24830 15215
17699 26445
23571 6216
5582 3951
4914 2892
21678 31698
7009 5844
30768 22827
8354 8678
8062 16455
26498 21079
16558 335
3311 21042
1848 13386
30794 1118
30382 13027
13245 27770
9639 24428
7887 19980
9469 23844
12085 18139
26424 7605
13291 26777
15433 26625
20100 5573
13692 15390
5823 9680
1448 14495
7258 5247
12712 25878
15147 16528
9487 1495
30060 32160
32536 23806
18519 32076
11228 31923
12019 21399
7624 3756
18221 6795
15181 13556
19754 31012
21721 26603
24796 4457
14087 30095
18899 6620
11539 1529
11606 9748
1936 18730
27315 25257
31581 12808
4563 18512
27861 25252
10257 2631
31558 11710
12108 17396
24740 20875
9019 10697
31103 20406
24833 16746
2355 1700
11522 25874
3679 28668
19188 5683
15256 10343
23609 25436
26718 9364
30828 25952
3662 14208
13370 6069
9882 19956
2675 4122
31671 847
23392 22908
17237 29573
30296 30235
5268 28264
24974 19689
3701 28710
21549 1586
17038 787
5799 7042
14339 28329
15689 7876
6833 22477
28948 31911
27308 13908
15048 15942
16364 17350
1089 3591
30275 18274
17414 963
21906 25442
1824 31784
2621 18304
19752 32604
476 27832
27300 31459
52 15952
26004 21187
101 21526
71 3558
13924 8681
26227 8639
17580 16506
12421 8497
31281 13140
12598 21164
11414 20506
16735 29081
671 11024
32270 7928
17129 11485
11481 17735
31449 13712
14962 29606
4562 28896
1916 29754
7339 16312
30621 8655
1376 23283
30421 16577
23303 4964
26894 24348
24070 21273
14324 2
7300 17376
29446 5709
13085 16139
13805 4726
1498 27249
18701 1974
1376 9909
12379 11370
21607 13003
7278 14780
24942 10423
29144 28288
18605 14232
23222 14684
4684 16102
5766 20012
8402 12024
31801 10916
25568 21193
25225 20023
8991 26363
25229 10552
30071 8732
10379 1856
14466 4649
18189 30927
7232 29520
16439 54
5900 25594
14679 1460
21966 6665
3262 22239
31859 32094
11727 13637
19098 19359
4949 14420
30864 10551
7194 1655
24703 17310
8629 10626
18402 26842
11683 592
23868 14406
1177 8106
15882 20626
31769 31851
6390 7947
20036 26850
16461 13340
24559 9080
16563 16661
11512 25747
20502 9004
20186 25018
10464 8130
20864 3065
9585 13799
19031 3463
12236 10527
26023 19110
22928 10598
24099 27083
12331 15475
4799 9983
8522 19514
11969 30341
915 32436
6171 15037
6039 15074
6136 4424
5378 32528
29077 31597
6165 27735
23378 26043
855 11109
3593 21232
10631 3713
24222 11802
21460 5321
5591 2044
30801 12990
31342 17331
13475 1027
16741 30362
24828 19042
22682 32618
20302 24080
16283 6310
2744 29490
25275 27190
11077 22687
11366 24145
4565 5096
16561 15777
8283 32406
5941 22178
16969 18610
26398 13388
22857 1163
6527 10225
25134 8115
13801 10856
26154 27979
32059 22635
3137 9600
9915 3646
24317 32342
29542 26257
6756 16805
2949 8360
5671 1120
23169 12729
8220 25373
23800 1430
23278 26578
5392 12939
29972 31965
6412 9354
19455 4424
28701 901
20376 21066
12666 22812
14825 7697
6578 14712
28442 5054
2625 29559
6560 25778
10082 3081
22193 19208
2085 2266
1787 18786
11457 20017
6037 6121
12075 5144
22326 25231
25064 14013
11173 15512
20767 26136
15216 27992
23026 30926
24545 31294
19470 26197
29486 4625
18817 11353
20208 15738
22733 9055
3798 30915
23866 1705
27547 6878
26992 13145
16949 11689
8260 25305
6992 7024
6099 25721
18170 21939
29389 6746
24736 22826
9236 15756
20281 13063
4230 11635
5569 27515
790 20079
2025 31099
10018 15291
14093 9156
32001 20630
11110 29469
31963 19617
15745 6620
23485 6025
9199 29867
9964 26597
2367 2188
10618 20834
15913 8731
20504 32285
23564 31251
32555 5968
27547 788
3874 8497
25554 17572
25350 19991
5424 26483
19794 3295
21792 22243
14086 22158
32184 7111
15607 32567
5541 21611
14185 3616
13414 28118
24543 24864
30393 587
2354 8011
5971 278
7649 16082
32724 901
22696 8740
26106 29492
27476 4185
18709 25997
2005 3281
25531 20624
32661 21016
26044 31952
27912 29709
2648 22718
7045 27972
24240 4394
8532 7080
19579 4871
24584 28773
15610 23151
24334 22277
26670 13031
13447 6104
9288 19683
28755 14746
18785 19597
15726 9808
32107 13762
11648 6003
31848 22877
25263 3408
12506 10169
3000 21935
12410 3185
26174 26035
28972 14186
15202 2817
18995 30484
2707 14372
5537 2028
22183 28721
1554 32070
18731 5542
1178 10057
8184 8344
11004 6715
6407 14
11805 15103
20615 10920
19640 29915
17708 8836
5714 31871
30409 28769
7793 17475
21281 23045
28681 1457
25851 22493
21815 1091
31092 3556
18225 28013
12185 19397
6782 31198
9781 22596
15202 13316
15336 3034
3741 1998
5497 32415
19029 32693
24173 19822
23376 21245
30681 14915
10854 10552
2420 11239
22070 14093
84 361
321 416
219 488
32 49
122 427
263 417
161 253
319 484
367 465
43 424
133 220
119 457
242 372
227 298
208 352
113 462
1 206
119 272
217 470
349 388
74 90
56 182
200 334
163 500
411 489
147 332
267 471
84 306
21 416
251 465
357 388
56 243
66 253
242 249
177 181
214 336
259 495
10 81
381 415
440 443
310 484
206 307
114 141
47 154
408 478
63 80
119 140
207 390
300 372
147 296
167 179
114 176
72 176
262 433
117 409
60 167
134 349
78 298
258 383
29 244
255 406
300 477
75 173
36 339
39 188
175 204
24 107
70 330
434 490
42 263
251 412
68 135
358 365
129 353
194 444
83 255
300 467
59 228
35 68
52 150
142 491
82 140
53 466
198 257
347 443
122 147
51 271
4 400
323 323
219 341
290 412
209 260
86 212
451 457
247 343
36 118
210 454
240 314
419 498
11 335
11 315
4 304
175 273
189 375
215 248
288 306
3 60
80 369
80 305
155 390
351 394
15 453
83 265
86 477
177 235
201 322
12 449
393 429
42 309
61 243
347 386
212 310
100 256
31 449
176 424
438 442
2 168
379 465
93 118
271 422
316 394
6 200
43 276
169 328
176 327
125 369
9 107
333 386
15 312
213 280
323 380
164 477
128 155
54 117
61 175
383 431
324 339
13 147
76 267
21 395
222 279
319 361
59 326
351 374
160 273
296 434
11 60
67 441
2 20
260 423
70 270
326 466
330 341
299 323
156 383
28 105
232 323
339 436
215 295
53 349
96 357
229 328
228 380
77 358
136 496
285 432
223 458
149 393
177 488
57 225
24 111
331 490
69 158
141 486
46 76
37 429
33 411
251 392
236 464
152 404
57 202
80 283
144 168
239 288
284 308
57 108
113 315
266 469
212 482
5 110
197 353
93 398
140 241
103 327
39 389
232 413
261 338
104 180
128 302
38 175
24 92
137 185
388 433
35 292
26 241
55 261
28 129
420 435
400 491
333 385
118 329
411 481
82 367
299 412
32 86
326 440
27 134
339 470
50 319
167 227
31 302
126 354
42 113
41 268
133 461
248 344
19 61
40 383
360 412
163 483
45 424
50 240
158 359
124 411
331 491
262 409
126 386
218 298
150 173
165 443
100 153
22 499
299 338
430 446
61 202
74 265
186 206
134 485
169 233
42 211
111 315
255 380
168 371
32 418
48 241
39 349
48 245
114 343
119 276
169 442
108 350
43 400
172 353
52 147
16 190
90 338
80 350
83 494
40 138
32 242
12 188
417 459
16 482
13 357
128 489
335 393
90 139
214 360
251 303
128 496
2 124
215 486
151 212
123 468
33 427
117 384
251 471
148 231
287 292
25 78
381 428
162 463
317 406
389 488
284 390
187 309
409 466
71 465
274 420
7 20
145 279
41 263
78 328
71 183
22 381
276 395
122 216
240 392
304 327
45 53
286 426
2 163
140 187
100 305
79 261
60 349
304 457
10 153
373 493
57 218
28 277
411 445
58 433
234 271
6 346
17 84
413 430
79 437
397 487
243 296
28 463
52 101
152 227
268 322
391 430
24 453
159 193
359 400
153 337
349 459
121 417
60 351
3 81
293 362
373 387
8 175
76 139
305 374
219 383
480 493
373 469
311 333
36 477
150 283
146 383
30 173
367 496
389 485
315 436
21 496
316 416
6 72
334 463
115 444
57 225
37 195
195 283
109 266
79 364
92 290
38 116
442 494
42 330
6 489
24 451
93 310
55 413
99 299
412 417
70 369
108 484
53 143
211 213
42 378
71 179
13 267
259 334
47 124
96 165
228 383
128 444
350 474
466 493
73 472
81 337
115 212
199 205
423 477
410 438
100 295
152 161
1 257
263 271
94 145
132 292
20 372
15 300
1 360
65 417
248 406
456 468
11 366
211 457
55 404
27 30
202 345
59 274
40 424
92 337
52 129
204 401
209 231
65 403
56 251
117 267
170 242
101 211
149 291
282 478
210 238
157 284
414 434
316 330
39 282
58 431
164 288
183 285
207 375
43 315
354 359
105 425
318 332
351 450
31 423
30 220
197 265
21 112
125 387
247 412
58 134
128 368
121 152
252 399
135 279
101 324
297 461
35 283
5 198
204 308
69 250
458 460
339 418
5 491
372 456
160 439
338 388
40 211
94 149
10 393
203 466
190 227
85 193
44 193
6 290
92 200
245 316
34 401
323 442
389 487
38 101
220 437
424 477
172 430
275 304
40 323
226 289
38 386
175 192
159 401
485 489
