500 500 18800000
4843 5045
24210 5144
27124 30163
5528 17940
20337 4885
26751 20754
26681 19449
21631 13211
23014 32359
24476 32499
11062 10980
7208 17902
946 31240
1417 28165
3725 13874
6716 5801
1230 3450
22298 2776
8882 12263
30682 28909
3147 7651
8408 11452
25966 15083
22036 10206
8396 30859
25470 29770
19039 11658
6769 32037
20744 28002
2173 14812
4982 29682
2921 5999
13385 31095
26232 3088
31095 697
15596 2284
15087 386
5577 15945
9341 22868
19675 26065
20206 7259
5370 1837
29812 5281
28557 27350
17484 28033
15693 12072
6557 4446
19532 13241
6564 3989
1845 20200
32014 7855
10709 441
2213 3804
7898 7648
31023 16541
27355 4635
26259 29632
18585 20677
25150 657
23173 1193
21701 23887
5506 2068
24268 23005
18667 21038
16678 11194
26584 20105
4158 6195
30621 21243
14005 15063
18324 10153
2892 28204
22045 21861
32261 11424
1762 11834
8325 32194
3680 17476
3517 17330
13987 17093
29897 31958
24912 23926
19224 19919
27369 18971
27086 26540
21325 30810
6758 7773
20350 31693
22172 17258
10407 23638
16266 6373
3166 16563
4113 28829
12838 10066
3706 19348
31288 8550
16733 3507
27011 17466
27586 6589
9969 17605
5255 27010
24044 29056
7426 30293
10785 32372
10982 1471
28803 22423
26987 11893
18835 27992
26025 10632
24799 12153
2629 17372
28105 10781
32336 987
10634 31010
27500 22378
26231 1456
28465 24092
11394 16914
15311 9126
32515 22469
11252 24212
12217 31695
19952 1850
25355 23890
10775 23276
10644 25185
18534 8050
21215 10002
14698 15030
23919 29397
9822 29376
10243 6148
11412 27108
18456 29115
2070 11066
10670 29673
20876 23375
23631 423
21344 24858
12622 32201
14881 6962
3917 18867
9253 30014
7937 9839
21619 29100
13626 11260
3295 31654
7709 19176
21367 5441
11700 3105
10014 13816
14762 776
26487 27994
24655 9671
29701 7679
16610 32740
18064 25792
2320 29463
3274 39
31672 31321
1330 19493
21745 9022
9017 9731
12110 12676
16035 19611
20065 8428
21041 4296
29309 31048
3453 27163
6592 10454
15909 17360
21073 22732
21547 5632
487 28724
1436 7960
18059 14586
21872 20873
21662 23364
434 18881
30237 8961
7393 24667
3876 17349
22165 11410
19377 3796
14181 2812
23211 20349
21513 31861
23075 16809
15292 29016
22745 22195
9700 21750
4354 15482
8949 27968
16456 23221
21651 25287
16659 14983
28919 1255
18695 3156
5523 7742
28878 16338
11513 28003
26903 25187
27641 5589
222 14242
10761 7474
24814 16443
6379 18602
8357 8961
8073 28338
6136 11322
23588 4349
4790 22333
4525 21160
18705 5696
1139 7861
16730 19563
2559 4794
32524 11825
20540 474
8972 31711
8156 9205
24879 19061
7670 17692
28413 20150
20724 2376
20405 24187
27820 6219
8593 7244
10701 17926
20554 305
11389 2781
20703 14534
15936 24680
19091 910
24348 22123
20788 5001
29179 29705
5283 5897
2128 14644
10641 26049
4349 21608
20359 1055
28277 24729
22569 28892
14365 16234
5051 28881
11001 25503
26340 19724
3460 8149
28082 14115
2783 19824
20447 18376
18734 24534
10835 19358
16192 14299
12777 21067
3438 19323
29558 13263
24005 30159
21768 20
3943 826
15467 3269
12590 19940
32498 5476
3987 32361
32371 8599
22990 17618
6036 9667
8767 7620
17733 4572
15885 30711
7566 17020
18445 19946
2955 2098
19173 2005
27317 14620
22129 14816
26466 184
1125 4754
18576 25079
12340 3468
1758 8083
26161 15991
21723 32419
19956 18491
31875 5997
5120 21617
13831 10363
5795 7964
23501 8177
23069 27283
8120 20253
2052 28610
9641 31824
32230 7826
10054 18156
12081 17062
1274 4543
24144 24648
26684 26511
28951 23971
23317 3574
25697 19506
30940 14961
8951 26232
7237 7603
17332 5618
11930 14655
29415 5450
31815 13109
2809 717
12956 7276
8272 30495
27343 23746
1138 29741
26176 14768
1134 16484
24577 11042
26232 545
6038 29317
27347 12136
30969 10273
21492 9688
1506 12969
14820 32478
25668 23824
11494 29738
13851 32415
27482 26719
7781 26949
12001 26639
5998 4654
21698 14054
32337 10390
25996 15653
30652 3808
16381 26962
4595 27106
27427 23086
18456 14980
21441 25832
19113 13705
30964 19344
12618 19884
19478 14286
31173 9199
18403 19924
30799 21040
730 27537
7437 17405
16614 26664
13014 4521
18494 26528
31547 4511
32138 5853
19396 5111
2887 25551
4221 31815
6252 1513
22449 11708
21070 27349
19190 32105
19905 23398
14697 7902
896 27854
5947 16125
27599 4625
5741 16649
32094 25017
15575 20992
4977 25548
7023 17963
32574 31739
2760 29939
18582 17436
4313 1782
25032 27354
21504 27226
21187 27307
16199 24929
8058 11523
15333 24382
28045 28104
9224 10024
11557 29445
21201 25004
18719 27874
30112 7239
8814 4564
659 26420
23226 19217
30793 1411
12877 1351
19180 25451
32048 31117
8814 18145
29585 666
19986 28265
24936 21044
4399 4653
31067 6892
11569 31564
20190 521
19680 9588
15262 28098
13541 7859
13344 944
23945 6538
20389 27522
22977 25924
1874 10739
12136 16517
28813 10233
1227 14886
30378 14911
18282 5184
22471 15574
12285 23943
26868 5928
18358 13530
26008 15405
21190 27416
19984 31457
17442 30516
6552 13045
7815 28812
16239 16836
26299 886
23350 15242
2839 5148
28825 17616
25666 907
4658 8235
13119 19206
28586 17446
16554 24992
3874 3453
318 8202
13777 24972
25499 5801
17390 21766
11078 2539
2000 10986
31986 2268
19540 16307
32766 20980
9855 13520
14654 31283
18020 28755
766 2673
20296 17645
17988 1775
31493 22042
22870 5425
3244 3225
10108 13328
22126 12063
1543 14859
22205 29516
23186 3550
12462 6878
30344 19798
930 28965
19431 22115
26149 15543
24387 26223
2070 31076
6925 17390
16393 28268
26645 9782
2025 29936
12110 20369
11490 679
10449 3473
13949 19666
7205 5028
18701 6002
30142 25576
1867 1208
21955 14913
14141 30909
31765 11688
11868 25971
13708 31686
18677 4828
11908 12993
28880 14201
20120 11606
30480 29958
429 5416
17754 3428
4659 24407
10809 25559
30887 30549
17601 7793
17500 3061
21363 31694
380 12997
27233 12546
16457 21918
21651 25552
8617 7801
219 435
59 87
323 337
351 446
3 351
105 275
161 296
325 452
54 88
151 477
343 347
2 187
177 392
135 494
64 264
185 208
150 400
232 284
373 491
35 453
119 334
58 122
23 313
215 369
24 476
183 463
109 246
265 272
63 129
308 390
136 289
281 346
325 398
53 105
124 382
60 189
383 471
248 365
182 468
439 457
339 497
257 462
215 412
179 202
112 318
81 296
323 450
45 210
113 203
148 499
77 395
269 436
192 245
50 266
44 333
440 493
211 402
31 174
112 137
58 294
121 399
31 317
388 391
379 490
161 202
307 444
65 447
221 399
210 215
217 432
6 89
183 215
134 191
51 420
69 229
105 293
11 359
139 288
37 405
138 262
317 460
39 447
184 222
28 108
25 482
20 491
216 257
37 354
272 393
166 461
227 312
163 460
150 152
49 183
139 190
262 437
188 208
71 169
148 160
189 288
1 44
205 324
155 253
150 312
176 272
257 415
28 479
415 496
218 339
144 309
176 465
315 360
3 206
219 316
259 353
154 294
299 344
7 84
39 462
192 312
8 411
86 476
395 480
57 470
311 312
174 430
137 221
152 317
89 283
62 150
250 466
161 449
61 321
161 476
232 351
166 329
76 202
375 475
159 473
39 440
42 158
141 154
309 351
402 424
56 172
312 476
140 264
72 397
91 331
53 472
120 377
11 499
291 476
238 458
151 360
99 213
16 314
52 75
90 112
206 457
245 482
83 293
339 491
356 380
65 102
22 238
228 382
283 312
220 422
11 141
3 406
88 220
40 378
20 428
68 331
258 374
155 399
151 168
46 54
129 217
32 324
437 476
248 460
126 180
115 306
2 220
28 243
30 284
20 340
41 296
305 443
354 419
106 425
112 500
360 364
184 205
196 445
74 208
229 272
200 423
108 141
252 433
73 277
18 367
72 364
163 421
246 340
302 385
234 421
97 211
1 41
144 273
78 398
126 314
68 476
287 307
441 476
244 495
84 413
89 274
264 285
368 445
130 222
182 367
132 355
230 460
285 475
332 434
152 238
301 405
90 488
224 485
129 291
33 58
276 376
153 440
188 445
208 460
344 469
97 190
405 451
275 423
272 398
311 410
152 423
187 489
22 410
67 442
98 224
49 125
194 237
13 43
328 443
143 400
18 287
142 147
55 315
216 480
95 203
240 266
37 267
11 13
17 174
222 250
9 471
36 286
103 219
248 421
120 447
55 205
219 243
292 471
211 318
7 438
71 469
189 456
139 388
100 420
454 460
116 161
61 495
106 194
50 307
4 451
12 217
100 258
377 428
309 434
67 425
32 488
88 176
86 94
74 115
198 270
159 325
69 91
384 439
139 323
132 352
223 429
19 449
324 439
254 311
125 289
476 482
210 288
209 309
14 304
240 476
65 360
147 410
234 454
67 130
255 450
177 480
137 283
268 449
377 439
454 493
362 494
35 280
41 406
229 273
368 500
214 260
43 224
262 395
269 467
166 175
216 269
323 389
36 90
114 213
111 372
29 167
144 175
18 86
310 314
386 480
61 142
250 422
188 285
325 444
163 166
45 224
297 441
226 487
385 489
71 160
207 221
75 117
50 104
412 481
160 226
78 152
188 495
126 128
270 323
218 308
260 485
300 355
46 63
20 222
207 498
182 371
185 224
207 408
195 349
51 470
327 374
388 459
443 483
87 372
232 437
139 164
29 252
373 461
215 323
313 408
78 205
375 390
70 216
150 496
157 271
406 431
29 65
84 242
216 450
202 492
26 403
20 81
249 450
180 480
35 364
163 315
71 81
113 298
97 358
72 108
136 192
57 444
87 279
276 450
96 153
133 148
287 486
121 472
355 391
128 210
55 272
84 299
314 331
41 111
73 240
207 315
21 175
87 406
256 304
199 362
113 231
224 406
107 182
85 143
464 467
55 384
416 434
220 492
203 423
148 340
124 248
200 299
188 405
296 452
423 484
28 186
172 358
264 265
97 215
110 297
215 333
286 304
134 409
67 102
145 293
17 367
286 493
40 280
51 152
190 479
3 51
322 416
238 471
265 296
160 166
30 445
233 259
113 450
34 340
57 225
62 295
230 377
47 111
219 247
174 394
126 268
301 432
359 469
293 377
30 427
32 252
145 435
353 476
16 28
264 497
413 490
292 460
240 264
109 256
211 433
291 492
307 495
315 352
351 355
8 451
296 483
319 403
46 347
36 120
292 455
150 271
264 268
176 492
164 457
180 292
212 383
197 292
25 278
54 98
107 108
159 444
