110721 166872 178568 22416
19330 75955 123136 183313
105971 104524 73810 114592
75738 246425 36274 15547
167103 193326 131075 12367
298996 82133 132399 162334
42907 287672 122066 289732
255142 240978 298351 238270
105923 69383 219740 15375
263271 235263 236787 270850
126998 178544 111000 103729
136830 53267 116737 161887
94670 288869 99461 75604
172037 51445 23774 294056
74697 233062 108893 187326
91259 99498 21522 289006
238703 189532 153600 19146
118877 83535 114776 131848
227385 34647 45258 69529
186422 103640 245568 265917
193512 134928 119577 59893
184442 284594 141547 289955
247489 28681 267123 245331
269822 84394 32169 279689
152458 221584 130513 35690
217551 13752 142493 74547
24450 39325 82745 217248
55430 99298 7670 206401
82547 159268 273588 57450
244831 130351 175615 90068
143166 212762 3644 82769
116997 276722 168904 64606
199606 50786 66142 154560
1406 250212 100091 281736
8371 210112 26082 141431
294744 232978 226436 9369
225873 31915 288836 18613
130897 38947 219899 196430
232906 112822 296600 65926
202918 97237 194091 152482
192472 4175 78085 214264
96369 18659 143973 205375
233017 79032 10416 20044
298731 195482 197726 82576
275180 147865 51268 291878
247480 286446 198760 189019
142316 136408 296599 277278
88215 128694 39167 53880
52790 299768 43758 167805
239078 72379 184977 93790
294041 7342 165659 9387
83816 21573 166743 228537
160098 133421 259241 183954
115995 199564 140582 2634
233314 145504 141840 215875
299299 201108 290011 81304
192888 260816 211833 148216
166410 275365 145040 222453
92331 56054 37911 47486
277136 236518 225568 178517
268479 56288 62150 92441
201342 54367 106277 79012
169754 253134 111923 106218
249780 291753 294488 143235
70657 138106 105141 223236
220481 175420 38780 48944
238277 138922 128099 268826
131275 133053 292114 73278
28257 213785 256657 191282
182910 33851 276726 20185
46319 48571 246745 172568
51334 230646 104009 17712
224022 231380 195866 187650
88971 171004 60845 12188
65534 268242 167587 273186
142688 116716 66020 9620
165528 171918 226623 27274
7563 21253 260341 109911
94098 206595 138938 104958
12096 229525 151712 49765
45337 114934 72376 27231
223252 219180 143887 164292
42467 19520 95546 222343
153003 36522 190409 30003
69982 287676 130462 19686
254694 36118 172468 140967
107775 250944 46435 133127
292940 145696 232727 142639
110771 61220 179563 251503
278237 74683 188029 153432
217466 135740 52601 59800
36861 194227 124979 2237
129470 263615 61294 288025
260212 185194 106786 135356
12957 118 101812 208866
1999 190901 245726 188866
112680 81083 209576 180697
263273 53 235180 266182
142464 290711 32113 176321
203125 280873 223805 186817
71927 162201 215779 231826
74519 259039 58912 147609
242577 79942 295767 103934
150949 233398 182058 53447
21755 32239 230815 253326
275296 50027 5193 238069
138560 98425 82270 248175
182711 265445 175572 233521
23447 247746 201289 90327
135226 69876 89756 270744
155009 24864 155398 124319
191647 283232 49654 86889
135829 203719 131650 258940
23654 143423 14773 268315
68641 67159 196434 66125
193741 67974 138137 64594
240955 15481 23740 163067
230978 209961 118444 231999
52112 198951 15127 216575
202999 99402 101620 296218
125593 251543 127984 259559
134273 84175 256482 54203
237376 34416 247997 206444
28885 290216 29171 191574
245067 35197 228751 127526
182951 278868 244133 9656
252324 44216 258332 152222
264154 226420 236627 159230
245160 131973 69943 290154
114802 47379 199518 122248
284141 17730 99639 192661
206267 284967 1055 45963
36428 96650 118456 16009
25213 203314 53179 34737
266757 60885 292140 237487
93957 194298 255284 151882
247184 68264 96939 107266
198340 202507 38529 278990
142593 121836 170171 202743
120254 26690 20660 68284
101192 104091 36778 209780
53733 193828 277508 296479
277301 247250 298233 162406
202631 13080 285249 122983
9289 240188 239368 144170
225306 102840 22599 85404
19338 26022 11317 92989
120037 68184 158399 251798
297980 245583 153085 162569
253380 242664 7256 53190
84116 40084 218205 145761
281731 52724 83408 79559
151365 184035 167326 162885
123320 174128 35420 177021
219049 238804 107425 139671
205464 143971 190400 208036
278477 27071 145761 130432
161757 189338 99556 194109
251059 272144 271982 117529
28438 12318 263169 235569
196839 243031 271267 127368
32801 2419 91610 174876
42853 68457 146380 166318
21944 108544 116061 164725
283273 7631 287956 238113
123794 53393 282792 173765
11056 47435 24666 138519
269162 294587 101147 96342
143305 220698 226765 1724
219617 24418 14803 119974
68132 296208 181846 18130
196616 296428 44283 66167
89261 20501 252578 266875
80877 279825 246860 275918
113229 2495 296186 62216
46501 244037 210748 252327
261694 220318 53262 273421
153170 82453 146910 206060
185060 257621 201708 255189
156857 65894 285417 243866
291613 226453 208994 112472
17874 260886 52912 37065
134228 261061 122656 183895
148621 23452 277848 61349
20610 45417 91866 219211
170342 40517 49808 206908
81971 133923 84836 111735
153314 280455 228149 200099
220199 224259 173837 254474
170697 234394 29093 106502
26953 107168 62248 128055
245412 171864 239360 212162
77948 142998 138510 119390
40538 57369 294395 5306
243565 237170 293909 120561
202411 298384 24857 266371
28165 109154 76531 152086
256980 56056 61760 205992
93264 259079 247298 222735
192268 191995 81159 117268
109875 174560 163289 156189
253134 29771 213561 280509
161955 6560 42260 88619
75006 126911 242415 26924
201665 221939 200940 290354
108852 7413 250069 63013
18827 268063 30498 86959
35571 93889 116653 50684
174282 58119 120109 37192
163283 34516 45436 255245
152523 81442 54325 204978
250976 275115 122245 64067
146818 243114 110955 259554
147731 42474 278681 97635
214759 252380 280736 250464
88692 269318 293470 286669
110789 191723 192105 75315
227594 273843 246423 101593
72920 43040 236264 151382
190225 155702 165686 191028
245999 186187 194219 80892
205747 267988 153925 266325
295715 30531 219631 103284
267328 68263 150222 8495
15534 280351 223926 158414
281008 1031 2150 209517
9541 72340 30638 13120
209177 250459 214161 275862
188898 129962 276379 75719
77024 207277 215047 132870
105577 119083 116068 246170
186543 209789 213112 90424
55425 160292 131473 288448
27635 209065 292533 118324
49024 137916 3666 33694
7677 97686 32845 55309
172622 60657 106830 194227
149971 239801 173851 275555
153525 232754 118962 254423
23791 82124 255218 277484
32078 49566 103117 183957
142361 249529 270433 288995
277763 120752 186959 271100
131139 53576 204803 160874
83082 24309 187712 163241
224190 52336 243987 159862
185138 37308 273685 134268
130688 109805 22471 9467
112402 171427 278272 54464
247328 188113 54007 151577
149627 158353 153905 205388
12174 212711 222498 171324
117386 290705 197408 298491
191870 149933 290147 102319
289865 98268 58138 33716
253614 242819 29975 144056
125302 143889 250783 152971
253967 243635 28887 205295
193038 268251 39894 123541
261731 277084 172775 107209
194212 22309 38055 228499
103414 159311 204165 201179
131319 146933 79451 90066
242486 267457 56431 71845
210398 228453 187353 285221
291597 247321 242218 218444
14362 282472 18320 34597
279654 68181 240539 152773
210666 121679 20805 34529
101906 23765 41475 238505
229633 127009 224783 151327
34428 199241 245928 187063
163826 141438 281833 240764
37182 46976 179630 150304
180265 191258 186326 34797
16832 280826 49181 1275
90904 45804 47796 212337
270518 35550 64926 208767
166934 64320 92002 218247
161328 102648 88119 125722
152496 46039 79108 81620
181799 112072 292049 238101
2590 126637 155548 127703
127693 251236 121852 54994
15603 102716 135657 199464
174147 263170 35428 128494
152402 229865 206515 204375
20363 287725 48909 3865
201533 220333 133088 137284
75122 284936 299569 173883
75295 35127 246642 76786
274080 166673 278161 154691
263595 5682 181047 39169
64892 202656 237645 134184
258906 262116 237204 115934
274107 17251 190663 24739
292582 31294 217648 208019
201050 69502 282103 265888
48468 163493 147733 120072
210420 127197 212273 37106
6295 68212 200597 270689
282447 255282 105194 198640
177592 224898 261971 95460
90749 31956 79281 271618
183533 291464 19461 50608
110956 284591 90818 135150
79516 48993 146708 119337
154832 25545 38319 93805
182598 41819 287185 288084
206201 151546 157203 196606
275855 56682 26188 285727
192923 265636 137190 47745
8531 62338 217884 70794
59752 221485 51045 122677
216833 232914 226217 12607
238236 125228 17697 170785
274872 201766 299466 107079
240992 63730 231073 2582
206592 55762 49782 201976
27004 30028 208476 178423
130944 200182 166819 25360
95030 240640 199216 111257
285058 72729 41378 163355
274970 79043 297308 234015
11055 32335 63086 288971
241006 245846 273220 118604
42676 220666 132323 172248
239135 11427 6304 124871
221462 55537 240146 243560
8250 260632 200990 185620
70828 294989 240377 275141
90474 161453 211254 222320
117242 147034 161910 15017
38371 13896 284496 184706
42484 189626 253793 50031
41228 269076 40302 106912
277920 119131 162782 214943
114238 74684 196193 228555
298784 284457 216577 144205
273884 96269 233729 96192
217589 259131 258131 80978
288971 183647 249563 81109
267933 299418 61263 272623
155914 251022 132891 33268
271007 183533 270361 50728
62427 283340 139530 281069
79072 178638 219861 46819
219565 108756 293361 67167
165478 11122 41087 197102
219454 71103 273054 42373
77399 215563 3647 49787
220314 212727 122684 254447
193081 30211 265986 69456
42435 194073 51096 2439
245592 224052 270881 35500
211176 129898 215236 101213
32570 196547 236427 95693
256717 290332 268619 139460
209289 171057 88074 249508
193606 11496 61089 133752
287540 291679 207103 104158
238163 178440 81817 229895
104708 67459 52288 157534
243086 226985 249796 66142
124748 43166 97328 125247
232888 91803 2644 116188
245491 273449 125212 294587
241899 191839 86721 59935
274033 280474 64049 113314
233748 280466 175299 121018
190321 178891 119201 99900
293472 216265 282188 298938
219145 284459 251134 110508
165603 29527 27025 147299
297121 84719 122191 114760
297079 283770 93014 7254
101435 23630 237993 268202
213092 140633 258956 180265
212576 134096 192514 209883
133194 203274 208269 67410
87180 55748 180009 198274
61786 41321 113627 101817
82612 6939 233401 229052
61803 231795 147568 282495
51150 273632 121085 25605
65811 70198 41928 66917
67126 250606 260114 278247
7663 80750 213188 8542
7685 275780 157103 22545
97047 21137 208866 154485
203826 213046 56712 103746
253226 165931 7270 3636
143068 124741 48957 282008
8574 69704 247852 121980
31351 33158 299173 281261
249494 172264 285630 159075
123091 287050 89789 188096
251018 206794 79129 278109
280893 166865 155774 121319
17724 25209 170792 77463
25822 127746 19237 270684
121740 221421 56880 293780
6382 93807 41298 271445
204097 76029 108657 81584
166811 244850 180203 99940
197612 263254 14556 14660
152219 63146 155749 80822
45160 16132 204277 211004
242813 205900 100326 119189
98465 122109 88867 1507
269598 166276 30896 230544
198609 126569 112981 156534
193927 282421 139497 68327
216463 57324 10522 204180
141719 20391 178259 239524
32714 6720 137080 193007
290177 9985 251605 47757
117413 159515 156734 256943
143941 71879 26865 249324
254931 172901 47199 142719
194130 31544 240821 16304
286961 219504 51690 148700
185713 222397 1445 188916
179506 159755 91625 188475
40300 145225 45255 271390
106205 263169 155128 75883
179501 182584 175308 298577
100199 26035 172707 186138
26281 290997 129792 297844
12247 283831 237215 28197
29929 12871 3209 180788
188192 125222 244769 84461
112833 147668 242358 99366
106957 144327 289411 175584
271932 177678 38902 245557
214290 129514 69173 274575
291028 217765 35836 1528
271715 248036 158931 6462
90960 126894 152436 221368
175924 65902 151701 45969
156650 49825 115090 79454
107348 212790 186996 264283
202392 189189 91042 224507
100830 294349 232459 259504
132496 119883 210051 15794
144995 246158 210519 105498
179681 197219 270747 224201
161791 188061 109009 199993
262413 69714 146348 159181
258751 43264 86012 34028
62754 278371 63333 129973
37998 4020 209464 265257
249636 48863 249092 34701
173233 41464 43871 47067
238278 124074 201819 217328
219224 288944 48373 177070
236970 201602 153729 182532
254323 7306 219352 54813
201411 135224 232951 238225
14686 264064 299829 34051
97527 279971 235126 63022
68830 40702 96389 218711
83102 276761 187006 97957
165614 111362 31917 60473
198275 292492 156675 97033
65164 77928 296157 280441
143003 186540 64269 45502
25505 127277 279442 230161
238573 264716 4754 40236
72933 230649 150650 47667
190806 288276 31738 117639
90822 58041 154772 58928
62435 145907 196295 177743
126460 32161 134583 124626
268690 160565 259669 280575
97591 129880 180712 94107
258923 49377 234666 74896
61391 189065 104113 221477
247057 200630 130350 239119
292030 29766 92099 21242
154576 132364 226496 246593
142079 82958 87494 141171
108588 145843 158319 14474
170878 230145 85004 290163
126457 214455 128693 62758
117378 240972 214151 96366
220946 274111 244551 157668
68355 200274 20513 221676
112620 55385 59398 5932
72411 258153 202035 38315
11090 247112 91586 52459
54469 118874 253714 26080
250838 206225 101768 52318
144035 264130 143369 163657
130908 212483 130428 54066
251444 235886 18958 268708
267169 56498 248909 14241
63351 274479 62140 298849
100838 39878 4116 152525
151752 294283 228266 195122
38188 37956 214004 233854
126231 174303 241966 117819
82582 177731 122400 74
102168 244804 275004 273148
250667 108155 72685 771
75288 170723 260373 140267
120745 98193 292813 56478
135667 223661 281008 179833
165402 28634 247565 159642
261630 214788 281807 237138
268811 15647 42091 143703
223187 193348 196578 252732
60948 221200 248085 131565
215873 154361 36944 7115
277419 41287 122050 89546
16775 127038 258843 136925
71371 251586 175601 25438
6113 12303 111004 129120
184277 253749 152908 251238
169897 184245 102324 143475
268705 253351 52764 135873
145494 2426 120967 284121
237284 33954 41712 260767
62543 6170 52152 81713
171236 54783 172715 141494
162824 71900 161482 230024
87358 1280 85731 143396
288678 156523 158145 61418
233523 193637 7862 299467
277281 53464 117802 221308
168704 28191 143465 60903
49063 86563 107839 236445
165640 127986 206581 201867
111152 91309 123379 141883
116461 80283 32953 213756
96680 11210 131881 275345
2584 298080 225501 237345
271621 209716 282155 225216
49057 194271 6177 71704
145500 260714 196555 174410
136957 108212 261060 260531
92486 171802 292071 219469
158950 232769 187212 288513
131027 260049 183959 175702
124525 190174 92354 229803
236165 291694 34119 189591
177778 145944 21517 7442
231728 61690 23175 167054
118600 112510 200044 169519
157229 103935 90464 151777
14987 91732 217390 161243
56373 160342 142279 96805
280987 120462 20543 82580
136780 196161 59086 149961
161232 157263 35585 286414
67651 249221 220109 185970
187464 88853 176710 86585
71974 294457 113934 293578
242950 31954 10646 247189
33350 158296 178221 56395
126083 83453 154717 119695
102929 267140 137210 261826
200551 70967 211061 224588
236928 181581 268721 191651
55148 83278 212926 234775
56442 141097 14374 175893
81243 209940 97620 18111
64857 253240 239414 285008
274226 2400 116255 174180
78666 243420 53879 37203
38648 133819 88568 240262
139401 198770 130407 30093
125840 142061 167346 291572
111692 181676 229187 44236
246221 171481 299933 293035
11527 285903 77508 113420
106817 57074 88049 270049
160687 108965 227493 297131
105642 215847 32484 91429
91497 144328 290314 65572
143906 54959 67313 256512
124675 266423 39251 296861
41822 40315 90251 134462
138013 86298 201889 235619
107199 12755 209514 174800
20335 126075 110672 182612
144447 263814 58225 10640
54817 167512 109835 62119
219009 255212 60530 178091
194753 49586 181969 50293
288183 191224 151951 55941
81438 231703 287718 140357
164335 283680 145509 283462
59784 77016 83572 116379
285182 191472 120911 99613
73074 79093 264861 94959
215246 30880 16364 213819
110574 145236 238221 68322
125404 28213 192163 101942
258954 284900 59112 129183
52307 67893 226188 58053
43202 158553 231582 232266
276237 130846 164947 23661
80580 219072 122263 37383
155319 224461 180433 281509
4269 294582 241627 269171
177398 45793 27031 147766
116940 157628 287455 285373
161777 79634 214716 160837
214404 196675 40331 96723
46033 104948 221939 222750
159294 207477 161711 248187
137789 25710 220408 173136
264486 97440 280631 145614
173315 280740 290977 194163
143560 208890 195165 217646
136144 84179 86665 97553
26601 77191 227979 39805
68170 278572 296353 23948
276294 78832 6354 169587
147112 238881 152920 269962
156123 118533 56083 117961
71531 207833 172853 127386
275938 290755 182613 36570
531 184813 194246 148496
198402 193323 170898 293501
9314 270946 92504 128976
71514 287631 81282 198626
74677 119266 70847 200512
296815 186663 43389 147914
10453 250810 7081 13722
69468 25676 39452 218100
260096 228780 278567 223188
122961 240138 134748 64351
217856 252343 116554 279637
215814 44884 113423 181300
79344 203885 61832 149828
27948 108578 123672 246525
177447 222695 182516 72195
132288 127479 242541 11045
78206 248351 31779 170851
71381 168832 19412 31365
185670 169282 231183 124670
87371 94133 178668 138162
161761 287972 55302 171644
228917 176531 166858 54071
105439 45530 171821 232539
58036 289629 41592 22431
221771 47048 166005 37557
140600 7240 25015 44808
255669 224803 211478 16835
18800 208146 172875 220688
60576 3068 269585 118232
202861 257330 21301 50530
20041 295791 52897 146546
40115 260414 115160 198986
225174 77354 258660 5296
143746 110339 160699 260180
296217 38134 187351 112433
260990 208647 79495 116658
152927 71702 66873 179874
5662 54182 124162 61447
288648 72008 100107 109488
48655 131605 241945 280502
217079 93593 225647 212578
270195 145905 15632 113006
50226 112317 70439 251183
202832 228463 61619 43086
253951 70831 96566 110540
63972 1125 18317 70580
2400 10717 200608 51342
15302 185954 31571 17486
4577 144466 228044 83418
27596 54180 95176 162570
242342 55624 225120 22153
198995 127565 233381 25999
26050 221288 91483 237059
204686 155951 255663 176182
57683 6669 56051 261904
62683 248000 69915 245952
81871 131801 99788 50849
85599 206722 103235 117108
26428 16515 284842 274324
243848 207707 21710 173151
151597 23539 270340 236912
298177 25405 297108 165793
249421 107351 17047 294661
269948 196715 37613 149174
185038 137066 94786 106119
148071 53028 234217 197656
127128 39814 292169 198457
255512 116210 75206 177802
102250 42139 22231 5856
18359 239988 100023 28407
279471 273051 194507 281433
148769 227648 280599 268643
213755 187295 259622 49492
137158 89864 93721 106974
25601 192010 180552 32579
26658 165784 153568 22497
260381 143092 105817 296168
206620 66505 292554 157042
100733 234826 295317 42939
285470 56321 4715 153169
296928 162261 51983 8766
40781 66729 285413 109821
179256 261650 281598 271235
108176 232734 10869 163951
21156 83389 117753 59879
253305 64442 193824 235215
118848 198379 168631 212699
224490 270724 232387 169448
241408 23460 107502 285901
277303 22412 136706 208957
238181 249688 239713 121376
232679 62538 274042 279233
143442 132818 232646 283732
121614 73316 12247 121479
215702 271260 121339 66010
12211 19144 240471 41085
176099 92693 123806 70448
92619 229923 120195 58184
163563 233716 119272 110316
45577 207994 157218 34309
180378 119379 194655 1726
58171 156394 152216 115783
235178 9972 166045 247347
33017 298829 74899 134777
235146 227677 131050 95442
85364 95282 163294 232974
167248 291180 93668 143313
245023 32610 183550 229764
160144 274617 211155 216940
9841 153189 189375 223700
195713 56529 189909 37486
27811 219822 250776 4811
214683 111962 126863 281116
57711 235223 275144 125374
243192 205147 260046 49374
110889 61894 172647 204273
175824 93764 211573 159592
21550 50480 10083 216191
71873 71216 189105 64467
151988 75589 181263 187200
19865 45294 250657 236993
204514 12043 17623 10854
8715 271096 262809 104770
8559 101382 156917 196662
179106 146610 256259 287436
263673 26027 242484 175319
105605 101523 219721 181779
86393 279956 43220 165219
46832 163723 96278 254321
109913 108011 261631 132264
253994 277572 166333 62019
183443 163541 206773 232960
137868 222910 165384 147029
82831 33839 75018 161093
250050 36722 48942 226718
275470 264633 253593 169404
200737 210713 59419 160655
296053 87122 72824 247041
127420 23834 105766 202870
171936 157687 294562 93627
134483 226917 261055 130588
156963 284446 37527 195516
212301 251594 65626 281759
165595 1418 89237 299462
141168 93328 143184 285490
36118 140902 256565 199728
91879 100124 249265 83619
121145 238315 267187 137462
169596 13923 139931 193928
34386 170098 152917 38596
5559 46364 42436 74941
75619 253096 136029 180449
138817 78542 115972 90843
92197 127869 69254 69578
124751 32992 142931 182237
123743 134468 113333 275999
52869 120950 184177 118311
11070 130314 187575 6859
275164 123106 291739 163535
182992 36881 30883 201120
224285 40652 231690 244454
48427 97522 191048 77626
154455 150926 178431 49542
92374 11596 225322 104191
128671 272217 230395 72204
77360 151871 55150 231328
68777 76568 57208 210043
239332 110082 163455 30254
35493 50414 2458 6644
121478 121419 112811 297647
131081 247705 234635 272761
136140 193268 253593 199112
141129 241293 284260 125915
169167 150772 89263 95759
201057 215995 251213 62475
220003 84437 72356 18360
230336 287599 20430 203128
195490 74266 176453 252370
10340 275328 103207 298935
123964 108770 50524 215775
156424 52399 182373 213445
271357 81028 12821 292930
73859 207149 13648 196376
45939 160974 114475 68681
81199 113705 15759 66937
192605 27620 276621 48336
9554 131356 34032 77042
230486 228786 177512 5655
256928 237080 77911 116056
19841 76677 257748 141063
82110 48321 66136 88740
254263 174943 193959 106519
289698 8505 258783 25868
193185 25503 18675 173817
89910 111509 14995 57907
264566 266171 186934 265796
143287 290567 102000 291262
261245 206463 273852 240496
151178 43519 175866 111332
144091 92908 62217 225861
84495 37278 277960 81882
190386 8401 268277 108059
196021 276802 34223 195984
18878 162621 236406 127457
197872 215417 162011 24103
69719 271657 29606 138438
15929 201987 27909 112162
7128 99317 228876 286472
199975 47028 272613 24531
291859 20337 96320 1087
256307 44765 139662 9328
153569 203702 3899 64172
192343 139632 296629 39325
62903 259035 278602 265911
103818 140289 93238 86500
244191 280465 79808 180641
241291 70267 147692 254080
157992 29087 193673 232152
215380 185672 188365 3197
253749 25633 263461 112682
170826 190974 189716 189204
143938 122847 181748 33964
236672 178622 62400 57152
290703 117407 184700 73612
200801 248522 91568 194543
201915 45905 73257 84042
7136 84286 32059 44845
41319 252225 251037 31780
133968 268459 234151 31248
292216 73381 296417 146327
18432 233552 29876 226563
40305 170841 240378 190444
16426 123560 178116 213418
45770 109581 158707 268778
274494 139868 155092 66818
181662 214218 266269 11189
262444 238092 288589 142943
181889 293875 116286 281283
274711 194592 89997 241046
286400 221825 140037 221585
46061 294886 99488 105734
206467 236848 164640 270846
143787 4412 283592 99823
52955 169887 90521 262202
164071 255167 102186 60372
26815 171105 165961 8096
172898 108991 206170 95873
33581 100372 278808 201350
134799 271498 224084 200742
207846 18988 209214 240509
99958 213729 56488 256678
216801 88220 56202 172841
52296 262180 106309 295484
133917 215600 244596 134036
265897 89772 232785 21023
211799 279980 228072 180248
209851 227692 249531 293472
26872 214764 72583 55080
196633 48801 181879 186120
56854 287550 239202 3599
118505 16121 126603 236858
220830 86845 265840 233846
59345 64455 209740 273523
81925 290660 11947 99768
7053 228747 249706 216956
87389 115457 80078 61044
258695 18144 189434 6446
238499 71326 268145 227768
292574 152314 206989 205701
86916 213404 1558 247562
40606 113296 285948 172394
181083 180703 129106 75954
217068 56131 211284 262441
202524 5036 104679 113898
1525 101048 214543 266395
107144 297826 60947 205837
127644 94979 189544 163304
115347 36727 298169 44450
75379 125569 31988 51155
64669 74646 69203 12049
221539 69648 208141 268438
169212 287823 242730 58430
177298 64002 136074 151492
33649 96091 113468 182109
186359 113904 150958 152686
247510 18145 27534 137256
94749 105040 556 128828
73586 85926 9095 24098
269101 154546 161415 149704
258558 42305 137836 44662
16130 33797 45694 248722
225182 297109 272610 122554
60106 266080 255122 107846
168272 188157 107086 122537
89620 22948 127769 67918
297695 175630 234657 282578
112410 43335 254242 186775
196485 136258 44703 80833
128169 267668 155041 65426
179890 291679 265302 200461
164027 254060 218665 99095
75300 20741 237676 256761
193164 248600 268016 158462
205188 293742 148339 80020
201799 177545 64035 256165
30585 19184 206937 153512
76299 259635 195723 161297
50358 272538 69129 141857
269779 173079 205479 33142
253462 135445 32953 27225
30746 43973 128425 297426
224173 161018 41494 170471
11738 289684 46641 5639
157797 258857 219184 243648
208913 136248 139434 278140
294796 12455 158526 59973
159733 260157 270440 285775
71434 110027 230319 55936
237237 154864 152434 169370
24538 158516 80025 119173
140061 292294 112244 217190
210978 228288 19573 299567
17883 187750 285017 212195
198554 293216 134587 84618
101768 32342 10205 152747
157808 7754 143421 173913
236307 99531 281637 36798
67158 50715 64540 162139
153678 119582 72963 265874
25309 37276 206533 40458
249906 213400 276876 201489
192552 222050 100734 252534
9328 266596 3161 113625
66527 191654 182371 293902
286332 291000 97713 124211
49213 114890 117221 240619
219740 49623 220952 39158
177371 166010 52654 276407
31316 230729 244921 4016
123896 18987 171100 295224
280975 250978 145967 265865
153471 59455 217095 279691
296733 291252 180502 230661
169823 142813 109690 203662
101373 11149 291841 2845
158624 75087 85353 148416
43275 44474 258766 294352
90736 51320 7079 195235
33930 156972 127962 85248
261726 187223 95947 82272
45615 246081 73440 67610
60631 117234 131359 259752
271208 293190 283258 219195
245646 124965 46539 188476
186914 266693 224811 197722
38484 173541 17329 103803
37771 68860 244108 171315
201751 157953 27100 198201
47876 240979 12642 72356
248048 162692 250071 148681
257907 180752 296372 117458
235376 234219 294311 164883
166901 102117 278204 295876
32521 158417 141432 270707
205939 71163 112732 201546
116631 154883 82419 278470
179926 159983 294527 158445
3658 229173 64496 259202
190376 262867 290564 125433
66147 130535 3343 162125
80586 206528 216089 112342
219955 122198 248102 89205
140777 106136 192250 137233
13049 197559 213799 88563
252881 154122 107705 299336
181165 179458 258812 189083
