241 257 165 204
84 63 157 219
11 267 46 79
235 175 155 293
212 51 198 21
4 117 259 103
80 219 25 64
198 179 218 259
159 97 21 248
163 94 276 266
135 279 226 296
175 66 259 20
48 131 25 208
258 288 24 1
294 127 215 277
136 109 184 248
145 238 280 206
43 99 118 148
107 51 102 101
200 123 121 14
220 84 158 94
181 90 85 223
126 118 151 184
7 268 152 144
41 153 262 73
273 245 211 143
8 75 267 41
115 82 127 242
36 86 195 269
214 206 1 119
192 56 267 277
142 252 149 285
159 49 269 34
188 82 108 9
183 77 161 76
26 112 80 115
79 122 107 156
62 95 172 211
221 118 69 187
206 114 296 188
203 263 265 136
121 36 172 117
165 165 241 109
288 119 202 69
222 107 190 254
71 181 238 149
20 178 82 53
9 176 278 98
197 59 73 209
94 123 246 144
216 157 290 223
23 242 120 164
61 234 248 34
39 274 78 111
209 195 114 66
26 201 167 227
147 280 97 84
271 44 8 108
67 25 297 24
145 166 262 185
275 75 222 164
14 198 290 174
171 261 255 32
170 292 298 248
280 151 72 120
288 198 297 297
206 4 181 69
283 62 214 68
38 260 95 155
125 272 265 258
182 76 137 216
88 214 57 292
223 263 51 271
2 68 147 75
23 46 3 88
161 62 289 116
203 237 192 82
85 57 184 104
269 157 251 39
77 151 158 84
284 92 290 27
261 64 130 117
38 208 160 80
174 244 146 89
70 187 18 135
24 227 123 226
108 287 264 285
92 210 77 127
265 187 196 173
61 178 98 94
167 131 123 169
222 43 101 122
16 214 208 44
125 292 36 241
107 173 64 201
131 278 145 32
174 76 119 277
283 133 30 163
281 49 222 218
140 110 246 9
