811141 268256 179555 323026
21213 878186 425475 883705
206375 504782 276060 614960
376054 948252 436777 617103
767357 894229 233467 912594
801282 883083 433793 664459
744223 589731 224297 491660
657493 241902 800014 838867
506440 370525 821898 15865
64724 836546 737610 671647
728953 379359 712199 204525
837803 954593 717047 62806
495593 989408 100546 477234
673819 353133 923812 494157
475207 833701 909199 789575
992067 396 123991 91502
539341 90899 154279 820593
18984 485487 216433 433151
529521 836612 946668 871151
887346 504990 247913 666287
94298 37149 420222 960218
984678 885282 743040 990690
648909 130226 469184 847174
172169 485100 434534 881875
954402 822104 231904 36922
917964 514099 943562 376872
726872 441802 83263 218158
55976 300127 608316 907038
84178 359292 275114 359656
145673 932554 675724 390125
444301 714432 904396 484679
917457 679129 169926 165626
201440 551602 66506 755920
102587 851558 401639 182256
8896 712489 528508 541920
696213 635427 226954 410565
227357 933717 989263 20510
331432 740662 421407 296792
733407 514487 97500 668322
505327 99036 395963 654089
193942 704889 680523 116352
898845 219719 445801 506692
333442 279469 612679 120973
500295 795610 98736 882847
77312 49491 451575 492161
147482 87416 698799 589207
143933 637336 497372 379271
589899 629636 941249 854172
253549 302197 344935 370230
939680 774241 686871 95162
96383 109034 67082 510938
886278 623136 269163 430885
461702 235764 759609 885963
217183 700030 141905 904464
33633 945614 344230 616525
999838 301750 390079 283491
293747 962734 213254 948340
967045 977731 45518 123554
292565 58462 637962 347907
579167 337188 926856 279159
770163 456819 963217 692884
503618 356314 308492 380329
770967 254247 313431 908288
352263 292208 695005 544368
472336 739501 906889 324942
321865 277861 938853 851119
540112 839027 830143 570696
833179 233191 792531 275423
928659 15322 258260 991511
83108 334748 577546 621132
746452 750657 546893 673755
253591 631835 505856 219955
125893 733204 97849 190072
589381 71706 962759 614689
866638 369311 167615 74646
245143 818116 667380 709690
67574 973862 629058 429527
108219 22821 761850 311671
295781 509018 40522 506665
612959 431922 552936 751627
346682 515346 473082 828510
624784 321208 344863 965536
343231 619837 895957 123360
653308 938653 692317 331411
372125 989762 530720 220823
655274 538068 174855 542009
809476 651216 746757 534197
193495 48078 934806 142730
212029 861848 379811 152541
980547 974707 389033 754757
219755 637368 53427 60913
37701 295485 26087 204116
231946 964665 461832 688297
460873 786477 407095 737696
915242 700160 303950 609341
904340 591600 447304 89659
814199 183265 311268 381407
964827 702125 837163 468089
443354 490728 532278 377388
203804 282343 225569 887776
573002 263879 618256 333623
374856 659101 59808 248041
744352 682324 697306 406308
351904 834058 382705 855013
522536 33268 133176 653878
677129 451804 705333 638971
939104 198 983344 449627
682911 567140 675989 635403
525677 48296 502809 191914
35522 769911 690759 272116
957282 26544 857197 424768
894062 985052 51117 588146
137285 205609 532482 61016
425613 444936 315243 70797
70111 169068 298875 767714
794772 770088 740512 266214
242418 715992 825621 764847
33460 911655 419684 834444
554230 500044 217559 918738
104457 301883 4065 98693
27793 352262 629927 260091
536267 786576 358188 556258
637508 336118 549902 708492
329929 591869 30844 292475
145629 135839 830258 828282
883021 380644 545100 911843
553228 144235 260033 453420
665749 928618 37387 860798
545574 234211 371708 692596
415552 249181 900848 223534
485901 18906 500499 794812
608135 685463 202171 47671
836489 997934 420564 916663
525224 904091 153975 335123
468741 562499 93768 637493
794027 896076 957629 553022
249452 470664 397066 307815
999136 3344 539107 379583
642905 523445 572123 305212
321629 426766 22914 270548
802935 105610 938412 612138
54223 194269 577593 497070
479747 347514 298709 64697
303021 413856 787108 423026
9443 341103 939984 645546
726248 204721 624540 87049
920356 626542 112883 795313
921232 468757 958775 553843
99111 247270 254875 63061
254325 43928 709209 553278
684748 941718 918471 446245
84038 155228 883637 280444
351606 785290 767881 363056
824573 575170 337066 879373
119387 440494 609774 641957
807167 544887 292442 409817
278491 127944 646290 431385
763824 391826 300301 896531
452203 872251 273746 18322
630253 913826 265304 435579
499276 243654 472292 128320
733340 303113 93794 176752
343855 968593 247064 367994
623969 209830 716098 365673
584702 309550 790018 638980
724580 355494 984878 876138
913383 548783 926650 39179
770328 395684 2136 796370
143690 623189 528621 503198
420985 526375 717092 220609
70106 998350 383571 219197
96646 197039 545204 966443
991413 821906 254412 267995
581175 581674 547183 176900
214494 304743 197875 263500
347867 744867 112220 154618
763203 721876 754886 674162
553218 984647 948854 106356
986031 857840 203563 557472
59218 867474 887904 545610
391821 128625 910548 13818
117914 863114 653992 337612
935542 262013 423056 884000
450785 24964 179852 163244
822568 446711 692022 520731
871994 140536 352196 108184
983941 334577 486053 212622
755192 181066 129425 101172
722597 325062 775512 556904
71399 236872 830302 108609
29018 9039 663636 428882
247470 672057 741618 712355
479585 44407 639550 619702
43023 857682 895496 905540
43744 238136 995113 221770
602620 498779 924951 966616
329902 809294 77931 753586
258702 656646 163081 806435
495125 959723 448960 123626
793068 392180 381811 319567
811583 874924 364888 558575
553240 631460 915388 480596
864041 808994 444219 89935
775244 229275 42902 329417
701676 223710 802125 992300
610137 608227 950846 564620
319122 669742 132491 788457
737468 394933 118522 652737
976359 958493 620519 238931
64125 136026 347481 155247
552914 181510 856696 405506
852063 576803 722499 366350
147077 744140 111186 260450
749063 143613 378868 798013
15477 552997 82630 550549
588780 970389 795294 488730
212187 494125 494416 376450
29845 574740 46910 301988
874500 143199 336339 253305
590854 658009 666628 491372
347761 688186 795719 782635
605795 168795 355342 866628
795936 132398 521767 3643
868716 970590 850411 9671
417619 181501 224794 160500
181647 103255 204302 209944
710402 372565 932118 415436
409670 352354 114506 877026
488941 329979 278066 677331
478906 607591 715114 634043
207731 920152 818301 48435
987080 10395 513505 992429
155710 960381 932395 890795
228716 410664 193291 218840
51236 339459 105379 235972
708734 199574 932862 455770
474520 662339 608080 395616
849978 41205 74357 77078
754626 632879 519409 56415
724834 682602 157327 878375
32995 850999 304163 884881
544747 750926 171737 391324
778607 722385 489130 172229
132581 656042 905055 561090
683427 926629 689606 763950
725566 554405 844829 961008
885551 939502 474990 636260
330838 310046 723724 509912
612532 472562 979343 55045
649441 488345 254024 552850
850362 860124 154395 407337
114202 812762 222596 672483
19565 991720 798978 298946
393539 151480 390579 3399
392054 399928 458704 834673
454982 744776 132479 646076
825638 845303 352860 653297
755546 844113 630779 506815
695142 270232 540465 625092
363668 479425 475135 707470
894632 222921 840041 728762
703738 559646 506560 2296
533586 748615 579700 391404
444428 568879 358210 972555
910587 329179 388742 785638
992444 248070 642868 819426
15776 583509 718369 235104
281201 68930 241610 853529
212528 521874 121895 635546
2440 523944 42553 740805
229871 928666 125905 353157
434798 699938 547182 87436
765928 42728 481920 543131
638416 147891 480919 651631
981656 992726 386644 435440
219320 781292 950724 703396
92934 545906 548388 714686
172256 837123 567030 210678
768896 966556 692200 620626
962740 103236 89974 26837
954720 247603 979615 583045
82095 714167 292084 438566
3591 128681 357070 927729
227817 251656 922165 255067
315807 904639 136602 99599
176268 664422 637754 129488
654422 130175 307262 306053
521424 988376 749658 5650
601994 321591 634310 638891
276980 686587 201454 373949
575761 735414 846686 877267
75176 67466 778347 356297
865522 806667 82400 740695
766012 604874 440000 36027
660165 763660 339491 18113
775679 418944 592027 27224
493061 332632 19710 108686
2020 170207 582664 666433
849726 665975 148769 920147
811192 27710 612482 939545
7765 569595 402868 673082
484375 856488 206746 199130
479371 525221 562546 95530
992194 732719 380150 273683
785719 592977 921067 50727
112412 386220 691877 736216
480607 150132 447591 319970
755611 427812 338999 695851
84469 142769 487580 690456
407681 952762 57730 898342
177775 758992 826326 986035
193350 766809 537378 748375
10260 462582 620067 571015
160625 122019 253155 824721
718272 332954 328448 712831
439730 227704 18341 71942
777284 103042 900658 309427
141456 865219 32218 304193
707870 57652 451524 703562
29034 632508 209974 180460
32465 702433 869192 727845
195567 142938 300411 611394
185074 374445 942844 264025
377012 80366 597708 335770
12175 432530 64444 290924
341830 645859 574733 21014
843374 122887 934722 473593
40126 911906 307019 26252
221679 256520 242148 145718
608763 561158 203048 786392
871631 197420 941609 675182
390769 361694 812754 324383
919529 448834 963259 217092
939116 714939 885485 284872
244762 189822 954164 50815
942050 971316 40316 306929
378149 820293 264936 915699
416353 174780 798372 29161
400294 286669 216997 144366
574270 498186 935465 597750
619023 360550 858497 783323
491137 383706 149747 83293
269788 700894 261448 174977
757183 652078 833213 733821
871219 884779 770512 851769
462825 285468 39819 581126
280181 980974 321539 48422
619753 709024 993515 668135
565827 711766 442458 798245
220224 72419 374018 944364
578929 216011 403751 152032
621146 514219 123993 456284
793153 631158 668071 271475
344123 695554 52482 603232
647915 24371 472270 136681
912506 30383 317299 803488
134640 998862 137486 796302
457721 190628 970054 341339
11435 371326 490222 849909
395373 913347 562486 835222
188508 192906 407372 605604
839201 480219 983514 530617
206323 269912 254489 559507
144768 228483 551295 67339
525615 543674 799722 326874
133940 93056 203599 316576
746286 273785 327287 895114
441965 993524 586977 760740
474337 882275 864845 814147
836018 280851 476504 622534
92031 980135 819698 693
993843 117247 383453 501160
821429 485029 753203 311834
65955 831702 227161 149616
297947 786021 24097 414824
297569 785573 394331 9704
403179 124755 938980 68640
113528 41559 160106 281348
814153 234570 493943 610603
633471 203645 808677 168479
287771 757337 80550 398865
763886 443623 14469 303010
684448 306996 835811 229262
163341 433555 649315 282740
651334 875048 123010 427382
267676 370962 743447 668011
768561 550775 461496 879320
708188 783102 514918 110766
909018 277173 459127 24106
497767 623267 10046 56300
905989 115309 357308 304659
353679 968295 709741 805447
744862 525874 249891 482102
110182 570723 48892 23942
431602 234764 599671 183685
650984 173104 887403 260480
724374 588626 391750 288206
452932 407693 479639 678325
882295 869175 358017 622184
518470 825872 371446 278446
327293 130238 520837 772599
722722 22979 559089 94127
907134 96110 541470 273034
106395 377059 709492 82179
367787 447324 782263 400823
997722 264864 316503 415856
452619 463992 757606 180834
647325 518607 506511 511376
443187 307347 801572 21676
398515 223108 290116 503184
671501 667309 131440 232189
799430 128417 913448 957057
196125 883088 939768 170586
317469 458324 12867 504965
342975 422672 778464 541583
233417 709065 38951 394340
991094 110200 552558 448575
317542 261228 757387 157043
445363 272204 327370 551236
856123 273872 348166 543383
394602 133047 541627 617671
488497 521570 754007 549980
488024 224651 303259 90857
780628 460834 392116 189938
242053 347489 445807 673566
707488 665485 556786 876931
380281 184040 875504 899034
1482 28373 74088 287886
126370 292558 831409 999440
214637 685377 838435 429414
230583 813037 105650 681646
490111 625961 745039 886580
613117 849964 843480 499925
909279 44497 591155 276758
872130 179624 539914 247167
814509 530633 71182 75321
992610 18945 37740 401604
572213 450475 61103 6847
793102 728569 554038 922628
676264 268033 553835 746865
856825 751099 417583 580690
508152 214197 489146 565180
203540 889756 391631 425441
501711 995602 334354 60397
934223 921834 112174 15990
746558 47639 12546 707831
581038 498389 870812 926042
664189 790366 709753 401648
163745 71128 147083 459889
359302 944149 186367 935914
964101 280723 63655 730227
740392 204436 810803 966923
650692 950567 250569 636292
73242 43137 845269 848906
239930 725882 4175 917370
319551 191011 150408 179065
739382 202778 54417 984273
755951 309533 19454 856862
403675 436289 433304 538366
514809 664105 301719 435338
498884 682000 535547 363156
770370 342957 598535 921161
883219 777241 888735 100029
65756 712337 832587 261239
99089 392763 957604 697868
265503 178220 697535 780991
144620 388279 166346 47924
626214 27587 980786 831899
339229 65476 805417 340706
173512 31864 553029 949119
90906 288619 731941 218001
892416 60379 854849 359503
962641 548076 397579 578498
728219 333373 334992 624938
469568 961207 560293 380727
799614 930032 681962 895351
659664 451371 434816 475875
661715 789368 105569 423867
848256 301426 431401 540240
292702 930469 494534 721515
455067 433933 126827 747101
744272 285306 89685 841668
708856 446145 860720 314643
971562 732396 286911 991948
28601 15509 229286 464052
117588 440982 116645 596412
122698 776600 745836 259458
770497 802159 821666 124142
912947 957327 459803 506286
574116 660469 302481 639836
112348 149109 591618 452997
56548 719401 856075 827667
452479 108264 304214 854619
244964 666215 45716 764128
932264 14797 832101 455129
753436 436316 919871 169704
169292 656990 148988 816045
364962 775463 262311 698890
302402 40620 706545 253104
152074 894453 628671 995246
240459 938232 16409 634980
828149 776314 143592 918769
83436 878655 124129 801465
4648 246960 275137 474124
852699 308844 574376 300877
377263 672701 660470 741753
820899 298511 795029 157344
336468 23770 81103 780465
366210 530997 448492 160804
862990 516322 384003 37156
171158 215867 844315 345169
725291 994956 197572 153987
763412 323445 649393 533349
17480 154515 337155 707122
479676 342037 522840 590264
316909 727565 160574 937007
171663 452709 277825 127480
907313 613453 113167 431599
585949 954603 653073 52474
970511 386341 304238 245412
270777 254464 754031 137959
546067 4071 822717 285150
339116 834764 442509 961474
463746 706520 154005 783421
371239 955437 974456 343639
664949 71998 662368 531880
988285 103504 287064 645297
390195 857195 358204 963290
434289 895653 608004 399486
77467 154771 19995 122521
470308 228712 544591 761057
549690 288827 8597 138925
566115 729276 507765 602972
212221 392689 924861 942329
217418 882759 633186 414655
298741 211857 133246 376505
104794 898985 525768 938199
872134 809977 882430 526190
349597 895433 608097 73839
846788 660902 299059 775035
437945 610330 862070 162843
993714 773533 392874 121263
160308 333775 687349 790449
831769 561625 684453 276862
925825 992678 292574 330893
336527 92573 535110 591571
179143 546195 623584 908404
934038 763510 425554 667681
620676 613480 200464 269909
859266 105580 992434 352459
915459 92705 817952 63695
558694 262104 143154 798779
682687 120721 222877 683569
439084 497940 59653 852103
661775 358834 337294 188628
569216 750296 222041 686681
87977 990795 379086 987820
673656 294821 215766 94233
143344 233728 312922 248330
133635 359055 980403 58845
726897 784853 554891 21755
203067 667461 938706 662448
901349 271103 513302 824793
137609 982223 570185 392004
856994 983638 13994 336747
158547 841986 215378 177398
683219 911494 799909 18566
866759 755120 39740 385195
876531 604278 117340 776240
980111 643552 253882 37546
439746 136052 189868 740777
39438 900723 530427 230376
226181 942381 669310 92556
113183 784135 30535 546004
648523 973698 501301 194626
412184 788077 80007 214972
807888 858479 889188 972548
760710 710045 228578 397598
607305 216218 32764 393894
692759 644507 790717 568054
245451 557119 669072 756922
226458 366981 40224 998093
944044 542223 591788 936455
339325 488747 203996 37254
207974 713700 509676 975932
221283 427854 911643 984024
945908 364652 660054 712257
757043 169276 411495 662282
921242 857671 161438 879225
395918 751532 283710 251234
489509 691249 553007 356292
783804 33961 689047 742151
365661 383888 147252 585437
60309 179114 785721 118717
785893 292625 223240 601913
975128 580973 566444 295277
15677 632436 17484 414102
212154 347339 139980 169006
25868 830444 494110 803566
60015 487311 860202 431312
453685 68054 926888 458332
344526 459205 932429 433424
377124 630934 566871 23738
681702 321030 23987 238555
855753 425500 480777 782759
605482 994855 842014 370674
279132 746199 929505 649765
817850 960090 188514 286864
662614 980148 115334 360896
316558 98994 542393 698769
148243 605120 323946 624534
360354 9658 764093 150387
138055 926959 520696 874298
166490 99400 381371 946298
574287 880952 293126 795586
145219 709601 97330 20135
37007 286408 187993 399129
627177 177896 729999 740211
769311 878749 696569 624426
378539 380310 106450 671215
448828 940148 154327 270865
858265 19928 958263 419733
571808 308881 774598 28480
177746 492480 284186 138038
701896 784822 995651 149826
98810 494010 171605 393912
409719 871074 992955 929464
672811 987659 381458 200061
874983 220699 771246 700621
497875 388241 243693 749967
110948 151869 807856 314682
970577 726978 139660 319134
961090 831113 79243 525275
24678 641019 236615 966832
319331 953645 316900 982024
416909 46655 715091 183652
579670 604717 162054 551997
529905 110328 725662 946588
78667 224844 582522 474413
432849 428978 842788 811085
680371 449747 932006 971199
972189 869987 119886 332129
87737 870500 432481 725155
288137 696011 281032 539512
164071 490278 555383 973350
30678 978937 367190 354674
606234 747994 273282 634848
360459 790249 141702 423522
422796 547717 868392 238939
40847 807364 125286 245497
256817 25955 312421 17199
719486 409927 74186 422350
861106 5504 870014 320342
704027 257610 623508 852740
321358 697190 653795 648979
440296 761139 117134 499519
827668 79720 159383 806988
345100 510499 961943 61598
897661 839266 688027 413778
63472 710310 880809 716919
753454 873261 367343 580384
107774 155062 424870 563614
289775 774122 800443 709518
949757 631721 743699 881477
717293 796036 925724 814113
371880 248290 517757 313870
552148 714748 371077 452677
304356 428914 663035 643466
555534 572095 97224 10836
464251 902066 518524 172097
204727 312216 1151 52651
316479 286806 233198 718753
406186 845075 529571 285843
527649 855837 695570 163263
842638 655689 27343 722286
600940 828398 335297 827495
127777 923178 91679 438161
104800 356906 56976 476232
358433 206875 657089 163110
562841 49236 169927 47461
782193 232135 902187 652965
587129 408321 605535 818431
726974 416836 85406 274660
645464 609442 23572 974983
151835 923556 272384 638220
700486 425572 597991 967107
250422 207489 217127 795582
371500 997539 539206 49729
386308 138396 796053 908238
150493 255110 734529 699571
827513 840533 594235 599884
757679 717045 576757 678667
2406 843131 222626 306403
619649 641562 2055 928494
880894 274997 596704 981832
348870 228068 282881 469654
814359 989351 460087 449680
737447 891584 94400 307355
426888 492039 982412 334050
728128 267854 153596 224327
361142 744487 506530 798377
306870 268419 794168 559463
202341 34844 795958 443778
787287 658409 806470 554897
997663 64482 453060 109107
42237 667109 686294 510716
180222 662433 882937 773528
909329 433346 310968 365648
121238 284953 319954 360797
254439 66122 94064 435806
21251 798395 471075 114885
325930 772345 533319 469750
141725 723747 607926 186232
778280 624101 138862 810324
239077 851440 140359 423337
734272 362938 174849 680429
445851 333402 132949 283795
523741 973431 714529 822130
516599 672596 622197 366641
614691 520226 642465 41680
177863 793666 125899 772121
92787 630426 322179 659145
64860 934171 420449 612616
847493 709608 659672 436618
681138 320677 396394 3511
158330 556610 553048 418171
235619 812098 66453 548475
935197 900105 75753 434981
636370 827910 131953 297559
986963 695732 864897 233065
68384 891854 794235 944690
747519 433288 85127 730517
862076 374902 613107 718897
310773 754416 389637 525535
196343 258310 91773 739859
229354 121581 752971 605296
415792 912247 827304 981788
159284 136618 476141 725803
743826 307581 960256 650391
13348 862172 73629 505289
977271 894154 11717 59804
122927 651616 311267 617478
74183 972171 391341 166271
552309 376423 583194 588739
819940 147385 851191 737095
804670 514000 719030 313242
209978 973098 763058 106562
110741 503229 459137 597984
580197 747305 58041 89883
265857 927717 842934 477105
405669 703072 122012 582401
488415 680515 745460 567437
747364 364076 598543 556240
811082 210011 561940 32385
154731 179478 868412 62537
684231 364097 707351 634107
239266 624449 466442 347809
783118 634716 976197 161709
252304 638432 750489 727996
676855 966376 955133 869523
501872 111758 259870 162027
698222 687264 374274 248602
827952 524755 606596 603142
973096 758032 294674 994848
636132 328924 961986 831694
958347 484890 137749 96841
213260 852429 466395 584224
767515 702853 391247 801069
142960 994703 744369 287968
938088 842162 58872 900589
592744 201697 449667 283993
523566 239708 168309 338480
371972 616361 740535 594480
736794 270985 253615 339794
707596 948446 444416 376566
976490 953537 638098 982225
39974 80845 917762 591330
692829 429333 470870 970519
925456 133123 143869 383633
126186 834594 713482 177268
453225 322864 884709 218316
212613 931761 589541 608135
75231 325447 392675 665996
84737 537704 232272 303099
25927 941691 532531 546373
850406 798145 92912 878590
254726 252555 679758 749696
392725 513329 227821 5642
929803 72991 232817 73807
878093 551982 557282 732676
669689 878834 259374 612457
341122 810964 564350 832576
437396 451463 903133 908670
222540 23780 714598 898993
732119 450039 836345 174989
237671 593400 355803 401404
742608 541903 385980 327136
469833 551905 389817 398217
702713 617247 752638 262653
622011 884610 72615 720012
432180 889645 522800 605444
697195 875804 77820 353621
111059 177598 604184 700866
824062 209286 752610 216538
558355 354157 182506 414442
772138 983530 13171 694819
174501 209606 14383 97085
48088 562982 114881 968754
281321 616194 516505 67483
794070 429397 778466 549432
510342 131566 535807 379381
131923 930599 478682 605755
58696 637877 478533 917874
521609 77629 758627 241747
584585 248590 267000 388937
754974 475875 194967 307964
591351 910594 760677 126601
594843 325945 719375 873859
391374 212697 815483 58173
966736 767869 189202 968078
844813 791138 404388 792071
761802 108453 874099 741634
451662 143867 977194 812424
246546 493166 962703 226722
184577 939087 478593 82512
392734 509560 269950 309070
197736 278272 736491 497280
119044 64226 138326 527981
598354 715582 462887 425467
970065 274009 529925 40225
917710 904080 528298 414249
307997 401362 629890 388654
700301 948389 773163 26281
594205 621627 398568 501749
358069 845848 840656 511572
455635 505418 404325 165990
694020 842054 396928 739934
963473 659062 780307 968333
406017 41432 193306 387124
344903 782555 780823 381141
442330 71975 349165 355926
459708 931043 894828 434066
315952 286972 290183 704373
154479 726592 365300 814565
72711 492389 190829 91138
445857 424619 183008 535543
738006 980531 63534 357559
591187 619861 984859 575793
502930 848580 893547 96974
103688 46423 274142 785470
208007 86435 433185 47267
341614 154243 552487 131974
335609 870953 234165 433718
493542 173946 598518 247879
818465 233580 930474 127944
842746 72278 242254 592760
218676 925945 980011 614677
45847 10185 358878 570900
576119 842269 756655 468364
482797 715538 767078 13681
262668 40329 91057 543537
583876 294533 617368 82162
275103 97009 691728 843288
786467 122926 640867 223846
747370 295768 101791 708081
206915 138929 566144 371502
944338 6491 185610 100194
255331 771436 890736 862939
64745 756151 702349 761324
727648 871147 67279 609953
173654 211201 7714 696302
634213 802626 279256 603470
35263 573025 124611 1684
8291 220048 10324 942966
401583 16190 856619 158654
318689 989854 757420 673510
554568 562503 307376 797406
434975 616061 246766 34549
466614 391082 133592 923175
911925 481922 628477 880990
111981 329216 249685 294536
728258 117181 174065 256756
796691 549869 884182 586791
58156 89304 540813 5363
819044 116714 328482 737492
522931 289256 567584 635497
960468 564823 211280 975868
382731 191635 13571 800503
409509 730585 50718 17422
788215 617722 781429 262279
861028 719824 890596 308484
939493 672168 268586 630014
794846 353192 107537 806179
889063 413526 3462 648863
542171 514583 787954 674603
182252 882117 230378 576903
118414 958311 312962 163101
302606 5505 705381 314195
702680 302864 315150 266780
607232 99405 661460 107428
828134 896496 190832 764391
415978 938333 998925 646209
375765 427782 133708 952845
365636 876205 669478 213536
24007 470655 610121 870344
370937 388479 443503 460214
377798 864252 936856 352790
235115 396484 714338 982639
888347 615497 953007 453527
548260 419236 527699 538816
796940 605079 602007 630813
874788 186890 509904 925298
769819 255083 661909 650408
560617 342495 639387 347015
216721 435812 746268 250311
726929 599581 374421 523596
62395 167524 557153 309725
70213 389735 807828 223032
389929 423374 528482 868455
699318 976069 335950 682766
914676 445070 556301 189099
197633 136447 246470 183253
728563 68540 555166 467259
581198 993415 767686 501813
64701 454217 20356 499171
977690 723051 39521 58872
395015 248866 168291 259510
105918 95783 749741 182335
3805 579350 564277 256928
330894 119707 908344 454661
276428 761494 996554 362644
52136 873408 969510 542794
269961 873653 505711 133217
54992 536718 634537 428414
330894 944186 630585 898387
824952 62588 43552 270637
212840 791396 449027 506931
59906 561168 220892 45108
110182 437488 239761 378845
995825 713764 360888 60498
359827 261935 771053 86031
71490 510243 632138 757210
339545 357030 754557 670844
24804 859601 980455 319281
342024 393461 514301 417599
211328 328699 119725 699580
819414 289295 885026 713928
699244 393942 535699 486717
902711 633947 12242 53001
260221 209892 444080 876069
37970 901300 583822 736826
468606 452107 366991 364382
954418 420717 74552 966756
625416 238231 7013 42691
752290 914947 776894 3985
693690 322608 101420 753910
711337 468237 505615 714579
168303 92923 784844 696274
86644 391922 698324 624537
649530 16936 517500 41029
722089 250949 623016 340874
577559 767314 752829 78679
432862 831998 646670 706333
525393 119972 972484 195562
482294 553205 447032 667852
353558 660066 617451 81403
98340 691531 882427 332976
71456 844164 12044 705892
401808 211348 992646 3510
459283 575161 985825 48964
143763 346463 759099 296116
692880 552255 209329 97456
834593 659419 528794 786984
162267 689131 397131 683492
445747 647823 975326 69794
162022 818599 132192 961292
373628 95665 384656 720942
545976 427108 447896 789710
988851 267918 326986 197883
840687 174129 18407 505293
238341 768993 45064 573652
801823 458598 827658 398883
449618 641930 312650 574740
749893 263082 651722 649630
459856 782357 697540 117668
937147 435335 895874 867123
769255 902374 680611 496460
434571 459797 843357 672085
506262 973049 914627 803718
618504 355957 882760 879613
580947 262298 696598 960053
905152 29660 366471 661014
591810 65174 391759 25505
167433 332407 104419 862349
782546 508139 518512 714696
20764 223183 248179 190568
141232 706663 592592 238106
13420 498743 714944 890955
354202 955597 207780 801643
781251 181922 959036 290810
