15327 29075 15873 14577
25121 17280 3064 28277
10775 11209 14883 19864
11677 12937 29812 25550
13840 1719 10319 9460
29603 9927 24477 15015
25996 21195 3380 24938
14913 19091 6967 20595
9278 24703 11996 9075
4579 8768 16205 20600
11867 18063 5589 3493
4325 6229 22756 65
22806 11939 25509 24651
29128 29746 23297 22751
8143 14847 14966 8413
20880 27949 19780 16904
20497 21950 24866 552
27497 28442 3470 25096
19920 9393 27141 18684
24546 26286 5411 21157
3399 16368 21285 25725
1412 5747 2355 10505
19230 8818 619 11636
29638 15320 1767 11583
7470 4899 22627 19850
2243 9297 8755 14657
23320 7483 16083 25542
18409 28640 29373 18214
1575 8957 13960 29091
23997 12034 24215 29337
8573 11291 23988 28216
21090 5772 5759 21492
26021 10300 1460 17078
16224 22907 20190 5040
1621 29552 24898 15145
5853 21490 9769 23998
26787 8758 13346 24224
4017 16906 20507 11771
16464 1417 15017 5127
21944 14105 20020 11823
23567 25005 16746 7411
4543 5033 470 8440
17547 13414 11329 8101
8616 13838 4733 19100
7758 6954 17325 18233
7445 3963 18259 6601
1522 4479 16654 11647
6568 26586 12410 20135
13033 28530 28629 16625
21340 18447 10627 16148
23919 15590 27358 19453
22171 1485 15626 18345
19475 13295 14508 8128
10719 13573 3568 9118
19203 24096 21111 27517
22369 12849 19129 23187
1839 26158 13557 26628
8251 4946 18889 28290
29323 25094 7262 12076
11019 17898 29011 20259
6826 19465 18442 26751
22078 29338 17799 2081
4161 28817 2534 19612
7850 15894 17837 8669
19074 174 22675 21297
22682 24033 7852 20990
4681 17577 11825 4779
16801 11276 16750 15701
23100 14015 26040 8342
357 22322 26179 8017
14617 21760 4838 7308
22318 5357 20265 18877
19959 27929 20364 6505
23704 11972 6247 10041
21349 14491 17222 14404
21122 8722 18541 8729
19217 26930 15315 28313
29131 1093 938 27283
12460 25441 28568 23014
1008 18703 15976 25834
28048 19639 3302 10797
23554 13101 11337 28304
2647 15452 269 29260
29084 9135 15879 11904
12432 20857 7146 5070
7234 11053 21774 7571
25912 7444 12303 29372
15794 25066 26000 21465
4595 23155 26372 28149
8538 14384 25118 16400
8030 24812 11980 15489
26061 28049 20729 8082
7634 10116 24381 14524
11708 18701 12814 15275
13591 29588 14324 22758
1913 1913 15433 28664
3156 23029 7817 21566
3294 3423 29686 1658
11021 20486 29998 12600
14389 21965 21119 24491
28111 20624 3931 28717
10188 18239 17391 22052
9755 19323 5976 13413
18669 14913 23737 3322
11720 19009 20452 6226
11726 27185 3402 16470
11572 15626 8471 19502
140 3648 20212 29323
24783 664 1744 9922
11415 9433 16866 13096
5791 3264 12273 28547
10601 19833 843 10732
27106 29414 954 22239
28473 3970 8734 26394
19740 12615 15046 15703
487 10802 17606 13767
12138 8920 29567 20185
19058 8184 12502 20565
24887 4896 13862 8768
4246 7504 10181 24386
7303 2292 13006 12711
18638 23313 24542 27788
25677 12537 13501 113
15466 28959 7661 29986
27833 26944 29377 27812
2054 16027 21697 11550
697 13972 26455 16819
3644 18163 16846 19075
29834 13197 17253 18754
15160 24213 2421 15712
21507 2610 28585 15008
2249 8586 16710 24003
5653 20151 1354 7612
25078 13327 12945 29778
1243 10139 1197 27408
3063 21442 15136 17226
8017 7411 5307 10207
8110 11737 1103 1358
18584 11151 25075 20995
12575 25718 21681 9177
18789 24559 15781 29463
17432 8152 6410 18874
5847 3849 22104 12945
17612 3108 21346 2430
7309 18418 21450 6481
3194 18655 27652 4252
6261 19344 21185 3116
14680 820 3570 15502
13427 13886 10068 6237
1222 16403 12156 22064
15996 19087 4787 19538
12059 20531 20472 8181
28265 17902 10193 10684
17216 10731 14261 26786
4695 7071 17228 20283
3570 12195 14142 5134
8288 15848 18962 28180
15185 7347 29978 12973
26346 767 9294 17329
5110 22942 25712 25436
15505 25014 18083 25125
25880 23501 3528 751
29974 6718 17583 24768
25917 2008 25590 2534
24896 12963 21443 16964
23693 26384 15973 23260
11150 109 29170 10028
14169 10475 28428 5988
18351 8670 22900 12780
22025 29264 15383 21808
12751 28669 9665 4414
16223 18562 2447 2628
1602 2447 18991 12467
17050 16048 2703 23283
6963 3597 4460 15709
28942 23365 11815 12863
2291 20287 2390 23891
2553 24255 1922 22247
22581 14805 27853 15833
6496 15589 13441 11440
18931 18520 9017 5162
17361 22241 9033 35
27341 8813 27514 2548
798 4012 12073 6985
25447 28785 29866 19666
29107 10273 19109 10495
26653 5513 9192 10329
9172 2589 1735 6296
9368 3929 2304 13228
11665 22528 13559 19410
403 23109 14409 27423
8945 19384 328 29681
26905 4877 5141 25382
8588 23354 10238 2309
1253 14743 8429 15015
19723 23299 23660 23222
5836 17360 28530 12804
24833 18477 14776 20298
9340 10800 15925 1271
1984 9613 12778 27710
27922 19884 22729 5513
11767 8063 10074 9384
15140 5277 17078 11697
11953 6515 26144 24876
21524 19163 5706 25335
2334 26956 80 12357
15038 6473 4875 7706
11190 20468 2620 24296
27584 23321 24841 14836
2451 15103 19147 15210
27497 20567 23851 18186
27001 13408 28984 4717
23484 19922 17982 8026
10609 27831 6269 2781
25519 4443 16374 9367
27565 15549 16 20165
2813 10839 12391 724
18644 22306 151 6514
22615 10996 25294 6655
2137 6043 3576 6603
13339 10487 24936 28490
25129 17603 15705 22429
22871 6528 12166 8664
9482 8355 27797 23376
18733 25556 2759 11590
2782 2439 4485 24021
28481 9449 11621 13349
22835 16089 29718 20896
8343 9742 14681 25000
22831 23239 4185 27792
17882 15346 27365 7039
29644 21989 28057 4655
21761 9153 29626 18272
13739 8503 12777 21688
20584 28077 11644 4408
24097 13411 2637 19386
28219 9038 762 26366
29886 11740 17339 15963
19373 21145 23217 18802
10390 15984 18094 26028
20288 1151 29669 22081
21686 21567 13658 19044
26910 9761 9045 16575
22596 21878 21566 8097
18652 24493 13362 4128
26499 25741 23162 25134
29832 9111 16901 18660
8758 16706 6370 3752
20734 6833 24503 16993
10159 5128 23790 15211
20182 15588 27601 326
16102 2056 11231 6424
29367 7655 27225 22632
20409 10039 14585 28430
21714 16927 20865 21422
26021 7657 27783 28088
987 5714 14073 28782
23665 27490 4569 5750
15988 2773 2558 13603
26821 6980 22432 13858
8815 14443 12531 15117
9253 5004 23371 6809
12174 5311 16254 12865
7513 9170 3561 2726
27971 9113 19492 9857
10707 27684 23859 25820
26183 29135 17699 28081
19756 28550 16762 23058
6720 29174 6792 21461
5036 21470 27615 28934
16566 15712 349 7797
29676 10280 19802 2260
16804 4847 10708 328
21324 5212 13056 13245
12386 22389 2234 26535
14847 4832 29354 4015
4802 14498 10190 2136
8163 15336 7880 4191
21712 5582 29462 7659
23180 5085 4267 21382
3908 25933 12599 3303
27987 25142 21590 22118
19721 10354 15978 7375
6096 5828 27835 24057
12984 18000 3503 17721
26873 7070 5530 25711
6433 15871 16906 2796
6728 9355 9287 10916
15605 24154 27380 26626
21235 23706 5323 23032
9308 1445 6076 10610
19978 6471 5767 14041
28820 23029 13645 19558
20500 24139 27363 20484
2716 2263 27795 27915
13894 25490 23126 22790
16417 14095 11128 19436
8570 437 4885 18878
2303 11584 14409 29115
20496 596 29585 5759
17396 20436 21396 29920
17653 29777 25239 12334
4718 10742 14574 4557
12180 22155 8110 5060
5430 2006 28825 19077
2233 23640 17208 1448
5492 4349 15355 21198
24820 26404 29580 7505
8536 29606 12100 17584
7169 15918 421 24290
11160 26991 24424 11767
7427 10553 14774 9653
16302 29205 9816 7957
18528 4611 23919 6403
18332 22394 17528 9736
9023 3392 9417 5903
3859 5353 14139 16891
25018 14595 6342 11874
10161 1461 27390 1585
904 28151 9210 2228
21384 21242 16314 23420
28125 1086 3847 19499
14842 20669 22541 4737
8709 2031 22160 1445
26656 29833 15625 23853
20406 5676 13763 27615
3711 12103 11486 4954
16384 5280 27116 17111
8665 12900 4399 5806
1662 13865 24525 25697
512 23724 14539 4610
26683 8352 11970 15791
27846 3891 24572 18342
28804 495 1779 2567
13198 7100 9024 9950
670 277 10121 16693
4968 14197 15085 25226
27047 13449 18180 10754
9362 16009 1170 22131
28917 11625 1411 16165
19151 880 13425 20836
21117 2885 7188 23028
4075 10437 28886 2348
19602 27443 8756 26167
28281 17517 28418 7353
27314 15972 15809 10331
4814 28610 18282 26209
7146 15315 21381 24728
10991 2851 23465 2408
29548 24182 20653 16786
27733 29797 2315 20924
29616 13542 15851 20824
12157 18043 29177 13499
20736 25033 3275 22252
5723 9941 13017 20317
14079 3657 8707 11970
5957 16788 12803 27870
3803 16516 10170 25301
1689 17596 460 4352
20885 17710 13133 24858
5084 5893 23641 25571
14818 5566 8 10609
23943 5922 23992 12168
11452 27719 20520 20751
23603 6640 6555 14328
9354 15691 20369 21199
25269 29121 8533 17810
1045 20180 23434 19593
118 17318 23824 12610
24564 5507 9805 11530
18329 12902 22817 29701
18702 23632 25917 363
9781 7124 14532 3459
11071 1573 25279 27506
16492 7986 7681 23938
20770 20587 16083 5755
19014 9167 15305 22560
27479 8722 4161 16337
12302 7999 24140 20625
9635 18498 23025 23666
19582 5326 23047 10672
4794 11729 12797 26479
29013 6210 22417 16345
12029 29163 5109 9336
18791 15426 6332 2763
11834 377 22407 22858
18684 8429 2340 24451
922 20518 10943 9950
20559 17862 11080 2475
27793 23760 13686 11144
26020 3943 19052 2007
7395 15543 5510 10363
6 20176 6950 10793
17902 26608 24471 6750
28129 12512 22765 10086
20335 11459 22834 21008
16600 26783 4578 6677
16405 15232 12575 5328
22867 17170 6934 20201
8139 16695 12381 4825
6913 5703 28673 6061
19119 21381 28485 19307
26726 4195 9092 11007
24545 2788 7926 13932
4260 3037 3720 28589
16202 2546 19528 29289
27076 22273 11877 20667
17332 14318 25553 26219
28000 7291 24313 27210
7823 19263 12809 9953
5128 2996 23903 29388
8055 12806 16984 29816
15662 3844 16019 9283
23524 14471 10373 14085
5569 21070 25626 3048
23678 6580 23020 25866
8387 7222 29349 7244
25754 17488 28342 15648
5658 7701 20376 14738
29606 10413 4769 14183
8058 12221 20455 28737
27207 12939 21909 12244
5999 13411 8127 13954
15083 25882 25314 19660
17764 26116 8162 3410
29715 23390 13812 2417
19470 13859 22792 22700
23700 25976 4945 13660
25138 918 19008 7324
11522 23951 11530 12555
21523 10747 1827 19758
13518 25724 1296 27226
19185 28154 17933 2181
17111 22136 26984 10486
29386 2653 25897 14850
1475 25129 13342 24973
688 22585 11356 556
25308 6673 11000 1512
3427 15363 11840 25171
21554 8505 4265 4457
4404 3453 23039 3567
7013 14694 9352 12746
7626 1902 23471 2494
29506 8239 28090 8012
20299 4806 2748 13274
4903 17107 4449 15508
12234 2174 29911 20534
10962 8428 9448 28712
5278 21533 16894 77
11660 1896 21447 9791
15446 8123 29192 6711
7227 28675 12250 3838
26057 26966 20095 14253
23111 19954 25907 23433
7031 10833 21520 6790
5014 22359 22210 1415
25959 6476 24878 10153
23391 8678 8031 28479
22300 1531 18408 26409
13111 23534 5520 17509
20083 13881 19710 1301
19038 11713 8802 7214
21606 587 14780 11315
13782 8831 23313 20626
7802 19000 24737 26303
806 14173 8436 3367
2209 14179 7565 14362
16397 3286 22163 27817
20133 14934 26241 4196
5488 5018 64 29010
9513 13857 29137 22983
10336 27981 3786 21538
29797 28022 29784 18036
13849 16582 9323 617
17396 2316 11642 8613
11588 7932 14642 18121
9393 23745 22733 2312
27232 5171 25391 10745
21642 10391 26838 14703
13381 20739 795 17741
28263 22192 12232 60
23888 22771 29323 14786
15147 21960 7454 12305
12089 21204 486 27214
8887 20895 1066 16125
24675 838 2078 5778
18413 2108 18029 14651
10823 26041 5699 9963
18423 427 24195 1387
20495 18374 16296 18767
24918 11428 1178 15546
27739 22103 13359 5686
19735 2 10320 22744
12088 27321 23189 7604
23481 2723 18924 10403
15832 20353 7231 15893
29865 20179 7884 21058
12641 21826 29943 28318
20730 337 2896 25078
27608 22096 13057 13532
8992 4418 3074 9375
11577 28451 11052 15612
11600 15855 10167 12201
10279 7077 3285 20594
14542 9296 20949 29413
19898 25294 19123 1165
28771 4104 24320 15344
5367 12250 9775 21710
5011 28260 25642 24698
4144 15063 13566 26897
28627 12821 13507 4853
16136 22679 3792 26588
29277 12331 21266 18630
15203 2376 4234 7034
8395 1647 21895 20319
15056 266 26579 15877
7616 27143 27004 29186
20697 27526 23192 7248
12780 2770 788 25337
12008 7294 17716 28569
2057 29034 6482 19050
18128 11277 8473 882
3724 23550 1469 11678
17080 1679 28329 29761
21195 16385 336 23915
15505 10638 92 26159
15449 2688 8593 28958
29167 27888 7384 7360
13670 17721 6044 29215
4878 6660 29603 25705
28081 21495 8989 28931
11007 27456 8089 24552
9533 21405 11356 7659
7406 13568 14332 16155
14155 18458 29965 22194
10182 2894 24328 20424
4172 16443 12065 16367
25025 26362 8618 2690
12117 29335 11500 14253
8945 18294 14357 16377
4254 20985 8074 20797
16707 29550 11739 16396
21486 9829 5451 23620
1492 29783 27609 10784
17818 7985 29526 5783
21505 10381 21384 14134
10223 22718 24950 25086
22031 8298 22594 8994
1912 10042 14638 14501
11044 22783 5145 23007
8930 19220 165 9712
26538 17685 11025 11432
19127 27129 20538 9870
17158 23287 21795 2426
4252 17063 13616 17939
17535 25399 15263 26830
861 3894 26160 10716
20355 19768 378 15145
27876 9148 11388 22512
29687 28536 172 24895
25622 5460 2480 3205
11153 23010 27983 13826
10294 9219 2246 11953
18164 23332 9894 7109
1423 18659 19186 29416
29379 9672 1468 6538
25844 9963 8197 12261
10412 19068 25213 12596
4590 8263 12302 27698
97 1720 23842 2792
24536 15106 11853 23640
18920 23664 10151 26457
1453 17953 22097 8909
2519 63 1846 21511
6622 22983 12338 2569
3085 17950 15377 3464
3053 9019 13413 27921
10394 5084 3536 21119
24265 1070 28884 29739
15277 22029 15130 3666
4039 27194 14704 11239
11749 19242 26741 11021
13265 15790 10494 18845
1143 24815 24794 4588
7233 614 27429 10251
8149 13203 8195 14463
5669 13033 4716 19860
26206 24828 28494 29
10302 13597 18856 13515
29772 24575 9581 8196
1128 10903 18375 21431
21026 22663 627 27296
27285 10998 3095 18065
23033 20042 25950 26317
6038 26644 965 10046
16676 24927 4504 870
29696 10882 1964 176
258 28197 5597 29528
29434 29540 17129 21069
5302 13896 15107 11811
4594 5821 7190 24470
26183 169 10694 7373
24826 9717 20211 22671
6160 13893 10093 22317
29744 1098 26009 25436
18682 21072 26652 9840
5100 10581 25235 2067
15246 5980 3829 26195
1017 13035 26763 10076
6705 16853 13826 10423
17620 12740 16130 19812
25664 29428 11089 9893
14365 9663 6702 8200
28712 12238 1109 16826
10818 8013 23339 25870
2226 19749 17323 5636
5043 25522 9590 17292
19203 8126 22008 4593
23508 6295 23572 17810
7423 29832 5121 28658
5049 12593 14826 18344
8588 10593 28066 5179
7974 14354 420 23316
12683 28571 12385 17697
12991 4699 26187 11392
13149 4488 11803 18209
4112 29300 26715 2708
24845 17271 19021 170
10751 10840 5724 19111
13180 16372 9482 1522
4090 27186 27128 1383
25220 8945 6778 24801
7317 18786 29865 16353
10881 18809 20742 2463
18887 25605 22105 8948
21732 22114 1982 1055
15157 13187 28978 1942
2793 26076 8091 5716
11755 15059 2438 13682
5075 18207 29366 10541
20377 20398 28872 16382
1002 3986 13319 21546
9088 3626 4490 28439
17523 9993 28271 806
12057 18318 24266 29716
26267 25603 12587 16321
5221 13859 3033 22851
26887 11655 10178 8409
28589 8452 15320 19791
17419 5656 21532 5951
901 29983 19349 12155
9989 5244 6013 19316
23771 1749 24069 1103
7870 13722 22934 22126
3112 7800 11358 25268
7792 11091 29778 12131
13110 16933 9355 13553
6336 18284 24711 1938
7650 23590 28661 5141
19069 7266 2609 23307
26155 21667 832 23317
8510 12868 25060 3591
4149 14836 5793 19107
4497 10116 9393 27966
4327 2190 14659 12844
8524 25239 18318 11897
25521 21067 2238 21970
3233 12660 13420 8207
23595 24585 28104 16730
388 19039 15662 21076
2485 21449 13618 4511
173 24996 10655 1205
13896 16641 28409 22241
26921 2885 115 3655
28537 24795 16530 20452
23988 26861 28742 6775
3847 16991 28961 12886
23213 23671 28772 25538
18043 4023 12712 6389
656 22099 9760 16541
17738 7504 8952 23651
5932 6160 13668 10104
19417 12393 7579 29996
13069 5399 27771 29603
28533 23332 4052 10093
28487 23263 15750 28905
26544 15575 16021 12817
9987 6125 17138 22033
18707 29963 18503 18883
26928 26262 20205 23036
2183 579 25602 109
17650 15479 25270 16682
10240 29395 17155 28828
1781 9749 13894 27300
21175 8023 16260 6303
27469 12241 11251 15639
25991 10866 13638 17079
13446 7758 24989 12075
9059 11635 6643 13670
7767 19167 3203 28972
10590 5160 6652 27765
23401 11898 1800 5916
20058 24585 17073 2156
22107 29483 12162 10953
17478 13700 8140 4383
22061 1849 4082 8316
16831 11580 24382 1752
3359 14861 9600 22131
20103 3281 29455 18079
28718 12841 10731 17612
27949 18175 17208 4586
25971 9881 10401 15564
27324 19779 12054 11635
24740 704 18983 11383
16654 17163 21399 6164
2197 27398 23657 23853
22470 5308 18742 12913
4269 11847 12917 23115
24167 14080 20311 27900
10334 5239 4832 3434
3414 20190 6893 18946
456 13454 4686 15835
26882 17868 14140 20749
20953 7243 5669 4627
20608 12690 22294 8777
26127 3617 21520 25082
19501 12649 10793 22841
5000 12422 3917 12154
9407 14682 29437 8224
4815 29502 22689 21797
2636 12513 26385 5615
2931 23898 13268 10082
15309 945 6057 11779
27863 17417 6003 20105
7607 3632 15937 6985
7975 17199 12554 28584
20421 18305 1198 2476
7487 7279 22320 29863
25040 23849 17347 6305
19270 28329 10015 11208
7225 28758 29713 6860
3847 5881 24865 19643
12172 28948 10354 11273
27862 4868 6436 17413
18911 18411 3791 25681
22510 16889 29543 10156
22480 5357 19606 21728
10507 17638 8374 29665
15079 17678 23338 15964
25586 4310 26699 2355
14783 21613 10258 23782
399 2765 14429 16703
10000 9182 7161 19645
4889 22296 17654 10703
4509 13057 19608 25358
23313 6390 19342 8211
29892 23122 1780 16999
19148 22571 29870 3168
11063 14744 29061 286
17660 2224 23795 17878
6142 17270 23622 23011
28163 25302 24184 16964
585 11999 5098 19372
7027 3254 23113 17938
23285 21108 9086 26374
19175 8731 4673 28474
19965 858 25743 10062
20913 12978 3396 8798
28125 15659 7952 13622
10801 4707 16894 8661
20762 19899 4091 18811
20 10398 12752 4372
19046 12586 12169 6830
3435 8690 23940 23197
9379 19607 16984 24051
4430 7427 19431 7620
3936 18931 2965 24586
24077 19047 18481 27490
25694 1308 10867 14286
2330 12853 21422 19674
18296 6341 27341 28245
21235 21717 12298 20462
4291 3007 9697 11896
10550 26306 13027 25672
23165 27305 10874 9778
22993 29519 17076 5240
967 9979 11371 17570
27863 19322 13186 25532
24124 22255 19249 21593
7944 444 27745 3996
27058 17443 29362 29006
6312 8748 1948 410
11031 6931 23792 10608
17822 1059 29841 10340
27740 7692 2650 4106
26454 11570 15173 19641
2117 23447 22139 20216
10603 16206 22142 4158
29767 19897 22891 187
14185 22221 9024 27130
26624 21293 19966 23351
23570 24501 8871 26280
1097 6133 649 4104
2709 12134 23713 25959
11598 29800 657 20623
21314 18870 8321 28640
5604 25554 4198 7253
18309 15158 19252 7752
19631 21708 6174 29916
23772 4778 12898 4250
29430 8652 11217 16972
2002 25479 12468 4377
24187 16831 9917 2689
27117 4435 6445 12266
20294 14864 25029 26209
5120 12959 993 27941
28441 11659 24431 16445
21868 19824 9684 23281
11089 6233 8731 24486
26668 4338 7769 26458
3672 13223 11299 10858
14082 870 675 15864
24955 9045 8797 7298
22525 29594 25979 4784
23440 14031 29816 13780
10195 23507 6759 5060
23966 17894 5072 29320
16745 21980 1712 721
11674 3295 747 6571
5280 1409 25511 25458
23043 25081 22914 25331
25960 13026 5837 18411
15784 29541 25540 2031
21692 3759 7419 22583
23647 850 6887 10484
7006 1637 28428 10798
20783 18498 22777 1503
25585 18685 16679 24773
15547 5588 2362 18479
25031 13592 6765 24210
17928 18306 8752 20340
15929 3950 28827 27540
28021 18954 14987 18087
4354 13312 29811 28479
26585 22780 25401 14332
29266 10065 15543 13669
9520 4083 17819 21922
14475 25860 2660 15576
23427 7776 6132 13281
29113 9244 1879 5689
25941 26655 17587 13705
7529 16271 22391 29287
22869 26394 23964 29497
5161 6116 29400 6370
18018 23185 22199 28800
8931 2359 6251 10667
17501 2903 3757 17230
14779 11811 6506 1491
13597 19004 15000 16945
17068 17247 15866 9150
19556 29322 16847 15307
6342 15406 12378 29971
29663 13510 7747 2221
15536 27662 9368 12509
29240 13537 9876 15564
20701 84 25304 22405
16709 7683 17637 5050
22409 29975 27765 12726
5399 2514 10095 18140
16114 20569 29010 14229
13173 20576 6310 362
25463 11399 3039 24093
8828 11861 7300 8622
22116 5362 14934 28922
19067 2079 24813 21264
12522 7221 10550 14241
23091 18023 2590 770
314 29672 6689 7435
16673 12931 12401 23367
181 15006 12863 20712
2458 28093 7543 9783
9061 3681 23529 3533
15889 5075 2273 27493
10113 24988 8486 10920
21581 8498 12444 18706
13815 25848 3413 2617
14917 29729 9934 3374
11564 8114 21068 324
5482 25116 26685 955
16776 26340 2715 15167
18700 26554 24498 10248
15721 506 22467 18890
23361 21024 19936 19557
29321 1831 7079 20833
20491 6751 20155 23995
16048 12527 22750 3757
19755 28114 9705 13946
21465 29007 5658 20079
16685 17700 26734 21437
16016 7513 24358 5374
1349 15483 22979 29332
17235 16090 18449 21842
10418 7117 9875 29438
22239 24611 5673 22934
9799 26705 2683 3932
27032 9381 22787 5497
20867 796 6026 14802
14803 1039 12287 25300
10803 3426 4620 21873
27864 4123 25419 27201
6586 14542 11909 13310
28141 13531 28701 8681
19868 27639 5065 20655
22082 9865 27898 14413
8534 7895 8322 18285
22721 25322 9319 19159
675 7505 19006 23688
23311 17866 7552 26171
25649 17476 28604 1022
6824 19991 8027 10157
23284 21033 17766 6890
1719 13824 21987 19719
3107 16446 3434 11863
13073 29360 24650 3076
5355 12036 16915 8120
14582 21051 3945 19610
19363 5172 24471 24985
15795 27490 10317 20256
26000 4338 928 6347
26616 12461 8850 18739
14641 25733 5043 23977
27498 21352 4240 9811
27431 15703 22494 2178
23781 29080 12595 11943
28847 11245 10657 15069
4158 20827 15034 18333
27573 27671 15969 19035
10676 19141 17218 14867
12590 305 15227 29069
11566 25635 8156 23222
8522 27290 22557 12472
10712 17252 26931 9564
27558 7014 5142 420
21118 24571 14506 27784
24822 7282 25800 1927
26472 12998 17620 29396
28210 17882 14900 9914
9683 13874 291 27635
29652 11714 14016 29476
6781 10269 14948 26198
4916 16795 13540 6446
18545 2822 3030 13299
24170 14990 22532 14535
23941 25000 20353 11748
9254 13513 6642 19390
27922 4870 1911 24842
13508 5492 1617 11364
13693 25332 578 23402
12309 9138 29863 22
15144 28581 23636 25338
9539 2576 14414 17099
24954 29248 20412 7185
11444 4414 12432 4236
14651 6324 3311 20868
24011 12342 12274 315
2350 21606 2516 17669
6060 17661 5756 20892
28822 5448 19421 24992
5781 8593 11491 24296
150 14140 19294 21365
7001 18905 14483 1663
3176 9304 8154 16673
25416 5513 27267 2935
14761 12693 20726 6592
13922 13682 19202 9529
12747 9690 645 29954
87 21358 25277 16734
1399 7413 29097 22613
12015 10935 16842 15646
10170 15976 3469 24649
444 7157 21807 21269
20827 29660 19936 9429
25484 18750 12543 11710
14326 7674 18842 16482
22844 10119 11351 24755
2608 9866 4214 16088
16639 8820 7254 18361
6169 20674 26688 12987
21784 16925 28376 23623
2553 21073 18043 23774
16799 10216 27897 17777
14462 12902 9106 25903
21939 23196 5192 4502
19613 16466 19511 9249
25394 5813 4934 22082
29545 19532 7104 11680
14923 9365 7852 6006
8279 2334 19078 27818
25891 15164 16739 29673
61 27774 15933 16875
