15 75 
11 0 31695
2 4 11175
7 8 24233
1 2 8482
5 1 13744
4 4 4591
14 14 11313
7 13 24065
9 13 26783
6 0 17208
12 4 24497
5 0 18120
10 7 20252
12 11 11966
10 4 12489
4 5 8575
7 8 30926
2 4 24415
11 11 32660
8 9 28311
8 8 26354
13 8 3136
8 8 25643
9 11 21803
2 5 29190
9 6 28578
9 12 21884
14 12 7035
7 3 25782
11 5 1
13 7 29517
3 0 26532
13 13 30726
4 3 26478
9 12 16267
7 2 17572
9 10 7361
8 10 21806
3 2 21207
12 0 10126
0 9 15905
1 8 1426
0 1 22610
5 2 28937
3 1 27071
14 0 7192
8 10 23719
14 11 9998
11 7 2236
1 0 11203
12 7 15449
6 6 25314
6 6 5679
9 9 2487
6 7 15695
9 10 12113
14 9 32466
1 2 17943
3 11 8092
12 9 21291
4 5 5608
6 11 26403
2 6 12691
3 1 17411
14 8 19313
14 0 17036
12 0 13067
0 5 15654
11 1 3984
9 3 4378
1 0 5102
5 6 14042
9 3 3900
5 10 6273
9 2 23047
