270 1000 
141 149 23921
251 77 10127
179 123 30352
163 168 22935
226 49 26144
116 223 7802
107 213 17098
221 24 19905
49 2 872
239 128 27866
143 156 18443
1 32 21960
160 46 14955
228 62 16934
186 56 9450
66 246 3995
0 86 26298
4 103 20251
190 178 4295
136 117 17028
66 47 2659
100 96 25719
234 69 28157
122 101 1154
247 181 11577
179 185 30195
108 215 18763
11 182 23016
34 2 22371
25 98 15744
1 175 29316
120 85 11062
218 163 29480
19 119 31430
155 30 6773
109 168 11575
149 238 8696
63 266 2777
57 106 8727
127 258 5979
78 255 20669
131 157 21565
114 41 1781
35 132 17493
128 113 5987
191 231 17181
168 196 6367
172 100 6392
152 108 12196
21 49 20934
26 254 25807
128 239 19790
159 91 3865
209 38 22889
204 139 282
16 138 29690
90 73 28797
209 249 10001
1 117 9947
50 156 23503
209 140 22595
75 59 4322
50 244 17564
146 155 10160
154 155 24667
225 208 1939
108 148 30278
4 168 14506
220 181 22336
53 224 24621
92 36 3659
114 75 17999
183 124 32325
166 192 20997
180 41 7185
219 264 16724
244 178 29472
16 243 25847
244 28 7072
118 201 23662
85 184 4279
130 107 19427
265 89 14991
200 76 22376
170 156 21290
217 87 26477
28 236 24107
92 8 26761
22 191 2848
18 183 27888
102 147 22249
102 165 24612
219 119 27733
100 36 28098
196 4 27918
53 144 25215
91 46 17251
100 212 15022
207 259 12956
67 234 21481
47 61 24272
97 234 24494
16 253 18046
196 36 21270
33 65 30552
165 49 13288
237 160 29943
143 192 23997
151 25 9084
86 225 14828
80 50 24904
52 34 31604
83 57 8778
135 147 19499
265 63 9376
106 244 2762
224 79 2414
55 195 20921
125 106 3656
174 40 3238
188 112 8825
93 163 30534
25 9 28942
90 188 2526
37 202 880
245 78 10330
25 31 10737
37 127 28443
260 237 11928
1 249 17616
80 114 19469
6 34 31467
75 182 17792
167 260 20116
153 224 7625
257 240 6695
196 151 6990
269 165 2976
177 174 21312
41 11 20103
204 200 12877
184 130 22580
37 250 12780
144 93 31619
52 72 28855
112 194 9556
92 254 2456
72 196 13675
54 17 6335
154 212 24455
16 19 11911
108 101 28361
205 15 20449
204 251 14797
112 165 24800
42 93 8182
57 212 16750
125 212 6368
160 20 19805
66 84 17659
242 182 10322
213 81 6831
231 19 4915
124 132 19881
259 257 19495
172 62 30231
103 182 31556
28 245 23547
127 2 15743
101 154 12004
59 49 19586
103 250 27819
124 194 23916
53 78 23047
217 130 27046
161 114 17938
135 44 31828
210 259 28184
77 218 9234
257 257 18756
34 223 7155
173 180 23565
113 248 28674
221 58 363
123 261 8368
195 148 27708
238 109 26105
17 87 3428
112 214 32293
31 113 7054
250 139 15722
249 72 16279
223 82 10984
85 162 29957
9 130 11430
187 173 4123
190 220 26526
34 13 9072
182 197 23045
261 205 15626
102 109 9538
144 150 14188
211 259 19032
181 99 13600
50 85 5809
88 87 23965
162 106 30861
85 32 10394
143 22 14714
233 262 301
84 93 675
159 129 23629
149 18 25059
51 186 5765
248 213 6096
73 27 6916
154 267 5694
9 81 2634
77 191 5105
125 213 24863
35 103 17774
117 238 4251
176 169 29745
244 50 7785
60 3 9395
146 221 20616
158 101 4348
18 259 10808
73 203 16573
7 38 10197
54 22 18726
35 28 17867
196 262 3568
265 28 751
119 216 2647
83 166 18655
222 244 1012
80 73 1326
113 182 25274
88 200 21650
198 163 4224
106 107 32077
141 231 2021
96 119 10365
16 96 28007
157 69 25126
15 174 32522
150 29 30220
231 123 9699
250 88 21425
35 63 21086
43 117 19999
104 16 22304
106 134 23615
194 262 32713
221 152 1254
262 197 30731
87 239 28146
263 172 3279
10 114 10233
214 112 13404
180 135 22655
7 251 27582
165 114 25270
100 115 9953
185 260 13095
176 184 7705
261 41 27871
220 257 32525
152 120 30451
48 220 16451
40 141 24435
265 220 24000
148 221 17710
5 192 27247
68 252 3020
65 20 30039
233 81 5672
220 175 4807
72 232 12537
5 28 14582
47 19 19496
219 61 23770
213 70 11101
207 92 10005
201 153 26289
176 161 587
94 123 31369
125 259 31560
142 36 20985
252 156 16567
44 239 14677
63 149 21331
242 196 3751
138 158 30950
156 59 25668
236 68 4973
137 148 11723
34 3 27445
240 137 2585
265 128 5587
69 37 23842
100 211 15682
99 212 17077
175 153 29072
185 36 32650
140 44 13529
109 4 2099
239 188 25739
252 28 3523
154 70 21535
41 25 20038
199 47 11473
249 51 15207
96 266 17148
200 162 29649
63 247 23843
25 5 7211
247 178 12749
19 248 27335
140 170 30914
72 2 17751
45 252 8522
31 262 12869
177 25 25209
257 113 10115
160 53 15285
267 269 32493
105 22 27372
258 155 7315
151 95 11075
186 220 11653
186 225 2591
2 245 26100
217 173 6607
121 87 23503
44 227 4169
237 240 5912
97 45 17852
206 118 17322
136 238 23002
201 154 10287
248 159 22570
105 267 13417
174 181 21194
229 200 11558
12 163 26717
62 8 18034
79 174 21795
123 9 27876
77 42 22633
240 79 9499
196 114 11985
85 194 21699
77 262 30498
13 126 2752
255 185 23208
155 114 1101
66 178 4931
164 120 19240
10 81 14517
118 264 27959
146 17 27612
29 218 2074
85 180 20937
255 252 17314
155 231 10752
54 80 27706
52 107 29251
9 232 14992
138 152 20399
8 123 2088
147 97 10269
223 134 18596
204 184 18433
256 228 11738
92 199 28730
0 94 28957
63 92 1172
63 45 26169
28 34 7917
92 139 19732
52 221 21559
65 251 23803
247 141 20428
91 112 20725
66 101 24278
157 224 24255
97 44 26806
173 155 2619
176 93 29352
92 0 17774
46 117 31778
120 23 20847
200 77 3735
19 222 28368
43 240 5801
259 102 11363
99 220 21999
84 140 6509
198 32 17366
231 228 23722
51 67 22859
7 103 17318
267 90 22060
9 107 22106
174 63 24763
259 135 26899
7 76 15992
87 158 6916
219 64 9017
149 211 14878
51 206 32345
9 141 13555
79 137 5965
191 99 10719
139 68 524
23 124 20133
265 71 18687
219 232 28218
120 120 28028
117 264 8839
105 199 24829
118 77 20023
225 138 10377
251 118 16116
172 65 18700
244 65 23200
215 10 13975
97 178 23150
241 76 6580
146 20 27873
3 107 9562
138 231 13342
89 152 15654
108 35 2075
154 119 7903
118 11 15497
23 237 29552
164 22 30857
234 193 27358
133 186 660
77 207 9188
30 17 19736
244 15 27454
158 226 8378
170 72 10181
156 139 1856
175 165 24553
208 65 9867
166 246 31284
231 157 7464
5 168 32210
24 20 14951
69 212 31065
108 77 10746
107 159 9539
78 65 28540
133 177 9428
205 87 26754
47 177 17258
254 52 3069
119 211 1381
214 263 21517
84 5 11046
67 83 15268
10 193 10714
149 227 2944
153 136 28942
239 26 27241
143 142 25913
262 196 21175
266 57 5826
172 127 17283
141 53 14894
253 116 19999
165 182 4470
146 232 4255
26 146 8119
104 154 21654
254 245 30651
210 199 30047
185 104 2829
205 96 29570
50 43 25231
214 152 17173
264 249 27348
139 150 303
103 261 19879
28 2 24768
10 17 32646
243 176 22894
117 125 764
1 0 839
64 106 15644
209 135 8298
16 75 23955
134 220 12788
132 268 8702
194 98 10188
72 118 28560
267 82 21298
22 33 12077
126 32 21010
54 195 22397
187 211 15754
245 84 28078
217 72 4140
13 202 20695
157 238 2267
267 63 11577
1 74 21848
217 110 19418
132 82 7129
75 147 26658
257 208 7487
187 14 6285
259 111 12744
87 187 30855
111 3 24655
120 89 28943
84 124 21625
16 13 2746
192 113 4698
24 95 28451
165 199 1667
148 58 30961
266 184 1904
223 62 14585
211 83 6598
204 126 31787
239 131 23288
140 163 28991
135 252 28189
191 121 24165
202 86 13589
126 187 13927
187 182 5218
74 65 6653
114 249 2615
37 132 15674
119 150 4519
119 27 4709
51 32 12543
41 164 21149
150 215 16049
222 12 21004
263 29 27224
155 204 20642
9 153 32696
72 102 31113
88 207 14290
8 214 21201
205 194 20573
262 123 19465
11 134 7233
154 60 13752
65 85 24555
227 53 1274
94 100 8854
261 19 11696
18 4 14802
146 0 25336
236 68 18172
144 220 241
81 166 13920
132 6 5111
50 255 7734
144 188 12504
55 65 12225
242 192 28338
41 192 22327
23 251 7799
113 38 14137
169 73 9554
206 35 29442
234 106 30301
0 26 18079
76 259 23906
55 239 20164
37 219 28583
260 259 10781
49 30 22770
226 178 23599
98 10 10823
177 32 7717
23 198 7434
58 71 9241
157 137 14482
233 96 23990
168 30 16721
254 211 28500
69 206 8208
37 127 7376
140 70 21757
69 104 12751
22 190 23935
10 232 11061
97 156 1277
78 166 5101
176 97 14376
44 114 15201
228 118 28517
224 73 13861
226 149 28773
42 217 2506
177 193 20505
190 171 2778
238 45 5490
1 104 24668
186 143 29373
35 183 25212
190 154 3700
225 115 12847
78 132 5595
11 26 1503
47 117 8903
103 6 19338
115 180 11093
255 142 31450
229 125 3467
254 175 21020
263 33 8717
174 17 20259
188 108 26736
63 211 4473
269 15 9427
193 131 1386
255 94 31169
233 145 20434
51 60 31374
200 63 179
204 141 12718
11 149 9976
2 102 29614
231 200 2552
141 175 25310
133 211 7571
82 237 4305
113 257 19455
174 121 564
60 117 31902
168 212 20147
95 54 24951
39 227 31200
207 135 7462
226 59 17243
224 33 20825
239 230 23465
210 174 10819
50 79 30851
136 258 5501
1 18 32377
267 17 4949
149 62 12103
205 269 1915
242 254 21289
12 25 10883
144 171 30993
34 154 20420
220 175 31886
187 208 11121
239 145 20931
75 169 13056
106 119 30403
11 243 9792
90 148 10022
78 15 22953
76 164 22968
115 130 2763
56 159 31122
127 187 28136
77 218 763
4 179 20510
268 51 478
256 158 11183
264 239 12997
130 168 29754
178 207 2186
41 188 16150
43 79 26695
35 159 20487
170 69 23082
149 247 3322
262 29 2357
101 0 31642
210 49 1302
28 4 16851
140 5 8339
19 206 16039
13 8 19535
205 216 17110
205 60 16575
59 183 18760
79 257 31667
215 265 23883
17 135 21695
220 186 12528
11 109 2404
203 77 20528
146 267 27852
264 5 28073
201 163 12404
231 104 3085
243 11 21022
180 121 21397
265 94 28886
26 154 17689
197 210 28153
195 230 17571
68 115 8321
229 139 13198
190 141 20471
221 110 5776
248 72 31205
158 174 7752
82 52 24471
237 154 26913
74 152 21394
229 27 2980
197 36 1286
72 46 26782
264 20 27941
23 204 13463
11 236 21805
267 266 14481
53 269 32118
266 13 5645
64 57 3322
149 18 703
65 248 28160
69 248 15492
172 195 26610
11 209 26215
42 263 28560
21 151 9703
51 94 7671
46 125 17338
30 183 21553
125 205 21935
229 183 5205
104 63 8089
14 163 23126
223 28 30520
200 121 3603
205 233 7061
55 224 21833
229 116 10848
157 104 26487
36 113 15907
68 19 24275
205 164 22118
105 148 10458
87 75 1823
56 105 32300
158 238 7936
249 59 31918
62 186 3203
259 61 28709
88 59 22461
190 236 21708
144 134 7015
105 230 31891
74 87 4509
248 171 19202
245 104 6460
93 257 1277
97 180 7918
218 114 2268
166 86 8516
23 3 14473
121 48 10601
15 251 17073
133 19 6741
118 147 6436
209 0 13964
49 126 4593
162 128 16590
69 65 15856
17 216 13882
153 225 15021
223 243 24792
256 138 32498
256 48 30608
185 180 10343
219 97 15585
17 105 30203
86 260 8201
257 62 11802
106 207 23638
189 131 215
25 46 212
35 72 21900
209 28 16031
253 8 12468
35 49 26228
5 76 18899
198 54 11872
140 268 21204
213 218 16025
4 2 10534
171 254 12525
8 263 32373
180 21 12350
98 259 18917
54 3 19981
23 139 21504
149 28 516
244 105 16106
117 67 11251
126 257 22897
112 236 27340
6 134 10000
134 243 15225
243 46 8198
12 269 10394
182 6 5124
187 264 28830
181 76 7979
193 27 31145
260 213 5195
190 123 17218
6 173 28836
95 157 21450
138 256 11412
121 61 29727
231 218 23035
241 213 30209
55 182 19519
196 199 21003
223 54 20268
47 194 12385
206 189 2348
157 49 31596
167 195 23182
126 260 32295
38 78 11976
213 262 22522
266 93 5636
117 40 19989
102 213 27733
145 157 18108
132 32 8548
230 226 5393
100 42 11897
24 104 15420
235 117 16935
29 171 1789
200 247 28682
23 77 19725
260 117 6226
187 74 4568
40 138 3608
42 190 24703
153 9 5284
260 15 30486
141 65 27450
153 65 1951
54 161 7168
198 31 7995
183 170 28188
252 159 13429
193 240 1053
125 188 958
161 64 10056
169 56 19832
36 28 21867
87 4 19228
261 264 10804
163 32 22869
115 67 32327
135 65 29498
110 127 25996
172 124 16097
258 137 25442
235 102 9727
83 183 1729
111 132 21851
74 218 31086
96 154 5169
64 39 13521
153 222 16614
255 244 21514
171 138 29328
148 120 11864
137 169 22341
74 31 22000
230 29 30000
197 164 5847
155 122 2263
150 89 28252
10 177 25883
244 41 32579
53 163 2518
255 131 4031
135 111 11303
81 204 30160
32 131 14283
156 132 19364
46 104 29460
211 218 10495
248 165 30548
74 75 16354
166 108 11752
7 75 27109
49 214 1562
134 230 16642
173 160 12943
217 200 6589
258 15 32012
55 0 28146
115 153 13741
225 152 20145
46 265 32480
240 174 6379
107 193 18886
149 226 15332
104 113 20172
179 146 12703
51 169 15505
99 0 10434
3 203 19328
231 2 7335
53 183 28313
100 236 907
127 46 2662
229 139 9259
198 218 276
94 242 23325
207 212 3868
32 11 28114
17 49 30215
20 201 19458
262 257 23345
189 63 8683
215 177 7834
161 50 11449
217 144 21023
266 113 12252
42 200 29624
206 129 1352
19 50 11657
88 197 23499
33 106 13546
119 233 7681
4 222 32181
257 10 395
159 228 26997
229 174 12692
220 218 29260
52 264 14537
132 113 8113
151 212 3669
236 16 26448
250 138 18039
221 61 1708
226 116 13006
206 128 29277
115 96 1912
158 203 15870
221 116 12679
125 24 27683
174 267 16523
68 105 30702
194 128 26645
61 219 12835
244 32 32636
38 258 18886
218 181 21856
255 227 7336
79 166 31113
168 230 18035
220 129 6968
259 263 25865
165 251 4882
84 101 16224
80 69 30491
106 190 30748
174 66 31876
177 98 18323
205 2 15935
88 136 28925
192 82 4231
37 254 21767
226 50 10470
90 136 14336
256 189 24422
165 37 7244
266 194 30946
9 39 499
167 204 5054
221 107 605
201 143 18278
246 211 11160
176 22 7274
175 111 16577
208 233 1551
72 255 11618
252 84 18349
166 144 6116
