180 1000 
162 48 22860
38 106 22162
147 97 11979
3 69 6538
66 115 17540
77 9 18633
13 34 2317
73 18 18135
86 93 17843
114 140 22951
172 134 12937
175 11 6097
52 92 21817
73 170 20237
169 110 25296
166 49 5628
82 120 31744
33 0 28569
174 22 6292
54 167 12527
171 133 8705
44 33 18913
122 15 26203
29 126 14381
164 168 1048
95 34 22511
160 53 1127
37 7 1862
62 0 23817
78 140 15100
135 94 21476
55 71 16430
102 143 3537
151 129 2927
60 54 16211
81 53 12253
3 68 20785
11 115 31000
15 72 9270
114 140 14631
34 66 18040
145 99 14248
62 52 12796
47 131 25052
28 157 24464
50 10 29556
153 101 27182
144 112 24099
44 75 32331
26 86 19050
3 1 11738
140 81 13843
59 178 19695
29 28 1363
153 54 1088
126 29 24979
117 37 7679
72 75 3402
108 172 1723
108 173 30323
8 177 24395
133 131 22908
142 141 7665
76 168 17610
23 145 27705
93 15 20769
138 104 31805
113 60 32145
168 80 19285
25 73 23994
32 101 348
72 30 16256
66 141 8982
71 40 10635
63 117 29527
35 153 9768
142 43 29171
74 139 18011
170 113 14512
178 14 14161
151 146 21926
167 68 14443
4 24 32719
84 15 19093
47 162 28094
166 45 8627
20 29 32686
39 170 18237
97 156 9578
0 142 2403
83 5 15811
155 136 21595
108 126 28804
158 95 31641
123 53 1325
97 138 22312
26 59 18396
43 106 32094
80 131 31522
27 78 23455
93 90 28870
34 173 4327
150 52 31896
66 141 17241
84 133 23525
23 55 17929
147 73 12594
59 140 22187
114 125 10041
47 140 4860
93 152 32621
63 157 5117
19 73 3943
88 105 29011
150 128 19978
34 164 22892
156 53 23623
106 106 31547
158 124 16061
25 66 17571
28 96 5299
39 151 1267
137 166 19991
127 173 25846
27 52 1421
17 44 28299
102 88 1201
68 148 7104
102 96 26641
18 4 10720
124 159 9625
19 4 18174
115 94 13149
171 172 12503
83 174 1537
170 139 4651
58 83 25917
166 72 26584
77 148 31269
128 64 2397
133 68 20027
129 111 10382
114 177 893
63 124 19104
33 171 11495
10 138 28892
33 130 11299
94 109 29074
129 13 9314
93 45 29218
112 111 15238
129 28 6463
111 5 23088
11 26 31920
138 121 12368
122 107 4157
83 2 18238
109 166 906
111 105 11156
50 98 6923
151 136 2097
73 10 13406
124 140 14651
85 1 24743
105 89 14578
47 165 24514
96 104 8624
15 107 23917
28 66 10102
171 159 11698
170 138 12489
32 150 30775
70 116 27089
109 142 23112
97 96 7672
50 116 5553
131 72 9085
21 131 30397
132 133 435
128 56 17916
138 85 1511
24 39 27296
122 46 1056
141 108 26758
77 68 22586
127 19 12628
105 20 12549
166 22 25128
111 57 4719
11 105 4047
174 44 7406
56 129 16769
145 105 22421
117 80 16016
97 150 18335
146 125 28049
3 135 23388
47 50 17377
53 162 26555
109 34 15000
128 15 32488
79 40 31310
174 167 2997
45 137 304
93 12 12499
23 142 32612
37 109 15351
4 40 5033
148 157 23683
28 8 1710
17 12 2641
121 99 11684
96 143 29869
27 80 19692
60 130 15012
175 43 14835
74 137 25897
93 13 10134
64 126 28878
49 75 2734
24 164 30712
22 24 27792
102 13 4055
40 104 24473
137 133 31122
97 130 11822
71 46 13917
76 145 22197
30 119 10357
27 85 1898
5 52 1084
168 155 8996
28 62 15338
157 142 29795
13 107 5506
26 65 9793
54 64 3609
106 179 29465
119 12 24209
21 76 18175
173 138 13647
176 52 26727
150 121 21909
175 34 9090
146 103 6286
77 156 1344
149 133 5416
97 44 30971
10 100 19285
18 65 10285
9 106 25668
45 141 24008
176 100 15536
127 84 30470
84 36 20328
84 143 10700
70 20 1411
166 83 11504
45 150 16141
36 88 10506
97 166 25107
74 159 22678
170 171 14155
16 78 29832
7 30 8917
166 134 1707
139 142 11462
126 15 3426
86 90 8314
82 136 5279
152 81 6879
157 104 5676
12 98 32570
100 1 10144
76 43 18200
179 127 18061
172 110 19808
179 38 979
67 144 24007
73 15 29977
22 51 18709
41 36 16339
129 114 21501
29 176 21358
118 64 22897
158 65 4202
96 85 15032
23 99 14481
173 151 1727
156 20 10382
9 19 28488
151 79 5513
44 63 32271
124 132 27038
34 101 21759
174 19 28733
82 115 27649
77 76 24541
91 25 1052
87 170 138
44 107 15055
81 59 18222
114 164 6648
52 121 19368
96 174 32668
1 113 5137
55 18 5745
126 172 22974
126 144 8956
20 44 15581
176 176 29334
38 125 25027
145 141 4291
139 151 16191
36 57 23700
144 44 1943
2 77 31505
6 95 7666
106 89 17632
12 63 2145
173 46 31901
110 29 21184
125 46 10405
115 116 28970
132 163 9793
150 56 28856
150 112 17776
172 115 15290
136 35 17350
84 160 29361
110 14 8729
136 66 28082
17 170 25584
76 166 29182
141 65 6388
2 150 5610
38 153 28621
135 93 16754
147 58 20280
143 25 17420
53 36 23865
29 132 10390
137 23 17839
59 93 22129
152 160 18613
171 61 15145
73 163 28318
156 34 14907
49 51 617
91 126 2264
82 78 29942
137 47 31155
82 144 23158
105 166 8510
6 25 8380
122 117 13540
164 154 14464
160 135 10270
162 66 1206
51 13 24696
165 55 19067
48 54 30175
88 119 24919
97 32 26321
12 9 22197
82 118 71
19 77 26859
60 160 1899
52 64 32036
45 13 1915
47 119 20741
109 4 4208
48 19 29681
146 39 17207
126 135 23849
134 67 20124
66 148 2884
14 141 3145
18 48 20149
104 153 20307
37 77 1105
3 81 15955
139 57 26133
73 115 20736
172 30 1954
68 119 19904
152 74 24870
115 61 32176
20 91 18086
174 20 19975
50 97 8938
147 1 19438
50 138 5242
39 121 25631
53 110 28781
62 123 8672
121 108 502
145 127 24898
46 62 28406
64 177 5794
100 127 18683
43 84 485
168 93 20337
26 135 28130
136 12 4858
142 61 3318
122 6 21276
30 83 10684
155 150 26312
115 30 20311
1 0 5488
172 138 20183
5 124 18848
83 62 12187
51 119 18258
152 72 14016
68 43 24441
156 116 22015
143 39 18298
166 17 3205
17 95 5769
90 80 9387
169 135 17442
13 60 20373
101 66 10777
165 162 31785
53 65 20979
103 115 30935
128 76 2186
161 172 2085
156 22 9260
136 119 7688
18 65 26792
106 176 4198
167 176 21011
45 162 12121
39 124 6702
30 97 2572
99 154 21920
171 98 11080
71 90 23960
55 73 25867
135 79 12136
116 156 25790
46 3 20272
142 155 20967
96 146 23495
118 157 14186
5 4 12626
0 8 31665
94 114 1360
98 132 18012
30 105 8706
19 139 29249
117 38 8313
51 105 8421
8 59 1969
33 2 16565
107 10 23681
28 28 27053
106 109 16715
71 83 27689
91 59 5541
166 174 23572
88 170 25988
70 115 22199
78 156 13444
53 87 19406
107 151 7523
13 61 17073
27 142 9934
33 143 31417
55 75 26126
10 66 29213
176 85 23859
172 103 24833
6 99 17879
45 85 7793
7 144 31371
19 147 17271
135 136 16519
173 172 17552
119 50 8257
69 86 13357
159 126 5865
95 173 259
28 141 1028
71 96 22869
55 154 7578
176 134 30843
45 91 15024
157 151 5722
178 74 14095
15 18 2183
111 63 25722
0 72 29503
128 60 15590
178 122 15505
81 117 9818
76 168 24120
52 92 25713
160 7 17182
27 14 7358
124 123 9094
106 94 27264
155 165 24390
32 147 13163
0 119 14231
148 108 4718
51 79 4720
48 47 3766
19 65 12126
135 160 17518
27 76 31314
120 74 29156
158 8 751
64 169 22294
130 154 7976
39 32 20189
4 102 30301
89 79 20523
86 157 11827
49 27 27416
14 139 17623
36 44 10415
176 118 23669
126 32 17858
128 155 27137
42 88 24616
135 173 28074
2 96 11056
69 44 9616
12 4 27442
26 176 7049
55 122 8582
152 65 5416
77 155 18759
3 134 22844
162 139 6824
93 73 121
93 133 19917
74 35 12060
122 101 5985
46 35 13208
128 11 26720
17 72 10929
14 8 10193
17 96 922
30 123 30816
153 49 7912
82 99 29979
69 62 22902
14 129 30654
6 34 12438
112 54 16463
143 73 24348
153 138 2307
39 175 27437
19 104 661
96 127 10961
172 125 13472
76 88 22972
175 55 6811
132 116 1229
49 138 24956
104 76 24620
26 46 13120
154 25 8983
118 128 21691
177 104 20664
84 62 20353
145 92 30623
84 122 17611
90 155 31149
95 128 10146
169 61 27804
122 179 19381
92 152 10083
41 179 17312
170 85 11047
48 79 17569
40 168 22139
80 178 32471
104 8 18456
10 105 24745
40 56 4698
26 124 24815
153 119 29472
176 125 32482
47 125 15333
25 158 30732
119 118 1064
36 48 5032
138 38 13438
49 99 8245
109 2 744
87 58 11049
21 103 10558
46 10 25603
84 3 1226
63 88 21300
66 176 31347
52 65 25230
13 17 32000
97 48 30786
88 124 31579
25 98 26260
14 52 23267
42 129 452
75 111 1570
84 91 6890
165 160 4750
7 154 14767
62 85 8217
115 13 2088
28 57 27579
150 6 19269
121 140 10809
126 1 18319
114 151 13020
17 24 25893
109 96 22999
5 37 5950
169 174 10365
130 152 19094
153 157 30119
117 97 15253
153 85 19160
156 82 24591
154 92 4854
13 30 23016
47 52 21945
44 141 32521
5 106 20259
107 18 14439
10 134 5268
160 119 7432
92 138 16735
129 82 3916
78 179 25316
55 79 4583
151 90 8357
17 140 22342
46 35 30406
58 152 2403
168 85 23035
101 40 16678
105 24 20949
37 57 27626
73 38 4841
173 73 17096
55 153 29768
41 36 19109
4 179 21561
171 59 25923
146 62 11849
120 27 6850
148 43 22769
160 23 16467
18 126 11158
6 40 19463
23 65 15758
16 38 20229
76 135 5470
59 88 1683
175 150 2946
121 139 2469
34 85 26197
34 18 7158
177 21 23791
75 92 28900
58 158 19736
73 85 30580
27 33 5284
50 86 30285
150 41 14536
77 88 6549
153 95 26199
111 71 28137
151 13 27617
91 149 27376
87 2 11044
136 148 30000
117 139 12634
123 41 29240
89 111 15941
15 119 31539
105 143 4099
124 21 14726
35 9 24083
125 175 22024
97 143 6170
164 132 28392
75 20 19773
103 110 4468
145 96 10030
18 100 3114
68 24 12358
117 7 25311
139 130 15928
110 10 4580
64 140 25412
62 104 28275
148 126 17911
56 66 8644
148 72 17366
32 25 18838
39 66 23947
16 11 1052
46 17 11110
5 70 26250
114 8 3925
69 23 25774
36 103 5536
101 174 21858
35 75 2061
59 162 21174
20 164 12082
76 77 1575
24 164 11300
165 175 20537
88 171 18629
106 64 30794
10 51 10075
179 59 31884
67 118 27195
158 74 845
12 60 21156
97 42 9766
115 171 553
109 85 9389
87 59 3128
128 30 20394
72 117 28054
88 18 32530
122 130 24056
61 159 29743
89 127 21493
151 153 30393
126 55 3592
76 0 5842
67 97 4961
26 105 5920
82 62 30121
10 11 27006
3 55 14615
12 11 11763
32 137 14935
81 147 5881
28 42 16952
4 69 18230
11 113 17699
144 1 31794
84 80 8383
33 37 30388
62 18 5202
18 109 23753
158 170 16575
41 75 6823
63 38 17205
166 141 24287
60 89 2530
111 23 935
0 122 25674
69 55 23071
2 114 6430
155 50 11736
62 114 2452
35 168 17933
23 125 11960
67 79 30542
44 47 5943
8 168 21389
119 40 3198
20 13 32707
71 146 15447
2 104 32182
113 76 16448
123 28 7549
70 71 11825
122 6 7639
38 164 5775
141 23 4985
108 70 377
56 134 20170
18 26 12729
172 52 29915
127 121 15862
109 45 11128
169 142 259
135 179 24986
132 126 2140
23 162 13485
41 16 5161
112 172 2150
93 90 32361
20 85 27165
50 88 1810
64 176 6621
170 99 8514
15 112 25269
130 144 471
115 81 6382
83 146 27151
172 118 28710
134 86 2295
25 124 13452
41 121 25812
65 150 6575
162 27 6611
173 167 5783
88 59 28050
49 104 31274
165 40 20335
104 152 21511
140 176 27550
149 159 19801
100 67 2923
60 156 27225
7 155 10048
40 31 14449
159 156 24382
105 59 30270
141 129 5519
67 44 6631
43 161 12725
104 68 3969
154 4 13963
137 151 27770
87 171 23724
139 140 30265
41 8 24955
100 47 2432
97 86 16139
104 8 32048
141 5 7048
121 35 22133
82 87 32514
34 156 23954
84 101 21658
96 26 10688
149 120 30856
29 129 24537
121 164 9843
127 140 29384
22 72 5136
32 66 1528
39 138 29193
23 47 28983
34 116 397
120 13 8901
20 152 30503
24 93 1932
5 177 5033
147 40 2732
148 130 16966
59 148 29926
89 3 14144
50 123 18833
130 147 3240
113 162 527
21 123 17187
171 159 2565
138 21 27318
118 58 28103
177 4 7178
2 21 6572
20 67 25756
14 143 9298
152 79 26841
71 131 14062
41 125 21793
78 20 3651
114 2 21271
120 115 5084
163 15 10955
179 28 650
172 97 4010
75 70 14948
49 68 26419
95 11 10171
89 37 11223
54 107 15800
52 77 30884
176 104 20641
11 117 23162
65 32 25851
168 85 18938
18 126 8194
65 88 15745
92 137 15149
67 179 9401
75 33 32692
149 67 26542
102 35 12376
135 43 16748
165 93 14047
129 137 4749
133 50 14331
38 152 8768
95 141 11156
11 69 17586
112 39 4278
78 98 5089
68 72 7054
147 51 25656
134 71 8503
145 7 28819
121 68 22599
112 135 29045
167 16 5732
179 7 403
132 87 21054
33 69 26114
72 154 11977
106 129 6831
149 139 32647
132 96 29674
23 77 24387
129 42 19491
52 41 27027
63 66 8496
12 34 15597
136 5 18102
55 81 28224
83 92 31623
42 69 22602
179 37 19989
34 119 35
90 179 24652
73 145 30132
90 129 21871
145 137 29204
108 70 5319
148 142 20228
104 14 8785
37 164 6651
161 69 10915
90 79 19074
127 100 4546
101 61 22233
110 6 27818
66 81 21263
11 54 23458
146 2 17945
33 54 20420
39 166 15760
133 56 28735
38 152 13335
16 10 9265
4 146 26525
115 142 19512
161 166 5105
20 106 773
91 50 31593
97 163 24214
162 129 2700
2 102 13285
112 134 1268
18 75 23848
152 157 22762
63 140 1792
130 101 17519
4 165 8991
19 85 12714
166 82 24399
133 130 27119
168 136 30185
5 139 17888
131 49 26896
30 162 9814
117 138 19537
8 11 5398
85 73 14463
42 27 15741
155 41 29655
74 52 19618
101 18 19670
143 123 1445
35 38 12365
179 99 16937
44 134 13192
149 166 31
138 36 12722
50 72 21875
108 172 18361
97 169 30522
18 8 31826
55 18 17777
139 5 18944
40 40 19821
48 101 7966
127 51 17547
77 50 19551
43 49 27077
103 100 21576
9 154 22574
159 85 11906
33 170 28048
64 76 26658
