210 1000 
134 81 20373
12 41 9783
24 197 8010
159 114 568
157 89 24023
77 95 4141
8 182 14023
127 109 11435
207 23 9009
81 170 1265
44 68 30369
71 82 13776
70 99 12693
138 192 28197
132 209 16100
94 9 18440
66 120 22642
146 34 6146
16 73 1271
28 85 21474
84 77 17349
176 131 31504
154 195 23757
153 152 10350
82 132 14943
208 9 14883
119 43 32589
15 105 21987
65 79 1912
187 9 4248
71 174 31230
188 153 13940
163 97 23412
105 13 11472
87 30 29686
106 159 14702
152 94 12276
19 135 13037
137 0 13316
125 91 19606
205 62 31520
174 108 25547
72 99 21531
149 122 32705
142 0 15923
0 126 9282
25 172 19969
205 166 16051
104 207 15174
101 172 24729
161 107 19769
193 164 15676
195 197 24161
152 25 2125
158 50 29229
99 99 29073
24 144 9662
45 125 7682
22 146 29343
161 134 14568
76 86 5472
194 21 6089
46 184 17233
13 124 598
127 104 468
94 6 2964
73 86 14066
106 200 7148
66 171 15941
45 30 25589
41 111 15948
198 115 32271
19 14 31173
131 158 6430
78 73 13739
57 44 12567
156 117 22490
192 139 10773
78 29 27536
1 155 10539
10 60 4167
142 91 21047
114 19 19606
42 120 13403
173 22 8732
121 123 14063
183 62 24740
79 139 22270
85 206 26112
43 156 2486
198 118 1364
3 188 12878
203 151 3005
177 103 23117
46 90 4514
164 99 20801
104 62 20236
41 130 5433
48 135 20183
4 17 30633
112 101 28577
180 129 27263
168 202 29368
77 190 20366
76 151 14458
24 81 6305
107 105 1770
85 170 4299
154 19 8803
3 104 22488
180 158 27048
193 24 32487
110 62 24013
104 46 24978
87 89 21416
139 187 22837
55 165 20432
106 57 20526
180 55 3914
105 122 6446
96 156 20093
43 206 21238
11 189 19714
144 14 6925
99 43 10344
54 97 29276
93 166 16647
201 152 3244
59 135 17269
191 161 24696
156 123 30268
19 96 16030
184 79 24290
23 209 4546
203 181 606
100 3 13196
12 85 17557
85 159 6667
71 103 1903
105 59 2516
28 93 30118
171 201 2497
95 83 11874
1 100 7007
186 138 7727
26 171 18275
171 139 1799
179 42 28611
190 163 23635
113 186 8514
189 208 31032
190 180 23705
168 41 9868
70 77 4985
114 127 13124
112 34 28703
120 124 23865
129 104 32302
93 26 16794
59 38 528
3 39 21351
146 170 18442
198 188 15290
151 153 1730
19 24 23262
182 125 10485
122 128 12889
140 150 129
4 67 8046
123 106 6422
146 123 19154
154 191 11051
199 62 23931
160 46 8202
69 138 13269
100 162 15885
90 204 16327
115 52 99
98 195 24393
26 94 24572
161 153 28798
107 98 31587
130 65 11652
103 115 10678
81 56 10630
111 45 10489
20 94 30127
30 149 21113
80 113 20488
44 91 8188
22 94 6003
76 184 25316
68 74 26425
109 90 27302
71 22 488
156 200 2574
82 84 26222
206 46 850
177 92 23486
69 51 28901
65 72 15967
120 133 21881
198 29 14508
26 61 10184
81 47 6586
18 192 32490
21 13 2073
73 66 2662
194 135 9451
144 173 19785
113 27 10504
172 163 13784
40 44 26921
39 88 13257
183 190 20297
206 13 27901
108 200 1731
151 43 13613
151 32 9693
6 99 1814
69 114 23212
61 122 32252
150 150 23209
152 85 17569
7 121 23365
31 133 11011
153 115 32606
184 123 9850
83 144 14442
25 202 30736
87 103 27559
129 43 9006
95 70 2751
29 111 21228
154 35 3220
134 98 22178
18 143 7738
200 195 3737
160 185 19782
112 165 2021
92 196 9204
55 65 13004
114 29 1244
9 182 8529
201 119 22316
36 120 9133
3 83 5532
15 40 30439
179 200 24987
121 100 7629
143 59 10597
135 141 30444
74 3 2815
205 117 16999
201 138 14164
153 126 8383
95 11 32737
60 201 12251
60 115 16052
157 80 24061
3 54 15273
168 61 25191
60 159 25387
132 109 6615
50 2 25061
197 4 22823
21 140 22050
21 183 12978
38 198 4821
85 133 15183
118 72 14709
185 54 8703
86 20 1849
185 184 31142
65 138 26459
187 138 30301
45 37 32606
203 14 10309
145 30 19351
50 16 31724
91 201 20838
144 104 3217
162 34 14815
27 190 12019
127 44 8919
36 85 7030
172 199 28044
121 155 21685
34 191 6502
112 23 25573
124 49 7811
165 113 22159
106 90 3845
113 17 8591
172 16 22371
66 124 15190
209 202 5418
101 48 29666
93 116 30959
37 48 23279
0 63 21345
64 145 30020
65 123 5821
207 43 10287
142 34 3348
24 200 11918
35 56 6431
47 123 11508
89 41 23192
192 91 8907
2 101 20561
195 53 5251
151 100 24956
120 13 28465
23 45 25828
146 32 24612
142 39 6157
151 96 15199
150 21 20842
80 88 8700
59 25 24620
72 71 30168
140 133 20834
70 130 23082
139 51 1364
113 105 6336
164 57 29029
104 29 21028
57 138 27110
56 145 29397
128 113 11410
94 139 4690
75 153 28599
98 47 12464
14 111 17206
99 83 19947
85 10 26587
66 94 8764
154 88 14015
177 68 24847
111 122 5555
66 127 30837
79 134 5859
71 141 15653
105 189 4404
122 80 30565
26 109 3083
58 148 24439
126 13 5241
79 120 22620
88 114 19205
29 144 11787
23 128 139
2 35 22638
153 125 24041
137 116 22211
105 150 9583
11 52 12082
52 190 28235
188 52 3256
17 86 6513
113 65 27064
148 37 31907
70 164 16338
88 45 11183
111 133 26059
59 10 12537
155 13 10923
56 123 15847
154 129 26984
209 80 12500
76 208 21157
152 72 4485
43 185 4733
121 139 9827
130 125 22090
196 113 21479
189 25 6885
149 31 25836
167 71 9699
144 139 30195
150 165 11427
20 122 22133
148 188 603
94 19 6875
157 123 16990
115 189 7857
166 130 24149
96 147 10798
29 50 20509
159 107 7981
19 85 32138
170 94 20770
95 82 12355
67 10 18618
43 79 28264
151 130 32544
207 164 4301
166 180 26141
18 153 14824
40 81 10640
113 15 23754
84 99 19445
80 27 26032
133 42 25318
132 191 24090
185 97 6635
175 138 9321
126 101 4333
144 38 4970
15 7 31008
205 5 20577
144 152 20050
34 130 30318
54 75 979
174 162 3171
100 39 17267
124 172 11872
40 47 16977
161 107 9941
75 188 617
137 175 27321
37 93 26914
112 89 6932
32 175 12882
14 110 25135
78 88 17520
33 174 19724
32 115 5603
55 180 12782
173 124 31930
138 76 23322
95 21 14638
143 162 6426
141 139 8378
56 115 8741
68 181 21168
99 161 19587
160 182 8339
172 201 20474
90 170 9118
180 196 24234
179 203 9790
104 65 8168
134 194 25455
19 10 30708
177 179 30518
28 109 7580
152 79 684
110 128 23340
20 13 19297
80 55 2622
82 190 20727
100 169 29247
164 206 17730
121 115 16331
47 119 21082
63 166 24370
26 123 30556
66 146 11957
12 133 20433
131 88 19814
209 131 8937
107 66 20920
173 23 28441
27 31 32528
193 201 7099
68 101 13310
23 180 23993
97 176 21234
35 122 32113
82 178 25974
143 89 23377
64 15 15966
1 134 7646
167 8 31089
21 160 12066
145 55 30573
16 8 26806
14 122 27518
3 5 21726
74 209 19323
22 169 4218
85 71 1670
24 49 27825
50 45 24037
21 50 16549
73 81 10794
118 99 14992
199 123 19206
51 135 15639
127 0 2651
2 69 16576
46 94 27502
52 83 6849
121 44 17723
81 150 16808
119 198 13156
146 47 32145
142 128 27443
165 124 13531
39 200 27294
98 31 1951
35 25 21845
10 13 31584
167 147 14399
191 121 26009
54 68 26099
182 129 24387
9 189 16145
136 137 9324
204 177 3968
142 86 10849
167 96 17923
78 148 15411
74 103 15781
108 44 24688
114 115 10468
50 51 31844
1 192 31911
0 52 26700
131 140 3425
177 118 17720
172 45 31480
22 194 12425
19 42 6204
196 15 14938
140 41 16666
116 31 6964
133 45 7886
186 14 23251
81 179 15292
97 77 15596
30 57 4287
57 207 10805
143 203 29710
131 83 15137
177 61 5635
54 50 22278
33 179 4711
30 158 21930
31 2 7448
123 86 2670
34 125 1818
61 124 26509
90 148 21885
108 195 19748
165 191 30101
182 16 27401
167 151 21109
104 165 11670
96 97 15802
167 102 19688
188 45 20989
53 48 4951
143 9 16257
153 128 6915
25 99 25610
153 159 27596
98 129 13518
43 77 23061
186 118 28166
156 32 7193
67 128 15760
138 74 3780
161 68 18061
137 98 25673
65 189 31258
166 189 17901
205 139 25956
38 182 8125
132 106 20421
118 68 10287
170 195 25530
67 169 3799
146 93 13253
208 133 25785
132 9 18593
105 96 5606
204 41 6219
187 188 32599
62 184 24014
137 152 7507
119 160 22492
116 141 19898
47 152 2192
63 78 32524
154 128 15089
146 108 12296
25 57 25358
165 87 11568
97 81 29647
100 87 20643
139 156 4549
190 192 32252
61 136 11431
59 115 30525
46 4 4416
26 152 18677
69 176 1008
78 18 15132
110 4 30744
39 139 16727
131 144 4868
26 55 8361
152 103 26927
118 48 14780
111 83 23289
11 66 28223
165 201 12840
122 52 15632
32 44 13250
138 151 17457
54 143 21033
173 126 10419
2 192 6533
52 25 17436
175 24 25812
43 122 13296
87 105 29758
31 111 21358
140 20 11650
109 197 4253
28 127 13716
11 207 17718
53 22 16065
76 136 4371
1 2 26874
112 197 30509
138 142 31248
80 186 32592
174 19 4617
106 18 11781
157 10 25561
15 139 4458
14 8 29981
24 116 15601
117 165 1967
100 203 10039
129 174 9774
67 100 17525
16 79 26824
115 207 15674
95 58 31215
111 72 5230
142 30 15037
111 208 16591
76 86 13612
51 8 32100
202 148 24191
88 80 12698
12 125 5728
133 100 7438
65 153 24477
162 203 15404
165 194 5525
168 178 29221
161 40 28084
119 122 14838
192 46 30337
11 54 17262
12 204 3637
142 174 17011
187 54 2269
171 33 9730
157 121 606
25 172 14737
147 137 13063
63 181 11999
144 62 7538
132 42 1887
124 107 8922
198 148 7091
123 137 1851
90 81 25852
175 21 16589
89 108 32487
113 107 9921
117 38 27327
25 6 16714
59 111 15082
117 19 12619
200 16 19362
171 35 28752
11 20 22720
108 79 6550
165 31 27124
105 49 4940
23 114 1482
41 10 23380
47 168 12606
90 27 32051
177 37 17622
65 194 24296
120 76 24949
88 95 12515
33 64 7785
93 6 29023
192 186 14177
26 9 11707
160 185 23627
100 205 3248
196 203 7757
25 112 17016
80 97 7251
42 87 27703
135 194 22255
20 146 594
105 177 18036
128 128 10607
59 106 16281
113 22 14422
111 112 12808
124 66 23791
6 198 10657
163 172 29958
141 191 1627
100 137 32679
40 199 26637
97 190 4654
146 99 8827
101 8 2139
101 52 898
183 3 18697
63 59 6206
34 196 351
205 48 16238
20 1 13971
179 86 1683
156 29 4756
95 119 23668
184 208 27184
208 26 24332
33 13 15266
130 26 17431
142 99 23166
123 23 25260
176 166 14966
16 208 2474
6 110 23670
67 168 25069
129 114 23038
40 8 27767
190 31 30921
79 184 3093
183 160 9507
70 17 18222
192 122 15225
41 80 22969
76 95 14855
179 153 6287
95 118 22966
126 196 24209
76 183 14720
183 161 4442
85 97 18938
47 189 3709
42 182 3795
43 200 21367
132 165 10855
132 45 16856
79 200 2997
17 85 20065
63 147 4447
165 195 1276
163 41 5246
80 113 25815
127 31 9316
164 198 32533
26 34 22703
185 188 18374
31 75 4402
170 153 31786
17 154 21414
86 174 12912
56 36 17691
163 73 26216
205 56 4511
198 106 29665
201 189 32418
130 177 15024
45 35 29934
37 134 29075
79 62 5465
62 30 17508
92 155 30586
59 8 3935
6 98 5119
140 90 11373
198 173 9341
198 208 10406
109 185 212
94 91 10127
199 190 18042
107 181 1728
136 165 28736
93 123 20465
73 76 1405
47 165 165
40 171 15780
143 7 30183
134 83 29081
140 146 12249
209 81 1662
68 178 29698
90 15 13727
43 140 26269
115 102 17347
195 93 21082
119 197 28187
51 1 21330
135 104 7544
86 105 17689
196 87 24724
180 180 32048
186 118 21650
123 28 21067
52 18 3843
198 133 1576
147 86 24335
31 196 10980
149 73 25491
51 130 24085
38 188 4693
169 117 786
186 190 28827
184 31 21290
22 44 30666
112 52 30148
137 208 216
109 92 11159
96 28 10163
46 86 16250
176 128 29678
83 103 13437
185 31 18001
110 54 23630
204 164 8993
84 82 29204
123 181 32569
92 141 21827
201 68 19023
5 81 23834
116 112 6900
57 80 18636
62 67 12593
8 60 22910
99 39 2775
155 179 31391
43 169 4306
104 13 21069
26 205 1827
116 112 30395
174 82 29007
122 18 9948
177 140 7008
106 201 5047
117 36 31696
137 100 21814
123 51 15605
206 179 24653
90 169 31942
26 190 3527
103 17 18443
185 190 18470
11 81 4709
72 22 7242
11 125 32420
101 208 31718
195 107 17252
11 130 20975
28 80 26102
70 72 26747
103 67 31219
102 46 23760
22 119 7693
93 103 18849
196 74 7933
24 175 14486
132 72 4000
69 23 9145
98 27 20895
206 134 9319
2 74 3123
36 15 12490
75 58 30439
149 88 18962
133 112 15469
136 0 3287
51 50 7633
145 197 636
209 143 30906
43 76 11620
57 205 29566
31 91 25421
13 16 26660
77 68 28738
99 138 17334
45 79 470
112 205 366
137 178 19874
63 38 16800
151 167 5958
157 112 19058
200 156 31065
72 44 5312
33 6 29197
126 88 29116
83 125 32624
76 58 26160
198 38 24719
126 121 7782
56 112 10223
62 146 27170
166 108 268
181 206 4662
128 84 11753
65 122 8597
177 115 8911
134 27 31221
184 150 5578
1 14 20566
44 86 9365
25 116 2065
189 104 12000
137 1 25402
17 47 31807
205 173 13686
177 41 3112
31 156 17049
29 186 21435
78 11 17576
177 114 90
3 37 19725
44 67 26415
178 25 25380
1 173 26934
108 133 30316
200 21 4200
49 83 1273
17 83 22032
3 79 18178
153 190 11137
123 191 22177
194 160 21913
123 108 14099
140 167 16598
22 154 24868
184 36 30448
117 96 8848
117 67 8235
140 115 15471
18 45 18920
172 18 20759
176 147 22808
118 65 27633
40 191 27290
189 162 20017
196 58 15543
173 107 16760
178 20 25646
10 76 3526
103 39 21649
80 168 25162
55 155 30437
200 46 6372
180 105 31429
165 84 19077
140 146 3435
190 129 16048
37 157 32633
23 35 27323
164 106 27994
21 25 1452
25 111 1925
131 118 15304
205 30 28433
60 195 22826
155 97 4189
13 179 25847
73 188 18614
170 46 12048
156 79 17727
117 25 20565
120 76 14473
109 193 8653
120 93 4509
168 171 18771
98 18 6763
38 110 15002
180 106 7373
11 125 418
56 69 13485
209 106 26613
39 144 6894
58 147 6219
102 185 18461
147 90 23643
44 74 7965
162 203 32525
