150 1000 
34 17 41
124 119 26500
112 108 11478
95 5 24464
61 27 23281
92 145 491
141 36 4827
3 2 14604
21 82 292
95 68 18716
71 126 5447
112 69 11538
85 49 25667
111 53 9894
123 33 31322
61 141 4664
47 118 28253
57 112 27644
23 109 20037
28 79 9741
140 35 12316
106 138 1842
64 92 9040
105 146 22648
70 129 15890
51 6 15350
129 98 24393
4 84 12623
16 140 18756
58 131 7376
26 39 16944
88 137 11323
129 132 16118
65 33 16541
54 108 4639
56 27 9930
71 36 31673
22 74 28745
77 129 6270
12 147 15573
11 90 23986
17 5 18636
131 124 23655
100 50 12052
16 124 16941
41 57 3430
7 87 18007
33 3 12287
109 59 14945
138 71 9758
56 46 6422
68 63 13030
12 41 900
59 10 1655
98 137 27624
141 145 6483
91 50 3602
70 74 30836
48 21 4596
34 18 23199
53 84 8281
38 18 1999
127 38 6900
43 128 467
107 133 24648
17 60 2421
59 64 22813
51 35 7616
19 149 20600
3 148 31556
144 58 6224
2 139 32609
93 85 3195
87 73 14343
98 53 29314
18 108 25200
98 146 20580
98 89 15281
72 7 28009
142 88 23622
40 29 6038
41 8 29657
106 88 19815
84 2 11511
78 105 24272
86 112 22646
19 83 18875
66 144 20142
122 48 21881
149 121 18651
142 126 3557
62 125 24389
3 110 2600
138 11 26869
105 39 13401
85 52 16423
88 85 24182
57 117 31426
119 32 9832
89 71 2154
118 129 19976
55 125 28692
91 49 3434
60 145 9512
89 3 21718
46 79 12423
49 79 16687
49 66 17437
147 95 193
55 86 20416
5 82 24488
1 114 25734
86 121 31316
55 113 12263
12 103 31185
95 32 10808
121 6 4313
82 96 19558
96 94 481
61 79 20222
73 50 5535
59 44 10466
3 39 26292
110 54 20024
136 99 4745
122 124 8313
37 68 2168
41 108 9905
77 25 10202
24 14 4414
72 74 29334
20 133 20159
18 97 7487
20 73 8177
92 118 1763
80 102 13985
2 127 29213
75 77 4099
73 124 1543
81 11 29972
105 132 31003
131 75 27593
122 142 8492
100 14 31286
63 110 19187
70 20 30974
61 83 235
17 146 25760
140 100 7285
24 145 13694
26 25 28019
52 8 21694
28 116 17371
134 1 22593
119 114 1018
87 100 23152
10 126 31060
65 70 4757
43 77 9576
9 114 22758
15 136 7882
74 27 3487
79 127 2625
20 73 31928
123 112 6902
61 137 24596
64 125 10195
16 52 8260
61 76 5030
47 111 30771
90 70 21153
13 38 14924
62 1 4940
13 0 13829
115 28 18958
0 77 13007
53 139 26058
74 7 12760
113 8 6477
50 1 14887
93 78 14460
90 55 27384
85 54 31111
100 72 32356
6 85 18823
57 126 23216
87 7 8526
111 19 23271
67 122 12896
96 117 10112
123 41 11585
65 79 24129
96 82 6559
12 53 29855
54 34 3584
119 7 16972
57 113 22532
85 11 2483
25 48 10067
92 123 12938
91 61 23754
125 9 20175
126 20 3221
133 55 31934
79 148 23850
134 43 22701
6 134 1637
55 126 1993
131 48 6962
141 13 300
92 105 19855
127 11 11462
102 128 20424
73 96 18443
125 13 10040
10 68 20072
62 82 1017
131 119 30695
35 88 20040
39 147 19090
3 145 25990
40 51 19314
35 8 22044
105 92 8759
3 31 25264
58 75 3829
149 147 29292
127 61 29556
29 141 6467
74 63 31240
115 77 20601
142 113 8683
142 51 25824
28 120 15759
25 34 28027
70 48 18786
54 147 6287
13 71 503
10 113 5706
90 39 22171
119 42 12164
104 91 20913
0 82 31818
39 25 25205
98 22 303
148 84 11247
113 14 2971
62 95 11075
119 78 17546
35 119 15262
15 44 28289
8 145 18540
1 120 28318
22 132 28323
70 37 27152
3 51 29763
50 77 14423
15 65 26969
147 93 28
37 93 2088
99 63 22409
92 88 4681
71 110 608
38 104 1758
149 90 14146
120 130 12843
36 67 748
126 35 20783
103 138 15185
148 124 25629
7 59 19923
105 144 24766
61 26 23318
101 105 21025
134 46 22549
92 114 9515
92 63 8075
22 48 31196
73 56 20426
105 4 24429
25 112 20626
136 65 30093
64 41 14736
52 6 5994
82 88 23936
81 15 1355
75 141 18230
136 87 2011
112 0 19690
3 93 21634
58 102 21416
54 33 7262
53 134 16303
24 148 14256
109 13 12317
80 100 24028
50 58 21318
114 11 24155
93 76 11903
111 52 26909
82 48 28489
120 74 13653
81 23 5402
9 128 19369
121 119 19008
31 45 30003
135 92 26504
39 98 25313
137 88 12722
84 111 6410
59 61 12508
69 15 6493
58 69 24937
14 21 14700
105 15 15117
39 30 7815
32 38 30212
10 35 1954
130 24 24484
91 1 29815
10 29 18115
38 123 25898
106 132 23977
108 13 28689
73 40 12941
134 28 21363
121 0 24778
21 74 1885
53 67 11333
125 68 14295
0 29 9676
43 9 2598
66 80 4686
28 117 12249
21 64 26679
66 126 8405
16 126 7516
14 81 29087
21 136 1340
64 21 11662
52 15 29309
91 24 29873
73 112 32745
118 6 27531
107 52 9318
112 81 24307
114 80 21136
6 34 26809
146 143 12290
145 4 29152
141 98 14708
114 31 13712
122 8 16439
2 95 29704
88 129 25269
66 18 26423
136 98 17659
83 112 21196
96 22 12158
25 137 18392
2 58 10647
80 48 30807
78 50 29292
48 52 20799
115 90 13882
117 62 4575
68 97 22336
51 28 19897
99 80 26816
79 58 16925
10 140 24520
5 112 15147
11 42 20675
46 48 31754
38 96 8714
63 88 19569
121 65 15075
128 15 475
5 120 13234
12 57 9464
99 74 14161
123 30 17469
125 83 28350
136 87 10910
93 78 18337
114 114 7636
85 149 31591
104 137 2505
14 73 16337
118 108 9970
2 35 19281
94 2 18373
46 126 9876
90 99 7572
43 69 29174
39 141 32611
55 15 8419
100 16 7585
114 59 1615
24 93 9166
45 0 13509
111 139 9573
58 118 31172
76 18 26031
24 72 28510
2 10 8779
45 41 4182
14 124 5764
110 55 14902
121 72 474
127 47 26122
45 105 9789
143 0 27594
112 81 754
78 39 11672
117 12 5912
108 65 24408
34 59 17223
119 86 5204
106 95 958
117 100 8166
32 37 17692
147 74 30556
122 133 5021
83 126 29331
132 123 26948
70 76 22018
6 82 31111
124 75 19490
69 27 6486
77 34 11643
91 18 22668
28 133 32196
121 26 7727
103 62 10697
145 8 11027
88 135 9508
13 43 24237
78 0 22501
99 100 2111
119 104 11192
17 15 681
34 143 17713
30 122 25472
77 92 24901
102 120 13877
90 31 14364
73 137 8823
69 95 32179
110 42 2327
126 108 28182
128 20 9487
13 8 5651
136 133 9860
122 60 2742
141 134 7128
17 53 20718
81 138 24865
114 100 9257
111 108 18598
107 56 26063
85 139 20278
86 125 6365
110 33 1386
78 98 13330
140 133 29492
10 85 6766
142 137 11599
102 128 31982
44 44 11369
97 102 6608
8 85 17432
143 47 3264
141 115 27649
12 50 189
51 73 30648
41 133 24474
90 54 27200
80 119 25697
144 31 22578
149 137 3340
138 83 22525
52 43 7492
84 60 25011
85 147 1840
55 40 18529
10 42 28791
129 128 13549
73 127 30971
47 120 20193
140 76 13826
59 78 6582
9 89 20418
72 24 3449
67 8 10380
53 27 10208
96 57 15370
11 72 12074
106 111 19019
33 113 12890
102 132 13716
63 4 2741
10 46 2862
49 104 20615
48 30 20136
34 137 27032
56 67 7240
132 91 8670
108 73 25249
145 71 12105
78 16 7296
8 79 10178
57 0 27577
145 81 23729
3 76 2678
115 84 20899
22 108 3093
14 79 11243
91 105 10168
148 72 5973
44 36 5651
117 77 16446
24 66 14629
112 19 15791
91 93 8146
7 99 9815
86 102 20640
26 37 8551
83 5 28162
47 30 8394
113 65 3065
78 128 9261
111 40 16878
20 45 31947
0 139 29975
65 33 6149
7 32 22214
17 46 27432
10 82 28522
87 31 17641
21 29 6705
97 1 6538
76 46 24208
122 39 25759
5 86 27666
60 64 2028
148 77 29253
81 61 12503
97 5 29082
71 52 22106
71 31 17296
124 47 24455
126 135 18318
98 9 1774
22 103 12074
88 143 10635
97 32 8153
28 126 28680
61 101 6450
113 5 14199
61 73 5716
74 23 23245
131 53 1550
110 149 4287
122 65 18643
12 81 2529
147 31 13476
105 21 26890
89 32 32372
131 65 9320
106 43 9658
106 148 26578
96 16 27171
144 120 16697
109 88 15529
28 119 17984
126 115 21617
56 18 3684
68 97 25928
85 49 24390
120 149 14486
63 121 20710
18 85 27415
67 131 3580
86 94 8387
127 10 14507
102 31 28074
43 68 30271
111 37 19885
106 77 17604
63 72 7768
137 92 5000
5 88 30038
31 147 13289
37 84 13093
117 93 10761
47 82 9501
54 103 15665
25 45 15084
31 64 30221
56 6 4872
80 93 3343
111 18 16080
101 118 13713
118 79 27216
33 31 17040
109 113 23779
145 36 26653
70 24 24365
126 30 26835
21 25 18455
6 59 24808
105 132 5602
112 25 10440
80 62 22885
2 147 1836
90 30 10508
143 58 12076
74 146 7740
30 47 24773
0 122 23335
116 5 707
31 38 4141
46 115 17168
112 109 16225
12 55 18136
21 142 25043
98 62 17922
17 68 26018
90 100 9714
19 9 3335
140 53 21895
5 49 21979
131 61 24791
33 53 3652
142 87 32029
20 133 26253
94 18 15814
102 29 31063
20 119 18864
94 47 15005
126 26 21487
29 90 21323
110 38 23990
121 95 29271
39 83 28470
29 28 23955
35 62 5006
83 46 23487
129 35 2088
62 90 15993
55 51 18965
119 117 11807
107 121 3134
97 95 12998
144 138 14218
28 13 7372
23 1 29264
101 104 13490
142 97 24227
51 113 19771
115 71 22363
10 45 17421
22 91 495
65 51 31812
38 93 8055
108 82 15279
7 72 12654
144 138 24245
54 139 22290
25 123 24604
31 124 20078
23 33 2330
96 30 20594
55 45 4987
89 50 8616
85 63 27338
30 109 14697
37 108 23224
72 120 24474
134 105 10293
6 6 9561
32 25 8184
132 141 14119
129 29 24684
86 117 18283
137 118 24125
27 19 18028
6 141 10737
1 10 22795
36 132 8793
57 25 4580
19 24 21184
41 76 26790
90 79 3351
141 122 22974
140 37 12189
53 43 3239
103 31 17063
29 26 27005
68 139 1695
89 83 13998
143 21 29515
138 122 15826
99 131 24828
123 41 8978
143 84 26943
7 2 7349
37 91 20502
37 141 8346
16 0 18413
85 112 31690
77 60 29126
39 10 11382
113 74 26705
66 95 20722
138 38 16360
17 45 7811
139 17 32425
97 13 10542
99 67 30502
3 126 25023
70 51 30048
17 8 8636
131 105 8456
25 119 29962
145 31 10556
103 141 8044
100 15 3388
141 122 12319
125 83 29383
0 19 24642
135 78 17954
143 133 2257
100 53 10490
121 72 17233
38 90 19611
147 8 21641
29 58 2352
90 133 25302
72 118 10002
8 135 16895
144 92 12361
78 88 23699
91 7 4042
145 119 1847
114 113 4380
35 111 25710
12 54 20073
119 52 32703
52 79 5154
130 99 32074
149 44 2244
113 65 14118
20 123 19552
11 147 29731
148 148 5869
29 52 7103
122 143 28053
34 63 31088
40 72 9850
101 42 21911
16 27 28580
120 128 29876
98 148 14615
57 135 32179
2 12 2883
120 70 28262
41 123 19022
17 88 12686
48 92 31717
65 49 11267
119 32 10389
30 53 16081
39 31 13028
122 30 23152
145 107 19864
40 131 25428
21 77 26610
93 9 25236
37 33 16840
24 130 23893
103 132 12993
12 40 17461
101 147 22307
67 40 18423
16 53 6640
9 111 4883
101 136 18245
40 101 32765
133 147 17209
21 58 29250
87 131 175
99 87 3271
38 79 12504
61 80 10700
40 55 12118
72 9 18828
98 10 14398
14 131 12935
96 43 19567
38 96 19161
26 138 7670
21 17 21555
108 52 16760
115 5 15433
34 1 726
98 43 12759
143 42 27273
3 137 12933
44 11 3690
148 77 24668
129 98 989
31 49 11647
98 125 669
149 86 25449
81 93 20123
84 61 18154
16 117 9385
16 54 11393
23 8 30953
17 42 18684
130 69 10048
40 14 30811
104 43 5427
145 124 10599
39 58 506
39 59 9858
68 40 11447
26 125 9364
66 103 25089
120 90 26412
141 45 14676
109 101 29986
85 133 8187
86 50 23390
78 131 4755
112 127 25502
122 115 26424
28 135 832
28 39 6646
115 25 10883
78 95 31260
120 55 5821
84 23 12927
136 25 27251
37 1 16334
90 124 9310
130 21 20356
32 45 10935
73 118 1825
48 137 4712
67 112 9905
147 39 8692
81 53 10946
58 89 24115
94 95 20829
22 145 17199
122 112 675
138 80 13773
58 92 26897
125 27 19203
78 51 20134
36 69 18382
138 89 27478
13 76 18721
124 125 1677
11 100 25981
148 102 28862
16 84 25095
43 57 15137
109 94 21284
43 8 821
119 27 17668
41 91 29857
15 123 25264
91 79 8072
86 65 4715
100 9 14957
91 143 13452
127 148 11829
124 24 11798
85 133 12274
112 20 15038
59 134 32629
85 23 14878
93 74 29400
15 112 23105
27 107 5767
90 104 13784
21 91 9834
140 134 18085
36 148 20542
124 21 32018
104 76 22597
27 108 29669
66 118 12493
0 38 9102
40 68 10819
6 139 14984
28 132 25808
39 137 26814
27 120 28074
91 38 2554
102 142 16798
146 104 16321
133 59 7056
83 111 17708
135 104 20686
10 92 10142
143 120 22161
113 137 9578
84 91 13063
61 56 20415
109 61 25012
20 138 16251
57 107 26124
1 1 17584
141 58 14489
112 63 1790
43 60 14855
126 52 8472
116 23 13543
78 125 27651
69 111 532
7 29 32503
103 51 27892
19 70 28392
144 7 19472
133 90 9505
107 109 14262
71 10 18038
97 104 11171
79 123 11514
37 16 489
120 82 29756
122 116 25739
3 60 7283
59 91 24705
129 37 25386
145 117 42
102 38 12356
133 16 3154
131 69 27760
126 117 6738
120 14 21098
119 7 13053
42 122 24216
10 13 29007
130 143 30947
26 93 18717
17 126 25314
71 70 1334
104 114 26792
64 143 18866
62 100 23775
126 51 21100
27 143 6379
135 61 3789
144 34 8272
104 63 29561
58 38 12946
23 80 12157
146 24 6464
118 31 13837
41 92 26611
11 123 3832
30 111 16991
41 119 28498
117 79 8400
95 114 2317
117 86 1441
9 103 7028
103 131 13973
83 66 26569
52 135 25367
31 57 5230
66 60 15567
27 121 3687
88 64 31245
15 97 27671
107 11 4592
121 53 1405
30 90 20580
140 20 13675
86 48 13377
131 139 21604
60 138 29744
109 69 18718
69 59 5927
0 66 21479
58 53 21396
56 143 20830
122 4 29849
54 144 26160
29 146 26333
59 78 10471
38 21 22241
135 33 16366
11 129 2270
