240 1000 
17 197 12110
16 32 20805
191 130 23256
171 181 23034
65 16 6438
4 149 27236
162 12 30386
140 31 13652
148 220 10925
187 137 13599
151 212 28728
18 173 11684
8 7 5140
239 39 77
36 70 10530
71 78 26140
60 196 25860
37 88 2094
59 25 5053
116 88 26927
236 208 11304
223 13 12975
126 148 10391
167 199 20333
47 41 11773
115 72 22495
131 212 4460
73 200 18595
175 187 16088
154 92 21163
148 90 13649
153 103 25395
40 125 3127
172 70 21985
73 171 4638
221 213 11696
20 236 24908
57 107 16739
89 98 3872
218 173 3772
166 38 12999
235 162 29610
174 217 13567
2 152 28454
85 234 32226
43 148 21374
55 121 30444
238 47 4670
154 127 18098
98 67 3572
68 109 30991
60 112 14460
237 34 16812
50 57 17575
60 30 47
203 4 26705
220 4 29814
115 2 10298
178 43 30370
117 64 31051
44 20 23023
130 107 15117
57 135 12919
220 105 15727
213 89 21888
199 44 14398
165 56 26850
73 28 25810
152 82 420
231 67 23266
20 141 31464
33 142 30585
147 194 9653
42 114 388
27 208 1866
233 177 371
40 182 24312
125 155 27101
181 157 28086
92 88 19763
186 153 18667
107 74 213
169 146 12075
122 28 18482
186 11 12494
104 115 698
218 24 22444
20 31 28101
48 125 8303
30 109 26559
228 32 23849
101 0 21563
44 145 19514
44 95 22711
37 18 8106
3 239 14394
222 176 12415
156 153 10258
25 226 30396
183 227 8795
148 59 27141
52 117 2839
122 196 30752
89 185 771
148 7 5584
175 239 3939
72 2 25522
128 191 24707
10 51 17454
45 18 2209
4 188 24727
169 225 29555
116 235 19207
9 21 29323
66 144 30634
102 51 19786
11 98 869
25 4 800
48 202 30503
41 0 25922
67 12 15937
28 211 26919
145 205 11160
161 130 10090
118 155 31888
207 64 29411
62 51 6655
117 161 25100
61 219 13965
129 55 6423
111 2 10053
47 49 11585
64 95 15944
104 187 10812
85 95 22755
235 118 10449
96 221 2415
147 179 4609
139 88 6862
191 91 11343
18 56 28251
146 18 30979
173 221 13991
109 131 17781
222 77 8286
35 75 14541
121 159 26658
24 14 8380
136 193 30538
31 213 24593
53 12 15031
20 143 14399
46 200 20036
164 106 17192
192 201 7303
82 13 25809
2 169 1482
180 69 21704
125 65 21136
186 152 11612
170 145 29955
126 28 17156
93 94 14868
105 126 28796
229 21 22085
236 108 5256
155 118 838
13 222 17499
223 109 31468
221 148 16916
221 184 20790
79 107 10447
89 222 21081
149 3 2105
8 151 27390
225 197 26545
18 70 4167
82 5 27986
148 215 27182
40 36 16255
186 93 32341
63 187 14278
146 6 4724
28 117 13365
184 138 17616
79 203 20604
203 172 16015
126 57 8807
57 100 14017
98 216 19869
74 22 3700
234 28 28835
107 219 27958
60 81 8592
43 176 17089
221 226 31493
138 214 15828
136 143 10802
5 97 29027
136 232 5403
106 111 22685
102 234 7254
230 60 32643
54 169 15866
182 220 6398
13 205 1916
141 4 3253
155 31 25248
183 223 22043
205 203 28116
237 32 15203
207 109 19084
24 224 15966
52 145 11381
207 0 630
73 185 2715
185 202 2621
148 158 12249
56 110 29766
207 223 6693
34 20 4683
194 175 12444
125 121 9924
12 227 26200
218 177 5249
19 238 29813
195 126 10469
147 166 32724
151 202 13517
195 221 20340
107 233 12625
37 108 16006
24 58 1243
134 159 24957
13 171 29260
30 77 30665
17 27 7971
131 104 19460
100 171 16099
213 186 8890
150 143 8498
141 165 23562
58 226 27995
83 161 1754
26 98 4413
132 238 25687
4 82 8918
99 36 20714
170 127 31458
172 106 17401
64 184 29766
219 102 10755
101 144 20288
188 35 21756
93 210 2199
155 135 11508
222 234 21562
90 235 16234
12 114 10263
228 1 21984
181 184 12040
53 222 27781
101 100 25896
58 99 18455
193 87 22014
68 106 5699
204 44 18985
158 29 1587
162 2 30111
142 27 12042
132 68 14497
53 173 30838
150 31 5348
9 139 7596
164 37 26029
189 201 23906
89 218 1225
39 41 2469
233 69 8107
130 205 154
114 129 26393
14 168 13202
187 32 18727
92 182 21496
59 128 22650
7 43 5621
164 25 13573
44 95 18158
32 94 2491
186 64 18983
61 131 20463
86 75 30753
11 8 21596
40 170 28061
91 27 17153
129 212 7491
94 109 5726
201 130 863
137 9 31667
125 211 15665
130 42 24908
39 15 3524
231 215 17670
117 0 6221
15 167 18569
202 212 23666
194 226 24049
230 204 23324
156 33 23259
102 171 19093
37 47 14605
126 188 30498
169 137 4920
19 209 26974
112 79 20864
217 88 15869
218 142 19663
60 17 21183
24 134 16678
104 3 6847
231 23 1626
234 52 8292
15 9 1030
211 93 1425
177 51 162
114 168 17140
36 87 5363
113 119 3461
230 85 1106
12 160 13704
45 105 20353
197 166 5306
200 106 23296
133 44 18796
19 45 17194
59 156 6838
9 222 18296
200 122 1556
94 159 25536
132 226 12543
155 110 2379
137 76 22881
98 217 17173
223 201 30203
232 175 14232
226 91 5140
153 77 16361
41 115 12809
173 143 32537
226 76 28306
194 33 22035
87 124 29407
171 26 3952
211 48 4569
186 107 31731
225 222 16678
47 1 17330
187 226 24770
25 126 14614
81 5 19539
97 102 21044
198 236 32120
224 68 25131
61 95 10439
140 171 3988
1 234 18232
193 76 9765
209 88 31786
125 60 4363
90 51 19530
78 117 22705
209 36 13316
63 218 14833
55 100 27711
6 60 9690
30 125 8860
133 10 145
228 30 9836
76 227 6906
214 159 7701
153 126 30254
114 3 20646
90 67 12515
33 49 32197
4 210 24148
220 236 12862
229 131 17230
138 70 4568
62 41 24932
44 46 16191
130 233 8579
139 37 28965
232 89 9818
78 238 28646
153 50 9289
13 69 14672
23 5 24544
19 49 28770
104 237 29968
126 108 7456
66 138 6296
25 72 9420
171 189 29276
147 201 23842
223 29 19109
217 27 15721
74 158 23924
177 95 1662
43 99 3706
1 212 22302
178 167 15692
55 68 5144
168 1 27879
35 127 25651
103 98 8879
207 187 19946
75 165 8288
190 80 22860
74 216 14767
196 206 672
213 180 20879
28 229 23203
151 129 21585
230 207 30580
193 182 6941
61 77 25994
226 43 23156
92 208 10828
32 15 24764
82 200 12833
66 88 19202
10 161 16913
225 144 17784
172 112 18771
221 189 14938
148 169 18769
147 94 19774
118 56 2838
229 233 31228
49 40 3864
207 145 30125
48 100 8418
83 227 21878
100 139 18955
113 80 21019
46 232 6257
99 119 4237
183 32 22981
87 59 30442
65 100 8889
63 194 4783
41 45 17013
45 201 16397
116 207 13095
144 45 27544
10 12 16056
71 20 16085
234 226 31516
17 87 7491
132 9 947
143 34 23296
23 8 32172
21 166 22291
141 221 4981
96 5 29443
140 213 14229
108 223 3650
43 61 14731
228 150 1942
199 68 6013
17 20 8073
151 14 3555
91 77 16000
42 117 17008
199 45 26128
53 139 6629
156 84 18596
43 133 24729
84 123 29591
82 58 31695
64 45 30540
60 95 28222
109 90 21989
64 171 9297
60 161 3252
236 195 19713
148 196 5489
143 178 2664
47 60 5081
142 70 4436
143 46 22863
172 118 29055
220 181 19331
169 41 18493
122 157 23644
143 187 7619
122 210 28816
160 173 12619
127 106 8108
16 92 4806
137 220 29571
131 135 10456
84 102 1587
233 203 14423
102 159 25932
198 176 16000
229 207 17843
210 45 415
98 37 10072
17 192 13281
147 100 22757
233 17 29311
223 227 10971
88 202 24468
172 102 24298
145 177 7977
188 36 19293
171 91 12394
172 192 5107
157 12 509
131 5 4227
161 63 19691
164 232 20270
173 194 17318
32 129 25374
177 195 2827
57 135 12788
184 48 20851
180 126 377
145 2 15406
32 181 29745
154 174 24058
58 233 16094
179 105 2398
87 233 31251
97 119 10219
120 126 23145
141 77 23498
199 0 7925
163 136 9009
154 90 30992
168 79 3458
24 60 24973
50 187 24654
155 212 3826
60 94 24177
20 143 23893
68 198 19959
133 185 17376
186 205 27035
0 152 15670
140 159 12526
74 120 7977
26 181 5783
168 141 4987
61 194 28192
210 174 1705
198 174 17230
202 26 17139
128 214 767
24 210 23828
167 74 8692
85 154 25960
179 203 18464
64 148 19326
95 130 1863
18 148 23360
85 104 23063
90 194 558
39 83 9479
51 120 28785
208 180 17554
60 92 31908
202 123 27829
154 121 17065
199 130 19380
124 201 5352
193 112 5775
189 61 21694
225 226 28595
109 57 29204
0 178 2250
104 180 31571
228 197 1716
28 76 7716
66 130 6929
194 214 3787
53 48 2278
203 51 20220
209 98 29246
100 16 3698
143 132 27357
76 22 11962
201 141 28759
135 144 8425
178 124 8752
129 214 12093
78 57 29899
125 207 7634
31 168 12372
51 180 13557
59 188 26861
130 239 3260
66 153 20411
161 146 9452
156 236 21680
3 165 17745
239 142 7976
91 89 8724
238 27 30628
190 121 7357
160 189 26452
94 91 1491
182 50 8753
124 28 19553
29 213 22215
34 202 24524
192 220 19217
188 89 32184
77 3 20463
66 120 2287
58 118 7443
97 192 10120
109 226 9605
235 177 5570
32 197 30990
190 223 10317
239 232 24865
8 214 13297
201 23 10274
144 34 18913
150 110 28698
124 236 16148
65 158 14901
107 220 6768
175 208 21155
0 165 6335
41 234 19629
217 215 18075
130 181 10531
15 141 4047
108 38 13674
176 201 24811
137 112 15315
208 23 25331
52 149 19974
19 184 17016
47 71 22686
163 105 10872
93 141 23376
28 192 28889
110 19 9012
15 198 13657
152 99 19717
71 129 13645
211 121 13168
106 92 9606
51 200 20944
193 159 20778
98 152 7659
202 221 22387
7 196 31620
162 5 31622
34 99 17120
123 129 24804
194 98 28568
200 217 5156
128 112 32579
209 204 13047
70 236 24546
133 39 14241
151 113 7196
16 92 11121
99 8 18328
235 199 8415
84 98 6184
9 135 8525
225 34 10371
135 160 944
131 4 10161
119 195 14466
96 43 17540
139 177 19654
222 137 1709
138 117 2323
51 177 3916
127 29 29402
87 160 30997
3 206 25949
235 128 21591
138 24 17691
212 98 5512
129 211 19355
225 88 19753
156 112 25304
42 78 13855
218 76 20157
118 224 9164
175 93 18545
14 193 11154
109 0 618
78 172 7561
143 140 7546
152 57 3723
199 31 13906
90 10 27109
135 121 12337
41 76 19274
3 225 3257
101 130 20959
174 76 18978
95 147 17274
23 141 14400
210 94 17255
17 6 18968
150 12 8785
92 92 27894
101 56 29984
97 219 12102
50 112 16109
46 224 20638
95 163 7770
47 82 437
203 209 10477
212 191 30273
238 91 32586
182 123 17392
8 135 15183
145 37 12535
164 144 13707
234 33 23022
159 124 20873
27 153 18929
119 128 6361
15 176 4415
172 22 31466
11 238 26058
73 228 7179
60 9 13946
160 180 18481
21 141 9487
9 78 28241
209 68 25573
141 188 3950
90 65 19467
107 176 22704
165 165 30054
95 68 16921
124 164 32215
179 95 5050
68 179 19881
221 111 12656
209 73 22178
136 138 4497
25 165 22674
176 10 23829
43 218 28989
119 181 30749
184 174 30437
67 22 10215
102 162 9193
85 42 18316
111 11 16179
173 24 3871
163 222 100
217 129 26890
140 58 16391
187 175 16303
68 32 25392
218 238 8641
1 93 12113
18 36 9687
136 148 7718
117 43 9747
55 32 13073
195 168 21256
8 183 2619
210 184 18710
177 40 12104
144 234 22012
35 148 3217
216 112 1104
226 237 17691
78 103 24853
70 2 23233
61 204 21428
64 185 28489
236 55 23286
175 123 2662
35 237 8667
90 34 26575
163 100 13663
227 14 14316
144 229 16518
214 84 17112
30 221 9806
142 55 20634
126 119 10580
144 50 27370
141 76 8018
106 126 19422
130 79 703
112 191 27214
21 164 7985
83 142 24535
0 132 9564
218 217 11711
11 174 14781
138 70 32040
31 109 7507
75 6 11350
48 21 29171
7 5 7675
26 65 25628
145 129 8373
127 15 16981
116 226 13394
87 51 20091
11 102 16242
21 15 28552
7 27 17301
11 220 27325
51 77 5830
81 152 304
143 175 29017
158 138 19251
41 148 886
188 20 32011
98 222 6509
59 233 30959
17 81 26368
10 53 16460
166 127 12586
44 33 2749
15 70 2825
226 106 4922
110 210 1531
19 128 7268
144 53 24070
123 54 21256
199 23 9001
188 184 8734
140 151 29993
25 237 19957
226 111 27372
225 235 21588
218 183 32654
87 176 11687
84 2 11951
110 181 12190
84 197 5798
4 234 3012
139 193 21154
39 106 17657
220 216 6115
147 219 3282
51 142 18566
231 193 22090
78 4 29604
158 148 7504
58 152 28083
74 33 31507
104 45 7522
219 195 11541
143 236 6253
222 234 18803
70 26 2331
210 64 1255
98 200 24680
150 102 16227
82 30 25087
157 153 4703
135 50 28312
126 129 26671
124 34 26201
50 187 17915
204 9 24637
198 86 31282
5 24 5311
93 81 24452
12 218 2350
41 139 26837
209 204 5756
194 193 17570
4 86 8549
206 175 9929
125 108 4925
146 4 15804
198 82 10699
2 34 5251
47 42 23034
156 197 13589
171 144 5189
99 213 22264
237 127 2855
150 125 21540
126 236 31486
128 99 4761
111 195 12315
28 94 6963
85 26 29430
112 63 18065
168 58 27584
56 14 20282
51 142 17867
48 160 17470
50 1 12412
115 102 23037
155 28 7878
33 217 32492
10 234 10078
11 106 30819
38 49 30504
97 157 12248
235 165 13452
102 155 21273
233 162 19894
105 50 2660
126 143 17644
166 187 23911
208 52 30082
119 181 31894
178 80 20753
174 191 5713
159 44 2043
14 78 14294
23 111 16744
4 219 2034
154 40 17975
91 212 32232
129 41 8098
119 202 8468
129 93 30079
201 67 28198
154 51 16739
180 13 17682
33 19 795
200 220 20227
136 91 22572
211 182 11762
105 31 31583
153 206 4028
224 86 4742
104 132 31933
234 0 8181
13 227 32351
58 182 14959
103 112 5154
50 76 10604
127 93 28161
215 235 32009
120 152 6475
154 43 1
48 145 18747
160 124 18304
203 11 14077
205 212 30637
178 68 19685
112 182 25915
126 134 32502
123 103 23406
7 101 26390
51 68 19271
189 110 1410
174 12 21465
74 90 30299
144 175 15616
121 207 4959
123 218 29920
126 127 25910
132 40 13824
220 99 2515
205 27 32479
231 27 24025
65 37 17740
108 86 21770
175 30 7917
182 100 4643
230 185 17852
207 120 2228
24 220 14945
169 22 21466
16 183 8107
238 4 735
154 48 4513
146 47 31018
208 152 32735
13 208 12561
189 209 17970
55 191 18781
94 26 12218
122 181 21417
233 34 4092
27 77 28124
206 108 31394
69 114 23414
83 141 11741
219 44 9062
113 88 19629
127 58 15768
