10 50 
5 7 15942
3 4 28871
4 9 3152
4 6 239
5 3 28937
0 3 20533
1 3 11574
9 5 624
6 7 12830
9 6 31249
3 0 25727
1 4 14922
1 5 12062
0 7 119
8 4 19620
6 7 17524
2 8 25531
1 4 26530
0 7 435
6 2 26814
4 3 32527
4 4 1768
6 7 14021
0 3 26726
0 7 1062
3 8 10747
3 9 1183
1 4 16891
1 2 29133
9 0 28254
2 1 23974
8 2 1910
5 1 32156
8 9 6436
0 7 21255
5 3 8854
7 4 11841
1 6 24816
1 4 5927
4 9 9083
9 4 24846
0 7 26665
0 5 26952
2 0 30086
7 5 1733
5 7 25468
7 0 22141
6 1 5743
2 7 9122
2 3 10391
