20 100 
12 5 14808
1 18 13861
2 5 1919
9 2 14860
2 19 19211
2 4 8681
0 10 24633
1 10 12266
11 7 27529
18 6 29303
19 19 3287
15 17 8784
4 19 26833
5 18 9154
1 6 31325
2 14 23933
5 17 31046
9 9 23722
17 17 21964
11 13 29005
17 11 24811
17 7 24359
10 3 18297
19 17 16002
8 14 6752
10 13 1462
2 19 18604
4 14 16207
1 5 16413
1 1 31240
6 2 28540
12 16 22314
6 10 12781
4 14 4329
19 10 19689
19 4 13777
11 6 12972
12 8 30573
3 19 14650
2 1 6557
14 13 31300
3 9 7521
8 5 10904
4 2 32007
12 8 30693
6 1 2288
9 11 29163
0 10 31607
12 17 16515
1 4 32660
7 7 31221
12 17 31059
6 7 26005
18 13 12352
6 13 25772
1 13 23367
11 19 12299
7 2 19147
0 0 8923
15 12 22738
3 10 31631
19 9 12446
13 11 25083
19 12 13841
8 9 11776
11 13 10912
12 13 27726
18 7 28878
17 9 1835
5 14 20577
9 4 22333
4 8 11467
14 7 17611
17 9 3206
16 11 7156
1 2 27467
14 7 22211
11 13 27252
13 14 30266
7 8 23010
1 12 8090
17 5 6463
13 1 9621
8 1 17533
8 16 32055
9 1 20436
4 0 27806
1 9 30388
18 0 5597
9 12 32357
15 9 27296
16 15 6222
16 10 9576
9 18 30997
9 6 11127
10 14 20757
8 2 18121
1 15 2020
13 1 2471
8 18 16347
