1000 3000  2
776 117 694586
510 419 902737
455 824 620231
800 598 755845
739 477 660525
204 111 40646
426 266 312410
850 737 62980
66 671 943839
256 920 219310
451 957 166691
871 85 795431
709 143 27264
130 899 471931
946 265 726009
597 296 565058
715 84 154975
437 708 318106
666 861 996811
954 966 308737
150 713 351214
920 955 447319
251 194 653863
759 685 871137
348 300 329369
965 468 202453
531 934 500127
603 57 695287
228 357 542960
737 568 49302
441 872 655746
238 743 112802
264 101 120886
561 68 90726
953 108 273765
1 991 448165
354 68 808861
147 11 102132
731 467 240338
439 215 896573
96 431 290909
988 694 421663
214 679 481917
423 16 648755
535 670 360777
949 246 172491
528 419 675025
165 646 260707
885 677 716447
184 655 378230
998 667 354216
797 601 911038
229 888 730843
952 848 413867
222 997 493805
908 859 790738
28 520 685445
722 957 901796
268 943 791759
919 280 987932
164 622 564582
718 832 918207
364 349 486804
44 428 941727
781 297 590572
519 51 433213
758 366 626517
750 595 322585
56 402 5649
104 736 805235
956 163 612706
632 781 386868
179 392 436335
391 407 951698
890 746 826836
787 5 894762
515 706 237476
693 312 823721
216 600 608823
294 521 733762
921 578 397366
403 179 184268
317 95 752176
662 315 101251
789 206 594834
740 37 435533
560 87 798962
258 871 804725
539 150 976360
654 503 669069
13 835 397013
745 55 627042
928 440 901455
723 424 751080
377 490 692718
770 718 554332
833 797 73395
869 655 627195
239 872 566285
796 876 555237
499 978 561064
421 177 696651
772 400 446172
848 687 13152
481 929 493666
258 352 848407
724 420 152683
841 834 799417
493 546 297485
739 319 20935
248 345 965809
903 456 34536
853 997 240155
796 122 593658
308 792 608002
425 390 317730
618 630 507054
553 352 96214
95 41 934262
249 523 595808
907 441 701376
466 325 416644
242 32 123921
280 372 17763
104 853 966528
775 285 957297
137 145 83863
506 225 650168
232 101 276712
958 44 341387
650 360 627540
66 61 393961
49 254 624639
329 686 867004
625 291 371682
244 13 685815
432 768 247923
15 519 376429
392 386 575525
434 453 40231
568 879 731455
687 748 42922
286 133 94726
665 261 528788
172 922 160985
499 657 918452
557 219 707031
571 950 238924
109 746 766141
267 955 108478
295 725 766936
961 30 600592
545 590 21726
302 661 971057
636 949 948434
987 15 786350
797 20 897001
762 609 422167
617 311 946189
582 956 5231
647 84 298577
416 291 452716
998 730 379719
580 511 464777
276 527 520960
649 642 71618
272 501 93544
998 195 369880
837 933 350164
924 887 260532
189 488 404406
482 125 120194
274 876 525726
13 874 286132
11 435 25138
970 448 791184
420 597 467945
714 607 824921
310 762 815721
103 860 94963
877 254 163645
80 562 459898
519 207 279150
211 261 10841
253 791 280090
669 74 325931
950 901 520138
404 755 852311
351 960 444752
83 744 102030
512 435 309406
3 442 965173
314 584 931690
431 182 304343
348 778 202157
447 528 652408
208 318 966029
540 374 827633
768 203 390685
641 593 323795
435 843 731521
152 787 379392
763 90 973745
459 453 868527
378 662 481711
655 692 373934
303 953 66533
531 630 372650
878 660 272148
718 58 558489
944 818 377699
110 989 198259
382 258 102963
693 961 201576
344 510 802026
196 287 796472
501 30 528884
894 771 306474
417 652 688653
740 871 533350
331 962 259786
298 199 631570
327 100 7744
831 472 571211
646 478 160984
791 107 946095
640 869 418581
10 250 344158
422 161 694034
459 924 185563
834 968 492106
427 808 804426
256 18 411036
972 27 719810
349 966 507305
178 109 687462
930 830 470858
162 706 164459
25 604 445127
52 404 794246
779 101 161825
874 69 952497
308 104 724298
413 789 678416
516 776 631681
74 571 933727
535 185 26226
429 271 452542
995 57 343831
911 496 974558
428 723 311782
901 11 190118
172 977 842267
255 707 556033
539 105 423208
391 275 318041
546 388 122944
96 660 628449
399 58 483612
40 276 543735
848 362 922068
621 307 863228
643 923 778445
312 688 534784
266 907 701170
219 333 151704
762 279 13348
421 891 472649
278 725 172412
912 555 249545
269 608 107185
536 926 376706
475 19 896929
601 511 363427
958 71 894924
932 136 56858
976 441 656457
907 433 626619
732 519 951703
614 149 29319
634 469 326485
271 950 402333
833 134 216762
156 63 833386
249 692 48333
171 649 954802
561 236 300912
967 590 27542
977 244 236398
710 465 999318
113 127 592493
674 240 239813
668 605 720381
391 157 108498
274 700 502341
82 43 404470
221 569 722302
11 452 803666
756 871 840538
707 708 865676
572 245 583509
367 74 334254
272 529 651432
82 261 615991
636 410 75967
262 164 956887
101 192 331530
205 652 188309
676 499 637252
75 576 776659
971 874 963228
578 19 25172
422 894 669179
81 447 935727
989 411 451830
99 992 889092
854 552 849805
380 398 314929
453 140 207376
253 309 380671
304 43 776847
946 965 669880
285 507 664817
281 90 429862
351 143 597262
370 295 571245
191 465 212662
697 353 884631
546 241 877045
225 284 751225
306 128 490674
497 747 757626
570 837 202081
138 498 525653
886 585 516565
497 842 812025
76 685 446213
653 233 904623
811 770 48639
729 904 403676
379 924 973771
3 798 36450
545 524 962883
970 863 944618
949 454 242648
377 810 421551
860 188 444537
894 641 292734
203 582 876597
844 549 980650
356 990 633095
455 658 893067
699 457 663196
710 623 320128
937 683 611760
109 27 67359
901 33 620655
635 760 769209
84 4 79179
13 446 801906
701 104 853829
288 781 141953
613 952 257587
589 768 127834
840 562 626048
80 867 131837
102 372 961476
944 970 144774
364 414 102136
630 269 268223
255 411 577500
968 140 13336
663 966 123240
42 227 510348
724 87 618609
963 459 931353
736 320 177723
377 331 495629
99 148 337994
43 407 846422
356 49 397398
187 63 599433
473 739 790906
563 527 396008
508 837 707090
144 470 824502
435 634 129407
412 742 777942
88 288 725335
882 987 375099
90 39 580285
519 899 403613
450 663 999981
843 666 848124
83 75 122235
885 952 282081
361 768 880365
889 173 230638
188 615 331286
958 863 625715
331 142 259606
282 978 774229
948 295 626043
436 199 741735
899 984 849701
503 748 917669
223 292 146012
754 650 233429
700 735 280402
327 952 964705
316 445 846424
430 387 494485
387 133 311672
166 928 360261
980 60 644795
35 553 306706
753 138 148258
379 190 652878
671 910 643770
322 330 887017
54 597 257643
861 869 950607
838 143 634563
376 65 67633
198 646 954711
924 645 923758
227 550 319534
124 629 608092
844 716 442260
481 534 424406
736 538 94297
41 59 773030
413 146 376329
123 819 671081
326 772 51411
188 582 60324
747 540 736246
525 796 624191
879 645 774380
492 185 880063
113 735 955542
121 161 640763
466 586 564538
666 691 492403
946 693 924497
957 948 21457
570 493 552003
202 88 141877
439 884 862054
525 672 848165
113 517 416730
287 163 81336
80 288 380557
819 367 691790
761 935 71158
694 275 976641
606 968 344975
342 900 878562
58 275 814483
230 435 268951
375 745 477428
540 963 981491
664 353 551750
207 412 284
727 709 597604
621 704 339452
378 631 660921
881 486 120383
547 452 760265
106 320 809292
892 287 347770
790 545 113610
383 917 439705
896 984 263198
947 428 754791
956 597 455793
634 587 397057
342 61 761292
162 978 3194
752 2 42340
981 730 750427
402 466 229383
200 974 91495
545 286 658174
722 340 780518
277 2 3272
329 817 521489
960 748 170282
58 675 474892
936 699 515757
148 270 456087
291 360 527719
711 712 919708
822 571 766578
238 281 114746
624 873 602111
303 467 551087
780 246 889613
380 701 104432
481 162 276080
264 236 693824
82 301 609719
414 443 742504
5 210 362898
862 981 222312
612 348 219838
373 653 426850
847 316 597375
475 720 614935
528 355 50394
400 638 449567
788 296 636971
356 36 37926
830 151 355511
619 220 182589
310 822 679860
249 794 605708
334 571 510974
922 324 314548
709 738 165005
999 94 698849
141 416 534656
858 111 66564
455 274 406865
375 182 582005
399 30 72870
744 863 652519
829 729 836554
562 319 534899
118 211 469149
676 190 693781
21 179 214131
910 217 72700
70 939 2171
88 352 378298
737 787 566748
389 630 469483
251 205 472459
659 353 770824
782 5 11413
286 113 780886
831 788 767500
952 296 835806
70 952 293269
758 507 307641
5 848 885979
623 148 971979
853 759 614856
109 337 554295
649 366 318822
435 866 302815
47 947 946942
715 153 572105
799 904 403520
621 4 758880
522 419 782307
285 602 241285
503 957 876967
281 121 813593
455 462 919033
931 337 330188
497 184 287919
702 525 646611
525 360 721276
361 401 237628
403 624 94273
230 57 515126
421 475 147141
142 52 824689
786 304 995995
757 978 756531
925 990 37862
253 998 483255
807 176 656049
47 895 447735
952 831 642018
902 37 251730
279 17 298052
58 237 404549
758 2 274256
465 77 860908
233 579 594406
873 70 800222
384 740 65805
830 620 888779
271 853 469746
467 598 605714
883 586 754931
528 491 609935
745 983 543692
990 884 219916
533 377 117819
272 654 802521
823 742 717961
234 884 180592
954 163 801590
279 538 44171
586 233 888875
213 353 545055
66 495 119663
451 970 447744
15 784 183801
124 500 330165
331 801 965832
65 693 631773
398 859 109263
391 498 672353
361 445 62737
67 127 520918
464 562 539704
201 757 833595
106 754 104937
16 723 648926
606 565 257897
654 63 633428
197 675 216634
771 43 320306
221 14 389174
181 633 69320
619 500 695056
964 477 442711
777 965 399239
397 242 549125
12 901 288600
593 862 203538
53 237 270231
475 925 83701
13 172 145485
996 564 199937
535 236 111939
361 953 482354
10 448 370615
663 923 79971
188 923 914402
754 762 514689
552 459 898252
809 563 454927
910 945 80108
489 807 135592
24 246 669086
236 529 629697
968 405 249016
234 581 23669
552 639 122299
457 502 50708
433 338 44499
360 686 445862
476 879 183406
40 683 258406
83 251 135782
160 190 686579
854 155 36984
517 372 896020
591 747 14454
855 537 930105
26 845 430051
701 987 121756
963 935 57233
111 210 514100
159 773 896726
312 405 796425
916 21 307566
341 55 543173
784 690 658013
916 492 916348
779 975 619641
102 136 112899
299 434 951592
297 67 216359
474 342 169970
406 451 735077
775 822 413552
791 589 544327
153 306 362904
910 587 13439
434 670 800528
705 509 257997
873 149 956576
691 960 495039
335 112 984705
648 388 349343
622 465 566246
525 16 286702
169 225 797961
731 252 478291
714 307 666256
528 109 974183
750 589 271678
927 489 458175
765 827 12043
987 865 433102
379 412 302176
143 998 122417
295 119 701131
476 732 323919
493 980 286641
924 639 877572
519 960 269826
420 659 241846
905 233 3925
771 869 214467
88 254 204113
901 563 458858
945 518 386121
788 564 229206
405 681 534730
27 501 525786
389 289 513079
844 240 335380
604 327 748465
870 123 548327
795 802 924066
804 625 123611
637 262 53646
687 610 333885
199 341 806074
663 978 7359
880 923 650930
108 674 342978
573 50 521224
833 843 757632
170 452 549694
502 836 941020
747 224 710932
663 229 856495
991 388 441221
538 674 876642
197 530 289847
892 89 779044
300 510 801847
884 27 369361
554 643 241699
482 425 384848
824 104 590529
88 189 691329
21 653 431705
105 865 662380
304 274 352755
919 81 804464
437 784 840140
907 541 125484
400 892 617148
867 941 331120
59 268 552208
413 320 784123
819 780 671502
616 635 406819
197 626 364332
292 366 406775
972 172 222063
28 44 820471
204 46 314732
77 714 103845
319 248 709209
202 373 547836
775 797 600186
439 943 626271
973 924 527882
800 686 246698
84 865 866997
490 957 525370
413 462 142996
547 774 848585
858 34 814805
803 26 564596
31 385 66832
679 924 326260
903 215 951900
940 136 94165
707 30 524076
495 523 974343
438 189 74164
944 803 617198
951 198 979701
83 136 271329
671 109 150829
232 410 989340
822 953 715456
466 588 815469
979 450 495544
847 511 735508
864 595 427574
791 891 784347
557 559 378145
952 578 499974
369 874 943916
781 505 434979
853 616 660525
99 92 39479
591 25 342621
730 406 974977
10 575 550068
934 772 819232
897 172 284363
371 116 343833
751 731 81880
594 363 68203
103 244 340953
880 795 342698
812 992 437351
646 1000 52709
361 251 246599
804 652 480338
198 301 695132
768 95 68430
513 135 845128
577 64 682079
326 710 921800
350 698 228659
590 568 647532
333 446 733909
269 498 460606
556 788 809684
540 41 458802
31 470 954682
637 373 245689
946 338 640336
797 550 239252
662 529 246974
496 995 81169
388 307 271991
787 201 91866
118 101 734513
161 362 474878
748 198 608686
29 569 290067
824 859 757259
542 52 878520
128 550 838417
469 705 55146
951 201 813272
317 304 208803
980 434 378250
580 194 235383
854 290 338634
691 297 402034
509 625 30107
106 927 743130
141 909 211600
174 121 863119
759 218 806326
646 336 107724
805 590 356051
161 135 923456
977 844 426232
302 564 120277
356 418 334241
269 617 55488
30 894 682538
353 235 701190
451 245 307418
957 744 964596
448 88 768256
295 201 338017
490 442 983752
633 64 166120
847 979 825700
556 136 123384
534 695 437105
781 602 436794
633 512 276666
337 864 292535
411 142 303909
4 421 286456
524 61 752892
699 242 578897
664 89 627730
190 937 452813
612 422 689434
373 240 492321
305 841 402289
18 254 583708
644 911 587455
730 859 601831
499 535 8890
666 948 720245
292 860 16325
463 320 152883
540 347 375565
342 961 587605
98 174 415872
365 269 763463
968 888 175546
770 194 909469
516 406 202869
406 749 16635
178 145 894134
70 712 428776
686 484 223953
923 698 294453
844 957 158282
682 414 611905
68 950 671932
233 898 821730
661 108 672477
663 838 996341
114 225 898186
988 150 80079
593 982 596949
507 619 732073
375 966 88345
36 488 697195
913 683 211200
685 716 356211
948 30 174143
913 594 639492
19 828 223001
730 501 772542
378 500 298236
227 735 150612
468 360 513511
46 603 30619
836 431 853252
484 275 995126
564 752 506404
414 825 71454
5 211 725883
846 165 466670
673 780 482687
75 765 145262
688 978 773863
238 716 840990
615 263 790396
197 67 766354
272 414 240942
835 156 958861
957 519 196072
279 467 51760
171 232 985295
601 31 895439
186 628 971933
9 828 827015
424 173 84006
152 591 870297
405 482 995901
305 586 764337
905 754 112540
8 76 772610
183 402 109104
60 188 247002
522 414 888132
257 143 599718
56 997 387876
349 126 255413
954 374 288933
46 194 783551
293 213 800424
900 908 875695
239 185 85940
52 15 211475
920 563 423139
644 991 681095
891 544 562949
97 965 110770
241 370 429781
151 703 500899
161 403 187436
365 570 228881
63 532 190830
397 787 213207
639 670 548377
15 983 167533
208 843 260168
963 640 810720
894 702 994124
834 372 608833
764 896 635066
745 117 175276
920 456 940631
819 570 105419
279 855 631289
483 611 122472
705 650 315270
298 383 598364
844 904 559178
804 142 497638
52 921 253133
471 513 47610
160 522 480222
254 245 37465
958 995 118001
22 63 764039
709 653 658818
947 932 516648
218 558 364536
123 236 96777
951 156 451689
577 255 13452
752 580 663497
618 506 214463
639 123 125865
775 683 531990
251 414 308420
933 567 994771
603 967 861098
990 718 386701
357 538 94152
2 851 688569
581 961 410788
252 810 19940
731 729 132142
945 769 86047
697 267 629640
184 711 739419
110 940 650614
265 161 507160
295 388 88645
868 76 418524
516 525 577811
121 608 746973
420 96 628305
427 994 240747
865 717 610876
995 189 411284
188 628 272595
401 746 782932
559 497 904813
876 60 647237
489 666 464512
439 756 976835
334 782 207962
586 38 848873
75 484 814252
136 786 249630
688 260 797908
343 152 648699
508 567 504587
48 940 590323
861 92 240679
759 428 671387
577 880 929654
849 801 444570
1 516 935879
635 785 96488
251 341 665497
554 26 179445
298 106 467175
835 76 318546
865 882 844326
880 567 327598
742 267 135161
64 339 263033
749 266 174597
272 805 305024
137 296 583923
851 348 423505
630 385 782211
472 585 656323
812 905 337767
62 349 271627
867 735 767902
994 674 473452
431 343 741181
214 181 429282
162 358 703801
394 455 981915
699 640 32005
26 682 360857
120 813 114451
690 594 255592
841 941 405565
151 708 640214
43 229 872359
50 905 278228
778 399 231249
880 866 264746
145 629 848220
626 373 72182
693 685 673943
570 111 189814
680 742 883687
15 730 442262
88 333 171217
429 197 666314
668 448 399383
624 479 373071
920 672 563793
574 178 255289
576 879 834625
917 136 602216
837 315 407321
118 916 617179
615 455 1208
342 146 935251
484 333 142294
628 128 685564
324 210 359997
963 846 149240
52 465 914005
800 968 448084
469 310 415425
138 892 80067
94 557 362717
351 90 604658
305 930 716632
578 308 355264
67 696 444580
234 308 514601
590 807 179489
164 199 929752
280 933 15401
234 764 4289
469 837 543337
371 124 202236
469 190 971990
468 949 47679
54 87 494168
142 424 923140
638 518 428721
888 935 241767
372 816 917115
756 747 892202
377 421 50476
106 906 353762
903 213 308716
180 510 340806
392 952 677969
182 792 702164
418 48 596398
893 977 957877
791 144 794730
401 141 467608
169 262 363169
648 334 556291
414 552 242587
75 711 149855
864 550 533947
867 934 479317
511 475 379072
592 315 487962
854 900 983242
753 760 694366
633 117 915510
91 330 196652
673 449 521690
841 369 450711
172 371 544473
963 914 490730
302 315 741491
458 805 702643
717 144 615290
998 213 280999
548 170 494535
536 558 263204
530 707 573079
206 310 42444
173 949 826319
214 979 690781
363 229 573926
318 191 559859
45 341 239633
530 448 953783
802 246 91418
782 490 64804
436 450 692247
403 173 539146
353 927 540184
257 615 626713
901 784 896747
836 625 192002
59 468 217588
521 611 102511
392 245 337815
417 814 33653
431 765 587919
36 905 600860
588 477 664305
788 777 592494
700 211 154833
10 524 55032
417 189 631938
534 884 949258
376 767 390436
888 957 6013
913 320 969785
456 300 422116
257 967 487622
978 126 499772
997 354 575655
853 26 609852
276 53 432934
593 940 204825
71 861 486835
60 75 935821
630 604 720550
250 775 364290
348 249 857200
134 860 458253
130 339 762108
480 30 187084
998 155 476961
540 487 802029
805 231 582226
461 639 403527
61 759 239876
405 748 707668
622 209 757999
884 220 682444
279 381 6358
936 138 41756
462 583 683192
438 770 677659
545 428 682329
692 599 316413
535 941 526144
719 525 512086
56 49 817389
879 504 845106
611 487 311172
284 375 417525
824 561 458736
945 267 548505
908 71 315618
937 266 524117
628 960 181576
764 732 722426
906 675 14629
146 904 37018
170 86 559446
770 875 518893
501 367 196943
811 960 757019
654 449 717642
90 40 405212
272 247 377971
537 414 956788
342 685 152295
543 869 384485
453 148 454832
476 533 867846
484 789 800790
98 433 685396
405 328 208473
502 233 888095
598 277 468710
297 442 904863
489 42 620531
707 506 825173
692 856 862896
15 527 61603
808 972 307186
735 545 995932
982 352 391025
775 956 256531
908 557 708802
520 255 435848
735 218 652521
442 429 623147
466 236 831696
523 653 866225
789 95 607611
153 910 475083
505 426 183537
339 358 482571
97 397 477971
830 905 360898
362 387 757473
486 992 917267
54 373 443240
105 851 596602
295 874 262819
273 289 57104
37 410 284585
408 869 357678
919 164 22548
908 34 350187
218 680 171422
868 684 402239
134 328 362661
102 92 374417
741 819 982602
868 834 743879
768 513 895592
321 313 549498
325 634 420868
448 718 325591
980 967 849927
444 595 108581
712 917 726072
260 617 750346
984 440 41845
527 514 92463
417 645 450243
58 981 691214
716 155 375463
438 877 67083
336 844 44389
174 79 584508
637 297 338600
461 393 876833
27 825 936086
165 234 952123
41 774 578769
890 543 431789
691 464 981390
919 862 188294
565 270 924662
276 384 682388
42 383 647220
440 529 781788
128 743 164955
901 507 601895
671 687 382976
542 121 918831
627 179 487704
623 14 889504
762 615 293881
720 870 761165
835 283 551534
686 718 999439
440 398 992413
637 10 58998
695 609 161511
628 534 540142
314 873 7704
446 459 558780
698 80 539693
346 850 391889
864 203 275788
616 88 20874
103 566 390615
208 844 637110
712 934 515164
342 628 473275
73 585 387332
89 398 254752
708 454 18629
791 691 441225
657 685 105944
448 702 290766
677 372 746094
493 719 68604
775 558 162040
291 260 196820
166 94 96778
801 1000 141027
777 409 864504
292 341 482247
969 980 925828
370 480 879302
285 406 788486
431 646 959128
551 695 726252
606 117 580709
646 885 396250
967 670 802365
954 388 170609
897 948 127711
968 582 386525
621 657 14228
436 190 879691
93 871 90713
464 42 430734
896 685 762636
157 834 596505
158 722 530186
479 502 577567
293 206 624808
652 210 258271
353 408 780245
781 108 782915
108 441 649183
164 711 431000
190 74 292929
161 73 524865
871 774 503287
607 245 826566
411 283 329997
244 876 488015
846 632 336813
234 753 630093
706 730 508897
490 729 999386
358 937 728850
444 271 659495
313 792 888297
690 524 881952
413 308 991487
150 873 755842
135 204 746852
908 245 827409
358 146 312619
247 637 166521
623 717 701510
497 879 475138
945 236 508363
465 969 849781
269 689 858324
409 145 266972
147 954 760232
866 926 774361
702 207 163334
688 130 203392
629 553 86291
688 215 468255
420 994 312038
63 763 344257
88 408 899828
144 697 684462
214 2 168753
956 119 835689
123 565 44530
673 162 419850
357 732 126981
400 94 931403
338 461 406538
837 533 178856
872 618 562062
109 356 826697
214 264 930592
143 775 375361
938 151 737494
120 462 247365
208 488 475851
588 969 978396
518 391 798510
496 869 255544
882 844 79890
329 179 384497
794 103 535425
366 186 481640
937 874 7193
372 503 732259
854 165 604659
420 870 819437
371 392 700968
294 819 458428
6 489 636998
269 118 582302
317 711 663283
93 279 226438
617 434 422347
7 54 175639
964 44 481220
650 478 227825
734 353 259128
57 725 234447
798 222 91679
588 840 516811
729 394 198068
559 838 390054
969 654 239762
348 354 107769
678 820 69718
64 318 406231
384 956 461994
958 844 50535
476 279 965749
718 766 798828
847 32 471420
673 283 670586
82 366 768436
434 414 178751
269 851 447743
535 90 967204
494 591 167494
777 548 672697
293 952 718145
188 295 427717
569 410 610690
60 32 853584
754 265 725506
551 779 239423
949 887 114164
573 173 614553
973 752 463202
920 781 28909
296 275 648507
29 378 124911
373 483 658979
541 992 594047
777 246 218032
497 965 118289
306 31 989438
13 912 276738
285 784 999766
324 329 428169
300 55 990225
512 571 113090
937 751 941427
512 37 85896
230 473 234994
308 394 260051
913 860 437186
738 456 382521
558 553 238383
79 242 637547
579 548 952251
914 110 310452
422 913 744816
818 462 731845
292 10 617575
756 657 304602
813 74 980322
672 34 759358
616 468 576637
129 890 426814
810 511 253416
183 865 254013
803 22 124306
213 374 304029
264 61 312528
432 230 438268
124 502 616833
846 381 814175
418 864 476720
498 189 543017
462 144 874597
28 249 419313
415 666 605089
455 435 868766
942 490 972559
818 953 724774
634 795 263978
688 694 356335
688 424 867983
712 718 297143
952 419 126419
482 653 621526
340 351 449900
747 990 921516
825 588 999048
547 1 269910
856 558 451031
442 995 937353
219 890 521187
390 186 347265
986 352 673266
486 471 387467
859 768 259443
907 429 35854
441 394 784629
255 792 694300
926 442 346658
539 385 737811
281 563 504528
255 43 722265
691 283 450839
587 234 888152
479 26 263010
133 739 858585
655 361 944130
764 778 362299
314 87 181389
332 821 742875
452 910 899268
52 308 141245
120 140 948193
602 12 421867
449 368 639249
675 696 925395
485 425 878
836 618 240883
921 967 469858
703 581 116776
491 645 529069
534 777 638871
175 601 450643
343 448 761194
780 187 397249
806 228 695275
785 465 743190
633 213 690114
399 83 188100
425 768 162461
838 833 328892
448 546 861482
54 571 163039
527 433 295993
888 911 254645
197 596 404601
553 106 579405
754 823 13433
583 736 466488
706 797 442432
544 402 459565
747 537 990016
556 325 694306
18 998 733004
601 720 238578
262 817 303685
228 818 426706
717 868 589207
4 324 471624
353 85 972667
598 830 204038
429 659 276684
477 430 737761
617 511 113973
51 540 971595
628 747 329247
425 696 758525
878 913 288148
373 194 844195
844 952 406764
593 537 103908
781 91 84105
331 120 160365
88 566 847411
111 739 512742
113 529 951822
867 446 842664
609 129 986000
414 29 704986
740 813 844204
397 925 848911
291 717 925093
254 297 177740
162 882 893522
417 801 271371
320 146 37328
448 775 876638
783 403 457297
220 418 796651
544 653 984294
182 852 909083
372 284 100427
885 388 651514
995 676 175844
170 469 475439
732 827 571792
433 871 176734
24 170 458152
244 745 44602
302 416 22730
479 83 263945
457 234 92880
1000 781 194079
88 87 157330
224 863 885658
104 644 625928
4 981 847043
627 78 31356
666 765 896422
47 386 52826
309 484 24851
897 21 395164
435 415 125428
899 789 974778
767 477 423556
694 82 159987
846 584 140860
463 586 452148
685 554 291821
465 648 604295
450 883 202581
160 867 84393
147 307 693563
729 965 880704
294 46 40188
64 521 517650
499 969 837532
788 568 269179
564 535 806236
911 639 939965
624 780 628438
983 633 81936
503 982 128143
920 346 897873
394 132 893269
647 806 610721
537 95 617658
198 849 935565
311 559 611148
63 978 343853
247 321 790221
302 187 524718
351 179 871441
428 372 85961
434 719 239264
934 551 291168
31 978 830152
459 854 763111
150 694 421439
922 690 277699
286 911 59558
453 428 815705
593 207 945182
797 75 362915
393 156 548447
310 265 220716
719 174 362705
857 934 7472
712 352 845225
22 844 16780
205 609 688257
78 596 45686
614 308 662257
663 834 30128
994 720 122416
216 853 466425
914 550 219801
401 605 833666
513 720 228323
948 112 26046
876 236 17374
45 577 996379
17 144 933330
377 812 847095
266 27 197058
408 461 140252
515 739 250841
649 542 476133
66 369 599048
582 694 102687
512 613 37026
679 574 969326
294 302 630870
779 884 992439
418 804 21747
615 617 401350
256 186 778919
529 54 641221
599 142 336170
961 518 736468
915 332 726417
75 104 212924
984 670 604713
811 261 7275
78 644 413624
109 813 629620
77 652 279439
936 685 913050
933 449 29770
39 275 256540
597 578 605314
7 523 111599
734 406 355278
189 501 442911
22 553 75000
745 978 657099
816 876 31850
163 890 961922
466 364 495514
717 445 622195
125 784 274077
132 977 86064
57 857 701967
429 494 218696
870 757 161637
546 172 996325
637 307 817764
59 810 965676
400 909 348165
398 17 75060
538 199 593163
458 754 184637
489 480 284914
567 677 289110
372 96 269869
724 603 341918
191 593 534904
309 797 144402
499 210 644955
202 857 968906
210 880 656918
145 611 165126
20 686 697481
272 131 867535
453 109 11477
582 951 970605
145 296 453898
87 710 851694
130 72 435502
50 700 487066
722 508 932260
3 516 291218
277 326 388133
43 733 61843
750 425 654757
121 960 977014
800 476 867434
230 408 832219
225 102 91268
112 700 924334
649 347 62220
271 767 194683
97 917 276317
503 930 700082
150 32 174043
762 9 87835
250 347 417651
91 416 128446
316 709 829665
508 881 449616
236 636 417358
781 164 776953
255 825 736020
457 466 32722
337 203 865362
932 669 184561
49 791 548403
942 478 565192
377 478 137337
789 907 534499
962 635 515679
235 897 52881
955 904 273412
918 916 337309
153 595 762409
780 242 988732
764 728 200380
792 570 563227
974 43 647269
693 446 588045
5 821 151599
674 399 172789
789 568 563337
32 804 638783
453 302 708100
485 199 20803
58 741 251010
181 855 597643
146 821 32329
735 406 92026
778 497 441542
174 5 876875
166 208 61897
905 458 566521
337 967 978276
16 804 783165
653 42 644457
883 47 593693
675 265 256330
238 293 518808
687 338 815241
856 440 163431
97 815 409520
154 601 51922
549 886 277510
190 91 642449
117 40 26751
568 374 417689
908 226 172794
966 550 340988
960 753 955867
530 72 997282
448 639 577675
822 556 857771
912 408 549866
347 258 100762
447 765 298820
994 370 430954
167 611 883992
448 994 258752
431 501 134036
768 188 642781
609 41 222611
527 736 131728
197 899 333690
81 863 871160
486 631 263748
959 660 562084
197 268 503914
843 326 882060
562 457 768808
519 19 864977
579 700 138037
131 969 189525
123 95 865005
418 504 463798
500 255 863467
964 914 947148
382 68 772901
217 235 260914
277 710 747301
850 305 355928
76 391 146867
951 755 604238
620 555 956734
558 850 938477
659 702 654796
975 356 829490
303 704 518164
370 598 446143
339 893 993519
66 989 427563
551 444 795608
420 499 670268
834 237 950039
17 177 588881
885 176 87097
700 838 627261
662 554 375243
694 394 681147
885 83 699658
663 185 690699
307 437 895703
688 676 733141
297 125 877754
487 765 140946
202 147 600256
151 391 527736
390 319 119124
84 937 846403
919 5 31663
369 818 15898
118 782 694024
696 995 167969
798 72 651297
23 620 918017
592 237 47703
480 258 721093
571 804 742529
239 399 4858
200 110 579481
925 325 674949
814 756 607528
513 144 818812
580 97 772694
624 712 368479
789 887 130094
237 54 279520
815 447 215639
150 918 798065
750 674 149990
790 81 243623
31 205 578978
691 969 612844
96 445 211302
761 240 880069
773 668 811094
555 945 653841
704 34 7257
210 347 392154
39 38 490686
443 936 692306
820 23 482851
353 736 165933
257 548 882394
470 84 859193
143 171 910138
641 67 549158
858 602 856251
481 743 440289
189 448 580524
917 345 658579
825 619 225047
618 457 104923
302 200 806066
55 637 379059
709 896 377364
440 309 351534
248 288 461848
32 164 80429
762 198 193143
817 934 107315
693 521 341966
499 232 871756
974 588 351270
710 536 540038
825 528 474303
834 96 469569
982 76 738358
168 503 811311
262 255 183598
365 229 322831
824 477 563050
7 549 218746
242 349 924553
917 853 772163
841 290 355673
708 213 118985
531 410 4823
805 587 384858
353 939 645286
574 767 20139
14 517 181464
27 997 892373
847 382 911627
652 230 684494
305 711 205565
724 123 96315
230 971 58607
532 80 551394
838 855 916556
481 137 987062
223 959 874100
274 500 663265
801 643 39273
432 752 957299
78 194 175469
665 38 944104
57 925 825430
672 1 593298
133 550 659838
122 6 390129
8 502 378376
657 152 852128
161 739 321545
91 294 422133
713 272 611627
595 437 375986
528 532 142458
805 118 20031
425 657 432639
247 989 148392
504 748 791716
932 128 293655
557 534 115983
357 149 74295
150 453 662541
235 49 750077
33 482 1253
903 700 367420
560 697 583981
56 280 430887
814 556 898605
27 792 165000
132 524 670294
201 579 901745
203 398 98589
325 161 619051
157 10 728186
319 33 804132
415 782 533926
939 907 278317
504 982 120993
603 23 969918
955 844 87531
932 282 748536
337 625 73072
469 635 341126
412 414 341407
326 69 195845
223 134 21666
834 380 225391
341 479 999719
666 402 947257
170 53 988871
909 529 320739
612 951 826952
381 273 828556
865 14 22563
468 879 348227
21 896 211256
849 494 615802
43 690 924573
41 251 524039
320 285 538990
133 71 566439
748 104 267604
961 816 434661
172 958 540961
701 251 56993
577 613 220787
609 931 476616
37 332 960569
604 352 487296
266 17 270988
454 636 363264
867 683 638805
863 799 787712
40 383 776378
853 22 968162
45 720 318814
609 446 283962
730 853 737158
621 409 950418
875 982 277394
528 156 585401
14 258 844906
392 811 749228
146 645 842986
507 764 32847
833 891 164508
6 267 893209
512 742 386434
305 77 101948
733 972 842114
266 187 66923
992 476 140191
417 804 52208
200 307 735450
49 595 339853
973 55 945935
937 600 627335
841 888 162183
344 926 659553
975 966 57310
750 28 229312
665 702 603131
570 870 198626
960 905 242903
563 150 846324
914 367 526012
143 103 416018
454 680 417221
150 667 989301
729 385 732092
793 514 54801
868 549 16039
344 69 682788
578 240 300275
449 206 744909
19 852 216014
639 19 330865
862 476 981683
340 58 132120
807 29 612323
421 644 963313
237 144 617512
421 15 586968
317 23 587288
489 538 222828
730 392 771712
266 408 2479
481 579 780909
179 933 830033
438 976 174144
804 370 958672
341 419 567381
678 487 131649
155 526 268812
168 18 702149
261 843 983970
842 153 756265
804 968 843656
992 632 238585
304 913 129146
58 679 536858
553 840 263668
668 234 126959
885 590 475446
184 951 226144
952 282 181497
280 117 560603
12 456 824253
880 154 861142
596 770 368020
853 297 369696
626 427 114657
991 420 860145
530 696 20694
285 797 889636
394 630 193013
920 356 470094
826 490 394733
248 716 465773
993 257 489908
429 694 577167
419 382 31757
954 911 744593
506 388 19633
748 728 974881
36 932 726287
513 95 926122
827 663 820602
947 443 942465
754 831 683177
385 904 668066
140 529 66106
705 981 207779
97 969 352531
587 537 229745
969 988 150667
87 796 320699
209 186 45701
391 776 676589
449 478 897902
883 407 487211
967 197 129631
868 766 365367
934 500 656613
73 712 371756
182 785 486216
45 842 460254
39 947 824318
423 22 754422
700 46 716804
617 922 203828
331 76 789124
111 589 793901
994 503 655064
789 808 315917
702 235 667922
39 943 698679
741 95 934495
836 384 830796
274 57 419634
410 585 269957
523 888 375966
576 830 251081
485 838 480370
323 52 690896
123 953 725882
897 472 439062
131 448 224652
220 216 462239
860 836 874798
840 844 95996
999 536 243803
978 655 855483
422 22 62752
788 123 230391
678 356 679996
935 202 840353
409 679 137809
606 944 682622
254 23 799035
871 788 708591
763 157 805134
257 996 143007
100 648 941585
574 206 528262
791 350 722685
37 383 37872
356 581 641575
647 805 36630
182 100 541613
677 243 252389
395 271 258835
667 993 592924
118 169 33748
372 482 948043
678 841 374767
215 175 24017
140 291 962437
206 823 325173
764 826 432923
677 67 584598
95 925 835497
371 785 29418
755 670 285965
102 99 41456
931 730 2262
352 156 639718
386 262 797972
253 699 402571
945 676 285749
931 272 735951
303 917 464781
339 54 821049
428 548 798180
945 796 469903
988 115 526806
860 242 303789
409 105 240108
837 416 285714
141 462 237988
214 268 697610
531 99 889431
585 244 682111
331 81 792431
861 332 603630
56 446 699633
502 64 567431
745 498 300538
356 112 918643
998 897 902974
46 21 19120
26 27 991017
148 594 250491
840 727 461702
860 291 401313
989 677 108806
671 285 474773
799 674 149472
951 892 794445
199 772 70213
71 987 519956
954 540 131804
312 866 774848
298 368 444175
305 339 340075
575 520 593953
462 949 99778
378 113 406516
719 802 572424
485 743 693622
389 273 979987
4 979 813256
725 815 948226
715 275 841066
934 961 34428
656 964 454048
296 189 848575
358 651 790114
862 658 763936
806 915 894004
972 606 521052
176 272 193062
989 752 491685
441 683 164096
607 341 717672
13 273 153683
159 151 763138
825 380 478316
140 290 188033
781 767 427485
40 725 640120
549 212 320568
272 157 174079
563 521 718765
579 955 97847
850 688 326016
478 565 330570
470 677 781008
724 585 383508
197 70 107206
962 967 551188
477 879 617802
319 551 992981
594 99 969188
43 487 463037
69 643 557532
327 341 486940
389 638 418976
268 503 852408
837 320 234997
819 758 625784
930 382 653509
410 460 121975
376 524 442380
673 341 570815
127 830 661891
421 17 436131
553 796 418190
743 687 62772
679 965 901329
994 401 58489
4 997 985727
847 491 566480
852 193 321739
505 832 291394
35 386 379461
231 72 116253
117 985 295802
554 676 560142
873 122 68053
680 69 318669
874 7 158156
82 277 414361
904 409 17922
667 836 167349
798 394 737417
454 42 904530
507 838 135930
715 709 531927
343 217 214720
61 405 40206
329 514 103616
173 611 535280
48 136 523521
602 532 869737
228 283 618321
953 691 194802
433 417 765208
51 940 909179
873 450 768066
660 173 74515
62 695 821971
660 371 793539
30 616 125150
890 224 851653
38 986 932619
155 519 492609
983 736 29399
653 476 403276
169 428 514878
575 144 14481
328 164 404116
714 930 111359
560 135 903080
448 83 51504
17 575 132705
105 989 605183
87 863 94635
241 328 881262
732 490 310153
9 140 911978
811 137 822522
405 967 101610
520 759 637487
893 570 189690
93 126 564045
573 203 402841
835 488 313742
879 101 326332
238 634 238393
175 829 311782
418 208 181588
223 169 259815
246 344 689164
49 620 735769
554 812 859547
258 460 995010
444 16 480096
425 291 619866
416 874 184727
75 406 728875
723 830 48580
47 462 908985
428 167 574080
16 179 81495
778 109 821608
82 876 404367
554 209 675539
495 483 716191
858 412 18580
155 899 716233
652 491 244563
511 572 577409
607 920 493444
503 49 360955
118 989 21800
173 269 222163
504 792 540605
833 639 805279
920 557 504863
677 967 663339
861 773 182182
931 641 107573
365 611 150203
566 688 452273
365 18 282128
840 270 377427
984 30 225508
605 452 977794
244 510 953361
625 134 638471
299 760 255541
945 466 554431
659 642 976465
210 80 240296
136 389 403848
306 604 378295
589 642 733342
81 573 592140
250 422 440071
373 340 359199
93 607 750137
965 113 9154
484 380 674638
581 660 556683
116 546 145778
255 677 218640
530 234 922946
255 919 48300
284 451 276203
229 936 842712
575 546 545310
75 318 193884
951 332 110190
566 233 764957
352 746 846110
209 373 951825
403 189 444332
948 225 161187
369 306 20093
946 225 886237
505 706 715146
458 11 695217
16 128 312149
71 722 983159
292 35 18922
688 727 875946
449 443 164908
236 48 288158
751 124 387818
235 172 683216
187 689 83736
201 288 443022
628 971 424301
818 630 382192
586 487 197030
325 502 390796
897 844 674425
868 767 182510
320 342 68413
508 912 910139
950 126 9512
755 430 221403
14 599 358251
645 16 183454
402 398 338775
877 63 950652
290 443 324747
725 657 12230
362 209 991221
596 698 336618
2 360 530307
462 184 462968
592 30 457903
26 751 559468
907 480 847696
201 799 586617
799 411 270096
775 88 870611
56 286 439066
427 242 376238
555 299 610871
110 284 646167
38 583 552711
755 499 264981
248 216 569195
623 345 545703
268 417 625133
505 484 268846
909 55 276495
648 422 861864
238 328 504829
309 276 767346
421 794 160283
829 433 624513
419 834 430640
898 838 961677
270 215 357707
944 433 160501
904 762 3864
717 232 482463
778 676 770321
178 546 664193
256 638 15045
795 110 524701
357 691 70390
527 614 175129
473 825 330282
951 723 207672
385 775 474015
648 907 112955
114 94 990251
767 442 251984
597 141 808043
475 14 830416
714 560 660055
527 168 169624
71 23 351939
278 1 53062
106 998 101505
200 232 814770
269 141 372140
908 160 396347
894 408 724587
67 959 988160
275 194 184629
526 546 429322
859 452 976686
388 544 882036
379 362 334449
242 372 879838
123 579 678709
555 526 846820
711 150 975641
706 935 415166
904 285 263934
216 414 957813
813 94 564913
799 948 638903
401 620 985962
487 877 187161
408 539 424235
759 59 295760
635 988 734211
436 577 541591
967 588 73700
694 641 462980
826 331 356707
709 652 914228
991 485 783611
722 192 258959
385 151 522395
375 672 894724
117 391 405209
548 937 587552
749 44 395319
764 679 76248
124 846 191596
207 862 58455
92 328 198654
542 1 324061
928 203 220860
87 662 798290
824 256 141227
246 855 461877
14 319 533671
369 576 46072
81 177 641365
293 930 469406
267 147 189439
609 779 15035
458 492 927381
181 497 63520
786 745 332982
810 445 107112
644 303 144180
264 5 189415
969 581 514033
130 331 130995
845 162 581632
996 170 37974
690 171 804948
660 557 430188
518 816 312292
963 581 187917
382 193 934575
728 209 989864
962 622 839470
149 38 74774
332 399 902018
32 799 270327
35 981 427289
22 871 357875
276 373 608791
340 77 431310
667 241 366523
136 574 388743
756 240 553313
679 637 966511
372 858 392256
876 74 45433
914 493 617897
948 871 947050
768 165 860352
597 151 95044
858 144 878001
354 442 824970
696 647 345374
918 582 997341
424 794 922669
703 632 592250
136 923 790329
149 187 758247
764 76 699033
533 736 100454
173 133 409636
275 636 211271
188 769 15597
998 560 28836
921 737 325158
504 341 328119
223 794 308509
3 436 32252
514 963 278003
916 271 385914
148 500 176109
239 893 296471
730 245 140293
878 840 502637
713 281 379655
502 753 180499
657 543 523003
245 515 773215
798 881 39562
26 152 238719
998 927 417351
786 854 167244
798 984 260434
879 767 635367
709 933 212105
287 570 971536
142 260 521931
937 789 940047
795 574 673355
11 655 420311
753 447 187388
693 532 271292
680 83 978857
869 631 407182
283 697 634495
730 344 344649
400 996 431842
248 75 670138
170 83 205207
318 231 999334
55 636 815859
636 132 9172
716 84 887273
808 504 355519
897 40 907392
787 665 515148
20 998 227786
544 370 413964
588 856 317424
949 478 136827
819 497 261064
971 83 765392
32 7 732008
654 215 266105
413 927 336971
389 562 408989
419 902 258683
372 732 779927
959 199 57358
168 650 331819
930 60 631319
40 612 365359
670 671 821336
223 696 790614
298 440 110350
326 213 384475
293 172 280665
643 978 211623
695 349 286286
103 656 520997
980 890 765604
698 74 30873
121 404 876087
4 718 829122
897 310 167705
839 132 220626
320 794 329488
586 96 50314
698 121 50953
877 764 450
899 719 719636
288 382 377412
267 582 364789
980 743 394349
998 254 593725
886 100 901052
678 10 959522
461 631 849772
398 345 911333
455 950 259594
867 372 68379
270 983 856540
466 494 91191
600 363 712460
255 950 732402
854 332 946044
390 46 122065
74 972 573816
843 617 361508
4 92 740473
433 139 676211
634 287 338413
276 636 952479
637 397 78447
890 974 922476
589 173 490878
899 165 732328
707 313 712218
112 989 396362
775 671 117634
473 380 997330
544 994 904501
619 890 149323
609 407 192626
568 903 895020
920 344 610632
50 387 341819
821 903 987683
485 871 216253
264 37 608805
138 832 542778
218 174 84250
29 613 599828
427 137 703198
755 76 120880
729 148 239738
535 422 47110
779 506 583293
742 989 457186
20 149 722830
536 70 443378
594 915 484572
983 822 183759
208 669 388441
709 296 546904
943 257 447525
698 829 996022
675 92 44294
833 476 660693
250 383 939184
953 34 992579
960 384 841766
167 900 95322
398 427 221347
939 242 809793
159 240 838859
27 988 458691
262 96 945235
693 699 839451
961 197 744432
193 927 978207
284 724 64448
148 156 946184
156 158 767654
56 850 682229
776 718 818657
887 976 597435
416 845 807816
583 438 913534
729 772 102972
13 818 789575
525 795 254706
995 844 20339
926 6 634210
292 394 142661
437 770 196073
397 406 349436
857 203 165857
264 430 374245
327 471 70925
547 153 54470
514 543 429083
663 654 570435
187 585 553932
655 180 581170
852 679 112545
593 201 635155
860 582 298267
275 838 992310
1000 105 174303
749 458 326942
197 798 66083
770 427 694112
234 415 554517
808 912 771986
135 634 473785
964 439 490892
217 247 533298
195 518 885248
684 549 262233
962 83 741269
146 281 709965
791 929 742679
623 642 650711
863 5 229062
303 388 921722
237 370 917507
798 649 479635
373 118 623005
758 581 389517
151 30 20446
658 513 572135
955 715 422356
811 92 629365
330 266 449908
592 218 915237
509 1 215626
426 160 848858
445 36 720477
908 207 475486
249 138 597037
536 642 616634
395 230 935110
778 333 527544
295 74 892205
324 95 36049
937 802 231458
42 908 211382
191 939 649134
467 401 95169
257 639 603313
25 101 539992
241 23 599345
449 637 797144
1000 47 675128
482 730 306525
684 575 90478
674 525 650800
262 374 318786
42 443 90488
323 401 452909
732 781 698541
370 250 783066
862 314 484108
854 405 36598
507 743 964824
939 241 995928
908 591 432272
487 870 166975
718 647 662392
263 869 167604
651 591 778294
215 880 706041
16 271 246629
587 6 709495
607 398 504213
214 950 473836
818 802 360053
243 853 20060
268 170 727471
598 266 372556
534 70 542622
138 986 84408
775 47 904753
77 475 497785
729 293 494143
718 678 621390
682 137 847532
552 857 531854
470 274 996748
191 854 154777
898 290 150478
828 70 774119
87 832 485125
269 397 625916
902 424 579791
107 996 497963
712 410 11162
629 28 185456
154 425 606977
979 702 444354
609 940 408279
211 774 517535
67 662 356177
780 750 75948
373 169 693253
818 61 127456
877 217 953517
429 953 183836
31 807 613907
827 69 826167
998 693 813596
134 146 376808
46 376 279144
779 161 73898
274 684 417055
497 756 897274
368 296 762737
602 574 241727
343 523 173210
906 279 842069
831 769 760945
24 958 829260
452 974 786856
603 961 344154
171 229 56100
633 103 416165
753 62 177801
83 713 686330
426 105 837262
268 369 716550
226 710 63616
913 67 281096
325 715 339237
677 692 149520
139 73 298894
879 611 359182
434 999 357071
232 634 112709
66 831 249609
482 925 300293
227 239 939837
411 354 110557
437 570 223990
640 69 347415
72 970 422162
840 488 24695
82 566 512400
132 651 927586
267 459 984337
390 649 815965
728 407 2291
890 779 367891
81 522 174713
791 526 91265
899 407 95057
977 994 844286
691 147 100914
295 843 845219
229 82 229417
727 742 418767
788 32 380822
936 734 21314
647 707 606275
93 338 822145
232 393 786672
369 984 371188
763 545 721243
704 596 735310
524 322 429060
206 715 487328
773 207 41151
693 151 331475
197 223 948780
493 992 598514
450 558 871887
17 49 416876
169 530 180985
896 766 574309
537 406 211744
934 863 214508
250 435 304831
802 186 787741
884 605 475033
746 248 568966
694 406 449403
139 841 934606
24 32 867929
141 27 953096
229 192 686216
412 614 303628
817 338 360910
559 455 572462
100 581 861742
220 525 207028
538 477 726528
509 32 872365
112 57 425138
18 735 987559
499 830 922586
523 157 57884
465 510 519983
861 779 298676
623 60 600303
581 577 211138
