1000 1000  1
172 23 585423
283 548 888226
130 455 856504
188 854 187893
112 877 892669
581 305 692782
978 175 889062
507 485 452005
754 71 504927
943 616 101987
568 614 682545
131 432 426765
90 754 27321
964 902 659741
870 626 56922
646 754 478954
447 140 764316
487 631 638505
754 342 551184
715 472 489139
781 453 579808
282 977 479301
41 421 894037
30 828 340705
896 788 865923
347 219 723049
823 657 544686
940 810 445334
434 329 527380
28 305 215440
794 521 792310
861 25 616417
378 529 512924
958 525 372330
998 267 106868
669 428 44816
199 573 800030
414 32 212631
968 362 670269
669 39 643386
412 738 114450
520 893 146294
250 332 111228
472 917 93960
514 496 906368
312 295 284815
690 845 468339
613 508 264255
24 235 645766
955 477 474500
718 270 168469
832 618 531839
759 20 137757
232 405 540621
795 394 285022
658 302 880388
848 835 289588
148 332 330707
315 382 359100
95 544 978399
843 588 976547
958 668 387812
101 340 198522
403 394 631108
423 967 338381
808 835 577216
519 767 676054
142 302 561523
802 958 413123
621 537 182609
422 819 876164
317 337 357312
35 338 383274
811 760 962669
813 107 778492
328 376 413244
21 192 879039
420 637 828830
335 826 795818
58 475 571529
308 100 528468
17 872 865718
353 986 160977
255 840 987691
734 232 320718
757 7 21254
658 394 378870
694 104 560443
677 409 732398
119 383 688515
405 123 597073
47 136 936414
565 971 201624
526 172 193256
401 880 847491
790 662 338498
159 641 562226
378 573 231677
36 424 801222
585 604 260714
578 118 79117
383 667 861235
550 916 686
471 571 221929
193 471 873710
654 773 448432
657 650 892551
593 793 158912
324 146 296651
307 884 862525
162 803 955894
981 235 780318
586 69 846018
444 611 543666
366 252 343879
701 851 720046
843 156 54872
407 57 577033
697 308 216147
74 358 511332
624 415 471164
419 564 73874
401 267 51698
13 35 488072
508 89 97477
686 128 326682
699 342 825562
329 478 548812
622 292 453698
626 689 800113
292 421 464470
798 469 949145
196 136 142588
679 320 718157
630 304 830709
860 984 882158
113 527 214085
948 356 828015
557 472 829351
847 849 632826
277 766 588585
921 603 74589
781 462 418551
636 406 839635
98 164 558080
635 597 908137
492 52 917889
683 849 800536
175 159 365317
701 924 181204
852 829 299175
489 532 987736
416 838 575498
258 458 455207
861 951 120483
932 914 20442
980 528 971690
100 933 820589
333 137 137459
334 407 563254
980 504 21342
97 979 52226
531 459 124574
85 989 545716
154 413 46236
388 930 872177
793 774 44066
869 944 303359
705 524 240426
711 718 353124
797 804 960941
781 928 196778
896 824 81304
846 147 542944
994 973 21538
48 743 534575
887 947 418862
9 685 320153
141 949 835022
959 999 154240
99 820 270670
665 554 28045
43 989 535559
813 293 833610
65 198 274055
324 368 540785
73 941 175747
754 115 39181
730 321 623325
756 612 121831
676 152 265109
969 347 98035
765 811 761638
519 449 322327
193 283 947770
146 111 285102
716 250 228361
396 387 960457
896 449 406426
730 786 602861
250 794 550917
107 527 372219
370 917 887561
386 917 355419
817 755 624234
439 719 659761
203 57 478736
5 918 914199
49 621 530048
870 742 260506
44 836 32750
864 927 694187
308 458 943022
633 544 609529
359 409 765445
772 676 380510
32 118 645480
556 490 344313
410 321 249113
786 99 906855
452 98 182732
695 595 670184
383 554 287381
188 934 911665
481 70 182916
240 454 767999
878 617 498620
697 748 689
63 193 603740
283 70 51919
266 554 361513
14 828 197964
797 1000 409050
190 581 559709
603 321 632106
173 580 300547
475 371 232892
996 223 191399
613 368 849000
59 869 29430
532 927 724947
66 540 795077
423 80 701304
72 627 420278
854 438 489652
828 445 664713
394 481 614831
914 212 4407
266 55 471434
52 684 182903
824 281 272982
303 526 688335
435 604 448740
478 794 16198
639 596 286764
489 335 839537
602 253 837534
508 31 476055
357 217 748469
631 554 22291
915 43 60606
864 914 978816
594 394 771752
813 266 940060
463 32 380685
535 970 64875
175 408 994492
539 496 348587
487 540 389300
645 871 947012
229 850 605722
30 383 686343
584 289 890518
738 964 596198
46 570 381700
668 262 227947
984 745 39404
491 148 327353
524 110 731300
862 859 65922
233 430 726943
402 983 54326
519 434 303499
241 684 802767
958 338 336735
235 398 908142
303 422 797137
744 584 478326
158 648 37331
43 193 352528
337 541 549192
153 773 115409
909 32 262358
199 88 300025
351 792 948835
448 258 476787
115 223 320310
170 391 654694
865 503 326790
620 494 516299
406 467 162044
251 374 647337
422 706 751766
932 915 892746
921 889 837102
862 943 63085
661 376 279893
636 929 479182
515 615 183570
454 429 516598
986 818 189573
868 818 283039
456 432 345185
288 276 694762
381 422 874633
377 457 996771
739 903 351961
127 51 791698
67 132 561221
354 769 117060
648 233 626348
111 185 47186
987 700 898385
766 49 645543
530 169 303598
759 299 807911
112 530 882211
769 685 828054
699 472 652329
216 204 716329
965 707 265680
454 902 191483
582 353 227007
663 116 115474
761 475 369836
460 715 612882
742 292 122076
807 530 943206
308 628 211082
333 476 757122
791 878 553924
83 44 351445
94 7 739798
985 876 261350
446 388 225762
153 404 810217
501 212 192895
359 232 692099
297 541 387025
394 502 310232
602 759 840048
286 88 231805
792 279 78824
679 452 765904
715 419 849339
470 596 510144
801 486 759748
643 443 456461
385 31 318415
831 510 184298
302 315 606101
372 332 921546
827 95 202766
30 559 21388
902 402 781772
646 932 300211
560 548 91275
77 486 412214
115 879 85919
11 279 934438
838 580 551274
512 356 646240
951 905 492919
760 441 328019
177 275 500345
799 329 373547
46 906 739308
707 862 348060
803 555 810216
290 425 125159
826 607 803292
913 97 967824
575 550 285380
266 454 817045
18 355 764308
475 989 197037
647 842 680950
493 175 493445
544 28 465193
797 401 624874
442 758 713711
146 435 573507
471 998 143812
249 539 549215
286 722 149427
506 435 754590
396 605 884483
617 900 681962
58 633 319276
69 348 336856
226 399 113605
208 602 319623
541 154 390330
859 375 523644
820 43 288652
90 199 183011
395 527 609130
480 681 154788
95 46 267080
554 955 780792
588 353 275635
548 684 769313
757 410 214763
684 991 436125
905 136 552635
196 193 108518
942 895 342787
674 16 975171
253 20 669811
548 678 401642
587 938 846934
518 523 490822
978 917 231850
421 399 263439
611 542 656714
430 881 600182
460 2 499490
543 790 767709
873 414 192487
852 325 465514
695 156 541049
400 658 278030
936 770 737703
106 100 304368
90 962 999941
799 332 681286
893 7 965306
902 635 614798
494 450 594622
515 8 112185
510 468 916539
417 183 864848
229 641 582233
945 725 656280
399 80 912271
430 40 549528
493 979 423261
660 79 392666
131 228 912314
799 726 747276
809 163 472978
667 969 955304
747 562 664505
533 428 84370
122 34 600977
544 268 491296
208 184 275459
937 938 916172
422 275 65183
256 575 802406
267 96 863690
551 901 544421
479 619 199057
473 439 107115
890 679 558687
36 489 623770
364 113 396393
253 47 947337
261 631 368390
97 483 138689
511 988 258058
352 229 173276
617 812 451988
48 49 647342
894 424 943458
754 301 575830
971 161 116472
244 110 551086
58 784 165408
625 685 736787
547 609 143361
657 495 848952
357 943 901439
218 963 958918
758 306 408092
385 20 582514
350 641 636433
389 363 416766
651 145 446467
838 558 685439
652 417 583159
373 38 203069
441 275 780251
813 790 263325
792 973 725965
14 959 182261
881 110 763615
733 862 565766
661 538 614958
20 823 514121
889 174 862418
587 219 185109
301 183 843056
573 464 833111
698 41 616352
692 870 980912
141 472 716849
984 242 362452
939 417 605028
901 460 471835
505 999 849535
68 209 76414
43 608 301955
43 445 294599
430 948 809916
117 866 797405
543 495 784246
241 147 266019
314 58 477549
997 637 65513
604 133 614262
835 912 761146
50 63 666789
732 578 341984
55 645 203589
820 471 775150
54 805 74306
363 247 377997
391 364 874502
914 189 699909
311 651 484023
884 808 526086
501 735 634013
861 433 580875
349 537 102270
370 96 191391
562 524 629533
838 25 496617
214 703 428084
83 483 135857
226 659 99800
408 262 842454
83 709 935732
790 565 460650
790 481 759583
504 654 543968
73 112 850584
66 356 1632
620 498 962292
309 290 373215
832 152 801220
643 835 129031
126 486 27935
417 66 669850
526 630 644348
187 500 724573
261 844 350778
267 366 74359
63 266 576674
306 660 822747
123 380 890934
107 195 828904
520 525 756014
592 881 145675
709 989 639995
361 988 985664
81 113 176635
75 209 309601
415 68 863432
873 4 105780
342 201 810426
581 462 862019
696 545 243335
515 578 619756
289 216 934409
6 176 224625
926 506 885556
793 797 586402
760 73 477820
4 614 245968
236 16 555355
106 693 757117
519 233 235886
652 134 940548
22 316 661421
273 639 603359
11 2 476758
674 58 215347
50 6 7914
769 957 205308
767 789 982242
61 156 601686
363 822 589989
749 857 32806
319 391 702571
660 938 718543
333 309 546410
273 761 675205
684 549 9301
480 945 435430
443 69 288751
155 334 105738
628 428 373521
555 999 229114
227 737 586437
687 661 943701
938 13 755011
878 546 28689
441 494 210949
73 50 598096
751 837 260011
835 479 838873
79 867 891262
340 352 806142
722 648 512522
927 177 555322
465 447 962378
401 58 849607
5 814 432111
782 528 215756
661 784 580713
539 12 282805
186 955 682850
922 324 32096
69 678 162409
75 342 509738
108 500 959907
699 397 255625
170 543 400713
210 355 822986
791 499 13007
958 423 777439
569 178 164801
815 367 882026
235 700 597517
10 344 420158
73 53 994629
707 784 29552
923 240 619998
639 982 10539
569 851 939536
995 706 856333
382 450 21120
407 764 219820
948 210 566872
344 831 239370
696 837 146986
35 296 275680
779 926 206769
757 350 793363
647 166 874350
32 89 109181
39 591 923904
351 973 813301
454 44 739968
455 630 259416
203 475 79791
847 245 367121
95 664 241716
916 267 452482
879 767 21601
46 393 671249
793 570 630560
465 814 83024
170 787 185946
439 49 604966
204 56 647126
270 923 482809
262 717 390392
937 615 70213
699 620 752594
701 361 735966
801 694 438090
280 136 896924
988 843 304541
507 682 900788
717 695 522974
7 5 632352
819 57 33431
615 339 264914
436 729 993475
626 602 662927
987 406 321465
968 342 966098
895 381 134450
957 570 903645
387 403 282196
233 133 630809
616 228 48923
433 199 445634
537 793 995288
836 431 33360
227 590 304077
400 411 797716
199 112 822364
355 637 302727
403 756 865287
844 396 369400
563 379 518149
611 924 288634
258 897 642321
595 386 730889
363 699 150847
787 816 757978
235 944 606800
980 29 569699
597 243 325859
634 524 905577
421 112 267227
131 593 316268
293 869 857764
416 810 286205
447 679 291471
427 951 759515
897 770 251705
563 84 520071
963 366 931253
959 399 844624
200 367 285440
764 533 506143
35 121 226553
155 60 816010
707 993 259833
79 698 160080
39 747 857059
674 207 918550
154 935 233597
361 843 641996
720 879 66074
912 734 224902
243 209 182147
248 1000 574626
543 837 391024
79 825 91633
699 98 836001
282 274 631632
81 264 772469
195 575 473576
538 301 347819
681 403 741148
444 357 741169
195 451 187168
660 313 701108
455 480 304201
979 843 345131
665 365 126255
831 348 997414
317 674 225420
418 690 776579
166 978 299289
942 85 534628
727 28 212286
681 963 643945
618 104 743881
864 587 872127
31 73 263266
607 311 226094
519 743 476169
137 630 181265
934 374 755814
70 206 25021
717 30 942037
138 114 390427
380 899 651280
23 56 230774
878 714 11044
218 672 943478
76 606 585738
321 805 66940
847 755 477968
653 187 200682
49 541 177087
352 889 110348
835 219 644850
772 54 679738
446 920 903656
886 898 673206
725 554 791139
205 383 490597
680 153 358437
890 581 426128
314 541 898745
118 401 689003
798 600 672145
174 730 37221
78 540 847574
555 284 60457
928 554 466494
741 550 478257
853 169 175859
479 846 507231
509 258 763507
298 27 2885
708 595 895773
562 109 937961
963 181 264099
317 141 175683
967 583 124833
116 307 197464
824 883 659609
406 505 319651
814 504 660479
196 653 929477
301 653 760435
84 809 455206
428 847 970811
628 910 940764
50 51 866305
406 678 990908
641 890 16333
624 623 551315
951 611 629983
580 150 649057
551 506 902415
476 321 645301
208 739 149793
535 683 186921
173 39 879047
800 12 34443
546 778 286188
164 402 754019
584 670 910888
910 450 163686
583 710 596548
480 626 800799
850 119 324293
843 209 49443
454 926 77906
489 461 117760
381 426 253421
86 453 38867
891 275 69185
888 328 751030
325 941 59988
891 892 145937
327 365 288947
641 915 928658
648 727 365780
733 509 752881
798 160 161951
537 588 250541
451 362 77126
404 60 710775
98 898 269542
390 129 959317
572 660 346271
844 437 378233
634 308 670601
170 164 590405
289 881 890245
425 791 809023
28 62 265111
765 307 583902
689 229 345447
990 288 801542
377 111 211216
902 967 526902
36 739 695117
226 468 932112
762 4 678310
162 423 897196
403 385 903223
837 21 664545
823 963 266663
664 1 353971
286 285 662602
759 501 370314
41 810 161201
983 169 838126
278 606 528048
682 681 114529
43 172 700032
937 724 470816
112 937 774655
294 673 29363
884 248 43965
176 599 747319
167 180 700379
941 567 535938
889 391 735631
399 333 503425
968 300 744256
20 180 242408
96 546 293658
413 807 748158
756 20 849095
27 460 202585
145 641 151079
214 301 918554
547 290 585737
714 313 181669
164 263 962369
121 221 617257
251 656 253810
496 256 248150
747 567 895987
307 956 389922
868 154 791545
681 932 621413
428 978 739856
442 455 753528
101 552 359599
333 755 228849
135 145 69623
522 177 846022
10 741 305802
838 367 557640
966 870 351221
634 944 138643
313 519 751788
278 470 638235
579 675 653717
968 975 855983
526 933 360574
735 198 12795
698 182 755558
630 983 259181
308 120 668290
944 800 55039
963 15 370200
971 540 854981
736 688 520735
134 725 44039
520 692 544036
353 569 866759
643 265 851180
890 472 322292
778 691 792273
556 416 168196
996 200 544452
437 45 934662
336 996 12494
137 894 742310
784 658 314643
732 339 368486
170 316 88650
856 162 245977
632 184 457462
23 13 811677
622 483 580555
274 767 328639
175 703 79346
879 256 819886
844 28 529708
46 487 277884
494 832 33206
714 310 410807
576 604 525552
907 247 686866
697 640 330992
620 783 803543
262 904 875967
961 933 206187
885 387 869780
117 948 668672
400 489 280895
806 728 761242
339 887 699274
759 460 163605
868 545 693023
249 719 846560
728 277 149697
4 856 16360
503 744 974042
420 54 89182
313 157 280044
275 712 859966
5 993 202762
623 754 547634
761 381 898836
552 234 895116
996 716 378290
954 871 93249
810 393 227033
556 38 373004
500 767 879438
827 495 565047
853 621 374404
747 995 490159
88 668 859657
666 579 216880
434 297 603721
276 858 621229
905 275 791272
703 896 7669
525 114 151159
743 819 476494
812 581 110272
628 943 761397
426 224 130027
208 220 515966
16 248 219933
181 177 662739
140 570 150586
680 382 738804
537 532 987461
698 663 124413
95 376 512734
263 204 45558
784 639 264139
