1000 2000  2
212 675 435210
628 185 706343
537 853 29551
104 942 582059
218 933 298706
78 898 247494
144 423 124105
589 377 364317
656 844 704844
83 199 669426
772 693 784835
647 106 962187
223 255 807672
509 963 864505
922 735 774114
648 610 883336
945 69 405430
423 333 2202
144 487 981874
970 359 646919
47 174 768511
801 674 239942
939 128 793257
425 252 936137
966 776 549092
356 404 47141
651 355 703957
201 145 339743
141 659 119429
57 980 998937
726 693 220012
774 415 43707
145 400 30174
187 571 796422
451 848 241229
987 274 367898
134 452 899879
537 153 955143
402 987 22369
284 110 676439
644 936 342583
39 227 156449
142 463 88098
778 211 893794
557 956 745210
846 927 785320
258 874 575697
586 135 309922
230 734 531686
520 395 287683
581 947 346773
552 239 461266
644 476 407326
979 401 911096
173 418 772024
285 614 181208
414 121 830544
705 665 35619
749 229 580374
263 574 29354
543 29 898326
682 508 594728
237 425 659850
763 824 665971
413 627 639803
66 956 866329
46 535 708112
417 384 461501
663 55 756873
836 166 948772
891 736 299568
170 435 199879
362 982 801355
940 751 886105
744 271 407497
542 85 931800
658 570 82390
32 502 427413
838 557 594075
761 257 354184
492 861 758292
641 232 638807
223 933 779326
799 130 331725
325 544 888461
51 595 429241
351 651 385178
945 331 355080
364 9 552723
8 801 508432
160 991 126083
827 597 398588
972 140 561390
180 726 521824
196 32 91654
83 282 317631
937 816 320748
72 647 67221
592 944 253342
316 958 386578
293 734 216584
833 344 747365
423 892 563860
544 532 681822
523 99 703308
238 166 728075
886 334 314044
87 160 963937
33 876 412631
281 230 781605
878 31 469191
794 744 417801
902 294 826117
794 967 943408
254 511 513788
911 857 854256
680 2 425319
830 448 276236
597 472 946540
865 573 413156
103 342 678012
834 16 430509
563 767 211648
167 920 125618
322 3 494268
458 857 994391
800 874 317799
366 281 219018
540 103 643490
626 742 260853
345 468 419138
256 897 816400
637 131 762538
587 108 292765
385 887 416532
265 52 564446
559 636 638289
949 668 568559
135 448 113894
980 108 197931
139 66 250256
995 255 429862
35 73 239939
863 721 248374
387 956 278538
882 569 803196
262 49 403709
276 751 421737
2 500 996958
567 272 273973
415 418 985825
70 919 929029
840 655 979586
879 2 932530
492 109 341853
88 893 578491
780 123 44459
793 909 609261
78 23 256667
489 137 843678
929 740 135237
874 527 572851
496 98 4732
913 821 774702
402 248 799791
807 423 550959
647 407 206067
152 93 673764
14 247 661794
889 821 386431
27 826 922986
871 517 355686
104 134 273192
969 738 856679
495 443 708235
17 912 21217
855 372 351226
728 255 228718
589 92 171484
297 143 950889
97 43 513345
547 57 940743
481 784 993333
483 205 622760
888 210 647907
457 215 783395
414 587 442425
639 231 708825
402 414 318679
895 212 498465
535 908 687138
187 139 692939
502 762 627254
397 98 208950
501 849 654209
793 733 704017
852 476 573489
67 981 666209
72 4 977591
566 133 411839
283 219 569549
640 976 137400
816 325 47722
563 110 855531
252 858 131417
205 115 793659
243 309 2013
187 946 923242
63 182 702557
950 677 378323
188 903 247137
372 249 868933
996 907 967819
172 808 271983
82 297 278452
591 502 738691
889 362 874602
19 680 792159
391 542 25768
847 647 412649
266 540 645382
949 299 555496
168 392 621511
307 264 589009
765 782 575047
778 746 819938
139 254 704696
837 463 265801
878 746 214431
338 448 79106
428 774 794022
171 681 861071
362 904 612174
773 354 46929
211 734 903786
567 813 849049
198 83 848291
124 757 981307
300 286 461564
680 940 606283
159 691 479622
575 183 764060
241 520 93773
589 489 75368
515 826 394512
328 310 931742
772 989 219852
192 492 211737
969 736 402016
183 292 563328
436 939 299717
744 511 909802
366 128 100735
605 957 95436
254 401 663216
40 762 543457
984 465 17603
976 332 221066
374 871 500261
206 878 769158
181 725 841886
193 383 761672
700 890 354694
84 951 218872
440 191 72859
152 742 220092
955 341 4505
159 253 967966
313 62 811720
169 318 92145
802 753 242383
692 119 154980
539 528 840639
135 677 592257
693 411 810745
85 501 230002
553 205 179803
45 833 66826
174 847 995986
571 477 162207
206 979 18944
154 361 854190
913 196 484103
447 852 420540
170 127 36663
836 844 295791
830 513 792502
986 75 398163
730 21 355167
672 133 90262
526 918 156806
420 252 202672
234 410 262524
283 85 500580
151 40 712782
949 579 171910
773 98 680881
919 945 644055
305 110 208238
495 789 902130
975 498 144575
182 451 435192
942 52 753925
422 405 818897
645 2 427384
489 671 796482
939 840 135103
214 52 691771
763 420 708993
25 470 478548
446 770 921180
17 631 800754
517 197 613457
197 411 874797
645 37 472871
94 842 935540
655 211 217229
967 509 6439
829 609 855473
925 680 155180
366 977 744872
350 402 111810
956 766 440960
930 657 83857
853 688 263641
42 269 557944
903 392 415369
906 183 286127
381 203 813100
980 584 547433
16 796 322437
724 201 936896
549 680 609536
736 175 901906
950 338 141171
789 624 166213
23 723 383022
680 200 354800
306 454 731075
565 517 883599
718 581 437849
359 70 862515
817 263 198330
296 708 262750
775 6 462725
58 30 373674
861 460 236790
516 798 481173
706 964 406758
405 318 92179
838 96 639199
612 162 424165
633 195 907081
40 196 853014
333 63 752857
53 818 947422
655 380 627838
691 716 470385
922 881 748040
789 945 864904
96 262 476363
705 519 763161
2 883 912185
848 648 581212
420 699 793051
494 468 649214
27 570 397178
440 578 304917
394 747 7186
370 371 97328
267 346 155422
307 613 763630
702 790 687850
192 804 157295
875 410 914317
449 634 366676
580 289 68922
722 662 534571
264 376 631580
597 529 428949
151 586 918058
2 789 375945
790 32 72481
239 363 601138
605 657 94886
941 812 102753
853 488 156426
788 327 132811
294 805 372119
350 852 97130
655 977 444567
644 831 483215
724 532 297787
62 287 724578
973 391 506782
166 416 331287
460 484 522565
863 660 199815
832 862 434827
463 331 849555
192 823 971082
695 153 56351
721 706 381006
867 630 657098
602 596 733506
591 981 773348
502 424 615519
583 181 665510
49 956 703209
226 952 267078
454 910 457910
671 637 15344
206 402 930219
871 718 215619
797 705 547053
934 681 948321
254 172 981176
150 488 155010
977 852 640280
104 89 862978
211 750 765755
169 636 562763
423 336 886606
24 777 688556
161 431 639335
994 730 469738
613 852 129137
675 61 644986
942 467 797857
584 78 662222
787 861 909968
819 325 812137
202 414 518797
483 629 881462
259 622 765345
884 407 37908
999 984 204609
770 961 880869
623 184 983123
147 868 874203
93 936 801813
522 102 262712
509 582 831970
398 366 768401
910 972 364085
668 168 613766
5 478 233094
385 474 564942
68 618 485506
38 744 492837
360 523 148022
656 68 727824
193 685 973244
198 116 912444
1000 404 413488
270 561 622210
34 624 116912
855 382 573946
384 715 687494
433 544 264171
886 97 312586
787 534 609010
181 686 179271
967 525 306390
663 113 595390
320 835 183547
126 443 151861
118 317 580108
91 296 142061
27 427 313234
552 422 449735
782 60 648947
717 238 90351
456 944 801225
38 235 93152
681 240 538639
464 114 76894
220 526 297380
81 644 9307
366 332 439053
437 510 134895
825 685 950543
274 996 505542
990 100 940976
467 987 678703
513 691 219487
664 272 701419
333 512 438149
892 338 582906
454 413 623117
552 231 822976
354 647 225630
191 759 146091
631 490 186306
9 658 304198
187 10 640235
373 729 862071
230 383 352415
999 921 674772
801 11 145240
196 886 862161
847 368 329254
322 585 380910
586 423 48125
37 467 369749
417 671 200043
383 335 141353
222 135 171761
734 595 420721
884 299 282000
434 147 272773
931 129 892089
160 749 656257
707 50 262180
797 505 705476
80 328 627024
284 920 532355
451 823 52745
931 26 963178
753 67 730328
808 611 731860
191 189 150124
267 40 689417
138 504 326750
652 94 365116
355 879 114270
433 337 500612
191 124 498955
189 918 356435
652 678 656261
244 645 1558
652 645 895285
341 698 929027
91 986 986067
306 171 967695
766 999 452531
133 823 963467
721 488 142845
919 287 644670
211 91 951599
665 199 291710
804 72 783672
674 317 874370
531 144 998253
652 693 61973
213 570 139309
729 50 186991
217 122 284753
79 612 226427
888 430 210938
735 616 371062
684 26 383504
473 939 112591
311 234 603064
888 175 534848
114 580 121303
256 170 434501
46 217 980469
724 926 698187
128 950 648872
984 17 937478
360 86 21051
506 446 490401
210 226 424729
585 446 912473
969 598 461188
18 893 798742
331 210 598030
199 440 813116
168 481 737682
304 769 15431
227 864 696985
148 817 534976
124 161 452668
820 982 77157
231 979 797296
815 964 504219
51 889 270895
91 972 327281
156 91 435336
434 744 759271
832 799 648039
435 196 922745
951 614 114356
150 247 292373
455 820 566762
951 475 797143
105 36 179015
902 877 758501
445 956 140026
958 50 435836
729 47 845122
956 120 491053
425 241 530354
656 752 473441
239 626 693547
979 14 955598
638 532 937318
379 798 952713
211 279 438374
205 447 47359
480 697 171271
190 754 923680
318 685 47048
797 767 974837
577 360 653650
429 110 341956
663 79 206737
462 452 64007
306 54 1128
780 808 830244
355 409 948256
603 884 209769
359 276 825564
359 712 929999
401 483 776033
607 911 486661
83 194 237367
796 393 561057
460 218 621071
523 347 898570
870 696 144024
362 714 789716
55 324 784156
217 629 896820
352 349 412595
445 197 640197
216 833 609811
528 71 224334
828 654 31987
479 664 963927
427 699 35026
292 129 128708
294 182 69211
904 767 532006
490 890 600284
951 939 921558
986 44 98143
206 760 124037
16 61 329456
24 729 594468
288 386 253415
636 359 694586
181 817 661244
175 150 427166
421 260 956498
821 971 78468
871 72 363821
203 731 592589
319 483 214629
246 672 280379
685 918 798124
461 7 301309
417 665 4744
560 41 946660
122 678 108310
310 71 367944
641 243 200191
238 699 664649
898 173 273009
331 15 77447
495 191 524497
120 325 649110
767 330 285657
177 414 345068
630 328 437308
327 931 266310
751 151 727121
97 706 351588
306 759 289197
186 978 890658
705 157 279082
241 442 358656
877 716 715792
185 862 669233
145 452 104373
960 16 807936
993 856 309439
15 360 464168
428 255 559296
199 268 405737
658 973 542383
327 36 644706
968 818 12829
414 22 960159
832 387 725536
203 507 541123
791 827 858676
952 135 999372
609 93 136298
850 120 382803
160 448 120751
361 410 756771
156 122 684764
302 680 496161
399 49 588606
659 632 68593
735 413 222840
473 235 978167
20 469 833502
87 665 213493
338 229 744339
655 832 338359
263 174 808052
284 631 767766
556 148 626173
780 480 743470
262 837 924747
766 799 181778
537 547 119588
342 920 553213
832 323 88459
799 852 815974
450 976 103131
484 196 255806
594 875 56613
143 502 541139
920 268 986187
8 790 315577
236 517 963081
914 35 818394
274 823 6506
946 564 284195
407 486 960312
645 998 159068
441 767 458930
366 558 807489
316 583 727555
317 660 166526
83 738 179308
671 157 839489
39 180 956183
73 224 675022
745 621 191794
106 352 296615
491 368 717697
37 276 577086
290 277 257875
299 364 976549
741 849 412824
683 713 253082
88 295 499879
250 726 690087
834 221 265623
943 422 234652
771 149 585652
141 350 710971
515 774 647660
218 874 89098
435 209 380021
280 401 789916
614 454 49642
558 198 703055
528 251 989812
646 617 389344
22 430 352756
154 90 698896
870 890 938489
326 816 427169
120 806 514410
499 60 3882
170 498 751920
167 315 169657
118 909 671285
345 241 913507
17 676 144625
987 967 618487
908 323 424771
499 225 702315
783 960 77897
635 862 612688
441 607 222819
400 663 682187
6 800 77692
758 483 511741
720 839 78527
247 185 996313
62 87 775000
440 119 301725
889 231 189055
554 345 743035
214 935 375440
510 480 115584
268 464 749001
355 160 787902
954 520 947705
279 919 186047
809 710 643580
477 755 187970
459 873 827015
394 717 245847
580 982 608914
244 79 810883
457 831 500305
863 177 569033
519 864 88396
937 318 966287
568 841 950099
148 819 689246
115 383 292056
296 783 408246
427 86 380044
556 825 726722
578 566 331056
541 929 337771
962 332 304934
369 726 796613
28 577 677081
470 303 267961
634 165 772147
684 974 264674
762 226 319479
969 687 608966
874 465 809916
540 673 535328
249 621 112190
480 38 816819
703 461 426303
871 929 494751
354 651 977794
345 938 355225
934 815 602679
805 834 749810
490 933 712923
609 404 329052
54 601 114212
631 580 454755
474 828 172898
758 259 968092
740 411 907677
832 52 584021
465 118 521369
494 396 50205
22 56 497491
467 300 403869
670 12 855111
508 805 895731
137 277 877303
137 243 570352
344 382 346623
495 540 973525
994 32 500125
644 608 941129
395 282 134350
123 195 258110
559 992 38093
95 380 238545
300 665 533959
812 352 259452
314 44 238868
413 181 536982
216 148 503256
687 206 82719
530 149 396029
359 464 761724
116 206 797991
88 621 57417
360 653 640148
942 56 382019
540 267 560652
232 677 776286
256 815 438406
912 137 905074
406 173 527043
388 455 658793
874 51 999992
124 433 703496
1000 943 775190
123 134 403698
505 490 175361
494 250 89823
413 987 365009
943 336 167907
958 999 597831
542 250 933490
838 610 483018
777 438 802991
527 496 432250
829 659 989799
2 368 191098
105 267 526768
836 798 495524
875 417 346480
973 957 816123
328 877 5878
572 413 540420
214 549 360585
627 937 7001
955 974 407379
286 711 802651
628 687 3210
546 13 53114
953 916 75017
204 351 86369
858 955 289396
401 619 490522
446 69 208309
798 585 684815
198 822 590480
789 933 598648
490 79 866976
142 912 332273
681 412 758432
917 119 705758
760 689 76708
742 48 36927
279 7 329039
807 735 277745
192 992 59076
889 345 276678
476 579 806617
970 650 430920
795 693 843016
712 883 748950
29 986 357955
53 414 724392
509 222 875165
417 572 653910
338 859 764477
68 120 39845
252 408 134564
281 803 152487
637 139 599901
240 530 368510
623 786 59709
834 574 445955
850 857 445555
847 443 480652
275 255 540000
336 690 67352
889 445 756862
633 505 946228
349 447 182498
234 810 155501
693 37 905043
261 28 115319
133 443 647332
531 950 957015
832 259 749765
707 899 747289
469 421 600963
226 47 388500
616 290 360018
77 869 54905
200 810 186339
184 94 72763
67 209 770290
305 193 906404
986 961 637611
738 848 815656
495 887 617260
643 696 307146
573 402 774530
818 812 760329
628 501 91925
29 322 165435
88 414 430467
55 778 687226
819 108 427652
219 830 870595
528 263 909273
115 640 715635
948 196 904790
503 184 427253
662 266 18394
18 502 538126
105 903 7780
690 19 355030
304 182 296067
138 1 489682
384 578 185188
548 967 808437
414 325 476202
643 437 108101
958 435 75460
237 435 646704
207 954 775579
976 697 935949
197 499 862177
152 859 642183
620 150 933993
640 169 102276
778 812 654748
466 966 573844
333 245 431007
800 550 118943
283 246 346224
810 437 579722
978 144 744901
935 909 599291
157 672 843351
387 281 402244
454 242 815358
522 765 521684
769 601 956430
907 128 398696
901 67 537652
492 945 264914
26 545 943716
493 595 118453
110 611 951165
392 559 371072
595 876 365386
991 6 566788
680 985 3291
561 796 405511
22 244 277869
622 792 4325
395 964 914118
56 352 558186
95 142 165526
386 743 304136
335 99 730830
4 749 500758
111 864 766403
876 981 626078
702 680 196599
300 190 371848
980 31 948513
546 612 392966
566 97 380745
250 684 499849
355 411 175426
897 146 804912
497 914 610439
757 638 436511
587 599 444608
775 427 860680
203 53 748532
716 166 957706
382 257 188421
614 577 511454
668 225 708861
200 829 730841
304 852 986030
476 613 922669
335 776 875841
720 365 652208
949 1000 891678
767 598 835895
67 62 868672
850 762 720483
377 317 624625
24 387 898163
437 833 97630
331 889 449018
209 800 800616
636 353 683231
415 337 14106
191 592 747993
156 672 444847
876 945 59550
42 666 836075
97 562 216508
796 586 425577
225 912 740146
713 835 430059
134 857 723102
763 983 842107
447 131 80534
225 10 72160
109 746 307885
235 917 106553
112 260 381995
931 251 765389
171 209 535941
527 206 738122
252 238 207834
132 356 301199
948 391 885135
950 321 667375
741 827 541814
839 918 288187
862 210 325073
899 123 595393
879 60 417193
879 294 848587
402 59 80481
902 35 670051
717 390 556949
285 517 970422
456 105 408806
359 515 595574
438 311 122139
349 190 799703
667 148 953362
184 919 260200
252 143 595241
305 572 839527
447 215 533378
903 352 978261
154 723 139309
129 32 746153
31 826 369602
651 588 164144
872 145 848810
940 666 781576
445 79 267099
734 631 546142
246 710 166363
650 923 678745
487 343 840096
528 348 541091
224 888 463239
693 847 239331
189 753 516908
955 988 125218
166 269 700327
271 901 972959
575 980 423018
17 522 659438
60 793 699521
969 170 14170
740 162 447178
757 367 374656
146 600 723982
499 682 576327
760 665 525639
796 976 528703
458 202 872216
708 309 6320
288 5 618551
127 603 776836
152 854 833016
72 645 40614
846 210 619694
157 331 791864
35 792 960025
535 650 291455
997 440 900454
970 543 898041
10 142 971561
83 369 767285
675 775 78924
730 39 813842
61 605 47209
706 904 822308
826 182 212244
601 713 120659
322 998 731941
401 222 360152
372 64 8458
700 473 29331
33 588 543341
859 300 535269
141 553 849177
339 713 444064
337 672 138733
300 813 677077
88 441 281133
880 384 863860
224 49 842252
435 9 904006
479 57 604803
639 317 442137
885 359 382764
585 296 287264
894 425 742775
637 660 408894
703 370 529962
954 290 48042
35 659 415602
592 981 579515
188 610 848408
480 192 734743
739 879 820
515 933 121505
16 887 809051
16 204 354209
189 13 298745
721 783 566863
429 964 124815
553 736 901724
852 493 98585
291 67 212708
99 894 762969
901 55 29886
283 286 76243
533 966 868244
769 849 460363
548 808 462717
537 791 797412
141 144 199017
857 775 795675
760 920 131587
665 173 659218
144 863 681702
863 944 548190
520 300 799006
519 992 380615
534 345 232645
330 533 965523
176 894 577183
843 788 270790
394 884 979711
388 440 811224
842 602 145657
906 631 404979
898 445 838507
379 538 482984
885 423 350650
102 744 954566
344 264 610483
532 448 806303
94 994 61830
665 401 43690
796 744 189079
698 782 428152
143 670 626993
611 357 34802
758 45 761658
922 383 721620
896 620 540063
206 988 572928
493 945 298612
865 235 829671
612 37 507646
530 119 574030
840 532 576648
471 950 789386
258 475 472341
424 511 553580
40 261 691653
567 292 865295
733 959 386211
859 378 183632
340 413 988856
58 504 314528
763 494 886149
897 1 11106
500 751 843505
367 79 613970
100 370 931570
310 559 795139
933 822 601025
957 565 219539
458 751 291123
136 401 524709
96 461 672126
253 482 700827
980 251 796869
622 191 496324
877 500 100426
514 240 941906
495 398 715283
345 56 763399
149 331 196482
895 289 530900
746 508 881380
204 310 683872
777 925 919340
691 803 840119
935 784 786983
394 901 970167
982 925 545079
444 847 789104
825 444 762319
189 945 292767
655 376 238926
741 834 866832
195 384 217976
124 511 734789
466 154 958710
997 250 891003
510 122 263003
98 950 756536
479 467 28235
603 937 625740
379 295 485895
807 186 821736
245 194 468886
113 210 747285
780 540 47357
748 128 470252
9 221 724294
520 480 221326
435 73 792228
328 21 441682
539 385 587228
573 777 425833
849 499 56252
571 59 157695
96 295 79285
111 557 908549
818 754 688431
965 119 983450
199 19 280473
831 204 935995
535 891 219360
132 115 854005
903 641 717468
430 475 373983
712 595 592740
59 944 335088
619 367 750810
944 932 21384
759 77 52322
575 166 429807
403 327 33305
433 464 412774
138 770 848183
399 591 179765
337 513 521866
861 597 589254
602 336 125716
585 465 643758
937 75 943462
253 210 993860
656 814 616609
279 313 183905
477 288 843864
227 95 901689
504 897 296693
957 100 217382
370 97 205531
58 981 989792
571 384 86923
772 601 599636
283 559 175494
880 634 185721
555 95 568691
6 406 93228
45 669 809167
545 118 376675
498 636 642070
495 841 957526
918 591 25203
496 427 290736
602 119 861229
757 208 738928
418 181 902296
242 747 823327
421 434 810660
169 711 332353
809 84 949242
286 366 306034
830 228 709570
903 778 534991
287 393 816454
982 64 826164
492 86 825281
601 283 184710
324 509 63643
246 497 862602
485 125 351356
214 111 762794
77 412 8269
725 238 839817
492 383 878845
362 231 374913
858 295 457554
408 396 691733
795 177 617740
777 735 736639
349 462 104294
925 401 499711
336 783 467046
609 141 885977
594 860 667123
785 502 482521
679 838 983502
520 776 725697
940 203 991788
587 11 814983
802 913 782780
524 862 73044
83 259 959211
55 220 632740
662 400 887319
893 915 318243
407 195 459007
76 93 184228
801 179 544362
582 141 194028
857 938 531893
440 507 295124
756 834 651859
56 861 258245
809 284 204568
859 538 576579
525 278 149270
512 595 812241
389 678 913253
503 342 36739
251 351 835587
168 944 394686
567 388 589710
4 587 639876
645 388 709021
663 935 667175
555 966 227110
69 185 674927
185 387 994456
19 566 55787
418 343 38036
593 302 603353
211 289 10861
561 635 499691
790 432 154882
420 301 221525
151 916 541444
392 189 74934
824 533 887783
427 463 796137
271 87 668656
327 888 252485
690 232 62396
822 291 736158
929 923 96187
76 633 504586
830 908 425652
872 851 646384
409 823 365083
573 527 136199
885 842 198225
332 439 847929
103 485 784483
961 771 689117
870 690 10754
271 565 843646
980 392 856063
883 390 36775
950 689 818951
641 706 881417
84 464 710279
179 411 871879
178 510 573012
867 13 645962
772 992 29550
712 509 575401
666 171 806570
98 338 267904
403 330 862333
771 576 409521
949 159 467383
213 826 181538
449 510 341654
807 464 732434
567 251 468683
492 866 645788
690 146 874634
725 408 252960
227 513 711202
760 291 149903
242 200 909815
586 469 164696
827 519 730251
359 693 135885
931 771 952538
842 877 94701
884 496 13055
584 740 820931
735 320 359773
418 76 768953
345 523 219938
319 388 794812
228 847 132113
29 634 282689
212 824 714920
717 955 658572
62 540 206516
145 350 368461
337 499 128033
374 462 532914
218 680 505793
749 243 742608
179 186 465724
509 829 323408
33 20 280644
140 8 146563
56 381 851464
975 58 414329
301 948 943128
545 642 294835
346 429 864110
492 491 331980
688 139 592479
571 863 662688
999 178 213436
147 58 331872
638 644 870619
906 312 907320
363 45 716357
344 95 526329
72 422 647615
300 492 297356
321 999 158244
732 402 399041
447 987 825970
80 38 138439
677 998 849162
102 770 122180
504 717 541353
126 79 796969
727 55 936074
421 491 971798
768 390 659689
257 956 453316
270 477 799319
545 750 339788
492 536 475953
876 423 420796
918 57 346473
242 415 588972
505 423 462424
48 605 175272
888 865 206932
652 966 226389
51 388 787551
569 224 957076
427 511 928076
300 722 639379
314 572 930546
473 918 604137
306 431 283651
284 81 363300
539 618 476691
637 468 630171
222 745 370420
765 701 88811
884 840 148244
623 908 505963
741 375 152335
216 239 156048
649 250 573787
424 17 662058
616 941 447561
935 64 110365
972 522 222311
941 75 576653
127 749 185846
10 791 276251
635 600 571740
495 297 207893
93 593 322379
345 922 988897
531 602 471469
765 821 462130
479 145 146469
248 645 860334
565 563 929763
42 812 812193
506 775 907579
886 350 737768
549 728 583332
233 64 604003
406 630 335537
813 889 401260
391 290 371953
174 592 136817
297 746 771268
177 600 979954
581 249 834004
626 759 273606
332 99 730207
153 217 216731
221 962 222021
458 575 250214
604 131 308916
688 271 244055
124 756 551051
997 566 735122
233 832 320726
600 731 237791
472 147 3600
641 64 697411
455 190 712736
993 485 90423
505 224 992753
582 711 531363
43 452 345111
57 944 556800
794 201 258144
376 758 25618
730 787 523791
480 251 279899
699 188 200750
850 471 343123
311 978 283006
544 79 376795
61 764 914259
725 980 99362
497 49 618223
500 560 513468
425 750 919924
34 866 698431
230 789 878466
233 675 436612
164 19 220939
958 393 787086
301 975 352998
155 653 956981
105 420 589083
242 160 890677
264 101 265872
66 266 546066
585 190 40148
636 937 789255
42 509 478877
246 538 96083
264 566 562517
532 958 927629
522 496 264928
554 725 392645
857 80 272841
807 907 672883
83 573 917260
872 107 97720
98 122 929714
662 773 839858
706 254 71992
11 671 166272
250 14 927468
787 179 546493
638 826 557364
149 118 145995
598 1 496516
846 499 345783
259 125 807694
796 192 767053
137 787 311815
678 811 679137
146 872 541183
888 450 51898
100 251 259931
947 821 205826
569 139 45190
429 569 370359
234 847 1171
357 801 254939
142 581 335188
161 512 207025
271 505 484925
274 163 782894
252 645 886079
730 745 392416
475 795 892315
876 141 717764
356 651 322529
551 927 835721
577 827 189710
147 566 386173
430 246 429892
591 494 749361
824 393 482650
107 52 533705
809 841 626329
422 437 233644
807 525 84624
473 382 895508
824 15 798830
644 34 49843
346 706 625404
999 403 464378
935 231 229417
573 85 579319
217 502 775114
205 748 815859
627 146 63023
380 690 62873
688 123 25364
250 548 344304
661 753 776335
625 228 983231
835 908 279252
638 381 627745
517 470 371456
255 857 899279
359 404 500166
395 544 59881
774 64 608923
657 313 684915
872 163 732082
600 397 162803
545 90 337698
748 462 368570
166 752 892966
376 159 101694
9 651 229638
642 30 894715
787 428 116718
25 342 908675
147 881 998765
420 917 492854
681 306 363044
62 602 428668
161 770 742865
712 783 322780
492 156 346548
710 59 258403
685 942 504739
966 352 439071
336 917 349311
578 220 425980
4 599 254331
691 182 275025
682 952 156368
497 126 999504
439 611 52173
878 315 67363
760 267 726069
542 108 818801
293 547 513174
794 637 410350
17 109 897637
585 395 569176
971 877 695832
369 917 244509
49 267 837684
642 245 79375
612 371 717397
781 687 739484
126 711 171946
652 12 286635
776 649 598363
515 778 153685
535 276 452610
144 740 344518
298 929 952235
624 228 340338
187 769 282026
9 367 908488
85 154 927021
411 643 544644
658 682 568794
915 880 629031
128 979 442919
459 754 542620
288 589 167375
314 662 495586
202 846 327535
536 540 375196
412 871 232665
489 211 680419
528 884 113328
626 442 45433
488 644 102151
724 37 18578
298 384 775126
409 971 545002
73 978 624316
353 410 757626
258 310 839344
224 813 461342
955 693 838537
41 887 284772
417 278 133953
522 364 517885
701 362 682950
831 32 102389
305 717 200849
133 862 384148
664 817 158456
900 706 331057
652 349 588988
441 768 805636
586 492 133871
379 111 432520
386 907 554900
878 396 686391
616 768 975087
89 879 21181
744 649 906072
908 630 330158
299 54 411640
716 418 617741
849 920 146028
820 753 182899
172 501 832300
819 75 97455
473 316 348614
753 68 137731
82 18 931855
565 185 130379
130 235 864352
514 139 381003
337 422 116651
492 720 184932
941 309 770728
152 725 339702
910 773 503956
939 616 363187
630 533 549675
661 502 424843
531 772 282409
951 918 94651
296 855 588186
783 293 702835
706 886 734014
550 328 353917
908 699 173598
644 868 281906
864 472 609049
853 998 914677
809 775 287708
634 964 953033
740 716 638465
125 417 42632
51 906 359738
583 91 211072
969 53 570940
508 52 129670
116 444 40965
956 924 110844
203 751 264310
546 852 172928
569 302 431180
576 832 173957
971 869 698769
746 268 863415
798 166 257930
956 842 883753
126 214 534605
603 172 874190
139 203 492952
491 728 884255
34 105 366488
31 14 464698
273 140 899795
833 491 816027
367 739 493304
40 629 882737
581 948 762356
287 798 307474
537 67 916249
362 237 401025
410 250 707960
325 288 48677
715 660 686778
877 958 266409
40 844 232205
64 815 815804
271 724 451542
841 61 82214
332 842 635611
619 914 176878
223 182 113561
89 805 625015
401 583 605674
55 90 473724
711 101 906632
511 997 838798
856 17 946018
902 779 605109
597 974 948338
576 450 846450
325 905 126644
217 183 592386
787 944 956213
571 796 665730
909 436 33447
19 396 311894
225 146 490776
313 611 686288
768 149 486408
701 939 256250
794 808 763406
842 46 94350
874 702 207029
358 216 127255
94 430 24708
362 172 806167
960 846 780026
269 50 207419
848 605 498276
175 849 568258
301 630 801923
325 491 324380
937 923 708674
408 366 926411
95 434 226074
936 160 485832
584 395 410458
679 437 863230
600 2 495729
325 93 744449
497 367 480983
123 177 348570
2 669 982622
494 371 294037
690 90 422118
848 380 185968
212 154 422461
471 515 800210
654 47 595128
224 479 673020
788 213 80262
47 338 415962
560 293 841810
813 427 333817
714 740 530072
574 673 844316
218 624 173302
441 883 983344
609 926 379290
516 869 91608
372 241 182443
817 803 505228
490 466 134301
131 453 38566
169 70 706788
96 560 106485
225 980 364850
374 791 150295
862 871 281444
110 888 807872
66 470 138128
101 776 411078
427 375 433189
638 455 961128
409 997 759046
337 960 418682
927 492 418914
480 540 406706
85 12 170739
634 528 598866
115 322 739608
91 804 267576
99 215 250631
618 205 40605
423 880 183299
403 957 306854
751 146 916566
664 149 868698
739 878 768567
174 499 697094
99 709 99824
23 554 579166
3 809 813821
746 654 227573
236 21 431328
155 626 833651
444 932 84256
490 429 745535
105 310 655547
701 200 303490
699 333 858038
244 569 179797
405 605 35057
10 229 718720
289 516 760590
974 566 62224
675 455 662708
238 706 992805
462 524 235468
877 576 866626
102 274 109378
49 555 200342
951 98 15149
156 22 894374
584 623 595033
673 318 633008
98 638 353387
714 509 712288
376 743 481942
891 428 979105
56 437 467349
816 7 571059
115 221 613486
926 83 810021
338 502 282067
474 660 506378
789 339 507939
772 118 141102
823 523 488476
533 543 206907
676 598 82710
241 987 947570
42 587 691394
299 813 421969
631 625 127322
29 217 49480
822 83 397559
959 11 327296
422 601 41185
893 409 941399
546 956 754629
867 9 108732
877 483 876529
185 869 605421
83 342 614450
664 884 975072
886 579 391776
545 475 911879
241 896 240255
932 611 321215
103 161 344247
362 963 377501
481 660 864401
211 507 596043
485 927 604237
970 201 950916
415 97 693205
135 899 704171
498 428 59086
823 236 454610
687 998 589988
148 564 774138
921 504 371923
275 99 487801
