2745 2965 3576
2318 1655
2356 1496
2326 1163
1712 1773
1056 1202
817 2448
156 2646
749 1053
1312 2174
2230 1452
1318 1560
1079 2541
2296 195
927 240
1780 56
1011 2286
2628 2137
386 2389
2389 2687
1301 2194
2199 1267
1429 2143
1864 325
1979 1757
1598 394
1476 2594
2083 1433
291 1139
1301 727
512 2126
2023 1253
595 1561
372 52
890 1696
411 1681
611 1694
1061 2591
2478 1872
1236 987
1683 1200
2477 1915
273 166
2663 1831
1793 1841
470 578
984 354
2061 866
1669 999
893 1566
106 1204
1742 2714
2633 281
1792 574
1744 443
2733 1793
1598 696
1138 1281
1304 671
1712 437
928 303
1853 1802
871 380
2137 540
2607 1013
1819 2254
38 267
1710 2301
1850 264
2668 2681
2411 1287
1399 2682
153 1661
1239 2030
55 108
1213 777
2689 330
987 813
1321 326
1891 873
2417 1138
2521 177
596 1901
1552 1556
2375 729
1398 1437
2517 258
2529 1581
229 2551
763 875
26 1833
2313 362
1777 1967
2310 795
727 503
1093 1610
1518 56
453 2276
1016 13
402 1861
1564 742
1932 2019
792 2642
1190 683
2076 1582
1088 1626
2460 1571
1754 613
2448 2616
1867 1228
1234 2324
2687 1921
319 817
2106 2234
1131 1089
1855 2419
686 1596
860 2421
2651 1901
1616 1991
1811 1377
1464 2625
633 1768
1084 1164
1699 1665
1304 53
1291 828
1966 1813
791 797
1053 1697
2057 1177
2412 372
283 819
254 1565
972 1622
1515 1577
93 1794
2660 1791
882 1185
608 2462
388 1009
267 1197
2702 2449
715 2214
1475 1933
1230 276
274 2524
968 1961
1289 2742
2309 411
2484 2384
104 447
1396 1690
458 340
2139 2328
2375 2217
1130 1563
385 1118
92 190
2698 1915
1025 1245
1154 1983
139 2379
1004 2678
46 2350
634 33
2100 989
2592 2004
2059 472
932 1431
1344 150
931 549
493 51
470 2179
1273 615
2401 948
2592 2548
1670 1934
1638 88
2152 453
1373 1706
139 1585
1920 654
2725 2565
734 1686
1865 1471
2373 1620
2062 2005
2648 857
1522 1094
584 577
611 512
601 2593
1564 2031
1242 1347
2664 625
1869 699
235 160
155 1193
1340 856
2419 1912
2681 1037
1696 494
1490 68
2346 185
2042 1865
1314 1246
1859 1473
1667 2462
1962 2719
1289 596
1252 1821
2489 723
377 57
630 2082
2420 879
2483 1053
1773 1615
892 2282
1427 1727
1 2396
857 751
1168 2191
2431 510
1867 2616
1253 1888
1327 592
2166 2601
630 2007
2417 698
862 586
2629 1423
1295 71
1954 570
422 1166
2006 1028
1774 1273
590 763
512 1611
2217 2372
2051 323
1853 1421
761 363
481 1968
1934 1088
1272 1553
2307 504
563 398
453 1340
343 977
1983 2582
84 2101
2051 2056
255 2481
597 229
2057 1516
2009 1605
126 2641
575 802
788 662
1860 276
174 46
1526 2552
26 1839
2287 2156
2702 774
1932 1610
499 176
1407 1334
1594 2684
2162 2407
1665 929
600 2640
1250 637
2413 2606
1352 2585
1965 2194
1335 1731
1945 2400
1368 805
2319 2331
534 1697
2123 37
2675 954
2368 407
2143 2696
2704 1314
2069 1366
12 1756
740 1012
1127 376
1176 2257
818 522
1102 1404
332 616
2693 269
1115 2367
1563 2671
944 2638
2166 2489
1130 2125
987 915
1097 223
829 1118
2128 638
2543 364
893 147
2616 1992
39 32
1465 2116
837 404
2424 219
688 246
1860 1845
2225 674
1187 1155
2065 1530
2278 2363
1041 1996
266 743
704 361
1625 153
1308 828
1340 720
1259 1253
1441 1876
1214 1910
2341 779
1190 1043
2270 498
1399 2165
238 157
1812 1914
568 2138
2326 2134
1871 713
490 1027
192 1613
27 749
2449 1018
367 541
2139 1263
2540 123
1964 2196
1348 212
1289 1425
2424 843
1341 1586
1138 2634
478 1773
1305 98
2152 1182
1528 1400
439 1472
395 1871
1783 763
1481 354
895 1078
404 2626
439 514
356 2482
1590 1493
254 1255
2500 2422
228 1259
2198 1988
2408 1096
257 2482
1171 1895
1299 1921
1593 900
1967 2078
75 1746
2008 659
2106 441
27 2187
847 2633
640 1258
1382 1623
2618 2355
1532 1256
268 2613
1707 1581
2369 2254
433 2495
2725 2239
234 438
260 1727
1740 1094
2606 173
2572 1164
1229 711
1998 2331
2038 92
843 2633
329 976
1219 980
1076 45
1460 509
2321 1102
1473 2551
1868 274
1673 2595
271 2387
253 1247
154 897
238 639
652 1687
2305 91
1434 43
1409 1178
1784 187
1495 692
90 608
1593 696
2117 360
1033 34
1348 318
2695 1698
672 2675
1028 2719
126 1123
852 448
2283 1754
2216 1346
1757 2716
1011 180
859 2150
2202 792
194 663
1877 1819
1046 676
1741 1828
2545 1421
2345 1165
1367 1523
1175 788
2258 1940
2027 1139
1228 990
2660 2275
997 2540
1092 127
2028 639
1233 957
2573 2238
707 2706
1048 2660
1914 2485
2463 815
333 2724
664 685
627 291
1344 2611
2448 641
984 1894
1058 161
2517 2006
313 2421
1733 748
365 1041
1028 1028
891 2056
1867 653
2184 472
1384 1234
814 836
2432 2304
966 653
2027 1380
1525 2588
554 1741
1506 2381
1427 2581
958 2061
68 1921
409 2658
362 2730
1944 1241
1947 195
1680 804
1845 419
1229 1147
1911 361
1039 1659
275 1051
2636 2458
199 2657
53 1502
2689 755
408 1626
711 2462
592 1117
1592 1516
2679 746
750 1251
2663 1103
70 682
2438 1389
1946 852
763 1024
2457 1442
73 2061
1718 916
905 2537
2655 2368
463 134
2475 697
906 1225
2441 288
1407 957
1402 2032
1062 1869
1456 1709
2594 1951
2451 563
1859 938
1755 1857
1506 2414
749 1493
407 777
2351 83
1744 1950
823 22
1264 1024
68 1457
1532 2532
992 246
1380 1115
422 67
1169 941
2488 1709
24 767
2660 576
1897 318
273 1585
796 1909
1480 1845
1988 2605
1068 8
624 1777
1249 1649
2669 1617
2289 2643
2512 47
1832 1912
1210 2234
1881 1400
1781 917
80 2171
2525 267
1490 1214
2721 1428
1052 1905
2215 250
1266 626
2270 1127
1480 1711
2436 2435
2416 1699
902 367
1111 2692
1496 2394
1707 1380
1042 2532
1489 1487
332 2535
1869 2279
789 2658
118 2525
319 99
293 480
869 1069
677 2614
1545 824
2488 441
1593 2433
1642 1226
654 2493
1595 440
401 1815
922 1209
1718 210
992 1912
2501 680
2412 109
1192 165
1421 168
1303 2492
507 2031
1194 2466
515 1847
1964 1452
1436 836
880 2740
9 995
1640 1292
1782 1039
15 2689
2664 480
1823 901
805 1868
551 174
2542 1667
849 1312
1107 780
1738 655
2445 1413
1188 1010
2548 1254
1626 927
1186 2665
1628 367
974 266
1804 943
1791 1623
2256 1810
1106 1091
104 2744
2703 966
1231 1981
2574 1751
1845 2232
733 2680
1549 2443
2627 2099
312 1917
748 921
226 406
2101 172
60 665
377 1187
716 1433
2392 2123
493 2632
1190 323
893 294
1602 1619
2571 2047
2583 2329
145 2569
1637 2700
2448 1098
2144 1045
581 406
2100 1881
519 1803
2468 2367
25 267
248 1367
1700 1596
1050 664
266 464
2704 2360
2462 161
745 1292
1299 318
1317 1255
1396 2690
2656 1164
275 2353
109 323
1328 745
1258 1109
646 1098
162 1843
340 947
2352 1960
1098 1755
1047 1096
61 1186
1029 1687
1817 193
1717 2258
2509 1794
1845 1994
890 1474
869 304
2288 1112
2130 1113
772 882
1960 83
1542 2024
1098 302
1458 1665
234 1931
1828 1743
82 2633
2442 284
1873 2381
2447 81
4 1469
2573 1110
2631 1439
2186 1003
2724 524
976 53
2329 1423
2116 2314
1978 1025
1739 612
844 222
1475 235
754 608
24 275
69 728
397 182
1411 181
612 2351
1015 446
152 1537
2502 2124
2430 1253
2464 421
912 548
1957 1189
1172 1451
829 960
194 2146
1158 2062
1066 2546
441 80
962 2459
263 1078
2392 2412
1833 1897
530 2711
2521 2085
1592 1001
1252 1376
1764 1034
698 1002
1513 717
363 1362
551 1872
1412 762
268 1440
2339 323
1086 439
640 129
1608 2665
2051 11
1672 491
1590 1683
467 224
1885 2421
2682 1976
1671 2653
902 1394
2204 825
2296 1509
1140 2556
1141 1430
2572 734
1983 2409
91 1021
1170 4
258 680
2687 874
1579 2358
1767 1259
1001 1221
1833 923
1570 2418
2127 2595
2471 2723
1110 1035
2458 2653
179 2174
1882 1855
635 673
1480 595
2122 456
2050 2533
1981 808
1326 1244
533 1356
565 2137
1470 2318
1202 382
2677 1172
826 2314
217 2246
1996 282
2678 430
2147 836
679 207
101 1166
1118 296
2410 1560
1186 677
780 1638
2568 323
2120 2679
1678 2560
8 1076
2557 665
1850 688
617 1327
68 110
21 1756
2546 1121
1903 1036
1936 2222
1637 1947
1475 2620
1251 967
1648 2464
1796 2114
1024 982
1835 1707
1255 793
234 2401
641 309
224 584
884 503
1679 1107
1010 2046
1994 1447
1862 1339
398 2
462 1168
177 175
726 572
957 2560
243 592
1654 2357
1961 2204
432 437
940 1663
1997 318
1821 1999
2346 1750
1523 2229
71 1316
158 2512
220 136
1420 804
2073 1963
89 1148
1254 475
2265 295
1836 2244
1499 1299
1617 2422
2461 2013
1579 1125
1158 1026
1930 1416
981 2441
2671 2024
2395 15
431 1906
1878 2525
94 1951
2430 486
2320 1328
1401 386
351 986
1706 2573
657 2535
1732 777
1905 933
292 1648
1310 2644
1608 406
697 706
552 2398
1751 1351
2089 2468
986 510
1946 1463
1613 896
2223 869
561 1227
2187 1189
732 981
819 2512
2686 2009
127 1998
521 796
1430 1586
1033 2139
665 2184
1880 946
1838 2117
2646 2021
2412 389
2738 2378
997 1212
125 1336
893 1231
1365 1559
473 1706
234 1368
1243 2380
2561 1724
2095 1102
856 1144
2440 2226
1915 956
1272 581
727 164
1580 2405
536 2522
2035 330
2572 919
1810 482
1991 319
452 2471
2054 157
1366 2692
240 265
1061 2371
2003 1556
1588 1010
842 940
2715 2079
1576 864
2594 1805
1537 1421
1551 1332
141 2474
286 1523
1687 2270
2009 1992
670 106
2647 2123
2035 596
654 2480
1769 118
933 915
1997 274
1605 1306
2078 2251
691 819
2560 415
2726 907
452 2235
1408 386
2371 625
955 189
667 1938
2007 1085
2684 854
1383 1973
1078 923
1076 1998
2181 2238
1939 598
876 2674
2676 446
2448 799
1925 494
1210 949
570 1318
1826 1434
2070 2344
1659 2442
1361 605
325 1710
2155 307
1350 1260
2345 885
371 869
2650 1325
1349 2004
199 190
769 2414
2478 2018
917 485
2663 2578
1220 1390
1008 2745
2168 542
1283 1469
208 797
2276 835
2170 1623
1414 2531
27 2211
375 1988
1955 1535
1622 2532
1922 1352
991 2399
1728 2290
1194 587
1136 2118
1140 34
88 887
168 631
2332 1392
1910 2023
633 269
325 1414
112 2576
1317 628
1614 1859
2465 1628
2527 28
1006 1307
2556 1946
1499 121
1576 2415
491 1428
319 85
671 617
342 2618
613 1599
1482 296
2384 790
2183 1254
89 58
1918 1130
129 1344
2740 669
2153 1616
636 2068
1346 648
2043 1704
2306 1756
629 2604
368 2137
2556 2329
1842 1347
2406 509
638 2734
354 356
962 1295
694 187
200 2591
1770 2649
690 1975
1236 961
792 699
2529 729
1236 350
2416 1444
121 390
1471 870
1243 1721
896 1998
825 67
733 1181
548 1791
1353 2343
948 1305
908 2661
182 730
39 38
2503 1328
1136 704
1859 2262
1242 639
551 853
2552 2172
337 1964
1322 1532
252 1936
630 1150
1882 15
1446 32
1510 1404
2285 229
167 141
2484 2651
1788 2358
1760 418
83 2
2499 2585
77 765
510 511
2460 1899
348 299
1093 727
2087 2677
1546 1756
2006 1430
530 1093
1132 2127
1369 387
669 2656
2740 2364
1843 1696
2426 118
1079 1924
2539 2507
691 1440
434 973
2160 331
2671 2073
171 2430
275 276
873 2084
1444 47
1934 2655
2623 1689
324 1517
979 813
731 2551
2217 730
449 2274
2407 2705
2124 2151
2427 1425
2661 182
1575 1297
1259 1204
1332 557
2459 1163
573 983
1031 450
1760 1212
1966 722
155 1434
2686 97
910 2488
566 2241
844 1517
2704 2339
1836 2642
674 304
553 1732
206 2740
998 2712
2262 1657
757 352
1012 1601
2091 6
1911 547
1133 2625
452 908
2454 1753
1579 771
705 2602
650 2000
1231 905
1107 2174
190 297
2589 1077
2161 608
1364 1877
898 282
499 1090
457 760
661 1390
606 961
1949 1940
2113 68
998 1741
438 633
1770 738
914 2197
2560 2624
2165 869
2712 2270
2436 286
15 1741
166 2062
2466 429
327 1170
1635 2451
974 285
93 50
228 1622
2103 1196
2313 2193
998 2535
678 822
1355 1067
419 1335
1694 1615
2030 2701
1933 1915
2559 1070
1652 725
1634 2593
2024 373
1993 1978
767 2541
2189 1825
2483 1162
2140 547
2332 1009
2330 1941
680 1783
2271 2548
1974 2380
888 2241
1853 2502
1848 759
2203 1015
1 1043
1777 1539
1848 1835
1585 788
2134 54
394 1096
828 847
2075 2587
942 2439
1658 2362
1706 1793
820 946
1266 1507
1880 2238
2124 271
1777 2199
1059 114
87 2242
2474 2217
26 141
282 1722
2151 1380
168 467
2432 408
2466 2123
154 1559
2611 2699
1413 2697
2 2725
1437 326
1045 2576
2705 672
716 1258
1226 2080
260 559
2407 1555
104 511
2118 288
765 320
382 982
1926 13
1715 1167
98 1824
1066 1103
1526 236
979 173
1735 764
1270 465
1775 2650
1674 416
552 2211
928 1609
833 1563
2692 1406
670 2668
633 999
158 2163
2604 1525
1307 1087
2715 2623
2058 1643
95 327
2184 1147
2495 2146
2020 1905
730 2516
400 712
533 2082
2726 1263
1373 1575
2736 2622
1808 2689
2555 2366
1767 986
677 2437
865 1753
2479 1181
2532 99
1751 2115
269 1379
717 2159
489 2054
1703 2179
424 826
1211 2199
1517 1507
626 1300
624 1854
733 59
2463 281
1550 803
346 2699
563 384
2572 908
1025 141
962 910
1291 880
1082 2599
929 2320
1006 1051
2379 68
1908 2282
49 1814
2631 419
2261 2735
2529 276
661 2381
1890 808
2682 1196
349 2184
2050 1860
666 2575
1401 1706
694 269
1782 2428
1888 2112
117 1955
1508 148
1766 1088
1566 460
752 2257
607 1923
422 2425
2086 2654
2177 2127
1511 2730
1462 1688
992 102
209 40
2702 940
2388 2261
565 2378
1167 2638
1792 179
1518 123
690 2507
890 838
2164 1532
446 2697
224 1100
1409 1828
608 1101
638 2109
1444 1449
1369 653
2548 745
1382 709
540 1462
75 1931
232 2606
1153 1906
1420 2145
1775 464
1294 1027
1807 1136
2 1885
41 813
2204 833
1685 977
2075 2225
1039 1586
1650 207
1288 215
1991 1020
269 2105
323 1891
2233 1944
290 2106
2648 789
1957 1505
1439 1492
2433 2031
2370 2627
2129 764
2189 2178
2146 1812
1564 1593
1996 2128
1255 2592
2203 101
2041 405
2378 2077
2546 231
38 1417
1319 604
2518 753
467 1927
108 83
1181 2398
1184 1221
1459 1380
1292 1483
1916 1773
1488 947
1489 278
1832 874
1434 462
171 1527
2227 873
787 2630
2476 2651
1763 1703
2097 1696
858 2705
429 2436
1789 2101
926 861
1181 1004
2332 553
62 1338
2181 2719
2538 2504
1390 325
396 70
1088 2467
409 1475
337 550
2646 1850
833 1769
733 336
2117 713
1451 165
2397 577
2745 364
221 531
393 1882
2589 136
581 280
124 369
2362 869
202 821
2641 701
2087 2061
1111 2740
179 1466
1954 2592
1565 1089
416 293
1723 1123
1805 813
2596 1355
1257 1804
1407 1266
2494 2568
677 2429
723 1927
2554 1345
1026 362
2119 1090
933 1934
599 783
848 286
1392 2493
609 1947
2004 1689
206 2176
1519 2294
1583 1328
867 2419
123 2516
1407 746
176 1668
2328 1446
2607 1477
728 2574
279 838
788 2700
540 2477
25 1260
2447 2244
2166 2112
832 1861
1771 878
2664 540
2157 1844
2056 2314
1668 45
1016 1765
1605 1216
432 2466
104 883
1079 1302
424 1414
420 386
1318 1957
486 2280
549 159
1579 800
1255 105
1972 2626
1272 1832
844 2647
1746 1459
1325 2202
2684 1028
681 972
1854 1039
2711 1806
2542 987
694 2472
1975 2700
1062 84
2085 532
346 309
2672 117
411 626
1921 1227
949 2298
514 609
1073 1356
2667 2552
316 1832
91 2191
2186 1513
2251 2692
1334 1616
2638 125
1724 544
1623 1112
2287 1651
4 2119
540 1134
789 1950
1227 2169
340 871
2360 2689
1965 1784
2117 2419
251 1527
1377 2036
329 2116
753 2494
2527 413
2121 1533
2120 1176
2068 2535
1111 289
239 2698
2556 2404
1907 203
2137 1348
2173 1970
2261 2027
1050 2489
2566 2196
1290 854
593 1369
1413 1927
1768 381
877 533
294 1321
1255 819
1340 2368
2118 1610
199 958
1841 2331
407 2210
1870 2741
939 2326
2320 1138
1253 350
642 2308
2094 165
2687 962
1740 2525
370 2638
562 1759
1043 1891
1364 117
56 1413
1323 1502
1304 934
1197 189
848 629
2627 983
1829 1195
2163 1623
1416 1983
1006 872
1019 903
751 55
1502 113
2345 708
108 2032
2063 1725
2152 2114
1084 2111
2042 2352
1069 1978
866 2688
647 2468
2207 1611
80 1615
657 95
828 2741
1668 362
1169 2033
1821 2254
393 1025
943 541
1453 272
1709 2055
741 1243
717 1960
128 2513
2259 403
77 2524
990 1130
494 838
1378 2589
2692 2720
1156 546
1608 1804
1623 293
157 1787
1980 2271
2132 1879
2015 1146
403 1052
1246 1080
1091 1619
1059 2420
188 2551
2170 147
14 499
449 309
1913 531
625 952
2326 1391
1652 1728
2068 2010
620 2444
2063 2716
2295 1820
1488 2321
76 2136
906 845
1623 2404
2576 118
598 2
120 752
1636 1269
1486 1753
1116 280
2618 1848
232 2201
2611 509
97 1140
1480 1428
2596 1241
1268 2196
303 2637
2660 2194
1240 215
2239 2210
1871 183
1114 648
2697 421
1804 543
2080 1451
60 1844
1673 1292
2595 2635
665 660
688 2095
2334 2389
2595 1543
1020 1253
1855 1637
2514 1178
262 1525
1332 1145
2144 1100
1781 1909
348 255
2361 458
1697 2337
2610 2117
1652 773
2237 1036
2711 2542
2162 2246
1349 1687
1616 608
1574 122
136 1184
1058 1847
1160 2275
356 2341
114 90
14 671
980 931
666 519
1525 2205
2537 2107
108 1419
1195 2699
1833 396
232 2470
1680 320
1014 448
2101 1912
680 301
339 1554
294 1154
1359 2000
1543 2473
601 2114
1512 2333
1971 91
686 852
28 1415
2282 1142
2316 635
1037 846
2576 2596
2270 808
872 972
1643 11
1110 2320
321 426
1133 561
2316 701
1436 2429
1671 567
988 2190
483 2219
1565 2545
1515 318
2625 597
26 2040
2466 539
2542 786
661 458
126 475
2331 1322
464 302
1090 884
1245 1172
893 68
1171 1066
855 259
1442 1355
110 2267
1623 2247
420 221
2681 1651
1773 2291
22 654
108 2092
741 2446
2098 2213
254 295
1818 25
1515 527
1199 743
487 1692
90 1055
1407 1931
1413 970
41 424
1764 859
992 2428
1322 2632
1261 570
1915 2165
1390 751
1016 2436
540 455
83 1829
621 232
1707 2674
709 1924
1864 2311
2574 1556
705 1309
2125 1708
1802 1452
1097 1289
1939 2085
768 490
822 470
1100 1186
1164 881
1517 204
1053 2319
2349 2119
1738 1494
2509 2689
1006 200
2703 2105
1953 732
2109 1012
1587 602
2414 2166
269 396
2141 2306
1790 1817
2309 163
2414 2227
1277 1724
2642 2485
2235 2056
2386 1541
36 2297
2601 764
700 1502
1731 806
1254 2658
1680 621
1595 44
2118 895
1515 1380
1538 78
1625 1536
600 2400
1877 1935
2699 1711
2543 2625
645 2631
2684 2263
2279 1669
2654 1339
2676 37
1279 1665
1721 2716
731 2246
573 935
1231 418
688 2153
2341 2043
161 2655
794 2402
488 1526
271 279
1400 1328
2347 862
1197 1407
729 829
2422 2366
2529 2318
1389 866
1807 1646
169 1181
938 2496
1070 515
1388 1916
2330 2664
2223 482
27 555
427 1905
1036 2139
1406 1347
1667 1674
397 584
1912 1309
2446 308
615 883
1482 782
2717 1221
1769 2554
256 498
2123 1102
1395 1690
308 2599
1415 366
2074 2520
322 223
978 1320
227 1248
416 576
145 954
621 1247
1247 2376
2173 2622
1884 1425
1613 2389
2709 1670
1273 959
2513 534
925 1135
1171 1436
1091 122
1639 401
2559 1648
2108 618
2290 2299
2175 898
2613 288
314 230
2236 2573
1846 324
90 387
1095 2369
875 699
284 1829
851 2242
309 1667
11 2629
2437 1946
431 310
1340 1533
153 1972
2229 2202
2076 73
2251 1974
1963 2267
2335 2051
817 1407
749 1258
116 1509
2667 1935
841 2534
625 1694
188 2438
1180 1925
2220 188
878 1375
2143 787
2125 783
2571 978
705 864
1606 1589
2552 1877
645 738
371 357
1045 162
2500 1581
2058 511
103 26
2123 2547
1241 1475
1830 254
1951 2314
1518 2699
1913 1232
1744 117
1871 323
286 1048
2080 2431
1348 407
519 2262
856 42
1704 1256
2646 1769
517 166
2458 1688
1776 2593
1366 440
1017 2003
423 1672
332 509
360 18
627 26
2341 1461
673 2588
979 1769
2559 1961
1319 1356
1626 1598
2275 347
393 2407
1466 2089
272 2741
1490 818
1632 624
1500 344
1000 2647
2329 2144
850 457
2097 1518
1232 1136
2211 416
2173 445
2254 2645
1897 838
2081 2585
2141 208
2063 1265
1077 356
542 14
2664 1521
704 313
2692 1982
281 1917
2271 485
581 2586
2281 1980
190 818
2380 1947
1149 2010
2539 940
1764 1031
1418 986
1558 1693
1473 2472
376 476
1844 2403
491 76
2301 1813
173 1138
2620 2173
409 1980
427 1318
193 1768
412 1378
1576 2228
980 1307
2564 1437
1006 688
2543 1661
161 832
604 1585
2314 466
450 438
715 1145
1019 1172
1604 736
1077 362
737 108
1337 70
1460 746
2642 1268
1856 1994
528 1304
2090 2482
2694 97
414 496
446 930
315 1586
799 2341
1911 962
914 736
263 170
1730 2255
2128 1043
1112 1569
1831 2700
1617 5
1767 400
1159 2139
1310 2211
2238 2112
1612 1475
259 2687
82 1088
1404 1653
1496 174
2241 1126
2006 1984
619 656
2179 2591
1727 1886
641 790
1417 2111
659 229
1982 2676
829 136
1364 2563
2466 695
2711 2081
2630 1
2115 698
374 2057
1285 1462
2658 316
970 1081
438 1031
526 1560
1508 1834
60 2309
2115 1365
1078 1077
614 396
801 2210
2205 1959
103 1122
2118 1424
2093 1826
224 453
2282 75
473 872
375 1635
457 1336
8 1902
1465 2251
1013 1341
394 369
2385 2335
1390 1579
958 2032
1463 1935
2222 2658
470 811
2377 1937
1608 1004
1690 1086
1616 633
608 945
508 2604
1311 804
979 676
662 1601
1596 709
2351 1300
1529 2290
2489 633
1968 1172
2472 1676
554 1498
1613 2676
974 1868
2042 2032
1235 2655
1132 1138
393 976
974 121
1834 506
1397 652
1426 504
1780 2072
758 1471
606 1833
2657 2253
379 634
223 895
1932 1945
1777 1079
1019 81
211 1194
768 2494
171 1123
2716 913
1909 2717
1186 1769
2525 1005
1553 281
1953 2163
1392 1944
2269 2531
2697 597
1132 316
405 1988
1104 559
2190 484
1 878
2621 2243
1819 1482
853 126
1345 1274
725 1878
1197 1478
1752 1572
1851 618
887 2328
64 1542
1036 1958
1031 2696
1132 1176
2651 2419
2663 20
409 92
2508 1621
2686 855
705 682
2035 763
482 875
1296 2001
1667 1563
493 2166
1503 2279
2029 2314
1833 1139
1732 1157
331 2543
2626 1817
387 221
1681 1489
356 978
1482 2711
2382 38
1731 1681
2495 1987
1808 794
1251 2673
1282 2360
581 2514
2619 53
854 1565
1098 809
82 2331
1066 1738
321 1480
526 315
2168 1483
1297 1735
2300 2624
887 1606
1052 2656
2285 2640
186 1785
2253 1389
564 1280
1798 2445
1463 78
2167 313
2105 281
1580 2078
1594 933
2016 1752
1676 1658
1535 1060
1367 1460
2629 1771
608 2583
1200 1581
1150 1687
1611 187
1877 2614
612 1450
1543 2200
2527 139
644 1156
305 706
767 733
1518 2173
1243 1713
1209 1208
1796 30
2516 2649
511 2641
957 598
1058 114
422 1456
2445 2612
2560 2500
2743 1605
652 834
197 906
408 2465
2254 1350
2552 360
977 682
2643 760
2188 340
971 1272
2336 2515
1760 1836
1226 199
1241 16
2642 759
805 996
1839 2133
2208 2655
1058 1064
1275 1885
1764 2732
1614 2047
2013 1747
2349 215
1488 888
2634 2508
772 552
184 2316
1056 1912
2647 1006
2097 1453
541 1491
2690 1961
1929 1418
2194 366
148 2124
1984 1116
1328 2644
2183 779
1966 723
485 916
2522 1572
1586 2457
1059 484
626 768
2151 1597
2665 1248
2020 1228
1675 2253
2609 2537
1954 1322
1254 1887
883 2199
518 1423
2399 808
1985 1752
2685 1607
207 2475
864 144
1116 2499
2643 1468
1622 44
1867 947
744 1989
707 1341
941 2691
231 1161
2579 897
1113 2256
551 1505
944 1873
538 2212
703 1844
2080 1160
654 343
1919 1593
1629 2464
399 1150
2097 2500
2342 1383
2625 1705
2633 2287
1939 1550
800 250
105 2693
1072 675
2013 1951
2583 1387
312 1315
1489 670
1304 1983
126 310
1787 2719
2396 2321
1268 1468
1437 1166
489 787
333 1377
1686 2415
1967 755
790 1374
1371 644
2630 926
92 523
648 2720
283 1569
2257 2012
2724 270
439 1005
2064 2451
789 232
903 455
2553 1717
1956 1710
2230 2301
1249 2568
899 390
380 712
1717 1174
1867 3
2554 192
344 622
2024 1321
1501 691
1256 2407
2067 891
1667 2539
283 2676
1151 1235
2734 624
2107 801
2094 2132
2532 751
2003 1045
2328 1314
1101 1579
1099 2735
2628 638
2080 971
1294 722
1344 992
46 277
631 988
1294 2438
807 820
2696 1021
318 2593
1388 2000
28 1419
749 2134
617 339
1661 1276
2436 325
1555 642
1769 390
769 994
848 1048
1370 2601
1561 726
1500 1297
714 2228
401 2239
1012 2060
2153 791
1637 1359
500 512
641 518
2483 1197
1088 2028
2344 1446
2684 2434
983 2281
36 87
1998 1561
1333 1673
2436 2640
465 64
668 1458
1295 563
373 148
990 1613
43 2121
2201 2128
277 84
1636 1118
720 123
83 681
302 530
1920 591
2446 931
151 762
773 2642
1094 968
2687 2455
1216 497
2265 2097
772 169
1286 1271
2267 16
2111 2225
655 2610
694 97
1506 2564
2575 2125
330 986
2120 2495
2025 814
2336 1124
2441 266
2426 1804
2474 82
2693 1332
913 1876
2551 2255
2602 412
1780 2070
1825 1974
985 1537
2046 1605
1655 251
2159 1649
422 1048
2237 2382
1986 860
1499 1583
713 1171
269 2406
1331 698
397 217
2092 2056
2538 1134
2252 1618
908 73
401 2614
22 2410
1822 1713
515 47
1967 1038
1580 2687
1291 1871
2107 442
2694 1265
353 2654
1512 1468
860 68
77 1702
81 745
1586 272
228 1106
121 1534
475 47
1263 1535
1375 1404
2513 2180
1152 1163
296 1520
634 2037
2596 2463
1634 1044
976 1652
2451 1907
826 119
2419 2199
333 1037
2576 1840
2574 1295
948 1928
49 1989
970 526
497 1818
731 2337
1718 647
1217 2082
2022 1740
1749 2622
826 715
890 424
2191 857
1461 709
350 2078
1611 2013
379 1839
2385 594
355 2366
1838 2626
2462 1460
270 1783
1456 1375
2630 779
763 786
772 861
1291 524
2602 2476
2199 2357
745 1268
636 1009
546 2578
1180 611
2218 1520
419 150
1694 525
1297 1659
1775 1818
1108 1595
2086 2388
882 2727
1983 2097
2635 1277
1591 2290
1742 331
1441 1876
1334 1423
463 489
1888 2671
1664 930
1518 1690
842 2412
1083 1391
1190 317
1805 2248
1993 970
860 2699
1688 2427
1017 2343
1332 978
225 2079
1589 2708
2461 1445
2618 1293
919 41
467 1923
2681 2357
2187 680
805 865
13 1375
726 198
2622 247
1302 1156
808 718
940 1115
630 1248
1552 2680
597 2592
1911 384
1298 2423
437 221
2714 1394
1092 450
1070 1005
1216 2041
598 1166
2643 2216
1166 1974
1610 2589
932 1467
1320 2202
2482 887
461 950
2178 1100
1269 1128
706 284
1885 1425
671 266
422 2443
907 170
804 1235
2005 782
2103 426
291 2152
2108 1963
705 401
622 1737
1938 2176
2399 2123
1667 254
2578 1882
1827 1966
2347 2367
1430 1395
2432 1266
317 2650
1061 2187
795 1534
410 908
411 2321
1216 1251
1215 255
2500 1249
2584 2394
53 1231
712 40
24 1679
2420 2734
1461 2244
443 1695
2280 2511
197 2234
2344 1369
45 1623
1249 2008
972 2324
1782 160
1511 2127
972 1229
2707 1814
1179 2099
1331 1481
1727 436
273 1125
2420 212
1554 1893
1855 2618
2533 2183
1764 1070
197 1604
230 836
1560 1486
321 826
118 2027
1054 712
2685 2647
1509 1818
2429 189
1244 30
2555 2737
83 606
1975 858
2623 573
1289 2548
697 1790
1789 1385
1049 1531
930 873
982 1686
1131 1152
1238 547
458 1803
1857 1027
2307 2156
2016 1141
1152 1396
457 2162
1954 1230
145 2653
1378 2177
2608 2269
965 2619
2014 1068
2566 1593
319 1904
1673 1849
1546 2616
1355 792
1403 800
1095 2520
373 2195
577 559
155 1565
2282 2048
42 970
624 1193
2313 1580
2515 1283
888 2068
1875 17
73 1194
2577 927
582 1673
413 2131
252 210
1837 434
912 1826
1447 2027
2698 1615
344 2698
1563 1372
800 375
1539 1884
2388 1653
1849 1621
2583 1499
2041 2578
1401 355
381 201
285 424
878 673
977 1628
2253 1682
1383 639
1430 1343
2738 1324
1741 1244
1601 2206
2274 1295
418 2082
2363 457
730 1461
801 2263
1859 488
333 1277
493 1672
2663 508
1721 2078
698 217
2470 2598
960 1286
425 923
2691 321
319 1188
1573 1812
2059 260
2557 841
303 2295
1449 1774
364 567
2120 442
561 2483
623 788
2741 493
2321 2745
1786 849
1759 343
1642 1268
2614 1193
2358 2545
1677 369
376 251
1013 256
2640 2483
334 1234
273 414
85 1631
1709 1476
866 545
2478 1656
2666 934
727 655
2379 1402
1002 801
697 610
1639 2415
2506 428
371 771
689 1060
102 752
830 579
1956 2117
283 904
822 309
1518 1485
2172 345
2716 982
1170 2421
1433 1014
2397 1737
1287 1413
588 379
2442 1782
2003 2350
1035 256
1339 2069
555 1895
125 2379
888 286
1741 840
777 1906
2705 61
279 2016
1771 2356
1500 1245
9 1193
2307 765
1119 14
1412 512
1992 2690
1986 2381
2189 732
314 2646
2650 1010
2389 817
2430 420
1788 2475
795 2710
1933 899
2123 1931
630 921
2348 289
1347 1078
640 1515
2653 338
2533 2247
1967 1366
1484 644
1008 1628
2422 2178
2124 900
2107 1926
1392 1175
113 2647
1533 2117
2328 979
1393 49
2037 1805
1298 544
1537 335
127 2558
852 2745
2466 741
848 829
1246 453
1564 1257
2102 2377
682 1926
200 2324
2360 628
1961 2006
2118 2522
469 773
1297 1896
1252 1100
1382 797
2521 2662
2723 957
87 297
506 1067
2308 1229
241 2065
2678 2608
1934 2243
32 2556
1917 1305
848 1975
1377 849
384 192
1657 1004
586 1916
777 754
1911 2365
546 2171
793 533
239 909
1649 2266
659 670
2420 911
1624 942
609 2199
21 102
321 203
633 1588
1517 1091
530 1738
1875 732
244 2497
1098 2089
650 186
2204 2152
352 2662
332 2587
2146 2019
966 340
2161 1582
1825 781
243 2664
2666 1970
2555 1677
2202 1909
2302 1203
1704 1024
2526 2569
1142 912
2453 114
1258 1101
2146 2170
1306 1781
1914 2642
1188 292
1047 2503
1790 1013
2146 1302
224 1177
725 320
1616 681
807 2038
1595 64
2727 368
2430 70
1586 2354
188 1695
2259 467
2613 2111
351 2654
1700 2566
407 2530
306 22
1008 1617
695 705
2021 1550
621 873
2324 422
661 1221
1811 1360
480 2717
1598 117
1383 827
1569 2339
1057 1811
2554 2270
853 1813
2493 2085
2051 1354
1006 563
1259 2224
2396 1559
496 383
424 2210
1558 2632
2695 951
1373 806
1689 225
1718 1825
1894 2633
1850 374
2403 1332
1189 270
2600 94
2137 1825
753 2382
795 927
1095 2404
2665 322
65 654
221 2475
1194 1396
1638 1670
2581 105
2181 353
105 154
267 2485
424 371
2187 2333
908 964
2194 2198
13 1003
1540 735
1728 258
1418 771
2255 1295
1032 2245
1669 1243
316 2667
2105 1487
348 69
2078 1141
871 1892
41 644
1233 1918
1965 1383
2474 71
2094 2126
1508 1539
980 227
1533 1305
2430 789
2368 2415
27 783
1849 2585
421 1500
2207 889
2320 2234
2371 1915
798 1137
1783 1729
265 2138
2675 2338
1124 2242
1497 456
1384 2274
1746 161
215 550
247 1710
214 315
506 1657
1106 846
1090 1179
855 866
2109 193
2319 1375
257 2646
354 1680
51 824
374 2625
999 1069
1675 1915
1317 1741
2670 2616
29 2511
1861 407
489 236
1175 2223
2004 2485
159 1354
227 1897
2099 192
1117 604
2429 411
1274 1651
1887 543
2006 165
1380 830
2399 1859
1672 1587
451 908
1268 2288
142 759
2729 716
158 1538
757 1313
1851 1225
703 428
2282 1386
782 712
1608 1077
2231 2014
2236 2572
2455 2125
2666 1114
2021 1628
1618 2050
2207 1138
642 989
1076 372
2500 2022
2717 2302
2654 870
1012 2151
481 1676
785 2153
142 1130
22 2053
98 1122
1844 244
398 1512
1309 1248
1156 695
2518 2449
2575 1051
2269 108
2147 1049
2300 1166
2554 2366
1555 2194
1229 549
2297 2304
1191 681
784 939
1352 211
992 152
1591 1869
1376 2535
1465 1354
114 2318
654 2179
909 1825
281 2686
1643 2203
465 755
398 2166
1338 1902
1200 1097
1749 211
2663 589
112 2189
1351 683
2238 2740
956 1905
1121 1310
309 1566
1450 1677
140 2660
830 444
1833 748
2059 1948
736 659
1483 2392
1438 952
2008 497
1070 131
898 1635
329 2266
1211 752
880 2519
538 2080
448 169
906 1572
2173 1558
2154 556
2687 919
1153 1258
2436 132
2563 412
995 451
1341 1042
932 2052
295 2282
1104 448
2645 2064
2258 1842
2092 2445
278 2660
30 342
385 222
1068 2196
2529 446
367 535
1572 2422
1471 2578
442 875
2176 2312
96 2358
217 1662
2322 1554
950 1581
2702 828
649 1699
2472 669
1576 488
1080 1134
2112 1938
2306 1706
859 2649
1310 1775
1855 388
1917 443
825 256
255 525
1074 1642
947 2302
246 2454
1080 1099
1568 1534
2735 2222
2078 857
908 1636
1142 478
325 1309
2209 476
1554 1270
1299 1090
1249 1190
639 669
752 374
889 757
5 658
1487 2016
2718 1969
901 1605
1312 251
2416 1555
1468 218
1634 50
984 968
1305 661
1424 1633
2093 2550
2397 1976
1822 2107
1235 2611
2319 1741
613 1586
965 1653
792 2377
1172 1066
2044 2184
461 1791
2429 837
1536 38
1159 577
361 1922
1685 1592
872 754
2006 1193
2680 1815
512 349
102 1187
557 1144
1551 1490
360 1433
1019 1010
535 2094
2000 185
9 98
111 1154
2009 2462
2659 762
1621 473
204 2548
2189 462
74 1029
549 2002
1302 717
1643 631
1105 1092
1753 2162
1434 2501
2491 86
2744 454
2005 2632
240 1628
906 1514
1433 2234
720 110
2399 38
540 2656
562 2275
2485 2052
1838 428
1693 1309
1941 2573
592 2563
1610 26
1893 2066
704 18
2307 2702
1522 1145
1380 2673
2365 1010
515 805
53 869
2116 2006
608 549
312 2372
696 1622
433 2663
728 2710
245 509
1322 2624
1906 128
2488 77
2047 2591
299 2642
1469 405
218 1215
1573 1357
1451 2362
18 1724
2070 2127
1761 1332
1246 1780
2523 2019
1243 2026
1266 5
447 275
1826 999
463 168
850 1052
1920 1070
841 2527
1655 1557
2682 1939
119 2436
1083 1214
2470 6
1620 784
2586 2235
2610 2476
2272 965
956 808
74 2538
2619 964
561 1791
666 770
1828 269
1928 1376
2633 2535
1635 1699
1209 574
342 1874
2354 2110
122 881
2340 1536
924 1872
2493 441
2335 2647
1919 1239
59 2690
1899 521
1543 1328
693 456
1584 28
2332 653
579 1107
933 1184
243 2434
2137 1745
273 1193
2504 2713
1403 1687
751 886
193 1898
2245 1361
1077 2419
2429 2461
1978 1009
232 1544
2120 730
2259 1721
276 2724
1840 2286
607 1006
921 262
386 2654
121 1070
2354 806
2561 869
1982 1345
452 2627
3 2709
998 813
1497 965
1145 1405
1833 23
765 480
796 2570
17 81
1761 278
2323 1155
2516 2008
1612 739
527 840
1127 839
982 2396
158 621
39 1544
853 2745
1948 2000
1787 924
2101 2102
2403 2619
2605 1026
2191 1944
112 209
2659 2458
864 265
2427 1024
369 1490
1800 724
882 1783
2180 1522
353 1969
1395 973
2696 1499
1992 2230
349 2226
1807 1961
1843 1488
2267 1849
815 239
404 1294
2325 2362
1002 1668
1206 2585
2635 720
1259 265
225 1721
1815 250
1968 2147
1283 705
1930 1479
1088 2228
2473 2164
2116 1362
767 2679
1297 1367
1983 766
1467 831
1428 2042
2313 1200
1792 1150
2582 57
746 838
274 2362
511 2206
522 2050
1522 64
1406 75
1631 855
552 1303
657 2498
157 1056
70 793
976 1568
2049 2511
1922 2028
1827 2352
59 501
2604 345
935 1494
1192 1915
2200 2622
252 1020
486 952
894 1417
2316 1881
1883 1554
984 1985
2563 1044
2152 2367
29 503
1237 868
1167 2124
647 922
774 1835
1875 791
661 514
2033 826
1289 2435
219 1266
1116 619
2173 883
355 8
1380 2075
512 620
2543 1642
1506 69
454 2291
1535 515
2632 14
2278 827
934 2527
2042 721
1885 1383
2054 1118
1328 808
2523 2546
1023 2166
2643 2092
337 1445
2560 2265
2093 1259
2623 1277
1520 1356
2572 651
466 2536
83 711
1924 544
2371 670
2462 2244
169 2110
970 1173
1220 38
2543 2679
805 364
1890 2338
604 2146
1682 2576
311 2123
2072 910
123 637
2741 1037
2200 558
1682 1976
2110 2269
9 1775
1176 511
1630 103
2680 1594
1005 1271
2664 549
1416 1011
191 1487
1693 1738
2257 1309
2436 2667
1452 127
1222 1807
1752 2497
172 650
2586 587
659 2093
1723 1336
1657 2724
1982 1618
2343 2535
694 34
569 425
2049 1879
512 1144
2625 2295
542 1178
1446 1958
1802 1555
469 330
1060 1971
2139 1939
824 318
945 1543
561 922
2083 1260
658 1161
744 288
1348 434
527 239
631 529
2543 2340
2202 68
738 1185
1920 2199
1000 276
1167 626
1938 1997
2211 1778
724 1546
477 472
1208 2181
691 389
2207 371
464 2183
897 1014
531 859
91 765
1603 893
2142 935
2245 1912
1890 660
2094 894
1218 2131
314 2507
747 1683
1540 289
2553 1487
1867 1724
508 863
1276 2273
2299 2147
266 1580
218 399
2574 1915
2398 2458
1177 687
1988 2632
2154 2118
907 825
1198 1694
2363 846
37 274
929 2263
2665 1828
1258 1686
1113 391
90 1036
2001 2407
2584 449
1916 132
1805 525
2559 687
423 2152
286 1780
1882 48
203 48
2495 1557
1880 1739
2129 345
2465 1676
227 660
925 925
1522 1123
2344 319
1527 2644
1577 2673
1574 1222
1828 707
1988 2632
1884 2246
380 1989
2720 1268
2339 1128
1298 2140
1767 1427
734 1814
2279 1555
1650 1955
721 259
2309 1037
271 459
701 665
927 552
341 1382
1275 53
2102 2647
1118 1425
1908 145
533 1873
2271 739
468 294
1925 2280
773 544
2243 288
2648 157
2133 2000
149 1799
109 23
58 608
2568 1935
492 418
2346 1584
2014 586
1856 1234
130 2382
1565 831
2672 1883
1775 1204
794 264
2108 990
1332 2310
321 2672
2406 2320
2209 446
74 949
112 2282
518 1521
2370 2131
535 2136
2531 196
1403 940
789 1315
344 2595
1592 2466
2461 1162
1703 263
1193 1111
1716 1472
2017 2483
657 810
742 848
2450 1722
2144 1387
1995 538
1841 398
1426 1344
995 2140
1076 2138
218 2679
2433 1051
58 1077
2319 5
1251 2279
506 1775
1711 2114
1409 1292
1759 2526
1005 80
2193 317
1176 1033
1067 234
1720 242
2296 1557
241 594
1201 1720
1299 2552
1461 2262
895 682
505 247
628 2609
678 2730
1137 1028
1521 1265
911 399
2267 1950
1307 1158
840 2205
949 1585
2716 118
1816 920
1125 2220
2462 1889
2099 1737
2374 1847
443 1661
2203 1760
1318 1704
188 1465
253 2081
1574 1015
1068 1305
195 1102
1198 575
2175 884
591 152
1984 894
1171 1073
903 257
1147 606
1746 685
1052 625
1465 962
206 398
1823 2008
397 941
464 336
1913 1630
2721 494
2481 160
1256 449
832 1153
1222 1904
1537 1761
725 15
1982 2178
67 922
2588 1866
1993 90
2397 1081
930 54
2559 2241
2718 514
493 1852
1577 761
2380 372
134 2554
2130 1634
96 2445
1798 842
263 2278
276 2585
790 1085
1026 2482
1390 920
186 892
1076 2734
2629 2615
1312 628
2678 2299
2597 941
749 2689
2236 2333
952 2485
1772 1575
895 808
540 543
1590 1450
2336 1844
2628 2037
721 468
1866 1472
2266 1198
582 572
1406 1518
2486 758
2375 1469
31 550
1714 2471
1745 929
2721 1676
1890 335
1482 1730
500 747
725 2626
2251 1082
191 1668
39 593
1679 2365
1856 2208
2267 675
1456 2501
2313 111
2266 2066
1070 1257
250 2294
2095 1278
2650 181
2412 622
1739 2730
264 918
1626 441
44 2213
1625 124
2289 183
2036 817
1691 131
331 2734
475 1898
2320 1427
1624 2211
1433 1819
572 476
1165 603
1595 2382
1725 925
1931 1229
2054 1074
1705 143
428 1935
1489 1483
206 1857
1622 764
2689 1117
734 529
1076 1153
749 1794
1535 2594
121 1822
2729 1442
2188 1143
1695 290
2231 1310
608 426
2357 1599
2700 2005
1745 2599
1545 815
1239 1090
1765 503
1802 2410
1525 2263
2093 2128
973 158
2227 1529
1744 646
949 329
493 2146
1323 581
1247 1375
809 1445
1624 586
15 1352
897 145
1782 1
72 2417
1583 1141
1034 2491
2080 1363
584 1184
2256 813
568 225
1665 851
544 1671
1503 2094
1301 1485
615 2082
1603 434
607 1601
1397 2423
2353 599
2372 625
1777 2055
1278 2230
1838 681
2225 911
2173 1735
1506 1094
844 1713
1806 1363
53 2124
2660 2322
906 2372
1147 1679
1505 1682
1970 1235
445 76
1032 822
876 175
154 1202
1246 2332
242 1639
2422 1855
1454 517
2245 720
1635 448
2569 2314
225 770
2010 1544
1875 388
2183 341
1573 955
828 907
858 903
2437 1650
974 868
2235 2111
2103 249
1401 892
2504 1837
826 1656
18 329
2080 1207
2100 849
538 1735
2240 357
2358 1841
1804 1274
1427 755
1726 2052
1749 516
2331 418
630 43
2518 2365
2608 1352
605 1419
289 316
1850 296
310 917
684 1418
451 1924
2357 1371
2495 2283
861 1036
911 78
1275 1170
374 234
2144 885
1464 2705
815 2354
1323 650
1628 1033
945 1184
737 2097
401 92
1871 107
1214 322
242 1725
1670 1138
321 2331
367 780
1776 1343
2362 1941
1995 1497
2708 870
673 419
2268 1484
1639 391
2070 2579
1318 1482
343 481
2225 1979
954 285
446 2119
1465 1256
1450 365
717 103
2059 2727
984 754
1458 2614
1498 1378
2594 1381
2689 250
1893 2610
3 2012
2198 1424
2438 331
2697 483
54 1187
2360 995
2379 1533
530 210
2302 111
129 1403
191 79
1629 164
2650 1034
1292 170
1037 1059
1366 664
2713 516
1823 1111
1509 330
2175 960
1302 1194
1375 2279
2126 2561
1310 847
355 804
92 1556
1766 378
291 960
2438 147
1383 1041
43 314
745 1543
1601 1762
905 2710
1046 536
2453 569
1782 2601
681 2374
2399 1692
2308 2310
1756 576
670 2400
2227 2381
1170 682
769 1396
593 2553
693 1865
1254 1814
1693 1537
2478 738
2273 2686
562 1229
2453 855
947 2000
1423 1669
908 940
2238 834
303 589
2535 216
599 1718
708 1389
483 645
318 152
1595 52
1206 2028
2243 517
926 732
2142 39
1610 414
1888 2401
1292 665
761 2619
21 452
698 696
1569 2382
1461 1172
2650 736
1953 1902
438 141
2722 2445
949 2311
1620 236
343 2193
1950 2639
2554 1351
826 1560
2223 1867
2677 733
865 1784
415 1304
2649 1114
1714 2479
447 2191
1596 2566
1178 2297
175 115
2452 1665
2294 1916
566 1826
2291 747
2164 1169
2036 108
658 259
103 1539
2246 1599
2161 553
535 1231
725 1296
670 32
1438 392
1998 1714
766 2726
498 1786
1972 330
2574 2255
1000 1185
1327 230
2509 1647
2121 626
481 1145
564 874
148 1765
742 1184
1300 286
836 593
1294 1374
1692 2167
2556 27
2535 1682
1709 319
1005 1659
708 2298
1667 628
1777 1361
736 2125
161 482
971 419
2621 2485
617 1907
852 2022
804 2317
1926 1481
2018 1341
1220 1527
2506 1969
1991 1074
2438 262
2340 373
2121 2674
881 142
376 1954
1849 2591
1923 355
2067 1983
2226 831
1097 651
1025 2341
867 2497
1189 953
2394 1737
6 483
1510 2168
615 2420
1575 875
237 1793
233 2406
522 43
2704 2349
1773 1571
1184 1137
828 1435
1595 2263
1245 1983
1269 1376
1057 1339
663 2469
232 638
1884 263
487 1863
1168 1928
1612 1561
404 721
1640 813
995 1694
702 750
1506 1372
2715 912
2110 1402
784 630
1377 544
1115 2015
1443 1059
1899 639
2163 2357
2624 1103
810 319
891 1944
62 769
823 1552
2585 1713
2288 2643
327 525
2648 781
2438 2559
2356 1972
2537 1234
1466 2017
2666 1135
72 1126
1544 430
1025 1434
1549 722
2467 1740
1234 1095
625 2344
985 2118
1224 407
1249 1623
928 1960
1270 1413
952 313
826 1382
2365 1189
2320 895
780 1600
2449 892
1163 647
948 2021
589 586
1952 2211
81 2688
1650 1212
77 2231
803 463
2671 2189
1625 2642
805 1420
792 702
345 442
909 2517
1237 891
1960 1365
1556 1190
115 1195
950 2101
140 2568
2577 1748
1168 2628
1644 523
2005 1549
10 1882
290 1963
1472 2075
1651 915
1989 2422
315 362
981 765
2050 1287
657 1626
2656 811
2675 2492
1333 1241
358 276
52 2249
325 2651
1034 951
929 1523
2122 1601
1564 2201
1205 417
388 2310
398 1981
2090 96
2577 1557
706 77
1452 1363
2251 1646
2215 1743
1765 2545
118 816
434 2319
2308 1242
2229 1831
1830 2218
1585 1988
733 2184
1821 1747
295 2199
2618 2496
1576 2483
202 901
2361 2669
1552 159
620 1693
126 1360
2703 633
1360 1469
615 182
1582 1520
531 2346
722 387
2539 894
836 1733
1451 987
804 1140
1145 930
1622 1325
2092 1025
23 396
588 546
2205 218
727 1284
309 2321
912 249
1867 1809
1791 1154
2331 2392
2583 998
1848 1907
2362 1096
722 1488
1215 2128
873 2657
2112 371
2054 1453
1102 364
1830 84
36 2054
2489 2700
1161 1635
2488 199
125 170
230 864
1373 1046
610 11
2005 2314
1875 1287
1732 2734
2309 2427
2324 1375
744 1722
607 864
1860 833
301 358
556 1498
2443 225
1764 1227
540 884
1880 2171
513 1048
1751 2475
596 521
1959 2555
2697 1629
1350 331
1817 1379
2744 736
1103 2057
2228 1788
281 173
33 1147
2651 2436
1669 1120
1015 2042
1254 312
290 2380
79 1380
2077 2602
1471 1475
2469 2112
1679 2669
1286 2003
1638 1585
1761 1007
927 117
1732 1188
932 1133
2492 2260
612 520
670 2039
2032 104
2134 2434
1414 1834
1880 1160
921 729
635 507
1764 1608
1442 1127
2448 2040
1340 2490
299 812
2171 1784
1017 1161
690 118
1484 1690
289 999
146 38
1697 1297
106 252
1657 1725
712 1446
2651 1374
1414 2572
2125 2417
1209 1960
2582 1586
57 693
2477 23
277 329
70 880
2298 541
1407 1565
13 1469
270 1070
368 2198
1042 2008
2546 1889
1083 1380
1740 120
2706 1175
872 1371
1901 1230
2390 13
634 1791
296 707
1396 123
2583 1383
2389 2527
597 81
2595 38
1102 1614
2348 1491
294 44
1133 283
1492 2296
1648 1243
2455 342
881 429
365 1679
1298 903
248 71
2316 1746
1451 89
629 303
359 436
1623 394
2064 2091
1063 257
2143 409
1851 1228
137 385
1976 2051
1578 1339
2521 2415
257 105
481 2348
1824 423
2343 2541
573 895
2604 1403
2436 66
272 2002
2595 587
663 2517
1720 1817
1908 779
908 717
171 468
1860 2202
335 1204
85 761
2051 2616
305 2203
2227 1610
2716 2203
1109 330
1774 1846
2553 890
2517 1888
859 2640
75 2143
790 1553
511 2047
977 1286
780 769
2315 112
1440 1859
356 392
1059 1261
1829 1831
2424 2447
1266 1673
2521 598
2186 1302
209 1833
2232 537
252 2010
2513 2097
1971 1435
640 2358
464 617
1262 1477
1784 2455
559 1933
2628 2215
409 610
2361 1573
718 890
126 1809
1658 1435
1196 1717
836 1696
880 2022
1863 2193
1295 170
1363 2604
143 1116
1921 467
1415 2531
2184 2153
1491 1154
711 1647
347 621
1406 1135
2620 1101
500 2070
1644 1186
1582 2073
760 2169
2190 1059
1914 1208
1403 1430
1712 10
1776 536
2635 2326
557 2089
1508 212
2315 1743
328 57
2719 1467
2086 444
683 2343
2676 1688
628 176
2369 1761
677 2450
2247 2015
897 317
2735 1826
2238 1677
700 1734
2090 2183
1575 836
639 976
319 554
1219 1255
458 1126
2312 231
884 666
435 330
1981 1523
667 515
1881 894
1097 2243
1069 1570
286 1427
4 2593
2598 1201
24 2426
2036 1587
1874 1113
1160 950
1485 2480
1186 1552
1879 691
1980 1426
774 686
2332 661
1427 355
2319 1893
2559 2144
1367 889
2092 1124
1502 2177
1156 45
1075 914
1602 845
1049 1492
2183 2457
570 112
745 2314
1477 1530
825 1614
1946 2627
1465 353
239 760
2079 632
603 1287
2591 1592
1201 1998
2030 146
2157 1170
1671 2538
661 1270
395 2245
2002 308
683 796
762 2019
1771 1706
2706 1217
1443 1837
935 2117
95 2464
2241 1209
1854 1764
2040 1048
354 2545
1657 1320
364 1127
282 2579
2030 6
2201 912
1504 2301
387 1240
2057 957
294 1614
1603 1111
2015 905
1959 731
1954 860
104 2537
2477 2635
1324 272
382 2019
1368 1806
1364 1733
1949 91
660 751
733 2049
215 1361
312 66
1149 1446
1476 2328
2470 2412
1936 2467
2721 1448
1630 1282
2578 671
2347 2378
76 2196
2186 2371
613 621
2604 269
329 1918
565 2507
833 2517
9 1452
38 1763
1753 308
154 756
278 1477
1191 2418
2084 1329
968 1627
2434 153
487 2648
617 1352
121 440
2214 931
2107 1410
2548 381
2353 540
17 2515
1742 2396
586 336
156 766
2690 1745
812 714
1203 6
1299 1925
2670 531
1362 893
1994 780
743 419
1537 373
1405 398
250 2656
2364 1996
422 2581
1191 1569
2497 909
1655 450
1058 1327
2171 1355
182 2135
2088 1451
2374 535
2135 2235
787 407
935 1452
2298 117
621 1014
1477 1845
1535 381
2230 1441
45 1480
2745 2497
385 1281
978 216
1842 401
54 757
1360 2194
37 701
698 1673
2525 216
848 555
2588 1700
1066 270
1559 1965
2033 1233
2289 768
127 2399
982 1848
176 177
2670 1840
739 545
1147 2527
1143 422
953 1693
353 666
660 2587
1697 891
2181 1619
2314 356
659 1316
524 1672
1268 2116
1317 1530
1000 1932
960 2359
2009 820
2689 934
36 82
304 1522
659 2667
2428 2021
2402 2725
1117 1248
1101 2052
1219 443
104 1159
2376 1767
1937 1237
883 82
66 870
499 1856
886 1085
813 1231
2434 2351
2183 740
530 1691
2486 2322
1505 2216
833 656
358 141
2585 760
181 485
719 77
2303 836
766 1430
1320 1786
2153 1038
1623 561
1958 1563
857 2066
545 1908
1657 2353
459 725
1480 1381
2312 1341
1650 883
1753 1885
758 369
2718 2211
808 101
982 1066
1060 1668
2608 1165
1677 1800
167 107
1040 2381
403 214
381 790
1633 806
967 33
1484 259
1704 2339
1340 2130
592 2026
254 1893
825 205
1479 820
767 19
1076 167
2487 105
73 547
228 155
2252 47
511 673
2285 2193
1716 155
301 2703
918 1806
2640 2380
485 1814
1135 2133
844 826
1400 707
1193 1824
2558 1546
2268 1389
1594 487
917 634
2062 1509
1619 1126
447 2643
857 1518
1561 1186
1922 2610
880 252
2499 747
1121 951
410 2343
583 2104
546 837
642 2396
1054 172
1277 1355
1489 1798
2575 857
1565 190
494 706
1250 1328
464 874
2501 1142
463 256
1676 40
1587 2410
1711 215
161 804
795 1823
971 2319
2535 882
1671 1790
2218 1297
1362 141
1091 1121
1328 82
2161 2647
250 2093
2618 932
1657 645
512 1099
121 868
352 1018
294 2522
1106 1111
1900 2036
687 431
1057 1465
1549 1356
2233 1623
1669 1867
509 2364
671 632
1020 1048
1337 157
2428 1714
678 2566
2547 1088
2124 2668
878 1642
2654 580
1013 1454
1866 1757
2571 1829
2167 1752
2434 521
444 572
1767 663
220 2013
2690 1371
1917 1843
287 2195
2177 1549
1270 1294
219 1105
2208 1473
97 411
2184 2159
1577 2506
8 2230
1223 2257
1677 2277
564 483
649 2734
178 1804
1839 1156
534 2438
2364 1599
2083 2728
256 2065
1531 1009
1133 2039
2138 2005
1818 860
215 2428
2695 387
706 1003
702 1747
837 1316
2680 1862
2207 2738
237 215
1148 2084
2348 2244
959 775
800 701
1756 1212
1010 1082
444 1394
1327 581
2229 1356
2319 2232
1690 2424
2743 1831
2703 791
656 2398
2117 1157
505 637
1130 370
28 2640
553 242
614 1455
2712 555
115 2384
2597 534
2301 2022
62 454
376 2576
1727 1821
963 1140
938 2643
1912 1439
2731 1055
914 446
2534 1980
2000 1637
2325 612
1397 687
1464 605
1501 1362
1552 130
397 794
569 2023
422 1706
525 2248
1826 2045
567 59
2412 1564
328 1204
2715 992
4 2725
2317 1804
6 690
2157 1463
1998 262
1907 2046
964 955
1722 464
1646 446
2031 42
1949 2136
682 2001
1948 1332
858 840
1059 1075
790 2427
2030 333
2292 82
683 593
1412 1430
1937 22
2264 287
1997 1916
273 1230
1878 2605
2486 2501
1214 759
2039 1037
2641 2521
1905 1591
796 1015
1241 2198
1287 2538
2331 1849
2658 634
1629 2249
212 1155
2607 1917
2729 1336
1086 2583
2267 188
1191 428
1910 535
115 607
2445 647
123 420
605 1903
1559 599
2423 647
748 542
246 1095
2223 2632
987 1007
2042 817
529 189
640 968
972 638
2154 2095
2576 307
2161 395
22 765
2220 791
1747 2324
2192 2173
1572 1589
79 793
2205 876
210 1626
956 2031
1484 1055
785 1399
2086 2438
2674 1784
1270 1471
2616 196
2518 484
2247 552
1996 1711
55 297
2475 80
1572 990
362 1974
1898 1903
747 2176
1899 1912
221 1684
2677 1335
183 573
2382 1561
868 1748
805 340
1085 1552
2121 269
549 1502
1228 437
1342 327
2492 311
1524 2501
1754 1642
2455 687
916 197
199 1472
2165 398
2083 2137
891 1362
2603 1995
2289 1087
8 1928
291 1880
1276 1542
2499 2322
484 1599
1837 1587
2383 846
2553 2557
1801 1420
969 1076
999 1487
2093 399
2391 728
2641 842
2085 1415
1534 1910
2507 789
2588 373
1284 1536
2604 2347
1656 1149
1123 1306
2424 794
1153 2221
990 332
2248 470
2677 2745
1820 1873
889 1505
2294 2183
2509 2737
410 524
850 2173
1694 940
913 2008
1697 1943
2271 2741
381 308
1714 6
1821 2053
2399 1562
1957 1897
2166 2069
455 1355
364 979
2483 2115
455 1044
1017 1708
2170 2453
166 435
1428 25
1499 705
12 2190
1080 1556
2491 2598
1171 1504
2508 730
867 2103
1388 1805
2315 2253
2695 1834
2084 1241
944 761
862 153
157 846
558 127
2086 1181
1139 620
430 1932
817 605
1617 224
2626 2303
2634 165
314 2062
649 2552
1645 295
2504 1537
2695 1240
1996 2193
1130 1712
2396 764
1152 5
1831 1326
1345 2455
2140 2486
2020 344
1073 2363
277 95
2613 254
2522 2653
500 1063
559 195
2163 1292
2160 127
2651 45
2739 1543
1368 580
2637 1708
2240 919
2077 364
1005 2703
2335 687
2523 171
2015 766
1775 691
1758 823
428 977
604 2211
629 165
447 974
1313 285
184 2697
789 396
2217 1315
2539 1318
2376 2145
871 748
1453 2026
2563 73
1556 2546
701 272
1880 1320
1738 477
225 1012
2115 1763
248 392
1726 794
1896 1865
1629 2319
1025 1628
1663 1436
1517 301
1634 403
2223 2631
2268 8
2078 1330
1324 2077
975 577
2411 1262
2407 1354
2234 715
2428 2413
1085 2540
1468 2057
1565 24
1971 1727
2148 638
1544 734
2478 505
617 1572
1122 1227
158 532
2696 2561
2200 657
340 2138
917 68
1467 504
815 2248
324 1473
1644 1774
614 1178
1738 1196
1897 345
2235 470
1226 2523
1917 1257
97 1297
1732 1830
1193 39
2221 1463
2712 2431
803 1146
2456 1133
291 1245
1242 2348
1909 1675
2370 2052
608 1972
1353 140
2679 2682
2024 1939
1082 1593
1366 125
2525 2521
1337 1289
160 2502
562 1149
11 1585
1319 2454
2672 1265
2203 493
114 1167
2556 1048
306 2007
64 2308
581 32
1373 1359
214 734
2145 452
48 1828
599 2294
1643 1495
1128 532
1264 2063
1840 1432
988 2209
661 2649
2521 1152
948 876
1313 775
2251 1897
1738 2668
1704 785
1754 1269
2225 1583
1444 2619
209 679
1827 2640
453 1439
2275 2000
430 2145
2626 452
1950 2676
723 2680
570 2378
2411 2316
633 896
1131 2339
1264 2439
342 732
2019 469
296 2078
2346 1586
1460 297
1693 1097
2276 912
924 1814
2650 1155
1680 1781
342 2195
790 1941
1363 1696
1880 2489
555 681
1173 1394
296 2076
496 615
2082 582
1673 1879
1242 2143
20 2434
182 1231
2096 1967
258 470
2117 865
1988 1736
1411 406
986 2624
2472 351
485 2133
2348 875
2096 2012
1833 1112
2587 2053
2735 2472
2167 1637
628 450
1881 2611
1100 1462
336 658
2330 1122
919 1980
2648 2568
2227 2489
2197 386
2270 2394
1121 1621
226 1125
2732 1275
2647 2182
1284 2319
2275 1806
1311 161
2543 2220
1099 71
2412 1065
36 1220
937 1390
1693 703
2347 1151
244 2162
205 745
2163 2233
1554 35
363 392
1311 2540
562 1292
2063 140
2239 1676
1210 1252
2657 244
1745 956
713 1687
181 1724
1915 2435
1620 1352
942 288
2028 312
107 1145
2340 509
524 2529
91 583
2449 1034
1697 1407
342 907
1723 1825
2441 1662
1606 2579
2062 2284
2459 1656
2515 1227
392 1688
2072 1711
2356 740
2699 489
2372 1425
1875 844
754 1058
855 5
2170 1872
1138 160
2333 2019
1293 571
1828 453
2624 1649
583 2700
792 1159
1235 2387
2158 170
2252 1397
2248 1872
900 1031
244 356
409 43
427 1062
1843 2039
1533 2720
497 1272
1238 810
1396 952
2136 253
1600 1236
1036 1722
2607 1712
1380 36
2365 1740
1213 1828
42 1379
1653 2594
2203 709
780 2339
1939 479
1273 720
972 563
166 2431
977 2179
2221 1237
2185 1038
2313 36
2193 1927
2105 2649
2289 2138
2250 640
607 727
1942 1161
2736 1120
399 638
2019 2173
2532 2158
1790 1940
939 14
1845 2519
2547 927
2568 80
2378 1750
1528 2025
1570 1842
2634 1074
1819 2364
56 979
761 1478
1072 2531
1337 1999
834 260
589 2134
1951 2476
465 2266
251 1309
1126 2266
2225 208
2087 698
649 2380
733 114
2710 1093
204 2362
216 1224
249 233
889 1261
2097 2010
2445 869
2560 2489
693 2583
1264 461
257 257
1527 822
18 1288
1262 432
2692 664
386 2562
579 1963
763 1642
2380 1944
2444 8
2595 400
682 1899
1245 1963
1049 2342
1636 1608
813 1530
2276 1092
2488 2242
2471 2339
723 1240
1330 1032
1477 139
2663 2175
1203 1848
192 1206
1767 1386
479 2460
1003 2410
1423 492
2643 2331
439 1400
2339 292
52 856
132 1886
1317 2453
1572 298
519 1674
508 1862
1976 759
847 2077
1950 284
1421 658
1008 2
126 1381
2670 724
1044 215
2168 2419
925 546
2465 1558
198 746
773 1641
1445 1797
1683 1992
1767 812
1076 130
1723 2354
2378 2661
2301 2433
693 227
115 2156
658 1335
2250 1736
1809 1680
342 1469
451 1854
728 1692
2346 1584
1093 393
933 2375
620 2069
1850 2648
2658 2174
218 1600
1380 2518
2478 1796
735 852
931 482
1355 1659
385 2021
2207 2263
692 784
162 2476
1825 1587
1497 1985
2552 2219
2149 2557
99 797
1455 1078
2383 2471
51 2291
1026 1096
2287 1283
685 1969
34 169
935 1009
95 567
2514 1425
2341 2120
1159 357
1120 2709
2689 1283
1344 2122
1199 968
1100 1340
873 2649
943 1895
1220 71
2536 637
2410 712
2094 2633
2152 2113
1164 1863
1600 192
2463 2207
909 499
1091 409
728 2385
124 14
45 174
748 2524
2584 691
891 2126
2440 1804
325 309
1852 2183
902 570
2450 1909
1916 1046
940 1496
1339 2598
645 712
83 827
178 803
2229 1016
2031 1583
1829 2197
2507 2452
693 168
50 1785
2511 1627
2709 1650
459 2178
1817 2575
278 2054
152 472
996 2621
277 2375
306 823
1356 336
1455 2213
1081 2681
1826 350
2709 1788
2311 28
2098 98
1143 2156
906 2239
1569 959
847 1230
467 2140
2384 2355
332 758
2703 2153
713 552
2024 1228
168 1974
2205 1883
1416 1379
2656 1839
1352 139
2135 792
639 594
956 225
2165 571
2396 2361
293 2461
1898 1464
2692 1330
2600 1272
1001 2633
821 2583
370 595
2711 261
2111 150
1718 982
1431 1147
2214 680
1789 2527
1339 2298
1213 2044
1040 1329
2663 2434
2512 2595
917 2437
179 718
427 2373
1637 962
1988 339
2370 2042
2498 2221
2567 2709
2684 1321
2139 690
2013 180
935 1135
2550 1586
378 1363
1496 447
1241 1020
2444 2520
1764 1261
1058 1407
258 1296
793 1057
1395 167
1085 630
2606 1373
1640 1605
1941 1313
1636 999
1113 2206
169 1908
86 2596
1795 77
1908 2043
494 169
1740 799
30 2518
1221 2129
767 1818
2424 1098
846 137
1073 715
440 1320
359 1161
939 1258
2059 84
187 1738
164 1238
2227 47
1439 2579
2361 543
1685 466
216 2073
478 958
1214 1679
518 17
2377 1185
2693 69
1699 576
1781 535
2441 2666
1861 831
1059 2304
659 1155
1124 2367
2654 1820
221 20
283 307
1819 87
1659 249
2024 605
2474 2157
1413 2014
962 672
1429 1072
479 2360
2472 199
1873 1551
2390 316
831 2729
2454 1213
418 2513
1017 420
197 2719
1678 163
666 162
644 2260
2728 2132
659 681
1407 678
1693 1298
2660 2591
2591 1719
1129 2286
308 2381
533 370
29 1589
3 2710
2134 263
980 1218
1780 2100
1547 2717
2414 329
1580 1111
303 2067
2415 1631
1984 2412
845 281
2074 1490
1080 1673
2364 2236
1361 2322
1663 1302
203 1659
2289 22
1350 1892
380 43
137 1777
994 1389
2655 2619
2302 448
1681 1054
1325 2354
2641 1412
2625 2237
1408 1393
421 1874
1464 2420
1037 151
2012 2418
1138 492
60 2074
2236 1554
2170 914
1752 2632
2249 2310
116 784
2076 557
1249 986
372 912
260 439
1892 2574
1781 2437
267 2402
1491 1251
2553 2168
2185 990
2643 2363
2199 2489
1799 1478
2503 1308
1846 1463
1374 654
253 253
1140 1063
515 2153
2396 1872
1176 2309
1319 1240
2097 342
2351 1435
1065 109
1077 1183
386 553
1257 2318
743 354
456 1303
1373 1058
1088 2321
1910 1542
1742 1304
789 1637
2443 638
1624 1432
763 961
272 299
2123 2173
1226 991
2551 766
2721 2
2074 105
85 692
2044 905
2009 1920
1301 1012
1522 2187
2063 1612
753 963
1034 433
2650 4
29 1052
1585 1117
1448 999
2616 2203
2250 263
1826 316
1295 641
2327 1411
694 1993
2030 2481
384 734
2602 351
1710 1398
536 823
1781 2703
1892 110
1340 525
996 2069
1951 1061
467 1544
994 2239
797 1831
387 1657
1836 1872
1829 177
2445 269
1041 1668
238 1010
1075 2734
1246 2253
364 2544
2525 496
50 1715
978 77
984 2018
2689 116
643 1851
1598 583
2529 1623
764 758
1446 62
2111 1882
523 1232
2683 1989
191 155
1361 1456
1698 149
540 395
1779 2154
621 628
548 257
1272 390
2482 389
2271 2317
1295 1620
2545 2175
1227 707
1962 1720
1336 2468
1495 1466
2256 2391
1950 599
1147 2655
2247 219
2070 2090
2211 554
798 321
2158 1535
1154 871
1362 611
817 1206
713 2714
120 1737
1243 765
147 2707
2033 767
1766 1976
825 723
204 2126
595 1768
119 1573
2485 1260
1138 667
1638 1673
903 2401
1441 86
1505 2012
1977 2416
1332 1694
815 710
899 965
2545 2056
2134 1007
904 23
1836 290
2112 784
505 1080
1928 1001
1606 2214
1450 609
1134 1127
2725 2236
2211 2178
285 564
909 1000
1462 430
2164 248
1948 1522
909 878
2423 1411
1483 1614
2350 1664
2443 2583
1713 645
399 2466
1668 141
50 84
1746 299
550 1767
2361 1456
238 446
804 406
8 1454
2507 2633
2391 502
644 712
330 332
1467 1633
1434 2544
1277 654
1395 1297
1656 2492
2608 1945
2495 1451
1930 1755
2477 2007
1783 2000
2020 1332
1687 773
1029 566
1181 2522
1565 160
672 926
212 1895
1913 1648
1340 1190
655 287
1206 384
89 1912
1307 1328
1745 933
1782 1029
580 1177
1017 1875
1328 1650
2626 194
1019 433
1251 194
2735 95
247 2131
10 2336
571 1143
235 2660
2450 2371
1373 2362
2180 1008
2515 2620
2622 2056
858 971
675 2440
1639 12
1533 1570
2470 1428
1220 225
2721 2368
2051 774
2386 1034
1639 1305
2021 2243
2389 1634
2172 1549
1501 995
2523 768
561 1313
663 702
1765 932
2377 1209
389 2316
1606 2555
2360 2278
1234 1444
943 1954
2414 921
2565 1261
1784 2582
2423 975
891 475
1587 1296
2019 1792
1060 348
1403 336
2745 834
734 2492
579 1852
495 610
645 1657
722 1813
1179 1436
2078 2085
1473 68
2336 525
10 2653
2581 1367
469 211
1095 846
2298 5
1772 1591
321 2744
2509 1620
2337 1675
1153 900
1004 651
2012 1395
1558 2470
49 27
110 1564
2194 1177
1123 1706
360 2306
2452 1233
1991 598
1027 1034
371 414
138 234
1758 1032
1718 1718
2037 722
1779 2514
1235 1892
317 1884
1019 1899
1671 5
1442 2232
802 2519
648 54
837 1643
180 1858
1885 539
966 2301
834 1718
1474 618
1695 2655
28 593
1914 1863
1908 1301
1211 1986
1595 269
1384 2615
41 562
319 605
1681 1521
772 961
62 1214
2442 102
2515 645
1585 2124
1268 2477
386 641
2555 2123
1902 80
1039 123
702 1079
1030 407
2543 457
595 1723
618 2356
1150 2139
1036 924
1219 2403
1656 2310
2453 1439
2577 1307
2582 161
16 414
2351 235
1598 1446
1102 1858
1762 1699
1564 2397
563 1809
233 2278
528 386
625 472
1620 2522
776 974
1445 596
1240 2504
1481 2663
511 1751
2349 1066
2020 1890
212 43
2445 398
949 1013
2664 2285
2102 836
1503 159
2267 1040
2472 663
595 154
1427 1096
1351 965
2188 2015
2628 174
1380 1041
1539 940
1162 1776
1368 2438
1465 393
2082 2241
2703 1674
2267 81
2611 2106
403 1476
458 2196
1090 1123
1163 1827
2635 546
2097 527
2613 935
940 1426
1621 1967
2423 1831
912 2255
477 1171
721 2505
729 300
2470 514
2147 1877
1508 697
1500 452
444 2434
909 188
572 2722
1147 2368
1563 2384
462 1726
2248 618
1305 2191
581 148
1710 1598
91 1206
1256 2060
176 66
1928 1062
1472 1310
1687 419
230 1139
620 2500
1147 1287
2291 692
1440 1462
1171 168
922 808
636 2152
130 1763
656 66
787 1565
2163 597
2198 2679
1035 2152
69 352
1294 1059
2467 1345
2003 501
211 1934
1864 2310
1622 13
2333 366
1296 779
670 2702
2354 1111
2100 468
1807 332
77 2475
1122 2225
383 1700
1268 1482
2480 2134
493 874
1134 1757
911 2023
85 1581
447 464
1202 2707
2189 2227
706 1347
1695 1702
1083 2087
1577 1259
1223 2029
2050 2122
975 1260
2627 516
1392 1641
487 1522
1826 1374
1068 161
143 2135
877 1479
2329 1183
1327 2237
1117 541
2505 746
1725 1757
961 1071
1523 832
1164 699
884 1334
1663 2129
2692 2211
1056 2171
142 2432
987 140
613 2697
935 1171
1393 530
201 2663
253 2266
1544 2553
2386 1437
1278 2053
511 1426
2547 1481
1771 2612
1737 2027
2189 1556
1417 1079
2464 452
831 318
2570 823
584 1902
442 526
778 361
800 214
1298 2323
304 663
2453 552
2628 1073
353 1728
1748 1610
1741 2536
794 1873
2469 1543
1798 1954
697 1822
1625 2107
813 1572
434 2217
955 2471
1478 1912
1781 982
2290 769
1845 1750
821 1734
912 66
1525 2051
2315 610
1437 150
2089 421
1566 1803
1770 1436
2351 2325
1206 292
1915 2278
2290 1787
1781 590
172 2023
1334 2035
1635 297
796 732
1670 1754
2482 1045
1659 2101
52 1472
1419 2353
787 305
1474 2015
1997 1276
332 1426
95 780
2736 739
483 522
2381 1025
746 657
1578 521
930 2641
521 1229
1289 1862
2167 1028
2115 1565
1983 1371
2436 1682
671 1984
1050 1823
534 2092
894 402
622 259
109 931
2549 1323
2124 616
846 2123
1775 1976
7 2508
2094 2001
1456 295
355 1826
1062 1132
299 713
1490 1653
772 830
1879 1458
2546 1582
116 1453
917 30
1287 958
1990 2170
499 953
578 1399
410 952
517 547
754 549
2726 2056
114 1724
736 2559
1157 1156
2565 1748
748 1287
954 1301
1399 2345
183 1248
248 2548
510 1704
719 235
1424 187
1470 2697
2095 1097
1237 1613
1934 1185
1943 437
2641 345
906 584
988 1662
1910 1501
1025 902
2275 122
247 890
1906 1094
427 2077
1512 2025
1390 608
1861 625
1542 1724
1489 1790
1405 1541
2138 308
738 785
442 88
35 2091
363 2214
1771 2527
1980 242
1729 2488
189 2522
2121 2739
1418 2136
660 721
1611 727
1142 1890
1915 1866
1361 1813
99 970
1770 1427
1953 828
1777 1639
2511 2121
915 1918
626 1188
1401 1441
2215 2121
1886 640
1166 608
460 1332
465 1357
1199 65
2464 1598
1167 1147
2567 1583
1286 2512
101 915
718 297
33 567
546 842
1265 2371
1304 1508
2720 2732
383 783
1611 189
308 827
969 2725
1805 2040
1565 2512
908 1633
1843 756
1879 2620
592 630
1083 1091
1112 806
2419 1767
1786 1148
1922 2628
479 2656
2711 267
849 2549
1394 2191
301 1956
679 996
460 1866
2143 2226
2544 2280
1860 2212
2178 879
451 508
1208 1493
283 698
2538 2155
1884 123
278 1168
2026 2138
833 222
2527 1886
175 635
855 350
2341 846
284 54
752 1730
480 914
2450 2728
1318 269
2350 2457
897 1367
1837 324
277 2351
1182 305
708 1773
746 674
328 1233
1066 1573
474 2525
1876 781
1421 1065
1259 548
2400 944
509 346
1920 1505
509 1536
1726 1712
108 633
95 1187
1137 114
2727 111
405 850
2068 1343
1576 1903
771 2083
2109 1103
811 2075
464 1998
533 1737
518 389
2083 789
1451 1466
1795 2235
2455 1108
462 2655
1160 1827
1867 860
961 1542
1817 1030
988 2504
491 133
1466 629
43 266
1058 2212
