50 400
37 16 33 16 47 38 13 1 28 14 48 30 23 34 24 22 11 13 44 24 50 2 10 9 38 37 18 41 36 1 6 47 15 6 25 33 4 37 12 43 26 17 14 20 17 4 10 25 44 26 
10 5 40 20 42 15 8 15 2 16 20 1 33 8 42 46 35 9 1 28 20 18 36 15 2 33 17 2 38 46 21 38 38 15 9 43 5 4 14 30 27 12 25 29 7 15 38 31 50 
21 42 19 46 19 28 12 41 16 24 28 32 4 11 27 47 40 1 34 31 43 12 9 43 18 31 28 17 1 44 2 44 36 36 4 27 15 20 31 25 31 21 46 19 24 49 21 43 
5 16 41 33 28 2 1 12 45 50 2 2 7 17 47 31 14 1 12 23 4 22 21 12 9 25 25 26 33 42 46 22 29 13 48 46 36 31 27 11 17 26 15 50 22 38 3 
11 6 10 5 20 14 40 1 22 44 32 48 29 12 15 25 16 21 6 23 32 19 39 31 30 26 36 42 4 43 3 4 25 6 44 33 31 1 22 16 39 49 22 8 7 46 
15 27 46 32 17 20 29 13 9 30 20 30 36 17 3 21 30 32 1 45 41 29 45 49 15 30 9 2 7 5 39 25 6 21 23 2 26 28 2 27 22 14 49 2 19 
34 40 7 7 17 4 1 47 13 25 23 6 32 43 49 32 2 6 42 22 24 44 17 18 21 38 5 1 44 46 34 5 50 8 11 40 36 41 39 13 39 11 16 29 
32 14 1 20 22 37 43 18 47 45 1 37 9 5 14 14 6 3 33 49 27 50 44 5 13 3 18 48 45 19 50 12 15 10 35 31 47 15 31 16 4 2 20 
32 36 42 5 24 7 26 22 38 43 10 20 49 21 21 37 20 8 41 25 27 37 30 47 3 19 21 9 10 2 26 31 12 32 16 5 38 27 35 41 39 31 
34 10 36 30 15 36 50 36 43 22 42 26 37 46 10 42 38 37 13 47 19 35 40 11 20 20 9 18 12 46 3 38 18 37 1 9 43 49 20 23 18 
48 18 34 9 9 4 29 1 26 6 45 20 21 37 23 23 37 31 7 3 11 13 18 7 27 49 21 1 49 16 1 35 41 11 35 35 30 21 3 43 
45 41 46 7 21 32 3 18 18 47 41 16 24 32 38 50 11 4 31 23 1 32 35 40 17 22 27 19 19 30 46 1 13 40 1 46 9 9 23 
25 9 41 41 25 41 7 24 45 26 8 50 32 12 21 24 1 23 46 29 26 2 31 4 10 4 42 6 41 50 12 36 41 31 44 50 15 34 
17 11 41 9 25 35 37 29 40 4 15 31 23 33 37 22 5 28 7 47 8 5 34 49 40 33 36 35 29 35 35 41 22 47 38 2 37 
43 40 41 4 46 4 46 36 3 45 37 16 33 30 24 18 43 6 3 49 41 8 1 17 34 47 16 15 36 36 4 46 27 26 31 37 
5 16 48 16 28 6 24 10 44 17 21 22 7 27 3 2 20 30 38 20 8 26 32 20 46 36 15 25 40 22 19 17 23 24 50 
34 18 40 23 16 43 8 28 37 37 3 28 20 16 50 34 47 41 12 25 44 3 41 38 13 29 41 19 31 26 27 40 9 5 
30 44 44 25 42 39 2 18 30 50 30 11 44 6 49 41 6 50 25 45 4 32 21 42 36 36 23 24 1 38 2 45 21 
11 35 46 11 2 25 32 42 32 17 20 11 49 25 36 23 27 34 18 28 10 30 23 47 17 43 14 45 41 22 16 24 
15 14 18 6 19 34 10 11 29 23 45 28 39 16 28 43 43 23 29 19 37 39 14 4 50 48 29 37 26 20 19 
10 13 37 18 19 45 25 31 48 37 46 23 47 28 8 43 7 50 29 46 30 34 18 4 22 12 4 33 29 48 
40 27 17 30 43 29 44 40 15 21 1 43 41 25 46 49 31 26 21 19 16 46 18 25 4 31 8 26 31 
30 49 41 24 36 43 6 1 48 24 17 39 3 8 25 22 9 27 13 12 49 2 36 34 17 41 38 7 
31 6 3 9 7 1 19 8 16 1 47 13 28 4 43 4 48 43 5 7 16 21 11 19 4 32 3 
14 6 5 4 4 35 46 46 23 35 14 24 19 7 17 27 15 36 31 41 34 26 20 43 24 25 
32 11 17 6 8 38 19 22 19 9 43 24 50 50 16 22 45 27 33 24 30 34 23 47 49 
34 24 3 42 43 7 46 41 12 16 42 36 27 43 32 42 43 40 25 25 2 37 10 24 
27 18 3 43 26 34 46 6 3 39 44 47 49 46 28 5 40 17 24 38 22 13 15 
34 50 31 16 20 29 44 27 8 5 37 5 21 24 30 30 50 29 10 10 15 47 
38 4 7 1 20 35 50 41 39 9 7 26 23 17 17 50 50 37 30 17 48 
10 42 17 22 5 30 1 43 11 13 13 40 42 4 31 16 31 19 18 11 
13 20 23 41 2 42 25 27 36 49 50 2 23 1 11 6 35 45 8 
9 4 44 18 12 44 30 42 42 40 7 4 2 35 38 47 30 38 
5 6 1 8 50 20 48 23 1 26 7 49 45 45 1 44 4 
20 24 48 46 28 31 13 38 15 17 45 22 6 4 41 7 
37 8 21 41 22 25 8 12 1 35 32 31 12 30 34 
22 21 1 29 36 9 7 24 1 37 44 21 36 13 
48 25 36 2 40 29 10 28 20 2 16 40 29 
31 4 10 28 23 19 14 26 44 13 36 43 
20 47 19 1 2 46 36 14 2 17 28 
45 20 17 41 13 50 8 14 13 3 
19 46 46 10 3 34 40 38 12 
38 1 20 40 27 39 38 17 
46 27 31 17 31 31 19 
1 43 29 20 48 10 
41 14 26 30 3 
41 20 5 39 
38 48 24 
44 16 
8 
