30 200
32 1 39 21 25 31 22 23 28 16 19 23 29 4 17 18 45 25 17 49 18 20 18 34 14 23 5 9 30 35 
47 39 3 22 8 15 27 43 43 19 32 2 15 41 27 28 27 25 48 36 29 30 47 49 17 22 15 9 14 
7 20 47 25 40 22 45 24 46 19 36 49 25 9 25 29 34 3 17 3 2 49 33 26 50 21 23 42 
35 9 21 50 32 44 41 22 36 16 15 14 14 48 16 6 38 44 35 47 46 23 25 4 13 13 8 
22 40 46 37 14 45 9 42 23 48 14 48 40 5 14 49 1 7 1 43 15 34 3 25 27 35 
21 37 50 24 10 24 26 21 18 45 39 3 8 50 13 30 10 33 41 25 48 33 7 5 9 
36 12 12 29 32 49 22 46 19 19 50 12 15 47 2 25 6 9 34 24 16 25 19 27 
40 47 24 7 21 2 21 43 21 18 48 44 38 16 42 15 22 2 7 46 33 40 30 
47 37 49 39 9 7 36 20 26 48 40 33 32 39 2 9 16 29 41 44 1 19 
4 42 10 26 48 13 43 50 9 41 5 10 22 46 41 34 46 49 37 15 12 
31 17 30 22 13 33 1 21 26 29 46 12 33 30 45 17 37 36 8 4 
9 12 7 25 6 26 4 28 36 3 35 16 49 12 8 25 11 38 34 
37 48 39 35 10 40 40 23 29 47 16 17 24 45 20 15 39 49 
2 16 25 24 35 30 14 19 19 7 20 23 18 31 49 39 17 
45 43 1 22 38 15 12 23 8 16 49 26 29 31 29 34 
15 5 21 11 7 29 25 45 29 15 6 3 2 5 4 
33 32 27 15 24 50 14 5 4 30 24 11 15 1 
4 25 14 40 10 46 25 3 44 48 1 46 16 
5 12 15 37 22 30 43 1 48 10 49 26 
44 9 5 39 6 16 39 45 44 18 26 
1 32 37 38 3 24 2 1 25 3 
6 46 13 1 36 24 26 27 12 
10 14 4 43 19 50 1 49 
9 27 17 46 50 15 27 
24 15 8 37 17 4 
43 22 38 26 36 
22 2 12 38 
42 27 37 
47 6 
13 
